#x amp_{ref} amp_{cal} amp_{error} phase_{ref} phase_{cal}
-37.500000 -6.709063 -43.137724 
-35.576900 -7.590345 -42.759280 
-33.653800 -8.611187 -42.379393 
-31.730800 -9.804864 -42.004601 
-29.807700 -11.216996 -41.645578 
-27.884600 -12.909568 -41.320285 
-25.961500 -14.962369 -41.059206 
-24.038500 -17.451809 -40.916649 
-22.115400 -20.337077 -40.994818 
-20.192300 -23.158943 -41.504919 
-18.269200 -25.340111 -42.962091 
-16.346200 -28.340444 -47.165481 
-14.423100 -39.258742 -60.066274 
-12.500000 -32.592909 -39.938163 
-10.576900 -29.659988 -32.652817 
-8.653850 -33.657936 -30.038964 
-6.730770 -25.790738 -49.724175 
-4.807690 -22.658676 -22.935145 
-2.884620 -20.331145 -15.841168 
-0.961538 -0.000000 0.000000 
0.961538 0.000000 0.000000 
2.884620 -20.331145 -15.841168 
4.807690 -22.658676 -22.935145 
6.730770 -25.790738 -49.724175 
8.653850 -33.657936 -30.038964 
10.576900 -29.659988 -32.652817 
12.500000 -32.592909 -39.938163 
14.423100 -39.258742 -60.066274 
16.346200 -28.340444 -47.165481 
18.269200 -25.340111 -42.962091 
20.192300 -23.158943 -41.504919 
22.115400 -20.337077 -40.994818 
24.038500 -17.451809 -40.916649 
25.961500 -14.962369 -41.059206 
27.884600 -12.909568 -41.320285 
29.807700 -11.216996 -41.645578 
31.730800 -9.804864 -42.004601 
33.653800 -8.611187 -42.379393 
35.576900 -7.590345 -42.759280 
37.500000 -6.709063 -43.137724 
