# x amp_{ref} amp_{cal} amp_{error} phase_{ref} phase_{cal}
0.000000 -16.766785 -16.929173 -34.646257 58.635773 59.727587 
1.000000 -16.160103 -16.299364 -35.969242 42.161470 41.464911 
2.000000 -15.553815 -15.680122 -36.810849 20.442888 20.736282 
3.000000 -14.951244 -15.075723 -36.936561 64.853511 64.757132 
4.000000 -14.356389 -14.490926 -36.266615 89.255959 88.899500 
5.000000 -13.773986 -13.930908 -34.940976 87.763347 88.653343 
6.000000 -13.209546 -13.401140 -33.224279 71.366555 70.175130 
7.000000 -12.669353 -12.907221 -31.368228 24.873908 23.374539 
8.000000 -12.160404 -12.454647 -29.548860 49.367169 51.123162 
9.000000 -11.690288 -12.048565 -27.870432 26.560953 24.596178 
10.000000 -11.266972 -11.693516 -26.389407 70.598594 68.479834 
11.000000 -10.898497 -11.393233 -25.135007 80.794754 78.569549 
12.000000 -10.592593 -11.150528 -24.122075 55.363848 53.071165 
13.000000 -10.356236 -10.967311 -23.358137 7.245529 9.571440 
14.000000 -10.195185 -10.844717 -22.847018 71.736999 69.396178 
15.000000 -10.113556 -10.783318 -22.590608 68.551790 70.896990 
16.000000 -10.113497 -10.783333 -22.589688 68.553925 70.899356 
17.000000 -10.195009 -10.844756 -22.844244 71.730618 69.389094 
18.000000 -10.355943 -10.967359 -23.353472 7.256092 9.583200 
19.000000 -10.592186 -11.150561 -24.115455 55.349200 53.054800 
20.000000 -10.897977 -11.393222 -25.126343 80.776164 78.548686 
21.000000 -11.266343 -11.693432 -26.378591 70.576213 68.454613 
22.000000 -11.689553 -12.048380 -27.857361 26.534968 24.566774 
23.000000 -12.159564 -12.454338 -29.533488 49.396558 51.156548 
24.000000 -12.668412 -12.906768 -31.350687 24.841322 23.337395 
25.000000 -13.208508 -13.400530 -33.205094 71.330990 70.134464 
26.000000 -13.772853 -13.930132 -34.921377 87.801122 88.697284 
27.000000 -14.355164 -14.489981 -36.248700 89.221950 88.852523 
28.000000 -14.949929 -15.074607 -36.922807 64.810204 64.707362 
29.000000 -15.552413 -15.678837 -36.802883 20.397377 20.683947 
30.000000 -16.158616 -16.297913 -35.967003 42.209010 41.519592 
31.000000 -16.765215 -16.927562 -34.648458 58.586371 59.670765 
32.000000 -16.824881 -16.959339 -36.271733 42.102633 41.118658 
33.000000 -16.182899 -16.288933 -38.320372 51.185856 51.788022 
34.000000 -15.538593 -15.626138 -39.975430 51.761226 51.552553 
35.000000 -14.895309 -14.975446 -40.739720 7.406418 7.207205 
36.000000 -14.257178 -14.341990 -40.249553 46.836430 46.265448 
37.000000 -13.629212 -13.731505 -38.630446 64.612492 63.672813 
38.000000 -13.017375 -13.150227 -36.375277 58.626501 57.341298 
39.000000 -12.428620 -12.604721 -33.948947 26.657585 25.062321 
40.000000 -11.870861 -12.101644 -31.627321 33.612019 35.463795 
41.000000 -11.352854 -11.647441 -29.538910 55.472120 53.415105 
42.000000 -10.883976 -11.248018 -27.734635 68.432289 70.639321 
43.000000 -10.473860 -10.908450 -26.231085 47.584056 49.883546 
44.000000 -10.131923 -10.632772 -25.031378 64.059132 66.407152 
45.000000 -9.866783 -10.423917 -24.134165 60.323459 57.960180 
46.000000 -9.685636 -10.283803 -23.537205 35.895402 38.257792 
47.000000 -9.593671 -10.213518 -23.238681 6.258426 3.900353 
48.000000 -9.593609 -10.213535 -23.237613 6.256159 3.897910 
49.000000 -9.685451 -10.283848 -23.533977 35.902175 38.265108 
50.000000 -9.866475 -10.423972 -24.128698 60.312255 57.948033 
51.000000 -10.131495 -10.632810 -25.023534 64.074648 66.424059 
52.000000 -10.473315 -10.908440 -26.220652 47.603723 49.905100 
53.000000 -10.883316 -11.247929 -27.721313 68.455918 70.665369 
54.000000 -11.352083 -11.647243 -29.522305 55.444745 53.384756 
55.000000 -11.869981 -12.101313 -31.606971 33.642913 35.498221 
56.000000 -12.427636 -12.604239 -33.924468 26.623404 25.024068 
57.000000 -13.016290 -13.149581 -36.346781 58.589275 57.299483 
58.000000 -13.628028 -13.730689 -38.599475 64.572452 63.627707 
59.000000 -14.255899 -14.341001 -40.220088 46.793790 46.217321 
60.000000 -14.893937 -14.974284 -40.717130 7.361467 7.156316 
61.000000 -15.537131 -15.624806 -39.962566 51.808439 51.605954 
62.000000 -16.181350 -16.287437 -38.315998 51.136643 51.732341 
63.000000 -16.823246 -16.957684 -36.272957 42.153680 41.176401 
64.000000 -16.920200 -17.026509 -38.298002 20.567660 21.355760 
65.000000 -16.241437 -16.314682 -41.517230 51.696911 51.269462 
66.000000 -15.557158 -15.606821 -44.880461 40.272169 40.320501 
67.000000 -14.870654 -14.907530 -47.459940 65.255905 65.597300 
68.000000 -14.186107 -14.222224 -47.640257 10.213555 10.923293 
69.000000 -13.508736 -13.557134 -45.103889 23.359396 22.261473 
70.000000 -12.844917 -12.919245 -41.390386 33.142976 31.699504 
71.000000 -12.202276 -12.316149 -37.704795 16.728594 14.971316 
72.000000 -11.589709 -11.755803 -34.452078 28.464370 30.476603 
73.000000 -11.017292 -11.246195 -31.697464 74.926151 72.712944 
74.000000 -10.496058 -10.794934 -29.415488 35.771762 38.128024 
75.000000 -10.037588 -10.408852 -27.567613 3.182482 5.608085 
76.000000 -9.653416 -10.093664 -26.121531 9.710328 12.172838 
77.000000 -9.354274 -9.853783 -25.053976 57.528120 59.987560 
78.000000 -9.149248 -9.692304 -24.349511 31.624429 29.184320 
79.000000 -9.044957 -9.611130 -23.998841 76.518341 74.093300 
80.000000 -9.044891 -9.611149 -23.997597 76.515927 74.090775 
81.000000 -9.149053 -9.692353 -24.345735 31.617217 29.176756 
82.000000 -9.353950 -9.853842 -25.047524 57.540038 60.000125 
83.000000 -9.652966 -10.093703 -26.112134 9.726803 12.190330 
84.000000 -10.037015 -10.408837 -27.554830 3.203256 5.630386 
85.000000 -10.495365 -10.794832 -29.398616 35.796762 38.154964 
86.000000 -11.016482 -11.245975 -31.675392 74.897263 72.681580 
87.000000 -11.588787 -11.755443 -34.423054 28.496900 30.512137 
88.000000 -12.201246 -12.315629 -37.666121 16.692699 14.931896 
89.000000 -12.843781 -12.918556 -41.338481 33.103974 31.656496 
90.000000 -13.507498 -13.556271 -45.037069 23.317551 22.215178 
91.000000 -14.184771 -14.221185 -47.568950 10.257939 10.972578 
92.000000 -14.869221 -14.906319 -47.408027 65.302724 65.649290 
93.000000 -15.555632 -15.605442 -44.854890 40.223187 40.266073 
94.000000 -16.239819 -16.313141 -41.508270 51.747861 51.326081 
95.000000 -16.918494 -17.024813 -38.297208 20.514927 21.297177 
96.000000 -17.058178 -17.134429 -41.169450 65.040467 65.550285 
97.000000 -16.341374 -16.381092 -46.816498 7.549014 7.684687 
98.000000 -15.615366 -15.627357 -57.205512 65.184726 65.391462 
99.000000 -14.883278 -14.877792 -63.987275 25.120285 24.540159 
100.000000 -14.149235 -14.137951 -57.720821 83.533252 84.509876 
101.000000 -13.418557 -13.414439 -66.479900 33.428081 34.748690 
102.000000 -12.697949 -12.714911 -54.195179 6.949594 8.603794 
103.000000 -11.995672 -12.047985 -44.430149 6.744284 8.714789 
104.000000 -11.321634 -11.423024 -38.707029 35.659044 37.909541 
105.000000 -10.687375 -10.849792 -34.644764 83.282794 80.840071 
106.000000 -10.105859 -10.337986 -31.577595 12.929694 15.512533 
107.000000 -9.591028 -9.896706 -29.223399 32.661321 30.008803 
108.000000 -9.157084 -9.533958 -27.440134 37.187914 34.528448 
109.000000 -8.817504 -9.256273 -26.150021 1.910690 4.532789 
110.000000 -8.583880 -9.068520 -25.309097 86.707906 89.298713 
111.000000 -8.464761 -8.973876 -24.893286 38.725354 41.286972 
112.000000 -8.464692 -8.973895 -24.891831 38.727935 41.289587 
113.000000 -8.583674 -9.068569 -25.304655 86.715610 89.306548 
114.000000 -8.817162 -9.256330 -26.142339 1.923348 4.545812 
115.000000 -9.156610 -9.533990 -27.428717 37.170356 34.510313 
116.000000 -9.590425 -9.896678 -29.207355 32.639150 29.985685 
117.000000 -10.105130 -10.337861 -31.555301 12.956196 15.540445 
118.000000 -10.686525 -10.849541 -34.613057 83.252290 80.807611 
119.000000 -11.320667 -11.422624 -38.658854 35.693355 37.946257 
120.000000 -11.994591 -12.047420 -44.345269 6.781931 8.755438 
121.000000 -12.696759 -12.714172 -53.967526 6.990368 8.648038 
122.000000 -13.417261 -13.413523 -67.320981 33.471833 34.796192 
123.000000 -14.147837 -14.136860 -57.960694 83.579455 84.560308 
124.000000 -14.881781 -14.876530 -64.368799 25.071592 24.487105 
125.000000 -15.613772 -15.625930 -57.084891 65.235541 65.446853 
126.000000 -16.339685 -16.379508 -46.793669 7.496419 7.627220 
127.000000 -17.056396 -17.132695 -41.164078 64.986012 65.490976 
128.000000 -17.244721 -17.286182 -46.444214 89.222694 89.735258 
129.000000 -16.488932 -16.492198 -68.498942 47.043377 46.817486 
130.000000 -15.719737 -15.692745 -50.137965 10.076487 10.618875 
131.000000 -14.939967 -14.892164 -45.163287 83.449075 84.397864 
132.000000 -14.153542 -14.095944 -43.539309 4.739317 3.417073 
133.000000 -13.365730 -13.310862 -43.962409 72.140334 70.504431 
134.000000 -12.583429 -12.545081 -47.082282 63.730442 65.727566 
135.000000 -11.815429 -11.808146 -61.526027 45.831960 48.142130 
136.000000 -11.072636 -11.110853 -47.150262 57.277366 59.857996 
137.000000 -10.368153 -10.464938 -39.108516 78.565173 75.790636 
138.000000 -9.717154 -9.882580 -34.486820 1.806095 4.674183 
139.000000 -9.136432 -9.375761 -31.315758 58.197576 55.235602 
140.000000 -8.643544 -8.955567 -29.048097 75.071125 72.124532 
141.000000 -8.255546 -8.631548 -27.459798 45.793680 42.900631 
142.000000 -7.987394 -8.411223 -26.443528 32.187312 35.015572 
143.000000 -7.850280 -8.299758 -25.945878 19.300233 16.513953 
144.000000 -7.850207 -8.299776 -25.944171 19.297462 16.511237 
145.000000 -7.987176 -8.411268 -26.438276 32.195576 35.023715 
146.000000 -8.255185 -8.631596 -27.450567 45.780057 42.887095 
147.000000 -8.643044 -8.955584 -29.033975 75.052363 72.105678 
148.000000 -9.135795 -9.375708 -31.294910 58.173941 55.211574 
149.000000 -9.716386 -9.882421 -34.455213 1.833577 4.703168 
150.000000 -10.367259 -10.464644 -39.055112 78.532812 75.756982 
151.000000 -11.071620 -11.110403 -47.022940 57.313610 59.895977 
152.000000 -11.814296 -11.807526 -62.161096 45.871706 48.184068 
153.000000 -12.582181 -12.544284 -47.185242 63.773356 65.773076 
154.000000 -13.364373 -13.309889 -44.023642 72.094591 70.455725 
155.000000 -14.152079 -14.094798 -43.587508 4.691353 3.365530 
156.000000 -14.938401 -14.890852 -45.209721 83.499511 84.451913 
157.000000 -15.718070 -15.691273 -50.201219 10.129070 10.675129 
158.000000 -16.487166 -16.490575 -68.127065 46.988812 46.759298 
159.000000 -17.242859 -17.284417 -46.424051 89.195964 89.675369 
160.000000 -17.486073 -17.483628 -71.009387 87.350274 87.941817 
161.000000 -16.690764 -16.651030 -46.773076 64.892943 64.143007 
162.000000 -15.877352 -15.807262 -41.828122 23.591722 22.520863 
163.000000 -15.048215 -14.956202 -39.453193 33.268939 34.653515 
164.000000 -14.206887 -14.103003 -38.393252 72.222509 70.503606 
165.000000 -13.358383 -13.254330 -38.379112 22.353311 24.424497 
166.000000 -12.509578 -12.418571 -39.549223 40.241600 37.820267 
167.000000 -11.669615 -11.605975 -42.669892 76.880090 74.156096 
168.000000 -10.850280 -10.828662 -52.069013 84.146830 81.164162 
169.000000 -10.066274 -10.100425 -48.125193 58.333124 55.118821 
170.000000 -9.335231 -9.436289 -38.735379 4.620947 7.943351 
171.000000 -8.677333 -8.851798 -34.029227 71.278397 67.895754 
172.000000 -8.114349 -8.362119 -31.018872 78.030892 81.386742 
173.000000 -7.668012 -7.981053 -29.020303 83.745786 80.480028 
174.000000 -7.357837 -7.720066 -27.777103 13.516374 10.336521 
175.000000 -7.198680 -7.587413 -27.176899 68.995152 65.874295 
176.000000 -7.198603 -7.587428 -27.174894 68.992166 65.871462 
177.000000 -7.357606 -7.720101 -27.770873 13.507472 10.328027 
178.000000 -7.667631 -7.981083 -29.009107 83.731155 80.465901 
179.000000 -8.113820 -8.362108 -31.001011 78.051017 81.406418 
180.000000 -8.676662 -8.851707 -34.000683 71.253132 67.870695 
181.000000 -9.334422 -9.436082 -38.684069 4.650821 7.973533 
182.000000 -10.065333 -10.100076 -47.976410 58.298741 55.083860 
183.000000 -10.849212 -10.828150 -52.295688 84.108691 81.124824 
184.000000 -11.668425 -11.605292 -42.739506 76.838260 74.112812 
185.000000 -12.508271 -12.417712 -39.592371 40.196545 37.773473 
186.000000 -13.356962 -13.253298 -38.411860 22.401176 24.474382 
187.000000 -14.205356 -14.101803 -38.421221 72.172143 70.451017 
188.000000 -15.046576 -14.954842 -39.479748 33.321581 34.708454 
189.000000 -15.875608 -15.805751 -41.857157 23.537083 22.463886 
190.000000 -16.688917 -16.649376 -46.815549 64.836542 64.084267 
191.000000 -17.484125 -17.481841 -71.600506 87.405918 88.002080 
192.000000 -17.788535 -17.726660 -42.915080 71.767722 70.557238 
193.000000 -16.953690 -16.858836 -39.187667 58.989869 57.532680 
194.000000 -16.095591 -15.973664 -36.993265 33.460397 31.728344 
195.000000 -15.215994 -15.074297 -35.678087 6.726388 8.696249 
196.000000 -14.317828 -14.165226 -35.028699 63.548213 65.882384 
197.000000 -13.405593 -13.252624 -35.007612 40.337160 37.685785 
198.000000 -12.485857 -12.344690 -35.710931 57.880249 60.859133 
199.000000 -11.567817 -11.451976 -37.441080 1.661617 4.800776 
200.000000 -10.663905 -10.587619 -41.089185 25.705903 22.144268 
201.000000 -9.790322 -9.767368 -51.547650 19.613895 15.838769 
202.000000 -8.967328 -9.009320 -46.334078 24.322872 28.217157 
203.000000 -8.219046 -8.333268 -37.678352 69.168624 65.236414 
204.000000 -7.572469 -7.759660 -33.424038 64.687794 68.577015 
205.000000 -7.055461 -7.308201 -30.848869 70.396030 74.178770 
206.000000 -6.693750 -6.996185 -29.314426 48.194370 44.529256 
207.000000 -6.507350 -6.836650 -28.588588 71.755153 75.345487 
208.000000 -6.507268 -6.836659 -28.586245 71.758387 75.348460 
209.000000 -6.693506 -6.996202 -29.307056 48.184742 44.520341 
210.000000 -7.055058 -7.308202 -30.835215 70.411840 74.193597 
211.000000 -7.571911 -7.759607 -33.400863 64.709453 68.597656 
212.000000 -8.218339 -8.333125 -37.635824 69.141535 65.210165 
213.000000 -8.966477 -9.009053 -46.214444 24.354934 28.248692 
214.000000 -9.789333 -9.766952 -51.767258 19.577339 15.802369 
215.000000 -10.662784 -10.587038 -41.151136 25.665326 22.103481 
216.000000 -11.566569 -11.451224 -37.478544 1.701902 4.845449 
217.000000 -12.484487 -12.343766 -35.738643 57.927552 60.907200 
218.000000 -13.404105 -13.251533 -35.030406 40.287075 37.634783 
219.000000 -14.316225 -14.163976 -35.048982 63.600745 65.935906 
220.000000 -15.214279 -15.072896 -35.697542 6.780672 8.751927 
221.000000 -16.093767 -15.972124 -37.013617 33.403794 31.670830 
222.000000 -16.951759 -16.857164 -39.211630 58.931594 57.473600 
223.000000 -17.786498 -17.724867 -42.949528 71.708003 70.496821 
224.000000 -18.157941 -18.012302 -35.437810 25.378608 23.185591 
225.000000 -17.284168 -17.114079 -34.077585 27.119490 24.736963 
226.000000 -16.381622 -16.192113 -33.128722 17.149476 14.539476 
227.000000 -15.451257 -15.248555 -32.537586 6.440972 9.212593 
228.000000 -14.495154 -14.286877 -32.299099 45.552327 48.651439 
229.000000 -13.516997 -13.312296 -32.451318 77.067327 73.708236 
230.000000 -12.522667 -12.332272 -33.087804 1.625080 5.089625 
231.000000 -11.521001 -11.357061 -34.400463 75.452287 71.501254 
232.000000 -10.524669 -10.400240 -36.815586 56.277033 60.514557 
233.000000 -9.551075 -9.479108 -41.597583 41.244782 45.690389 
234.000000 -8.623097 -8.614795 -60.388508 64.515752 69.103273 
235.000000 -7.769272 -7.831896 -42.872861 48.382164 43.759731 
236.000000 -7.022973 -7.157470 -36.269169 68.202832 72.774425 
237.000000 -6.420042 -6.619264 -32.888934 59.762168 64.209116 
238.000000 -5.994725 -6.243066 -30.999193 68.909576 64.601161 
239.000000 -5.774376 -6.049267 -30.130163 45.786266 50.005775 
240.000000 -5.774290 -6.049267 -30.127480 45.789785 50.008922 
241.000000 -5.994468 -6.243058 -30.990618 68.899116 64.591723 
242.000000 -6.419616 -6.619223 -32.872409 59.779299 64.224804 
243.000000 -7.022385 -7.157362 -36.238456 68.226217 72.796228 
244.000000 -7.768528 -7.831687 -42.799192 48.353039 43.732083 
245.000000 -8.622203 -8.614455 -60.988656 64.550056 69.136350 
246.000000 -9.550038 -9.478616 -41.663891 41.283695 45.728376 
247.000000 -10.523494 -10.399584 -36.852113 56.320012 60.556880 
248.000000 -11.519696 -11.356238 -34.426338 75.405821 71.455172 
249.000000 -12.521234 -12.331285 -33.108392 1.668166 5.138918 
250.000000 -13.515441 -13.311152 -32.469007 77.015102 73.656225 
251.000000 -14.493479 -14.285585 -32.315292 45.607027 48.705737 
252.000000 -15.449465 -15.247126 -32.553321 6.497152 9.268807 
253.000000 -16.379717 -16.190557 -33.144968 17.090964 14.481656 
254.000000 -17.282151 -17.112408 -34.095459 27.059361 24.677795 
255.000000 -18.155813 -18.010524 -35.458893 25.317090 23.125289 
256.000000 -18.598705 -18.333737 -30.179604 48.791537 52.152248 
257.000000 -17.687331 -17.411292 -29.818470 33.080090 36.578180 
258.000000 -16.741430 -16.458846 -29.611655 27.977095 31.640174 
259.000000 -15.760976 -15.477311 -29.577955 35.216757 39.076916 
260.000000 -14.746963 -14.468776 -29.750084 56.885547 60.972572 
261.000000 -13.701915 -13.436999 -30.181337 84.406519 80.172804 
262.000000 -12.630590 -12.388044 -30.958863 25.937369 21.363921 
263.000000 -11.540918 -11.331060 -32.232607 56.153742 60.973897 
264.000000 -10.445196 -10.279176 -34.289955 14.002762 8.925717 
265.000000 -9.361472 -9.250424 -37.810500 51.367838 46.112453 
266.000000 -8.314924 -8.268478 -45.414194 50.306892 44.912151 
267.000000 -7.338763 -7.362945 -51.118571 4.498121 0.988048 
268.000000 -6.473909 -6.568787 -39.280373 87.045546 81.689625 
269.000000 -5.766465 -5.924381 -34.886608 68.489523 73.765564 
270.000000 -5.262345 -5.467670 -32.629919 71.697488 66.571332 
271.000000 -4.999426 -5.230194 -31.627887 36.950682 41.979841 
272.000000 -4.999335 -5.230182 -31.624962 36.954529 41.983215 
273.000000 -5.262074 -5.467626 -32.620409 71.686073 66.561223 
274.000000 -5.766018 -5.924286 -34.867437 68.508158 73.782336 
275.000000 -6.473291 -6.568612 -39.240203 87.020612 81.666395 
276.000000 -7.337983 -7.362661 -50.942691 4.467002 1.017356 
277.000000 -8.313988 -8.268059 -45.511493 50.270157 44.877312 
278.000000 -9.360388 -9.249853 -37.850965 51.326406 46.072731 
279.000000 -10.443970 -10.278446 -34.316172 13.957306 8.881794 
280.000000 -11.539556 -11.330171 -32.252438 56.202757 61.021367 
281.000000 -12.629097 -12.387002 -30.975259 25.885344 21.313500 
282.000000 -13.700294 -13.435813 -30.195821 84.352721 80.119947 
283.000000 -14.745218 -14.467458 -29.763618 56.942408 61.027431 
284.000000 -15.759111 -15.475872 -29.591251 35.275538 39.133420 
285.000000 -16.739446 -16.457299 -29.625309 28.037534 31.698032 
286.000000 -17.685231 -17.409647 -29.833041 33.142001 36.637157 
287.000000 -18.596490 -18.332004 -30.195664 48.854746 52.212156 
288.000000 -19.112141 -18.679513 -25.836770 27.227479 22.450553 
289.000000 -18.165291 -17.740000 -25.989048 56.087546 51.223087 
290.000000 -17.178098 -16.764807 -26.243693 75.480199 70.520778 
291.000000 -16.149414 -15.753437 -26.624147 83.744560 78.703685 
292.000000 -15.078921 -14.706303 -27.164034 79.018512 73.776459 
293.000000 -13.967655 -13.625230 -27.913205 58.757827 53.304386 
294.000000 -12.818775 -12.514177 -28.949016 19.982798 14.313130 
295.000000 -11.638663 -11.380224 -30.399562 40.989717 46.826213 
296.000000 -10.438438 -10.234854 -32.499416 51.505667 45.480324 
297.000000 -9.235904 -9.095526 -35.759985 67.849564 74.063646 
298.000000 -8.057793 -7.987350 -41.784332 45.387794 51.715566 
299.000000 -6.941800 -6.944537 -70.032855 68.271399 74.666350 
300.000000 -5.937351 -6.010904 -41.480995 35.525202 29.165650 
301.000000 -5.103415 -5.238329 -36.242525 77.854894 71.609349 
302.000000 -4.501739 -4.681640 -33.765396 51.157560 45.038548 
303.000000 -4.185328 -4.388907 -32.703242 50.545335 56.570852 
304.000000 -4.185233 -4.388881 -32.700346 50.549560 56.574527 
305.000000 -4.501456 -4.681557 -33.755850 51.145050 45.027559 
306.000000 -5.102948 -5.238175 -36.222567 77.834579 71.591192 
307.000000 -5.936707 -6.010659 -41.434339 35.497725 29.140660 
308.000000 -6.940989 -6.944177 -68.707111 68.305218 74.697623 
309.000000 -8.056821 -7.986855 -41.843532 45.427141 51.752399 
310.000000 -9.234780 -9.094883 -35.790069 67.893639 74.105234 
311.000000 -10.437169 -10.234060 -32.519973 51.457553 45.434776 
312.000000 -11.637253 -11.379282 -30.415531 41.041249 46.874996 
313.000000 -12.817230 -12.513096 -28.962493 19.928407 14.261736 
314.000000 -13.965979 -13.624022 -27.925334 58.700968 53.250897 
315.000000 -15.077117 -14.704982 -27.175546 78.959852 73.721290 
316.000000 -16.147485 -15.752016 -26.635559 83.684823 78.647165 
317.000000 -17.176047 -16.763299 -26.255394 75.418101 70.463163 
318.000000 -18.163119 -17.738416 -26.001352 56.023941 51.164577 
319.000000 -19.109850 -18.677861 -25.849939 27.162707 22.391302 
320.000000 -19.693586 -19.033289 -22.049258 71.286337 64.968237 
321.000000 -18.714228 -18.084142 -22.471346 67.699087 74.180062 
322.000000 -17.688867 -17.094646 -22.998514 35.100330 41.639246 
323.000000 -16.615141 -16.062867 -23.655594 12.336011 18.923393 
324.000000 -15.491257 -14.987389 -24.476797 1.689442 7.901312 
325.000000 -14.316485 -13.867754 -25.511231 4.220052 10.891602 
326.000000 -13.091948 -12.705189 -26.833369 23.853394 30.782067 
327.000000 -11.821817 -11.503699 -28.564981 64.101305 71.175695 
328.000000 -10.515098 -10.271705 -30.928141 50.597908 43.439195 
329.000000 -9.188160 -9.024318 -34.405768 45.227602 52.492208 
330.000000 -7.868014 -7.786260 -40.485106 1.858099 5.749679 
331.000000 -6.595961 -6.595079 -79.870781 3.109364 4.405771 
332.000000 -5.430280 -5.503701 -41.496618 50.288223 57.688787 
333.000000 -4.445395 -4.580269 -36.245097 11.864771 4.512703 
334.000000 -3.724054 -3.902096 -33.854714 0.352306 7.362250 
335.000000 -3.340800 -3.540798 -32.855596 86.091121 78.907994 
336.000000 -3.340702 -3.540758 -32.853074 86.086472 78.903920 
337.000000 -3.723762 -3.901977 -33.846340 0.356686 7.374387 
338.000000 -4.444915 -4.580066 -36.227371 11.842555 4.492792 
339.000000 -5.429619 -5.503401 -41.454210 50.318058 57.715922 
340.000000 -6.595128 -6.594663 -85.425755 3.074195 4.439332 
341.000000 -7.867019 -7.785710 -40.532844 1.821827 5.788716 
342.000000 -9.187009 -9.023626 -34.430295 45.274406 52.535744 
343.000000 -10.513800 -10.270869 -30.944883 50.547172 43.392060 
344.000000 -11.820376 -11.502727 -28.578029 64.155306 71.225656 
345.000000 -13.090370 -12.704095 -26.844493 23.910082 30.834230 
346.000000 -14.314774 -13.866554 -25.521392 4.276540 10.945478 
347.000000 -15.489415 -14.986098 -24.486580 1.731349 7.956527 
348.000000 -16.613172 -16.061501 -23.665385 12.398257 18.979668 
349.000000 -17.686772 -17.093216 -23.008578 35.164281 41.696371 
350.000000 -18.712010 -18.082660 -22.481870 67.764210 74.237881 
351.000000 -19.691246 -19.031762 -22.060378 71.220280 64.909841 
352.000000 -20.327742 -19.374620 -18.712402 81.469901 73.517916 
353.000000 -19.319692 -18.422558 -19.266708 46.801075 54.975480 
354.000000 -18.260381 -17.426801 -19.937222 2.792984 10.669598 
355.000000 -17.146218 -16.384122 -20.752269 33.419301 25.064934 
356.000000 -15.973862 -15.291328 -21.750300 58.895406 50.514005 
357.000000 -14.740662 -14.145576 -22.985459 71.912068 63.517668 
358.000000 -13.445382 -12.944961 -24.538165 69.757504 61.335733 
359.000000 -12.089428 -11.689581 -26.537727 48.929385 40.474181 
360.000000 -10.678788 -10.383357 -29.219045 5.070478 3.532197 
361.000000 -9.227053 -9.036986 -33.102923 67.918671 76.375934 
362.000000 -7.759786 -7.672319 -39.895602 3.363556 5.244131 
363.000000 -6.320148 -6.328057 -60.818369 29.414961 20.977041 
364.000000 -4.974543 -5.065537 -39.641476 0.847418 8.291473 
365.000000 -3.814699 -3.971367 -34.954927 83.551168 75.132333 
366.000000 -2.950022 -3.151114 -32.808737 87.767091 79.357829 
367.000000 -2.484870 -2.707913 -31.919781 2.818128 5.622184 
368.000000 -2.484771 -2.707869 -31.917685 2.812991 5.626763 
369.000000 -2.949729 -3.150985 -32.801733 87.752262 79.344261 
370.000000 -3.814217 -3.971153 -34.940186 83.527022 75.110301 
371.000000 -4.973880 -5.065228 -39.607975 0.842082 8.321100 
372.000000 -6.319314 -6.327631 -60.381202 29.375799 20.940939 
373.000000 -7.758790 -7.671758 -39.939148 3.321101 5.285496 
374.000000 -9.225903 -9.036281 -33.123546 67.968114 76.421414 
375.000000 -10.677489 -10.382514 -29.232648 5.018758 3.580808 
376.000000 -12.087988 -11.688614 -26.548230 48.873040 40.423221 
377.000000 -13.443806 -12.943890 -24.547189 69.698734 61.283018 
378.000000 -14.738952 -14.144421 -22.993833 71.851254 63.463631 
379.000000 -15.972023 -15.290109 -21.758496 58.832724 50.458956 
380.000000 -17.144252 -16.382854 -20.760571 33.355127 25.009092 
381.000000 -18.258290 -17.425496 -19.945806 2.849311 10.726078 
382.000000 -19.317478 -18.421225 -19.275688 46.867560 55.032492 
383.000000 -20.325406 -19.373266 -18.721850 81.403494 73.460452 
384.000000 -20.981956 -19.681032 -15.832666 56.196066 46.436561 
385.000000 -19.949838 -18.731021 -16.440986 63.180052 73.121467 
386.000000 -18.861856 -17.735354 -17.172312 9.003339 18.887249 
387.000000 -17.713268 -16.689794 -18.057987 38.027206 27.915264 
388.000000 -16.499248 -15.589658 -19.140611 75.806716 65.738146 
389.000000 -15.215224 -14.429921 -20.479935 77.163655 87.395737 
390.000000 -13.857512 -13.205547 -22.163776 63.910889 74.036322 
391.000000 -12.424455 -11.912306 -24.331029 67.473575 77.500366 
392.000000 -10.918389 -10.548526 -27.229869 87.303586 77.870338 
393.000000 -9.348971 -9.118505 -31.408666 36.052305 26.379997 
394.000000 -7.738466 -7.638435 -38.723538 49.902024 59.406914 
395.000000 -6.129492 -6.145273 -54.821184 1.203493 9.039833 
396.000000 -4.594437 -4.707186 -37.790310 5.077209 14.371820 
397.000000 -3.242448 -3.430551 -33.382231 79.739345 89.236126 
398.000000 -2.214296 -2.454008 -31.302071 58.574097 68.160208 
399.000000 -1.653209 -1.919122 -30.414112 45.826814 36.163314 
400.000000 -1.653114 -1.919091 -30.412063 45.821168 36.158157 
401.000000 -2.214013 -2.453917 -31.295219 58.590645 68.175385 
402.000000 -3.241983 -3.430397 -33.368055 79.765691 89.260479 
403.000000 -4.593798 -4.706945 -37.759922 5.111363 14.404092 
404.000000 -6.128689 -6.144911 -54.582214 1.191452 9.078539 
405.000000 -7.737508 -7.637925 -38.762778 49.949461 59.450575 
406.000000 -9.347864 -9.117841 -31.425583 36.000374 26.332683 
407.000000 -10.917142 -10.547722 -27.240524 87.256405 77.820407 
408.000000 -12.423072 -11.911388 -24.339155 67.531909 77.552150 
409.000000 -13.855999 -13.204544 -22.170829 63.971565 74.089426 
410.000000 -15.213584 -14.428858 -20.486612 77.225915 87.449808 
411.000000 -16.497485 -15.588557 -19.147274 75.742923 65.683355 
412.000000 -17.711384 -16.688671 -18.064836 37.961745 27.859897 
413.000000 -18.859853 -17.734220 -17.179457 9.068850 18.943089 
414.000000 -19.947718 -18.729884 -16.448491 63.247508 73.177721 
415.000000 -20.979721 -19.679895 -15.840565 56.127800 46.379941 
416.000000 -21.598937 -19.931086 -13.485877 6.580819 17.652914 
417.000000 -20.548087 -18.985651 -14.107318 61.191017 49.741357 
418.000000 -19.437671 -17.993726 -14.853300 56.603679 68.259894 
419.000000 -18.261973 -16.950422 -15.756558 1.997428 12.748302 
420.000000 -17.014877 -15.849997 -16.861712 46.683430 34.883596 
421.000000 -15.690110 -14.685725 -18.231249 84.371830 72.837861 
422.000000 -14.281737 -13.449884 -19.956110 69.484320 81.235346 
423.000000 -12.785155 -12.134143 -22.176973 58.916547 70.443974 
424.000000 -11.198958 -10.730935 -25.135872 67.679200 78.941234 
425.000000 -9.528335 -9.236946 -29.340724 78.455533 67.684853 
426.000000 -7.790973 -7.660406 -36.394234 12.507188 1.915449 
427.000000 -6.026612 -6.033595 -61.899265 83.864033 73.749468 
428.000000 -4.310468 -4.429323 -37.335336 79.482888 89.722052 
429.000000 -2.766662 -2.973779 -32.555347 46.101451 35.790751 
430.000000 -1.568586 -1.840922 -30.210001 83.603739 73.077244 
431.000000 -0.904809 -1.213511 -29.139398 17.248912 6.512341 
432.000000 -0.904724 -1.213515 -29.136932 17.242766 6.506644 
433.000000 -1.568333 -1.840932 -30.201738 83.585894 73.060574 
434.000000 -2.766246 -2.973771 -32.538394 46.073064 35.764260 
435.000000 -4.309895 -4.429243 -37.299572 79.519835 89.756728 
436.000000 -6.025890 -6.033380 -61.290712 83.820928 73.708395 
437.000000 -7.790111 -7.660017 -36.426075 12.457791 1.869717 
438.000000 -9.527340 -9.236384 -29.353863 78.402030 67.635903 
439.000000 -11.197837 -10.730227 -25.143742 67.736452 78.992329 
440.000000 -12.783914 -12.133328 -22.182866 58.976504 70.496481 
441.000000 -14.280381 -13.449000 -19.961277 69.546286 81.288803 
442.000000 -15.688643 -14.684804 -18.236249 84.311011 72.783740 
443.000000 -17.013302 -15.849062 -16.866814 46.618263 34.828969 
444.000000 -18.260292 -16.949489 -15.761893 2.031224 12.803336 
445.000000 -19.435887 -17.992805 -14.858933 56.670945 68.315291 
446.000000 -20.546201 -18.984746 -14.113276 61.122993 49.685633 
447.000000 -21.596952 -19.930200 -13.492169 6.647102 17.708948 
448.000000 -22.095071 -20.107394 -11.796588 72.581529 60.202492 
449.000000 -21.031404 -19.166580 -12.414442 34.976506 47.645899 
450.000000 -19.905578 -18.179112 -13.155602 32.600205 19.685977 
451.000000 -18.711164 -17.139761 -14.052986 85.370211 81.206787 
452.000000 -17.441101 -16.042168 -15.151494 31.265256 44.355362 
453.000000 -16.087833 -14.878514 -16.513794 14.570609 1.345360 
454.000000 -14.643692 -13.639177 -18.230066 49.125585 36.126577 
455.000000 -13.101734 -12.312647 -20.436261 69.764594 57.067547 
456.000000 -11.457442 -10.886337 -23.354851 72.506678 60.204852 
457.000000 -9.712041 -9.349798 -27.414535 51.970169 40.102347 
458.000000 -7.878662 -7.702885 -33.788995 1.699934 10.728627 
459.000000 -5.993116 -5.971664 -52.136115 87.843676 77.472051 
460.000000 -4.130608 -4.231261 -38.770062 58.136312 68.930594 
461.000000 -2.425532 -2.625135 -32.872569 83.760112 72.899370 
462.000000 -1.079065 -1.359410 -29.962243 45.229382 56.517470 
463.000000 -0.323029 -0.653356 -28.562038 76.085936 64.528948 
464.000000 -0.322962 -0.653409 -28.558948 76.079384 64.522885 
465.000000 -1.078865 -1.359558 -29.951626 45.248430 56.535164 
466.000000 -2.425201 -2.625329 -32.850007 83.730560 72.871367 
467.000000 -4.130149 -4.231404 -38.718554 58.175172 68.967068 
468.000000 -5.992537 -5.971660 -52.372559 87.809700 77.429145 
469.000000 -7.877970 -7.702682 -33.813451 1.681607 10.776034 
470.000000 -9.711243 -9.349399 -27.424321 51.914844 40.052011 
471.000000 -11.456545 -10.885783 -23.360244 72.448425 60.152707 
472.000000 -13.100744 -12.311989 -20.440089 69.703831 57.014304 
473.000000 -14.642614 -13.638463 -18.233397 49.062724 36.072649 
474.000000 -16.086670 -14.877778 -16.517082 14.506606 1.290946 
475.000000 -17.439858 -16.041437 -15.154938 31.330849 44.410098 
476.000000 -18.709843 -17.139049 -14.056669 85.431366 81.151760 
477.000000 -19.904181 -18.178428 -13.159557 32.532727 19.630667 
478.000000 -21.029933 -19.165927 -12.418675 35.044688 47.701476 
479.000000 -22.093528 -20.106772 -11.801090 72.513054 60.146648 
480.000000 -22.376101 -20.198374 -10.904616 67.528104 80.695031 
481.000000 -21.305937 -19.260349 -11.517066 7.479185 6.127591 
482.000000 -20.172276 -18.275720 -12.251447 77.351213 63.918722 
483.000000 -18.968319 -17.239128 -13.140493 37.760383 51.493386 
484.000000 -17.686497 -16.143950 -14.228832 20.363141 6.430123 
485.000000 -16.318568 -14.981852 -15.578570 69.909221 56.115072 
486.000000 -14.855920 -13.742251 -17.278376 70.691255 84.524981 
487.000000 -13.290308 -12.411910 -19.459556 44.812843 58.300258 
488.000000 -11.615441 -10.975337 -22.329253 36.021032 49.055067 
489.000000 -9.830196 -9.417667 -26.260124 49.634137 62.117965 
490.000000 -7.944834 -7.733199 -32.158517 86.500512 75.074175 
491.000000 -5.992336 -5.943385 -44.956546 3.846515 7.805897 
492.000000 -4.046932 -4.124007 -41.076535 46.375606 35.249291 
493.000000 -2.247905 -2.428986 -33.709224 17.623859 6.287037 
494.000000 -0.812539 -1.084503 -30.221685 76.210862 64.512344 
495.000000 -0.000042 -0.331989 -28.520337 22.033129 9.997852 
496.000000 0.000000 -0.332083 -28.516864 22.026350 9.991637 
497.000000 -0.812413 -1.084772 -30.209286 76.191238 64.494205 
498.000000 -2.247693 -2.429366 -33.681154 17.593128 6.258317 
499.000000 -4.046634 -4.124375 -41.002134 46.335871 35.211863 
500.000000 -5.991957 -5.943615 -45.065656 3.803720 7.849905 
501.000000 -7.944380 -7.733223 -32.178378 86.454755 75.025634 
502.000000 -9.829674 -9.417484 -26.267438 49.690008 62.169367 
503.000000 -11.614858 -10.974993 -22.332609 36.079901 49.108154 
504.000000 -13.289671 -12.411462 -19.461524 44.874035 58.354305 
505.000000 -14.855233 -13.741750 -17.279926 70.754036 84.579589 
506.000000 -16.317835 -14.981336 -15.580102 69.845023 56.060120 
507.000000 -17.685721 -16.143447 -14.230509 20.297797 6.374905 
508.000000 -18.967503 -17.238652 -13.142374 37.826828 51.548820 
509.000000 -20.171424 -18.275279 -12.253546 77.284716 63.863075 
510.000000 -21.305049 -19.259946 -11.519376 7.413611 6.183450 
511.000000 -22.375179 -20.198007 -10.907121 67.596310 80.751132 
512.000000 -22.375686 -20.198448 -10.906819 67.523928 80.692623 
513.000000 -21.305549 -19.260418 -11.519241 7.482965 6.125170 
514.000000 -20.171916 -18.275783 -12.253604 77.354820 63.921155 
515.000000 -18.967985 -17.239182 -13.142643 37.757012 51.490945 
516.000000 -17.686190 -16.143994 -14.230990 20.366233 6.432565 
517.000000 -16.318288 -14.981883 -15.580755 69.912041 56.117505 
518.000000 -14.855667 -13.742268 -17.280618 70.688700 84.522577 
519.000000 -13.290083 -12.411910 -19.461901 44.810549 58.297911 
520.000000 -11.615243 -10.975318 -22.331784 36.019004 49.052818 
521.000000 -9.830024 -9.417631 -26.263036 49.632366 62.115869 
522.000000 -7.944690 -7.733151 -32.162480 86.501807 75.076056 
523.000000 -5.992220 -5.943335 -44.968295 3.847729 7.804282 
524.000000 -4.046846 -4.123971 -41.070835 46.376671 35.250623 
525.000000 -2.247848 -2.428977 -33.706917 17.624746 6.288122 
526.000000 -0.812512 -1.084528 -30.220071 76.211615 64.513260 
527.000000 -0.000044 -0.332042 -28.519065 22.033831 9.998693 
528.000000 -0.000031 -0.332155 -28.515802 22.027083 9.992496 
529.000000 -0.812468 -1.084861 -30.208220 76.192078 64.495167 
530.000000 -2.247768 -2.429476 -33.679537 17.594165 6.259431 
531.000000 -4.046728 -4.124511 -40.997429 46.337135 35.213130 
532.000000 -5.992066 -5.943779 -45.075415 3.805205 7.848519 
533.000000 -7.944505 -7.733413 -32.181094 86.456265 75.027102 
534.000000 -9.829814 -9.417698 -26.269014 49.687884 62.167846 
535.000000 -11.615014 -10.975225 -22.333691 36.077473 49.106597 
536.000000 -13.289842 -12.411710 -19.462324 44.871288 58.352719 
537.000000 -14.855419 -13.742010 -17.280542 70.750963 84.577976 
538.000000 -16.318037 -14.981608 -15.580584 69.848382 56.061760 
539.000000 -17.685940 -16.143727 -14.230888 20.301509 6.376572 
540.000000 -18.967739 -17.238940 -13.142669 37.822803 51.547126 
541.000000 -20.171675 -18.275575 -12.253770 77.288991 63.864795 
542.000000 -21.305317 -19.260247 -11.519536 7.418183 6.181703 
543.000000 -22.375464 -20.198315 -10.907222 67.591308 80.749359 
544.000000 -22.093920 -20.107592 -11.803183 72.593120 60.209559 
545.000000 -21.030328 -19.166761 -12.420950 34.965625 47.638810 
546.000000 -19.904576 -18.179272 -13.162047 32.610328 19.693081 
547.000000 -18.710237 -17.139894 -14.059401 85.361606 81.213891 
548.000000 -17.440248 -16.042271 -15.157920 31.256642 44.348283 
549.000000 -16.087055 -14.878580 -16.520287 14.578435 1.352376 
550.000000 -14.642989 -13.639200 -18.236709 49.132706 36.133470 
551.000000 -13.101107 -12.312621 -20.443190 69.770948 57.074230 
552.000000 -11.456891 -10.886261 -23.362331 72.512291 60.211204 
553.000000 -9.711566 -9.349678 -27.423227 51.975099 40.108215 
554.000000 -7.878264 -7.702737 -33.801485 1.701743 10.723403 
555.000000 -5.992796 -5.971518 -52.207162 87.846128 77.476508 
556.000000 -4.130368 -4.231158 -38.758340 58.133307 68.926927 
557.000000 -2.425375 -2.625109 -32.866923 83.762548 72.902366 
558.000000 -1.078992 -1.359474 -29.958054 45.227212 56.514917 
559.000000 -0.323038 -0.653499 -28.558603 76.087962 64.531318 
560.000000 -0.323049 -0.653612 -28.555962 76.081492 64.525319 
561.000000 -1.079020 -1.359814 -29.948543 45.246010 56.532452 
562.000000 -2.425413 -2.625645 -32.845561 83.733365 72.874490 
563.000000 -4.130412 -4.231790 -38.708046 58.171607 68.963518 
564.000000 -5.992845 -5.972120 -52.435951 87.812513 77.433055 
565.000000 -7.878321 -7.703213 -33.822431 1.683917 10.771852 
566.000000 -9.711637 -9.349994 -27.429236 51.920749 40.056391 
567.000000 -11.456982 -10.886433 -23.363590 72.455119 60.157237 
568.000000 -13.101224 -12.312686 -20.442582 69.711411 57.018957 
569.000000 -14.643137 -13.639199 -18.235343 49.071244 36.077409 
570.000000 -16.087238 -14.878549 -16.518638 14.516027 1.295806 
571.000000 -17.440470 -16.042236 -15.156195 31.320569 44.405144 
572.000000 -18.710501 -17.139874 -14.057683 85.420873 81.156805 
573.000000 -19.904884 -18.179277 -13.160363 32.544838 19.635800 
574.000000 -21.030682 -19.166796 -12.419296 35.031712 47.696259 
575.000000 -22.094323 -20.107659 -11.801543 72.526826 60.151947 
576.000000 -21.597265 -19.931340 -13.496907 6.564499 17.641643 
577.000000 -20.546523 -18.985874 -14.118172 61.206818 49.752614 
578.000000 -19.436216 -17.993911 -14.864014 56.588966 68.248675 
579.000000 -18.260626 -16.950562 -15.767174 1.990699 12.737155 
580.000000 -17.013640 -15.850086 -16.872288 46.695960 34.894619 
581.000000 -15.688982 -14.685755 -18.241862 84.382699 72.848687 
582.000000 -14.280718 -13.449848 -19.966878 69.473964 81.224823 
583.000000 -12.784245 -12.134037 -22.188101 58.907250 70.433896 
584.000000 -11.198159 -10.730761 -25.147799 67.670954 78.931784 
585.000000 -9.527647 -9.236718 -29.354678 78.462639 67.693466 
586.000000 -7.790398 -7.660153 -36.415852 12.513425 1.923026 
587.000000 -6.026151 -6.033361 -61.621807 83.869115 73.755884 
588.000000 -4.310125 -4.429160 -37.322240 79.478386 89.716772 
589.000000 -2.766439 -2.973728 -32.548175 46.105253 35.795114 
590.000000 -1.568485 -1.840999 -30.204394 83.607043 73.081033 
591.000000 -0.904827 -1.213704 -29.134565 17.252064 6.515920 
592.000000 -0.904855 -1.213807 -29.132473 17.246042 6.510323 
593.000000 -1.568564 -1.841316 -30.196937 83.589537 73.064614 
594.000000 -2.766562 -2.974249 -32.531761 46.077454 35.768843 
595.000000 -4.310287 -4.429818 -37.286347 79.514494 89.751531 
596.000000 -6.026350 -6.034054 -61.045360 83.826918 73.714188 
597.000000 -7.790634 -7.660789 -36.442763 12.465298 1.876024 
598.000000 -9.527927 -9.237248 -29.362277 78.410487 67.642638 
599.000000 -11.198486 -10.731174 -25.149448 67.726541 78.985239 
600.000000 -12.784625 -12.134351 -22.187196 58.965349 70.489093 
601.000000 -14.281155 -13.450091 -19.964754 69.533845 81.281159 
602.000000 -15.689480 -14.685955 -18.239128 84.323821 72.791610 
603.000000 -17.014204 -15.850268 -16.869237 46.633244 34.837042 
604.000000 -18.261259 -16.950743 -15.763947 2.023487 12.795077 
605.000000 -19.436920 -17.994103 -14.860670 56.653343 68.306859 
606.000000 -20.547300 -18.986085 -14.114733 61.141829 49.694225 
607.000000 -21.598117 -19.931575 -13.493368 6.627854 17.700206 
608.000000 -20.979994 -19.681256 -15.848399 56.215918 46.451337 
609.000000 -19.948003 -18.731198 -16.456365 63.161492 73.106804 
610.000000 -18.860149 -17.735477 -17.187369 8.986334 18.872744 
611.000000 -17.711689 -16.689856 -18.072761 38.043210 27.929551 
612.000000 -16.497797 -15.589651 -19.155148 75.821341 65.752132 
613.000000 -15.213901 -14.429840 -20.494303 77.150247 87.382162 
614.000000 -13.856318 -13.205387 -22.178082 63.898686 74.023302 
615.000000 -12.423390 -11.912068 -24.345487 67.462613 77.488078 
616.000000 -10.917455 -10.548221 -27.244988 87.311594 77.881687 
617.000000 -9.348168 -9.118156 -31.426006 36.060866 26.390198 
618.000000 -7.737796 -7.638078 -38.750912 49.894593 59.398028 
619.000000 -6.128957 -6.144958 -54.701266 1.206011 9.032321 
620.000000 -4.594040 -4.706965 -37.776908 5.071960 14.365566 
621.000000 -3.242193 -3.430463 -33.374634 79.734594 89.230832 
622.000000 -2.214184 -2.454066 -31.296002 58.569862 68.155477 
623.000000 -1.653237 -1.919320 -30.408666 45.830853 36.167849 
624.000000 -1.653275 -1.919417 -30.406736 45.825348 36.162778 
625.000000 -2.214292 -2.454364 -31.289238 58.585987 68.170444 
626.000000 -3.242367 -3.430960 -33.359899 79.760228 89.255006 
627.000000 -4.594274 -4.707620 -37.744774 5.105260 14.397923 
628.000000 -6.129247 -6.145694 -54.462647 1.194560 9.071601 
629.000000 -7.738143 -7.638815 -38.785225 49.940584 59.442874 
630.000000 -9.348574 -9.118838 -31.436590 36.010628 26.341090 
631.000000 -10.917925 -10.548823 -27.248163 87.265760 77.829443 
632.000000 -12.423928 -11.912588 -24.345174 67.518745 77.542564 
633.000000 -13.856928 -13.205838 -22.175877 63.956926 74.079361 
634.000000 -15.214587 -14.430240 -20.490990 77.209780 87.439326 
635.000000 -16.498563 -15.590020 -19.151144 75.760332 65.694205 
636.000000 -17.712538 -16.690209 -18.068291 37.980893 27.871074 
637.000000 -18.861083 -17.735827 -17.182555 9.048688 18.931618 
638.000000 -19.949026 -18.731554 -16.451266 63.225293 73.165984 
639.000000 -20.981106 -19.681624 -15.843042 56.151483 46.391921 
640.000000 -20.325668 -19.374736 -18.733499 81.490598 73.535345 
641.000000 -19.317753 -18.422613 -19.287050 46.781419 54.958315 
642.000000 -18.258577 -17.426789 -19.956820 2.777376 10.652765 
643.000000 -17.144550 -16.384038 -20.771136 33.436254 25.081349 
644.000000 -15.972330 -15.291166 -21.768445 58.910996 50.529894 
645.000000 -14.739266 -14.145334 -23.002901 71.926280 63.532897 
646.000000 -13.444123 -12.944641 -24.554955 69.770412 61.350144 
647.000000 -12.088306 -11.689191 -26.554011 48.941042 40.487594 
648.000000 -10.677804 -10.382915 -29.235248 5.080723 3.519966 
649.000000 -9.226210 -9.036521 -33.120420 67.909467 76.365046 
650.000000 -7.759085 -7.671872 -39.920978 3.371396 5.234673 
651.000000 -6.319592 -6.327675 -60.628709 29.421959 20.985109 
652.000000 -4.974133 -5.065265 -39.628383 0.849193 8.284594 
653.000000 -3.814440 -3.971237 -34.947770 83.556442 75.138362 
654.000000 -2.949914 -3.151139 -32.803037 87.771831 79.363383 
655.000000 -2.484909 -2.708089 -31.914531 2.822832 5.616806 
656.000000 -2.484950 -2.708188 -31.912329 2.817856 5.621361 
657.000000 -2.950035 -3.151437 -32.795536 87.757386 79.349865 
658.000000 -3.814637 -3.971728 -34.931699 83.532985 75.116328 
659.000000 -4.974401 -5.065916 -39.592140 0.844192 8.314415 
660.000000 -6.319926 -6.328428 -60.190285 29.384074 20.948468 
661.000000 -7.759486 -7.672663 -39.960110 3.330564 5.277026 
662.000000 -9.226679 -9.037297 -33.134628 67.957098 76.411995 
663.000000 -10.678345 -10.383643 -29.240868 5.031154 3.570486 
664.000000 -12.088921 -11.689858 -26.555161 48.886992 40.434368 
665.000000 -13.444816 -12.945247 -24.553399 69.714147 61.294903 
666.000000 -14.740040 -14.145889 -22.999571 71.868212 63.476169 
667.000000 -15.973190 -15.291682 -21.763883 58.851355 50.472072 
668.000000 -17.145498 -16.384527 -20.765667 33.375421 25.022720 
669.000000 -18.259616 -17.427264 -19.950642 2.831016 10.711994 
670.000000 -19.318885 -18.423081 -19.280279 46.844067 55.018000 
671.000000 -20.326894 -19.375206 -18.726202 81.428045 73.475313 
672.000000 -19.691513 -19.033241 -22.076958 71.307320 64.987442 
673.000000 -18.712291 -18.084026 -22.497395 67.679406 74.161303 
674.000000 -17.687066 -17.094456 -23.022916 35.082006 41.621016 
675.000000 -16.613476 -16.062602 -23.678343 12.319145 18.905794 
676.000000 -15.489728 -14.987047 -24.497883 1.679184 7.884461 
677.000000 -14.315093 -13.867339 -25.530650 4.206484 10.875636 
678.000000 -13.090694 -12.704708 -26.851149 23.840387 30.767134 
679.000000 -11.820701 -11.503167 -28.581241 64.089516 71.161944 
680.000000 -10.514121 -10.271145 -30.943236 50.608443 43.451633 
681.000000 -9.187324 -9.023762 -34.420754 45.218237 52.481164 
682.000000 -7.867322 -7.785747 -40.504376 1.865657 5.740025 
683.000000 -6.595414 -6.594653 -81.149355 3.116596 4.397377 
684.000000 -5.429881 -5.503397 -41.485373 50.281790 57.681402 
685.000000 -4.445147 -4.580113 -36.239185 11.870564 4.519411 
686.000000 -3.723956 -3.902095 -33.849998 0.351002 7.355910 
687.000000 -3.340849 -3.540949 -32.851198 86.096323 78.914171 
688.000000 -3.340891 -3.541053 -32.848557 86.091813 78.910048 
689.000000 -3.724080 -3.902402 -33.841183 0.355311 7.368188 
690.000000 -4.445350 -4.580609 -36.220507 11.849085 4.499266 
691.000000 -5.430159 -5.504050 -41.441434 50.310623 57.708899 
692.000000 -6.595763 -6.595413 -87.890737 3.082775 4.431494 
693.000000 -7.867742 -7.786562 -40.546736 1.830943 5.779872 
694.000000 -9.187815 -9.024585 -34.438582 45.263247 52.525802 
695.000000 -10.514685 -10.271943 -30.951748 50.559753 43.403110 
696.000000 -11.821340 -11.503922 -28.584478 64.141185 71.213547 
697.000000 -13.091412 -12.705414 -26.850879 23.894542 30.821139 
698.000000 -14.315893 -13.867998 -25.527849 4.260494 10.931495 
699.000000 -15.490612 -14.987665 -24.493151 1.719307 7.941741 
700.000000 -16.614448 -16.063188 -23.672071 12.378165 18.964163 
701.000000 -17.688128 -17.095019 -23.015359 35.142385 41.680221 
702.000000 -18.713445 -18.084574 -22.488720 67.740639 74.221153 
703.000000 -19.692762 -19.033781 -22.067266 71.245292 64.927092 
704.000000 -19.110133 -18.679275 -25.873286 27.247923 22.470735 
705.000000 -18.163415 -17.739693 -26.021940 56.106666 51.242644 
706.000000 -17.176354 -16.764428 -26.273133 75.497942 70.539619 
707.000000 -16.147802 -15.752989 -26.650293 83.760729 78.721709 
708.000000 -15.077442 -14.705788 -27.187034 79.033637 73.793554 
709.000000 -13.966309 -13.624657 -27.933223 58.771810 53.320433 
710.000000 -12.817563 -12.513559 -28.966254 19.995586 14.328014 
711.000000 -11.637587 -11.379579 -30.414313 40.978160 46.812592 
712.000000 -10.437498 -10.234210 -32.512177 51.516064 45.492618 
713.000000 -9.235102 -9.094913 -35.771802 67.840231 74.052681 
714.000000 -8.057130 -7.986805 -41.798886 45.379498 51.705846 
715.000000 -6.941281 -6.944096 -69.785685 68.263986 74.657689 
716.000000 -5.936975 -6.010596 -41.473078 35.531842 29.173516 
717.000000 -5.103186 -5.238171 -36.237972 77.860925 71.616710 
718.000000 -4.501655 -4.681635 -33.761616 51.163252 45.045634 
719.000000 -4.185387 -4.389049 -32.699732 50.539760 56.563921 
720.000000 -4.185428 -4.389156 -32.696922 50.543843 56.567703 
721.000000 -4.501777 -4.681951 -33.752357 51.151164 45.034348 
722.000000 -5.103386 -5.238673 -36.218698 77.841298 71.598120 
723.000000 -5.937250 -6.011249 -41.428775 35.505336 29.148002 
724.000000 -6.941627 -6.944855 -68.600214 68.296561 74.689562 
725.000000 -8.057548 -7.987624 -41.848749 45.417355 51.743364 
726.000000 -9.235590 -9.095751 -35.793681 67.882543 74.095058 
727.000000 -10.438058 -10.235037 -32.523749 51.469942 45.446166 
728.000000 -11.638220 -11.380377 -30.419923 41.027447 46.862390 
729.000000 -12.818273 -12.514318 -28.967672 19.943723 14.275510 
730.000000 -13.967097 -13.625374 -27.931371 58.717680 53.265764 
731.000000 -15.078311 -14.706466 -27.182458 78.977877 73.737165 
732.000000 -16.148756 -15.753633 -26.643336 83.704029 78.663960 
733.000000 -17.177394 -16.765045 -26.264014 75.439258 70.480794 
734.000000 -18.164543 -17.740289 -26.010785 56.046785 51.182968 
735.000000 -19.111351 -18.679857 -25.860155 27.187171 22.410383 
736.000000 -18.596791 -18.333310 -30.229227 48.771992 52.131737 
737.000000 -17.685544 -17.410801 -29.860007 33.061799 36.558447 
738.000000 -16.739769 -16.458293 -29.646330 27.960045 31.621304 
739.000000 -15.759442 -15.476701 -29.606750 35.200913 39.059001 
740.000000 -14.745556 -14.468116 -29.773812 56.870884 60.955703 
741.000000 -13.700636 -13.436302 -30.200710 84.419653 80.188538 
742.000000 -12.629440 -12.387326 -30.974541 25.949708 21.378447 
743.000000 -11.539898 -11.330342 -32.245266 56.142527 60.960624 
744.000000 -10.444307 -10.278485 -34.300417 14.012940 8.937737 
745.000000 -9.360716 -9.249791 -37.820178 51.376971 46.123281 
746.000000 -8.314302 -8.267935 -45.428795 50.315112 44.921924 
747.000000 -7.338279 -7.362520 -51.097139 4.505595 0.979120 
748.000000 -6.473562 -6.568502 -39.274764 87.052072 81.697956 
749.000000 -5.766258 -5.924246 -34.882644 68.483265 73.757594 
750.000000 -5.262276 -5.467683 -32.626459 71.703427 66.579098 
751.000000 -4.999493 -5.230346 -31.624745 36.944831 41.972220 
752.000000 -4.999532 -5.230454 -31.622163 36.948544 41.975737 
753.000000 -5.262392 -5.468000 -32.618086 71.692410 66.568594 
754.000000 -5.766450 -5.924746 -34.865885 68.501232 73.774928 
755.000000 -6.473827 -6.569147 -39.240229 87.027993 81.674092 
756.000000 -7.338613 -7.363267 -50.951041 4.475695 1.009063 
757.000000 -8.314706 -8.268741 -45.504756 50.279799 44.886489 
758.000000 -9.361188 -9.250621 -37.848444 51.337205 46.083008 
759.000000 -10.444848 -10.279313 -34.315542 13.969426 8.893303 
760.000000 -11.540510 -11.331147 -32.253401 56.189382 61.008572 
761.000000 -12.630124 -12.388100 -30.977801 25.900091 21.327575 
762.000000 -13.701395 -13.437039 -30.200008 84.368325 80.135256 
763.000000 -14.746391 -14.468817 -29.769557 56.924865 61.010955 
764.000000 -15.760356 -15.477369 -29.599076 35.256600 39.115855 
765.000000 -16.740764 -16.458932 -29.635186 28.017162 31.679459 
766.000000 -17.686622 -17.411416 -29.845177 33.120145 36.617656 
767.000000 -18.597954 -18.333908 -30.210328 48.831377 52.191801 
768.000000 -18.156133 -18.011704 -35.510880 25.397161 23.205958 
769.000000 -17.282480 -17.113428 -34.131210 27.136881 24.756439 
770.000000 -16.380055 -16.191414 -33.169056 17.165725 14.557988 
771.000000 -15.449810 -15.247816 -32.568319 6.426140 9.195116 
772.000000 -14.493829 -14.286109 -32.322651 45.538353 48.635063 
773.000000 -13.515794 -13.311513 -32.469400 77.080125 73.723460 
774.000000 -12.521586 -12.331493 -33.101739 1.615345 5.075584 
775.000000 -11.520044 -11.356308 -34.411408 75.463022 71.514115 
776.000000 -10.523836 -10.399539 -36.824855 56.267193 60.502825 
777.000000 -9.550370 -9.478488 -41.607934 41.235857 45.679680 
778.000000 -8.622519 -8.614282 -60.456191 64.507624 69.093423 
779.000000 -7.768825 -7.831513 -42.863928 48.389564 43.768929 
780.000000 -7.022656 -7.157232 -36.264147 68.196002 72.765660 
781.000000 -6.419857 -6.619175 -32.884812 59.755775 64.200604 
782.000000 -5.994671 -6.243119 -30.995507 68.915704 64.609522 
783.000000 -5.774450 -6.049446 -30.126882 45.780205 49.997549 
784.000000 -5.774486 -6.049552 -30.124724 45.783598 50.000855 
785.000000 -5.994781 -6.243428 -30.988636 68.905620 64.599645 
786.000000 -6.420038 -6.619661 -32.871696 59.772279 64.216914 
787.000000 -7.022907 -7.157857 -36.240200 68.218510 72.788148 
788.000000 -7.769143 -7.832236 -42.808262 48.361550 43.740641 
789.000000 -8.622904 -8.615063 -60.884996 64.540572 69.127025 
790.000000 -9.550820 -9.479295 -41.651275 41.273190 45.718038 
791.000000 -10.524353 -10.400347 -36.845347 56.308353 60.545358 
792.000000 -11.520627 -11.357099 -34.422514 75.418566 71.467980 
793.000000 -12.522237 -12.332256 -33.106914 1.656675 5.124789 
794.000000 -13.516514 -13.312244 -32.469828 77.030347 73.671666 
795.000000 -14.494621 -14.286806 -32.318625 45.590331 48.689024 
796.000000 -15.450676 -15.248481 -32.559591 6.479506 9.250882 
797.000000 -16.380996 -16.192050 -33.154867 17.110422 14.500724 
798.000000 -17.283499 -17.114039 -34.110105 27.080171 24.697933 
799.000000 -18.157230 -18.012294 -35.480194 25.339291 23.146424 
800.000000 -17.786835 -17.725921 -43.051460 71.785211 70.577146 
801.000000 -16.952104 -16.858058 -39.262382 59.006306 57.551627 
802.000000 -16.094119 -15.972855 -37.040951 33.475790 31.746275 
803.000000 -15.214636 -15.073466 -35.710751 6.712268 8.679382 
804.000000 -14.316584 -14.164388 -35.051971 63.534897 65.866617 
805.000000 -13.404466 -13.251794 -35.024667 40.349458 37.700434 
806.000000 -12.484846 -12.343887 -35.723885 57.868914 60.845595 
807.000000 -11.566923 -11.451223 -37.451741 1.652583 4.788307 
808.000000 -10.663130 -10.586940 -41.100247 25.715441 22.155753 
809.000000 -9.789667 -9.766788 -51.576264 19.622632 15.849401 
810.000000 -8.966795 -9.008861 -46.318597 24.314900 28.207208 
811.000000 -8.218635 -8.332947 -37.671511 69.175972 65.245872 
812.000000 -7.572182 -7.759487 -33.418808 64.680927 68.567865 
813.000000 -7.055298 -7.308174 -30.844269 70.389534 74.169794 
814.000000 -6.693709 -6.996292 -29.310267 48.200644 44.538118 
815.000000 -6.507430 -6.836872 -28.584904 71.748931 75.336748 
816.000000 -6.507464 -6.836973 -28.583179 71.752046 75.339880 
817.000000 -6.693813 -6.996586 -29.304869 48.191370 44.528763 
818.000000 -7.055469 -7.308637 -30.834383 70.404752 74.185245 
819.000000 -7.572419 -7.760082 -33.402358 64.701765 68.589185 
820.000000 -8.218936 -8.333636 -37.642270 69.149924 65.219011 
821.000000 -8.967159 -9.009607 -46.240379 24.345697 28.239193 
822.000000 -9.790093 -9.767559 -51.708276 19.587580 15.812771 
823.000000 -10.663619 -10.587713 -41.132870 25.676584 22.114983 
824.000000 -11.567474 -11.451982 -37.467422 1.691270 4.832713 
825.000000 -12.485461 -12.344622 -35.731285 57.914066 60.893156 
826.000000 -13.405146 -13.252499 -35.026055 40.301734 37.650161 
827.000000 -14.317331 -14.165061 -35.047707 63.584842 65.919206 
828.000000 -15.215451 -15.074108 -35.700006 6.763870 8.733939 
829.000000 -16.095004 -15.973468 -37.021350 33.422195 31.690054 
830.000000 -16.953061 -16.858645 -39.228158 58.951230 57.494000 
831.000000 -17.787865 -17.726486 -42.985251 71.728878 70.518334 
832.000000 -17.484477 -17.482780 -74.179301 87.334126 87.922553 
833.000000 -16.689276 -16.650159 -46.909361 64.908492 64.161280 
834.000000 -15.875971 -15.806377 -41.890062 23.606325 22.538109 
835.000000 -15.046943 -14.955315 -39.489930 33.255340 34.637320 
836.000000 -14.205723 -14.102129 -38.417713 72.235127 70.518739 
837.000000 -13.357329 -13.253486 -38.396829 22.341598 24.410414 
838.000000 -12.508634 -12.417776 -39.563593 40.252462 37.833337 
839.000000 -11.668782 -11.605251 -42.684811 76.890050 74.168223 
840.000000 -10.849559 -10.828030 -52.104840 84.155916 81.175452 
841.000000 -10.065667 -10.099907 -48.102672 58.341625 55.129412 
842.000000 -9.334739 -9.435902 -38.726372 4.613209 7.933294 
843.000000 -8.676957 -8.851555 -34.022673 71.285703 67.905446 
844.000000 -8.114089 -8.362023 -31.013217 78.023993 81.377266 
845.000000 -7.667869 -7.981098 -29.015167 83.752331 80.489385 
846.000000 -7.357809 -7.720237 -27.772419 13.522763 10.345792 
847.000000 -7.198765 -7.587689 -27.172727 69.001501 65.883458 
848.000000 -7.198797 -7.587783 -27.171372 68.998625 65.880476 
849.000000 -7.357905 -7.720512 -27.768239 13.514195 10.336886 
850.000000 -7.668029 -7.981531 -29.007756 83.738242 80.474675 
851.000000 -8.114311 -8.362581 -31.001656 78.043342 81.397573 
852.000000 -8.677240 -8.852201 -34.004818 71.261416 67.879836 
853.000000 -9.335082 -9.436603 -38.695898 4.641927 7.963843 
854.000000 -10.066069 -10.100633 -48.021031 58.308644 55.094343 
855.000000 -10.850020 -10.828759 -52.213873 84.119340 81.136306 
856.000000 -11.669302 -11.605968 -42.711816 76.850016 74.125448 
857.000000 -12.509214 -12.418471 -39.574561 40.209432 37.787366 
858.000000 -13.357969 -13.254152 -38.398939 22.387252 24.459177 
859.000000 -14.206426 -14.102764 -38.412033 72.187166 70.467552 
860.000000 -15.047709 -14.955920 -39.474597 33.305360 34.690600 
861.000000 -15.876802 -15.806954 -41.858227 23.554534 22.483029 
862.000000 -16.690173 -16.650709 -46.832512 64.855104 64.104655 
863.000000 -17.485442 -17.483307 -72.187373 87.386461 87.980499 
864.000000 -17.243224 -17.285258 -46.325278 89.228787 89.753790 
865.000000 -16.487536 -16.491266 -67.343064 47.058139 46.835027 
866.000000 -15.718443 -15.691818 -50.257137 10.062735 10.602340 
867.000000 -14.938775 -14.891254 -45.214826 83.436075 84.382339 
868.000000 -14.152453 -14.095066 -43.571332 4.751445 3.431601 
869.000000 -13.364744 -13.310033 -43.987354 72.151537 70.517996 
870.000000 -12.582547 -12.544320 -47.109645 63.719988 65.714906 
871.000000 -11.814653 -11.807473 -61.649337 45.822282 48.130288 
872.000000 -11.071967 -11.110287 -47.126850 57.268387 59.846857 
873.000000 -10.367591 -10.464497 -39.097750 78.573457 75.801209 
874.000000 -9.716701 -9.882277 -34.478986 1.798733 4.664024 
875.000000 -9.136088 -9.375604 -31.309053 58.204851 55.245493 
876.000000 -8.643310 -8.955556 -29.042001 75.078011 72.134272 
877.000000 -8.255421 -8.631673 -27.454161 45.800307 42.910291 
878.000000 -7.987377 -8.411466 -26.438344 32.180838 35.005978 
879.000000 -7.850369 -8.300096 -25.941216 19.306682 16.523455 
880.000000 -7.850400 -8.300182 -25.940159 19.304016 16.520606 
881.000000 -7.987468 -8.411718 -26.435118 32.188791 35.014487 
882.000000 -8.255571 -8.632070 -27.448580 45.787202 42.896237 
883.000000 -8.643519 -8.956069 -29.033677 75.059967 72.114865 
884.000000 -9.136354 -9.376201 -31.297224 58.182139 55.220998 
885.000000 -9.717024 -9.882926 -34.462032 1.825178 4.693280 
886.000000 -10.367970 -10.465171 -39.071421 78.542405 75.767561 
887.000000 -11.072401 -11.110966 -47.071808 57.303107 59.884502 
888.000000 -11.815144 -11.808140 -61.866338 45.860314 48.171531 
889.000000 -12.583094 -12.544966 -47.132363 63.760987 65.759357 
890.000000 -13.365348 -13.310652 -43.989852 72.107876 70.470706 
891.000000 -14.153113 -14.095655 -43.560439 4.705831 3.381814 
892.000000 -14.939495 -14.891813 -45.185430 83.483978 84.434312 
893.000000 -15.719223 -15.692348 -50.175994 10.112695 10.656222 
894.000000 -16.488377 -16.491770 -68.166372 47.006433 46.779486 
895.000000 -17.244127 -17.285737 -46.413093 89.203787 89.696802 
896.000000 -17.056771 -17.133458 -41.120222 65.055336 65.568057 
897.000000 -16.340064 -16.380130 -46.740773 7.563085 7.701495 
898.000000 -15.614152 -15.626415 -57.010013 65.171525 65.375618 
899.000000 -14.882161 -14.876884 -64.327386 25.132662 24.555054 
900.000000 -14.148215 -14.137093 -57.847030 83.521633 84.495901 
901.000000 -13.417635 -13.413647 -66.760051 33.417298 34.735584 
902.000000 -12.697126 -12.714204 -54.136275 6.939643 8.591485 
903.000000 -11.994949 -12.047380 -44.410742 6.735011 8.703181 
904.000000 -11.321012 -11.422537 -38.695527 35.650309 37.898519 
905.000000 -10.686855 -10.849438 -34.635959 83.290887 80.850639 
906.000000 -10.105441 -10.337774 -31.569976 12.922056 15.502285 
907.000000 -9.590714 -9.896641 -29.216433 32.668565 30.018853 
908.000000 -9.156873 -9.534035 -27.433633 37.194824 34.538393 
909.000000 -8.817395 -9.256480 -26.143939 1.904085 4.522898 
910.000000 -8.583873 -9.068837 -25.303460 86.701354 89.288871 
911.000000 -8.464855 -8.974279 -24.888165 38.718824 41.277208 
912.000000 -8.464883 -8.974357 -24.887343 38.721307 41.279936 
913.000000 -8.583958 -9.069065 -25.300972 86.708761 89.297018 
914.000000 -8.817536 -9.256840 -26.139715 1.916276 4.536358 
915.000000 -9.157069 -9.534502 -27.427536 37.177945 34.519800 
916.000000 -9.590964 -9.897186 -29.208229 32.647267 29.995369 
917.000000 -10.105745 -10.338368 -31.559275 12.947506 15.530366 
918.000000 -10.687212 -10.850057 -34.622109 83.261609 80.818294 
919.000000 -11.321422 -11.423161 -38.677358 35.683189 37.934774 
920.000000 -11.995411 -12.047993 -44.385830 6.771074 8.742988 
921.000000 -12.697641 -12.714797 -54.096718 6.978654 8.634490 
922.000000 -13.418203 -13.414214 -66.756811 33.459072 34.781450 
923.000000 -14.148837 -14.137631 -57.781141 83.565632 84.544311 
924.000000 -14.882837 -14.877392 -64.052892 25.086322 24.504389 
925.000000 -15.614884 -15.626894 -57.191810 65.219806 65.428272 
926.000000 -16.340853 -16.380581 -46.814240 7.513239 7.647089 
927.000000 -17.057619 -17.133885 -41.167819 65.003748 65.512111 
928.000000 -16.918877 -17.025517 -38.271174 20.581848 21.372789 
929.000000 -16.240204 -16.313714 -41.486087 51.683538 51.253354 
930.000000 -15.556017 -15.605890 -44.844050 40.284760 40.335701 
931.000000 -14.869605 -14.906648 -47.420709 65.244059 65.582980 
932.000000 -14.185151 -14.221407 -47.606812 10.202529 10.909809 
933.000000 -13.507872 -13.556398 -45.081166 23.369810 22.274181 
934.000000 -12.844148 -12.918606 -41.375254 33.152716 31.711516 
935.000000 -12.201602 -12.315622 -37.693572 16.737729 14.982730 
936.000000 -11.589130 -11.755404 -34.442779 28.455840 30.465676 
937.000000 -11.016809 -11.245934 -31.689175 74.934154 72.723506 
938.000000 -10.495673 -10.794818 -29.407806 35.764186 38.117711 
939.000000 -10.037301 -10.408881 -27.560369 3.175365 5.597918 
940.000000 -9.653226 -10.093831 -26.114670 9.703428 12.162743 
941.000000 -9.354181 -9.854073 -25.047504 57.521407 59.977501 
942.000000 -9.149251 -9.692697 -24.343469 31.631034 29.194342 
943.000000 -9.045054 -9.611601 -23.993302 76.524936 74.103260 
944.000000 -9.045080 -9.611670 -23.992665 76.522614 74.100642 
945.000000 -9.149331 -9.692900 -24.341556 31.624098 29.186525 
946.000000 -9.354313 -9.854395 -25.044303 57.532866 59.990416 
947.000000 -9.653410 -10.094250 -26.110164 9.719266 12.180590 
948.000000 -10.037536 -10.409371 -27.554541 3.195339 5.620475 
949.000000 -10.495959 -10.795354 -29.400662 35.788187 38.144709 
950.000000 -11.017146 -11.246494 -31.680803 74.906437 72.692367 
951.000000 -11.589516 -11.755969 -34.433522 28.487020 30.500636 
952.000000 -12.202038 -12.316178 -37.684494 16.703370 14.944273 
953.000000 -12.844633 -12.919142 -41.369327 33.115418 31.669885 
954.000000 -13.508408 -13.556909 -45.085533 23.329846 22.229685 
955.000000 -14.185737 -14.221889 -47.631651 10.244894 10.956878 
956.000000 -14.870243 -14.907101 -47.464054 65.288653 65.632350 
957.000000 -15.556707 -15.606313 -44.890390 40.238166 40.284279 
958.000000 -16.240947 -16.314110 -41.526989 51.731929 51.306602 
959.000000 -16.919674 -17.025887 -38.305748 20.531856 21.317922 
960.000000 -16.823635 -16.958348 -36.255366 42.089119 41.102331 
961.000000 -16.181739 -16.287980 -38.303509 51.198627 51.803478 
962.000000 -15.537520 -15.625235 -39.958580 51.749165 51.537942 
963.000000 -14.894323 -14.974607 -40.723849 7.417831 7.221009 
964.000000 -14.256281 -14.341230 -40.235571 46.847115 46.278498 
965.000000 -13.628403 -13.730838 -38.618509 64.622522 63.685176 
966.000000 -13.016655 -13.149667 -36.364920 58.635933 57.353056 
967.000000 -12.427990 -12.604282 -33.939630 26.666474 25.073570 
968.000000 -11.870322 -12.101338 -31.618668 33.603660 35.452949 
969.000000 -11.352407 -11.647276 -29.530715 55.480020 53.425655 
970.000000 -10.883620 -11.247998 -27.726798 68.424774 70.628966 
971.000000 -10.473596 -10.908572 -26.223574 47.576880 49.873300 
972.000000 -10.131752 -10.633027 -25.024199 64.052210 66.396957 
973.000000 -9.866703 -10.424289 -24.127349 60.330202 57.970352 
974.000000 -9.685647 -10.284270 -23.530803 35.888750 38.247646 
975.000000 -9.593771 -10.214056 -23.232763 6.265076 3.910451 
976.000000 -9.593796 -10.214117 -23.232274 6.262897 3.907937 
977.000000 -9.685722 -10.284450 -23.529340 35.895262 38.255155 
978.000000 -9.866828 -10.424574 -24.124932 60.319430 57.957944 
979.000000 -10.131925 -10.633398 -25.020869 64.067120 66.414111 
980.000000 -10.473819 -10.909008 -26.219403 47.595772 49.894996 
981.000000 -10.883890 -11.248477 -27.721925 68.447456 70.654959 
982.000000 -11.352724 -11.647777 -29.525404 55.453757 53.395638 
983.000000 -11.870686 -12.101844 -31.613434 33.633276 35.486699 
984.000000 -12.428402 -12.604779 -33.935460 26.633744 25.036386 
985.000000 -13.017114 -13.150145 -36.363611 58.600315 57.312730 
986.000000 -13.628909 -13.731292 -38.622863 64.584251 63.641993 
987.000000 -14.256834 -14.341656 -40.248546 46.806411 46.232730 
988.000000 -14.894925 -14.975003 -40.745970 7.375008 7.172909 
989.000000 -15.538170 -15.625602 -39.986545 51.794115 51.588139 
990.000000 -16.182439 -16.288319 -38.332901 51.151834 51.751399 
991.000000 -16.824385 -16.958661 -36.283415 42.137584 41.156096 
992.000000 -16.765609 -16.928202 -34.635393 58.648697 59.743260 
993.000000 -16.159009 -16.298444 -35.958508 42.149222 41.450051 
994.000000 -15.552804 -15.679264 -36.800367 20.454492 20.750363 
995.000000 -14.950316 -15.074941 -36.926446 64.864434 64.770479 
996.000000 -14.355545 -14.490233 -36.256919 89.263752 88.912170 
997.000000 -13.773226 -13.930318 -34.931671 87.753548 88.641280 
998.000000 -13.208872 -13.400666 -33.215298 71.375720 70.186668 
999.000000 -12.668764 -12.906874 -31.359512 24.882596 23.385643 
1000.000000 -12.159901 -12.454437 -29.540376 49.358955 51.112395 
1001.000000 -11.689873 -12.048497 -27.862174 26.568759 24.606704 
1002.000000 -11.266644 -11.693592 -26.381386 70.606026 68.490206 
1003.000000 -10.898255 -11.393447 -25.127248 80.801886 78.579839 
1004.000000 -10.592439 -11.150870 -24.114613 55.370770 53.081418 
1005.000000 -10.356169 -10.967763 -23.351016 7.238766 9.561200 
1006.000000 -10.195203 -10.845258 -22.840293 71.743691 69.406400 
1007.000000 -10.113659 -10.783923 -22.584348 68.545095 70.886802 
1008.000000 -10.113683 -10.783976 -22.583976 68.547147 70.889219 
1009.000000 -10.195274 -10.845414 -22.839188 71.737556 69.399180 
1010.000000 -10.356286 -10.968012 -23.349213 7.248922 9.573135 
1011.000000 -10.592602 -11.151195 -24.112176 55.356693 53.064911 
1012.000000 -10.898465 -11.393830 -25.124286 80.784024 78.558945 
1013.000000 -11.266899 -11.694014 -26.378077 70.584538 68.465151 
1014.000000 -11.690173 -12.048940 -27.858809 26.543830 24.577739 
1015.000000 -12.160246 -12.454883 -29.537433 49.387131 51.145005 
1016.000000 -12.669153 -12.907312 -31.357756 24.851383 23.349661 
1017.000000 -13.209306 -13.401087 -33.215891 71.341675 70.147583 
1018.000000 -13.773705 -13.930714 -34.936151 87.789594 88.683201 
1019.000000 -14.356068 -14.490603 -36.266799 89.231242 88.867658 
1020.000000 -14.950885 -15.075281 -36.942308 64.823113 64.723618 
1021.000000 -15.553419 -15.679575 -36.821149 20.411136 20.701373 
1022.000000 -16.159670 -16.298725 -35.981992 42.194464 41.500966 
1023.000000 -16.766317 -16.928457 -34.659433 58.601742 59.690608 
