this is calcu field constructa
   (21.8087,72.2127)    (-18.595,-30.234)    (26.2038,28.5125)
   (1.47569,97.5325)  (-19.3904,-34.4103)    (31.6901,54.4911)
  (-26.9882,121.756)  (-19.8923,-36.7651)    (31.5606,87.0038)
  (-61.2681,143.816)  (-20.0767,-36.5393)    (25.1338,123.204)
  (-97.7361,163.356)  (-19.8516,-33.4277)     (13.3353,159.56)
  (-131.807,180.484)  (-19.0318,-27.6912)   (-1.34049,192.536)
  (-158.568,195.413)   (-17.401,-20.0725)   (-15.3009,219.187)
  (-173.655,208.154)  (-14.8168,-11.5826)   (-24.6505,237.515)
   (-174.182,218.35)  (-11.2667,-3.27503)   (-26.1122,246.513)
   (-159.38,225.205)   (-6.83113,3.91315)   (-17.8516,245.947)
  (-130.714,227.474)   (-1.61663,9.24295)  (-0.007454,236.027)
  (-91.4934,223.558)    (4.23534,12.2117)    (25.2041,217.144)
  (-46.2157,211.789)    (10.4351,12.5727)    (53.8516,189.835)
  (0.073034,190.907)    (16.4129,10.3421)    (81.0481,155.018)
   (42.2921,160.643)    (21.3044,5.80262)     (101.942,114.39)
   (75.7833,122.171)  (24.1287,-0.474193)     (112.71,70.7426)
   (4.19564,88.0932)   (-7.6052,-34.1233)    (15.7603,25.9344)
  (-26.7841,113.121)  (-7.16926,-39.3429)    (16.6721,52.6183)
  (-67.8549,134.729)  (-6.73135,-42.7129)    (10.1107,85.7907)
  (-116.092,152.051)   (-6.56677,-43.246)   (-4.42207,122.344)
  (-167.058,165.447)   (-6.7917,-40.4684)   (-25.4696,158.598)
  (-215.107,176.119)  (-7.26075,-34.5659)     (-49.74,191.083)
  (-254.039,185.531)  (-7.64926,-26.2771)   (-72.7123,217.179)
  (-278.173,194.907)  (-7.63413,-16.6394)   (-89.5604,235.416)
   (-283.56,204.872)  (-6.99707,-6.74131)   (-96.1704,245.374)
  (-268.865,215.193)    (-5.57016,2.4213)   (-90.0442,247.266)
   (-235.53,224.574)    (-3.1294,9.99953)   (-70.9201,241.435)
  (-187.248,230.624)   (0.577489,15.3217)    (-40.965,227.986)
   (-129.14,230.174)    (5.61309,17.9327)   (-4.45554,206.747)
  (-67.0493,220.038)     (11.584,17.6295)    (33.0146,177.636)
  (-7.08446,198.023)    (17.5509,14.4855)    (65.6295,141.299)
   (44.7807,163.839)    (22.2373,8.89228)     (88.486,99.7006)
  (-14.0964,100.507)   (3.05238,-32.1463)    (10.6149,16.1594)
  (-55.9576,124.063)   (5.01372,-37.9509)      (9.0123,41.887)
  (-109.817,141.335)   (6.82943,-42.0452)   (-1.73082,73.8998)
  (-172.135,151.648)   (7.83015,-43.3025)   (-22.0532,108.862)
  (-237.708,156.167)   (7.59395,-41.1406)   (-50.1173,142.987)
  (-299.896,157.365)   (6.14996,-35.6848)   (-82.0416,172.925)
  (-351.272,158.231)    (3.8758,-27.6405)   (-112.648,196.457)
  (-384.878,161.533)   (1.23435,-18.0064)   (-136.467,212.738)
  (-395.747,169.241)  (-1.37808,-7.81791)   (-148.768,222.051)
    (-382.03,182.02)    (-3.54912,1.9755)   (-146.467,225.207)
  (-345.168,198.755)   (-4.68951,10.5316)   (-128.806,222.844)
  (-289.185,216.308)   (-4.08019,17.1337)   (-97.6532,214.944)
  (-219.666,229.868)   (-1.20886,21.2356)    (-57.279,200.761)
  (-143.009,233.997)    (3.81188,22.5046)   (-13.5818,179.273)
  (-66.0979,224.166)    (10.0664,20.8468)    (27.0639,150.019)
   (3.96095,198.209)    (16.0743,16.4486)    (59.0332,113.946)
  (-29.4093,110.297)   (11.0711,-24.9609)    (12.5701,1.60092)
  (-81.6994,132.122)   (14.5756,-30.6549)    (11.2807,25.3014)
  (-147.845,144.466)   (17.9936,-34.9088)  (-0.377302,55.0016)
  (-223.648,146.743)   (20.2544,-36.6159)   (-22.9468,87.1619)
  (-303.138,140.858)   (20.5777,-35.1882)   (-54.4545,117.916)
  (-378.734,130.587)   (18.7752,-30.7055)   (-90.7528,144.039)
  (-441.906,120.579)    (15.1581,-23.789)   (-126.375,163.675)
  (-484.593,115.396)   (10.2394,-15.3309)   (-155.567,176.562)
      (-501,118.667)   (4.55864,-6.25189)   (-173.266,183.686)
  (-488.894,132.258)   (-1.22331,2.61664)   (-175.956,186.529)
  (-449.762,155.468)   (-6.14456,10.5581)   (-162.366,186.205)
  (-387.882,184.552)   (-9.02824,16.9849)   (-133.867,182.813)
   (-309.12,213.065)   (-8.91979,21.4521)   (-94.3581,175.283)
  (-220.167,233.219)   (-5.61779,23.6479)    (-49.5659,161.85)
  (-128.391,237.958)   (0.082845,23.3762)   (-5.90927,141.038)
  (-41.7788,222.996)    (6.64483,20.5927)    (30.7331,112.734)
  (-38.2886,118.973)    (15.2337,-14.446)   (20.8666,-15.3033)
  (-99.8612,139.904)   (19.9998,-19.2032)    (22.9409,5.71209)
  (-177.111,148.108)   (24.9338,-22.8475)    (14.1512,32.4383)
  (-265.108,142.884)    (28.678,-24.5047)   (-6.35249,61.1811)
  (-357.054,126.665)   (30.1129,-23.7148)    (-36.8291,88.045)
  (-444.464,104.372)   (28.7133,-20.5187)   (-73.3156,109.913)
  (-517.887,82.2954)   (24.5396,-15.3835)   (-110.481,125.168)
   (-568.46,66.9098)   (18.0279,-9.03536)    (-142.627,133.93)
  (-589.863,63.7092)   (9.84654,-2.27032)   (-164.628,137.739)
  (-579.697,75.9972)   (0.947087,4.21198)    (-172.74,138.751)
  (-539.542,103.708)    (-7.3449,9.92104)   (-165.271,138.727)
  (-473.841,142.695)   (-13.4986,14.6085)       (-143,138.163)
  (-388.545,185.073)   (-16.2539,18.1834)   (-109.125,135.961)
  (-290.378,220.854)   (-15.1528,20.5456)   (-68.6821,129.861)
   (-186.901,240.52)    (-10.782,21.4623)   (-27.5524,117.548)
  (-86.6822,237.636)   (-4.53937,20.6127)    (8.64935,97.9349)
  (-38.1442,127.949)   (15.8436,-3.38474)   (32.3781,-32.8821)
  (-107.115,149.785)   (21.4569,-6.47696)   (40.4312,-15.1121)
   (-193.51,155.898)   (27.5797,-8.73012)     (38.062,8.19287)
   (-291.608,145.21)   (32.7496,-9.69853)    (23.9043,33.2769)
  (-393.734,120.354)   (35.5923,-9.18332)  (-0.959085,56.2913)
  (-490.567,87.0956)    (35.164,-7.20839)   (-33.2497,74.1949)
  (-571.965,53.1684)   (31.1153,-4.04925)    (-68.1921,85.415)
  (-628.608,26.8919)  (23.7046,-0.252773)   (-100.443,90.1586)
  (-654.004,15.6736)    (13.7403,3.47431)   (-125.041,90.2531)
  (-645.824,24.3855)     (2.5135,6.53957)   (-138.231,88.4404)
   (-605.82,53.8018)   (-8.32745,8.75601)   (-138.066,87.2371)
  (-538.523,99.6546)     (-17.0681,10.41)   (-124.723,87.7731)
  (-449.776,152.958)   (-22.3552,12.0049)   (-100.448,89.1907)
  (-346.081,201.881)   (-23.5909,13.8323)   (-69.1194,88.9935)
  (-234.894,234.752)     (-21.0945,15.68)   (-35.5443,84.2631)
  (-125.048,243.171)   (-15.9369,16.9119)   (-4.59907,73.1324)
  (-27.8014,137.808)     (14.5291,5.1173)   (42.4573,-50.4014)
   (-101.583,162.94)    (20.7301,4.04856)   (58.0201,-36.6305)
  (-194.385,169.911)     (27.6872,3.7254)   (64.5207,-17.2206)
  (-299.699,156.988)    (33.9577,4.08554)    (59.9285,4.14805)
   (-409.01,126.628)     (38.016,4.98023)    (44.3565,23.7224)
    (-512.3,85.0389)    (38.5462,6.32246)    (20.0178,38.4575)
   (-598.99,41.0307)    (34.8067,7.94869)   (-9.22504,46.6123)
   (-659.62,4.48431)     (26.901,9.41294)   (-38.6867,48.1893)
 (-687.817,-15.4418)    (15.7959,10.0415)   (-63.8279,45.0255)
 (-681.528,-12.3151)    (3.09359,9.34539)    (-81.0867,40.261)
  (-642.753,15.6426)    (-9.34901,7.5046)   (-88.3874,37.1164)
  (-576.053,64.3659)   (-19.8159,5.45509)   (-85.3028,37.4376)
  (-487.008,124.225)   (-27.0435,4.42252)   (-72.9698,40.8088)
  (-381.674,182.068)   (-30.4025,5.19434)   (-53.8458,44.7796)
  (-267.139,224.573)   (-29.9409,7.64123)   (-31.3317,46.1437)
  (-152.212,241.772)   (-26.3065,10.8362)   (-9.23165,42.5304)
   (-7.7837,147.844)    (13.3413,8.45959)     (46.189,-67.622)
  (-83.2609,178.747)    (20.1936,9.26068)   (69.3369,-59.0068)
  (-179.163,189.927)     (27.7737,10.998)    (85.5143,-44.251)
  (-288.289,178.753)    (34.6434,13.1871)   (91.9862,-26.7804)
  (-401.404,147.118)    (39.2063,15.3224)   (87.8132,-10.2468)
  (-507.978,101.194)    (39.9805,17.1085)     (73.9939,2.1782)
  (-597.247,50.3618)    (36.0919,18.2726)    (53.2227,8.41155)
  (-659.874,5.59113)    (27.6766,18.2849)    (29.1889,8.06466)
 (-689.808,-22.5744)    (15.8829,16.4366)    (5.68552,2.77542)
 (-685.371,-26.3273)    (2.48647,12.3763)   (-14.122,-4.16617)
   (-648.8,-2.83545)   (-10.6474,6.70324)  (-28.0724,-9.07129)
  (-584.608,44.3429)    (-21.9738,1.0157)  (-35.0867,-9.49073)
  (-498.013,105.466)  (-30.4301,-2.75365)  (-35.1395,-5.31135)
   (-394.533,166.74)  (-35.4221,-3.31401)   (-29.2248,1.33725)
  (-280.765,213.894) (-36.7741,-0.645818)   (-19.2687,7.31241)
  (-165.289,235.974)   (-34.7238,4.13368)   (-7.84416,10.0347)
   (19.8146,155.966)    (13.5665,5.35681)   (39.6827,-83.9804)
   (-53.9065,194.58)    (21.3381,7.45413)   (69.0773,-82.1307)
  (-149.231,213.052)     (29.4529,10.997)   (94.1604,-73.3272)
  (-258.472,207.691)    (36.3724,15.2798)   (111.548,-60.5123)
  (-371.865,179.466)    (40.4885,19.4989)   (119.331,-47.1989)
  (-478.569,134.003)    (40.4372,22.9964)   (117.308,-36.7553)
  (-567.872,80.6657)      (35.59,25.1149)   (106.856,-31.6818)
  (-630.773,30.9232)    (26.3865,25.0046)   (90.3762,-32.8234)
 (-661.667,-3.81361)    (14.1985,21.8249)   (70.6012,-38.8623)
 (-659.218,-14.7218)   (0.812175,15.3775)   (50.1003,-46.5974)
   (-625.76,1.97776)   (-12.1319,6.69817)    (31.0708,-52.185)
  (-565.617,43.4532)    (-23.4398,-2.003)   (15.2626,-52.8211)
  (-483.613,100.399)  (-32.3476,-8.17834)   (3.85454,-47.9269)
  (-384.786,159.164)  (-38.3513,-10.0852)  (-2.74552,-39.1767)
  (-275.294,205.368)  (-41.1046,-7.51107)   (-5.0428,-29.4114)
  (-163.386,227.763)  (-40.4778,-1.64775)  (-4.35938,-21.1956)
   (51.7561,159.087)   (14.9679,-3.74883)   (21.0594,-97.7794)
  (-16.5392,206.171)   (23.8254,-1.09866)   (54.2158,-104.491)
   (-107.27,233.942)    (32.3604,3.76795)   (86.2064,-103.437)
  (-212.594,237.621)    (38.8706,10.1327)   (113.113,-96.8022)
  (-322.513,216.992)    (41.8006,16.9838)   (132.156,-87.7998)
   (-426.145,176.68)    (40.1313,23.2114)    (141.98,-79.9027)
  (-513.044,125.445)     (33.7582,27.579)   (142.579,-75.9574)
  (-574.704,74.6199)    (23.6117,28.7334)   (134.923,-77.2352)
      (-606,35.8846)    (11.3228,25.5885)   (120.522,-82.8045)
  (-605.823,18.6106)   (-1.41186,18.0448)   (101.202,-89.7447)
  (-576.393,27.3023)   (-13.3461,7.52337)   (79.0867,-94.3443)
  (-521.683,59.9718)   (-23.797,-3.24462)   (56.5164,-93.7378)
  (-446.098,108.222)  (-32.4095,-11.2062)   (35.7529,-87.0854)
  (-354.304,159.278)   (-38.8322,-14.239)    (18.5375,-75.685)
   (-252.117,199.46)  (-42.5745,-11.9338)   (5.71216,-62.0463)
  (-147.413,217.919)  (-43.1505,-5.47729)  (-2.87266,-48.6205)
   (84.1248,154.012)   (15.9049,-16.8554)  (-8.94927,-105.906)
     (24.935,208.72)   (25.6744,-14.3238)   (24.6176,-122.538)
  (-56.9631,246.102)   (34.3841,-8.67398)    (60.527,-130.998)
  (-154.011,260.416)  (40.2356,-0.507273)   (94.4878,-132.443)
  (-256.431,250.182)    (41.8119,9.03768)   (122.922,-129.492)
  (-353.658,218.715)    (38.5171,18.4117)   (143.334,-125.444)
   (-435.75,173.672)    (30.8039,25.7676)   (154.349,-123.267)
    (-494.78,125.64)    (20.0691,29.2014)   (155.545,-124.541)
  (-526.045,85.9535)    (8.15101,27.3195)   (147.261,-128.757)
  (-528.506,64.0343)   (-3.39147,20.0256)   (130.585,-133.444)
  (-504.074,64.8365)   (-13.7477,8.99101)   (107.485,-135.288)
  (-456.218,87.2353)  (-22.7807,-2.69453)   (80.7428,-131.658)
   (-388.877,124.06)  (-30.5758,-11.6277)   (53.5304,-121.721)
  (-306.374,163.947)  (-36.9587,-15.4071)   (28.7512,-106.593)
  (-214.218,194.548)  (-41.3109,-13.4454)   (8.42065,-88.5505)
  (-119.868,205.994)  (-42.8149,-6.85929)  (-6.62648,-69.9304)
    (112.764,138.59)   (14.2176,-31.0137)  (-46.7507,-104.448)
   (65.9196,198.478)    (24.3885,-29.079)  (-16.6463,-131.187)
  (-3.15363,243.945)   (32.9438,-23.1506)   (19.3749,-150.091)
  (-87.6787,268.567)   (38.1649,-13.6841)   (56.8783,-161.093)
   (-178.645,269.71)   (38.8599,-1.88892)   (91.5932,-165.886)
  (-266.253,249.267)    (34.7828,10.3446)    (119.95,-167.204)
  (-341.312,213.451)    (26.7464,20.6799)   (139.315,-167.798)
  (-396.519,171.593)    (16.3779,26.7694)   (148.057,-169.362)
  (-427.471,134.108)    (5.53841,26.9527)   (145.564,-171.791)
  (-432.995,109.969)   (-4.40721,21.0647)   (132.363,-173.231)
  (-414.501,104.261)   (-13.0037,10.8367)   (110.294,-171.023)
  (-374.824,116.638)  (-20.5115,-0.53538)    (82.4288,-163.05)
  (-317.365,141.293)   (-27.3204,-9.5337)   (52.5463,-148.723)
  (-246.087,168.598)  (-33.3713,-13.6241)   (24.3358,-129.143)
  (-166.179,187.948)  (-37.9512,-12.0601)   (0.613182,-106.45)
   (-84.6255,190.88)  (-40.0098,-5.80256)    (-17.11,-82.9071)
   (133.816,112.652)   (8.34226,-43.0813)  (-86.1673,-90.1009)
   (101.527,174.108)   (18.2813,-42.0334)  (-63.3698,-125.471)
   (48.3053,224.645)   (26.4265,-36.2803)  (-31.4785,-154.255)
     (-20.3,257.538)   (31.3102,-26.1678)   (5.24149,-175.115)
  (-96.5722,269.267)   (32.0072,-12.9396)   (42.0739,-188.567)
  (-171.919,260.384)    (28.4657,1.31411)   (74.5937,-196.414)
   (-238.15,235.503)     (21.5618,13.974)   (99.1552,-200.828)
   (-288.612,202.34)    (12.8253,22.4501)   (113.197,-203.356)
   (-319.07,169.925)     (3.8887,24.9385)    (115.44,-204.212)
  (-328.002,146.314)   (-4.15254,21.1808)   (106.074,-202.237)
  (-316.119,136.368)   (-11.0682,12.7857)   (86.8796,-195.617)
   (-285.491,140.33)   (-17.2626,2.77778)   (61.0524,-182.953)
   (-238.943,153.75)  (-23.1831,-5.47846)   (32.6002,-164.072)
  (-180.072,168.871)   (-28.7591,-9.4847)   (5.49624,-140.166)
   (-113.75,177.071)  (-33.2219,-8.36218)  (-17.1326,-113.308)
  (-46.4488,171.548)   (-35.432,-2.83404)  (-33.4689,-85.7389)
   (144.377,78.3375)  (-1.90665,-50.3673)  (-119.521,-61.7882)
   (127.343,137.264)   (7.27216,-50.3638)  (-107.124,-102.635)
   (91.4108,189.006)   (14.9343,-45.2065)  (-83.3542,-139.009)
   (40.6034,226.943)    (19.931,-35.1789)  (-51.9385,-168.446)
  (-19.0259,247.034)   (21.5709,-21.5236)  (-17.6202,-190.208)
  (-80.4207,248.704)    (19.833,-6.38586)    (14.7355,-204.94)
  (-136.584,234.999)    (15.3982,7.54835)   (40.8616,-213.944)
  (-181.557,211.859)    (9.42644,17.6599)   (57.6061,-218.356)
  (-211.191,186.623)     (3.12012,22.139)   (63.2817,-218.535)
  (-223.473,166.066)   (-2.75355,20.6458)   (57.8805,-213.949)
   (-218.281,154.49)   (-8.08258,14.5455)   (43.1004,-203.654)
  (-196.854,152.482)   (-13.1995,6.49064)   (22.0481,-187.047)
  (-161.422,156.817) (-18.3926,-0.514517)   (-1.40867,-164.46)
  (-115.232,161.585)  (-23.4592,-4.15218)  (-23.4645,-137.268)
  (-62.8382,160.198)  (-27.5898,-3.46419)  (-41.1172,-107.554)
  (-10.1643,147.592)    (-29.665,1.08839)  (-52.5878,-77.5818)
   (143.033,39.6929)  (-15.1443,-51.0886)   (-139.448,-21.759)
   (140.285,92.2233)  (-7.06622,-52.1919)  (-139.112,-63.7227)
   (121.214,141.163)  (0.179521,-48.0193)  (-126.382,-103.944)
   (88.2412,180.377)    (5.71979,-38.816)  (-104.107,-139.138)
   (45.6227,205.666)    (9.0039,-25.7796)  (-76.5532,-167.443)
  (-1.25985,215.638)   (9.91106,-10.9811)  (-48.4859,-188.308)
   (-46.7076,211.95)    (8.77509,3.00814)  (-24.3073,-202.023)
  (-85.5069,198.796)     (6.2464,13.7119)  (-7.38958,-209.114)
   (-113.61,181.724)    (3.01028,19.4247)  (0.379667,-209.863)
  (-128.524,166.036)  (-0.509106,19.7559)  (-1.17459,-204.171)
  (-129.323,155.232)   (-4.26337,15.7901)  (-10.5632,-191.819)
  (-116.445,149.998)   (-8.41236,9.72626)   (-25.005,-172.935)
  (-91.5403,148.113)    (-12.981,4.11071)   (-41.075,-148.363)
  (-57.4907,145.326)   (-17.5696,0.98676)    (-55.454,-119.73)
  (-18.4847,136.946)    (-21.318,1.31334)  (-65.5653,-89.1982)
   (20.1602,119.556)   (-23.1659,4.84356)    (-69.93,-59.0812)
      (130.06,1.712)   (-28.7693,-44.679)   (-140.844,24.3616)
    (139.14,44.7989)   (-21.993,-46.8575)  (-152.381,-13.9669)
   (134.787,87.4301)  (-15.1027,-43.9976)  (-151.872,-53.5011)
   (117.939,124.246)  (-8.78971,-36.3024)  (-141.054,-90.5438)
    (91.159,151.235)  (-3.57225,-24.8684)  (-123.283,-122.404)
   (58.2105,166.516)  (0.245905,-11.5841)  (-102.701,-147.496)
   (23.4996,170.635)    (2.60244,1.22889)  (-83.3617,-165.126)
  (-8.54911,166.234)    (3.62499,11.3591)  (-68.4979,-175.122)
  (-34.0939,157.153)    (3.49938,17.2859)   (-60.018,-177.506)
   (-50.3259,147.21)    (2.33406,18.6125)   (-58.2679,-172.37)
  (-55.6982,138.991)   (0.130356,16.1707)  (-62.1042,-159.983)
  (-49.9906,133.077)   (-3.09387,11.7206)  (-69.2723,-141.025)
   (-34.3245,127.98)   (-7.09914,7.34245)  (-77.0011,-116.781)
  (-11.1715,120.813)   (-11.2827,4.75808)  (-82.6545,-89.1217)
     (15.736,108.49)   (-14.7209,4.84255)  (-84.2626,-60.3051)
   (41.7614,89.0164)   (-16.4067,7.47254)  (-80.8169,-32.6599)
finish read_file
   (21.8087,72.2127)    (-18.595,-30.234)    (26.2038,28.5125)
   (1.47569,97.5325)  (-19.3904,-34.4103)    (31.6901,54.4911)
  (-26.9882,121.756)  (-19.8923,-36.7651)    (31.5606,87.0038)
  (-61.2681,143.816)  (-20.0767,-36.5393)    (25.1338,123.204)
  (-97.7361,163.356)  (-19.8516,-33.4277)     (13.3353,159.56)
  (-131.807,180.484)  (-19.0318,-27.6912)   (-1.34049,192.536)
  (-158.568,195.413)   (-17.401,-20.0725)   (-15.3009,219.187)
  (-173.655,208.154)  (-14.8168,-11.5826)   (-24.6505,237.515)
   (-174.182,218.35)  (-11.2667,-3.27503)   (-26.1122,246.513)
   (-159.38,225.205)   (-6.83113,3.91315)   (-17.8516,245.947)
  (-130.714,227.474)   (-1.61663,9.24295)  (-0.007454,236.027)
  (-91.4934,223.558)    (4.23534,12.2117)    (25.2041,217.144)
  (-46.2157,211.789)    (10.4351,12.5727)    (53.8516,189.835)
  (0.073034,190.907)    (16.4129,10.3421)    (81.0481,155.018)
   (42.2921,160.643)    (21.3044,5.80262)     (101.942,114.39)
   (75.7833,122.171)  (24.1287,-0.474193)     (112.71,70.7426)
   (4.19564,88.0932)   (-7.6052,-34.1233)    (15.7603,25.9344)
  (-26.7841,113.121)  (-7.16926,-39.3429)    (16.6721,52.6183)
  (-67.8549,134.729)  (-6.73135,-42.7129)    (10.1107,85.7907)
  (-116.092,152.051)   (-6.56677,-43.246)   (-4.42207,122.344)
  (-167.058,165.447)   (-6.7917,-40.4684)   (-25.4696,158.598)
  (-215.107,176.119)  (-7.26075,-34.5659)     (-49.74,191.083)
  (-254.039,185.531)  (-7.64926,-26.2771)   (-72.7123,217.179)
  (-278.173,194.907)  (-7.63413,-16.6394)   (-89.5604,235.416)
   (-283.56,204.872)  (-6.99707,-6.74131)   (-96.1704,245.374)
  (-268.865,215.193)    (-5.57016,2.4213)   (-90.0442,247.266)
   (-235.53,224.574)    (-3.1294,9.99953)   (-70.9201,241.435)
  (-187.248,230.624)   (0.577489,15.3217)    (-40.965,227.986)
   (-129.14,230.174)    (5.61309,17.9327)   (-4.45554,206.747)
  (-67.0493,220.038)     (11.584,17.6295)    (33.0146,177.636)
  (-7.08446,198.023)    (17.5509,14.4855)    (65.6295,141.299)
   (44.7807,163.839)    (22.2373,8.89228)     (88.486,99.7006)
  (-14.0964,100.507)   (3.05238,-32.1463)    (10.6149,16.1594)
  (-55.9576,124.063)   (5.01372,-37.9509)      (9.0123,41.887)
  (-109.817,141.335)   (6.82943,-42.0452)   (-1.73082,73.8998)
  (-172.135,151.648)   (7.83015,-43.3025)   (-22.0532,108.862)
  (-237.708,156.167)   (7.59395,-41.1406)   (-50.1173,142.987)
  (-299.896,157.365)   (6.14996,-35.6848)   (-82.0416,172.925)
  (-351.272,158.231)    (3.8758,-27.6405)   (-112.648,196.457)
  (-384.878,161.533)   (1.23435,-18.0064)   (-136.467,212.738)
  (-395.747,169.241)  (-1.37808,-7.81791)   (-148.768,222.051)
    (-382.03,182.02)    (-3.54912,1.9755)   (-146.467,225.207)
  (-345.168,198.755)   (-4.68951,10.5316)   (-128.806,222.844)
  (-289.185,216.308)   (-4.08019,17.1337)   (-97.6532,214.944)
  (-219.666,229.868)   (-1.20886,21.2356)    (-57.279,200.761)
  (-143.009,233.997)    (3.81188,22.5046)   (-13.5818,179.273)
  (-66.0979,224.166)    (10.0664,20.8468)    (27.0639,150.019)
   (3.96095,198.209)    (16.0743,16.4486)    (59.0332,113.946)
  (-29.4093,110.297)   (11.0711,-24.9609)    (12.5701,1.60092)
  (-81.6994,132.122)   (14.5756,-30.6549)    (11.2807,25.3014)
  (-147.845,144.466)   (17.9936,-34.9088)  (-0.377302,55.0016)
  (-223.648,146.743)   (20.2544,-36.6159)   (-22.9468,87.1619)
  (-303.138,140.858)   (20.5777,-35.1882)   (-54.4545,117.916)
  (-378.734,130.587)   (18.7752,-30.7055)   (-90.7528,144.039)
  (-441.906,120.579)    (15.1581,-23.789)   (-126.375,163.675)
  (-484.593,115.396)   (10.2394,-15.3309)   (-155.567,176.562)
      (-501,118.667)   (4.55864,-6.25189)   (-173.266,183.686)
  (-488.894,132.258)   (-1.22331,2.61664)   (-175.956,186.529)
  (-449.762,155.468)   (-6.14456,10.5581)   (-162.366,186.205)
  (-387.882,184.552)   (-9.02824,16.9849)   (-133.867,182.813)
   (-309.12,213.065)   (-8.91979,21.4521)   (-94.3581,175.283)
  (-220.167,233.219)   (-5.61779,23.6479)    (-49.5659,161.85)
  (-128.391,237.958)   (0.082845,23.3762)   (-5.90927,141.038)
  (-41.7788,222.996)    (6.64483,20.5927)    (30.7331,112.734)
  (-38.2886,118.973)    (15.2337,-14.446)   (20.8666,-15.3033)
  (-99.8612,139.904)   (19.9998,-19.2032)    (22.9409,5.71209)
  (-177.111,148.108)   (24.9338,-22.8475)    (14.1512,32.4383)
  (-265.108,142.884)    (28.678,-24.5047)   (-6.35249,61.1811)
  (-357.054,126.665)   (30.1129,-23.7148)    (-36.8291,88.045)
  (-444.464,104.372)   (28.7133,-20.5187)   (-73.3156,109.913)
  (-517.887,82.2954)   (24.5396,-15.3835)   (-110.481,125.168)
   (-568.46,66.9098)   (18.0279,-9.03536)    (-142.627,133.93)
  (-589.863,63.7092)   (9.84654,-2.27032)   (-164.628,137.739)
  (-579.697,75.9972)   (0.947087,4.21198)    (-172.74,138.751)
  (-539.542,103.708)    (-7.3449,9.92104)   (-165.271,138.727)
  (-473.841,142.695)   (-13.4986,14.6085)       (-143,138.163)
  (-388.545,185.073)   (-16.2539,18.1834)   (-109.125,135.961)
  (-290.378,220.854)   (-15.1528,20.5456)   (-68.6821,129.861)
   (-186.901,240.52)    (-10.782,21.4623)   (-27.5524,117.548)
  (-86.6822,237.636)   (-4.53937,20.6127)    (8.64935,97.9349)
  (-38.1442,127.949)   (15.8436,-3.38474)   (32.3781,-32.8821)
  (-107.115,149.785)   (21.4569,-6.47696)   (40.4312,-15.1121)
   (-193.51,155.898)   (27.5797,-8.73012)     (38.062,8.19287)
   (-291.608,145.21)   (32.7496,-9.69853)    (23.9043,33.2769)
  (-393.734,120.354)   (35.5923,-9.18332)  (-0.959085,56.2913)
  (-490.567,87.0956)    (35.164,-7.20839)   (-33.2497,74.1949)
  (-571.965,53.1684)   (31.1153,-4.04925)    (-68.1921,85.415)
  (-628.608,26.8919)  (23.7046,-0.252773)   (-100.443,90.1586)
  (-654.004,15.6736)    (13.7403,3.47431)   (-125.041,90.2531)
  (-645.824,24.3855)     (2.5135,6.53957)   (-138.231,88.4404)
   (-605.82,53.8018)   (-8.32745,8.75601)   (-138.066,87.2371)
  (-538.523,99.6546)     (-17.0681,10.41)   (-124.723,87.7731)
  (-449.776,152.958)   (-22.3552,12.0049)   (-100.448,89.1907)
  (-346.081,201.881)   (-23.5909,13.8323)   (-69.1194,88.9935)
  (-234.894,234.752)     (-21.0945,15.68)   (-35.5443,84.2631)
  (-125.048,243.171)   (-15.9369,16.9119)   (-4.59907,73.1324)
  (-27.8014,137.808)     (14.5291,5.1173)   (42.4573,-50.4014)
   (-101.583,162.94)    (20.7301,4.04856)   (58.0201,-36.6305)
  (-194.385,169.911)     (27.6872,3.7254)   (64.5207,-17.2206)
  (-299.699,156.988)    (33.9577,4.08554)    (59.9285,4.14805)
   (-409.01,126.628)     (38.016,4.98023)    (44.3565,23.7224)
    (-512.3,85.0389)    (38.5462,6.32246)    (20.0178,38.4575)
   (-598.99,41.0307)    (34.8067,7.94869)   (-9.22504,46.6123)
   (-659.62,4.48431)     (26.901,9.41294)   (-38.6867,48.1893)
 (-687.817,-15.4418)    (15.7959,10.0415)   (-63.8279,45.0255)
 (-681.528,-12.3151)    (3.09359,9.34539)    (-81.0867,40.261)
  (-642.753,15.6426)    (-9.34901,7.5046)   (-88.3874,37.1164)
  (-576.053,64.3659)   (-19.8159,5.45509)   (-85.3028,37.4376)
  (-487.008,124.225)   (-27.0435,4.42252)   (-72.9698,40.8088)
  (-381.674,182.068)   (-30.4025,5.19434)   (-53.8458,44.7796)
  (-267.139,224.573)   (-29.9409,7.64123)   (-31.3317,46.1437)
  (-152.212,241.772)   (-26.3065,10.8362)   (-9.23165,42.5304)
   (-7.7837,147.844)    (13.3413,8.45959)     (46.189,-67.622)
  (-83.2609,178.747)    (20.1936,9.26068)   (69.3369,-59.0068)
  (-179.163,189.927)     (27.7737,10.998)    (85.5143,-44.251)
  (-288.289,178.753)    (34.6434,13.1871)   (91.9862,-26.7804)
  (-401.404,147.118)    (39.2063,15.3224)   (87.8132,-10.2468)
  (-507.978,101.194)    (39.9805,17.1085)     (73.9939,2.1782)
  (-597.247,50.3618)    (36.0919,18.2726)    (53.2227,8.41155)
  (-659.874,5.59113)    (27.6766,18.2849)    (29.1889,8.06466)
 (-689.808,-22.5744)    (15.8829,16.4366)    (5.68552,2.77542)
 (-685.371,-26.3273)    (2.48647,12.3763)   (-14.122,-4.16617)
   (-648.8,-2.83545)   (-10.6474,6.70324)  (-28.0724,-9.07129)
  (-584.608,44.3429)    (-21.9738,1.0157)  (-35.0867,-9.49073)
  (-498.013,105.466)  (-30.4301,-2.75365)  (-35.1395,-5.31135)
   (-394.533,166.74)  (-35.4221,-3.31401)   (-29.2248,1.33725)
  (-280.765,213.894) (-36.7741,-0.645818)   (-19.2687,7.31241)
  (-165.289,235.974)   (-34.7238,4.13368)   (-7.84416,10.0347)
   (19.8146,155.966)    (13.5665,5.35681)   (39.6827,-83.9804)
   (-53.9065,194.58)    (21.3381,7.45413)   (69.0773,-82.1307)
  (-149.231,213.052)     (29.4529,10.997)   (94.1604,-73.3272)
  (-258.472,207.691)    (36.3724,15.2798)   (111.548,-60.5123)
  (-371.865,179.466)    (40.4885,19.4989)   (119.331,-47.1989)
  (-478.569,134.003)    (40.4372,22.9964)   (117.308,-36.7553)
  (-567.872,80.6657)      (35.59,25.1149)   (106.856,-31.6818)
  (-630.773,30.9232)    (26.3865,25.0046)   (90.3762,-32.8234)
 (-661.667,-3.81361)    (14.1985,21.8249)   (70.6012,-38.8623)
 (-659.218,-14.7218)   (0.812175,15.3775)   (50.1003,-46.5974)
   (-625.76,1.97776)   (-12.1319,6.69817)    (31.0708,-52.185)
  (-565.617,43.4532)    (-23.4398,-2.003)   (15.2626,-52.8211)
  (-483.613,100.399)  (-32.3476,-8.17834)   (3.85454,-47.9269)
  (-384.786,159.164)  (-38.3513,-10.0852)  (-2.74552,-39.1767)
  (-275.294,205.368)  (-41.1046,-7.51107)   (-5.0428,-29.4114)
  (-163.386,227.763)  (-40.4778,-1.64775)  (-4.35938,-21.1956)
   (51.7561,159.087)   (14.9679,-3.74883)   (21.0594,-97.7794)
  (-16.5392,206.171)   (23.8254,-1.09866)   (54.2158,-104.491)
   (-107.27,233.942)    (32.3604,3.76795)   (86.2064,-103.437)
  (-212.594,237.621)    (38.8706,10.1327)   (113.113,-96.8022)
  (-322.513,216.992)    (41.8006,16.9838)   (132.156,-87.7998)
   (-426.145,176.68)    (40.1313,23.2114)    (141.98,-79.9027)
  (-513.044,125.445)     (33.7582,27.579)   (142.579,-75.9574)
  (-574.704,74.6199)    (23.6117,28.7334)   (134.923,-77.2352)
      (-606,35.8846)    (11.3228,25.5885)   (120.522,-82.8045)
  (-605.823,18.6106)   (-1.41186,18.0448)   (101.202,-89.7447)
  (-576.393,27.3023)   (-13.3461,7.52337)   (79.0867,-94.3443)
  (-521.683,59.9718)   (-23.797,-3.24462)   (56.5164,-93.7378)
  (-446.098,108.222)  (-32.4095,-11.2062)   (35.7529,-87.0854)
  (-354.304,159.278)   (-38.8322,-14.239)    (18.5375,-75.685)
   (-252.117,199.46)  (-42.5745,-11.9338)   (5.71216,-62.0463)
  (-147.413,217.919)  (-43.1505,-5.47729)  (-2.87266,-48.6205)
   (84.1248,154.012)   (15.9049,-16.8554)  (-8.94927,-105.906)
     (24.935,208.72)   (25.6744,-14.3238)   (24.6176,-122.538)
  (-56.9631,246.102)   (34.3841,-8.67398)    (60.527,-130.998)
  (-154.011,260.416)  (40.2356,-0.507273)   (94.4878,-132.443)
  (-256.431,250.182)    (41.8119,9.03768)   (122.922,-129.492)
  (-353.658,218.715)    (38.5171,18.4117)   (143.334,-125.444)
   (-435.75,173.672)    (30.8039,25.7676)   (154.349,-123.267)
    (-494.78,125.64)    (20.0691,29.2014)   (155.545,-124.541)
  (-526.045,85.9535)    (8.15101,27.3195)   (147.261,-128.757)
  (-528.506,64.0343)   (-3.39147,20.0256)   (130.585,-133.444)
  (-504.074,64.8365)   (-13.7477,8.99101)   (107.485,-135.288)
  (-456.218,87.2353)  (-22.7807,-2.69453)   (80.7428,-131.658)
   (-388.877,124.06)  (-30.5758,-11.6277)   (53.5304,-121.721)
  (-306.374,163.947)  (-36.9587,-15.4071)   (28.7512,-106.593)
  (-214.218,194.548)  (-41.3109,-13.4454)   (8.42065,-88.5505)
  (-119.868,205.994)  (-42.8149,-6.85929)  (-6.62648,-69.9304)
    (112.764,138.59)   (14.2176,-31.0137)  (-46.7507,-104.448)
   (65.9196,198.478)    (24.3885,-29.079)  (-16.6463,-131.187)
  (-3.15363,243.945)   (32.9438,-23.1506)   (19.3749,-150.091)
  (-87.6787,268.567)   (38.1649,-13.6841)   (56.8783,-161.093)
   (-178.645,269.71)   (38.8599,-1.88892)   (91.5932,-165.886)
  (-266.253,249.267)    (34.7828,10.3446)    (119.95,-167.204)
  (-341.312,213.451)    (26.7464,20.6799)   (139.315,-167.798)
  (-396.519,171.593)    (16.3779,26.7694)   (148.057,-169.362)
  (-427.471,134.108)    (5.53841,26.9527)   (145.564,-171.791)
  (-432.995,109.969)   (-4.40721,21.0647)   (132.363,-173.231)
  (-414.501,104.261)   (-13.0037,10.8367)   (110.294,-171.023)
  (-374.824,116.638)  (-20.5115,-0.53538)    (82.4288,-163.05)
  (-317.365,141.293)   (-27.3204,-9.5337)   (52.5463,-148.723)
  (-246.087,168.598)  (-33.3713,-13.6241)   (24.3358,-129.143)
  (-166.179,187.948)  (-37.9512,-12.0601)   (0.613182,-106.45)
   (-84.6255,190.88)  (-40.0098,-5.80256)    (-17.11,-82.9071)
   (133.816,112.652)   (8.34226,-43.0813)  (-86.1673,-90.1009)
   (101.527,174.108)   (18.2813,-42.0334)  (-63.3698,-125.471)
   (48.3053,224.645)   (26.4265,-36.2803)  (-31.4785,-154.255)
     (-20.3,257.538)   (31.3102,-26.1678)   (5.24149,-175.115)
  (-96.5722,269.267)   (32.0072,-12.9396)   (42.0739,-188.567)
  (-171.919,260.384)    (28.4657,1.31411)   (74.5937,-196.414)
   (-238.15,235.503)     (21.5618,13.974)   (99.1552,-200.828)
   (-288.612,202.34)    (12.8253,22.4501)   (113.197,-203.356)
   (-319.07,169.925)     (3.8887,24.9385)    (115.44,-204.212)
  (-328.002,146.314)   (-4.15254,21.1808)   (106.074,-202.237)
  (-316.119,136.368)   (-11.0682,12.7857)   (86.8796,-195.617)
   (-285.491,140.33)   (-17.2626,2.77778)   (61.0524,-182.953)
   (-238.943,153.75)  (-23.1831,-5.47846)   (32.6002,-164.072)
  (-180.072,168.871)   (-28.7591,-9.4847)   (5.49624,-140.166)
   (-113.75,177.071)  (-33.2219,-8.36218)  (-17.1326,-113.308)
  (-46.4488,171.548)   (-35.432,-2.83404)  (-33.4689,-85.7389)
   (144.377,78.3375)  (-1.90665,-50.3673)  (-119.521,-61.7882)
   (127.343,137.264)   (7.27216,-50.3638)  (-107.124,-102.635)
   (91.4108,189.006)   (14.9343,-45.2065)  (-83.3542,-139.009)
   (40.6034,226.943)    (19.931,-35.1789)  (-51.9385,-168.446)
  (-19.0259,247.034)   (21.5709,-21.5236)  (-17.6202,-190.208)
  (-80.4207,248.704)    (19.833,-6.38586)    (14.7355,-204.94)
  (-136.584,234.999)    (15.3982,7.54835)   (40.8616,-213.944)
  (-181.557,211.859)    (9.42644,17.6599)   (57.6061,-218.356)
  (-211.191,186.623)     (3.12012,22.139)   (63.2817,-218.535)
  (-223.473,166.066)   (-2.75355,20.6458)   (57.8805,-213.949)
   (-218.281,154.49)   (-8.08258,14.5455)   (43.1004,-203.654)
  (-196.854,152.482)   (-13.1995,6.49064)   (22.0481,-187.047)
  (-161.422,156.817) (-18.3926,-0.514517)   (-1.40867,-164.46)
  (-115.232,161.585)  (-23.4592,-4.15218)  (-23.4645,-137.268)
  (-62.8382,160.198)  (-27.5898,-3.46419)  (-41.1172,-107.554)
  (-10.1643,147.592)    (-29.665,1.08839)  (-52.5878,-77.5818)
   (143.033,39.6929)  (-15.1443,-51.0886)   (-139.448,-21.759)
   (140.285,92.2233)  (-7.06622,-52.1919)  (-139.112,-63.7227)
   (121.214,141.163)  (0.179521,-48.0193)  (-126.382,-103.944)
   (88.2412,180.377)    (5.71979,-38.816)  (-104.107,-139.138)
   (45.6227,205.666)    (9.0039,-25.7796)  (-76.5532,-167.443)
  (-1.25985,215.638)   (9.91106,-10.9811)  (-48.4859,-188.308)
   (-46.7076,211.95)    (8.77509,3.00814)  (-24.3073,-202.023)
  (-85.5069,198.796)     (6.2464,13.7119)  (-7.38958,-209.114)
   (-113.61,181.724)    (3.01028,19.4247)  (0.379667,-209.863)
  (-128.524,166.036)  (-0.509106,19.7559)  (-1.17459,-204.171)
  (-129.323,155.232)   (-4.26337,15.7901)  (-10.5632,-191.819)
  (-116.445,149.998)   (-8.41236,9.72626)   (-25.005,-172.935)
  (-91.5403,148.113)    (-12.981,4.11071)   (-41.075,-148.363)
  (-57.4907,145.326)   (-17.5696,0.98676)    (-55.454,-119.73)
  (-18.4847,136.946)    (-21.318,1.31334)  (-65.5653,-89.1982)
   (20.1602,119.556)   (-23.1659,4.84356)    (-69.93,-59.0812)
      (130.06,1.712)   (-28.7693,-44.679)   (-140.844,24.3616)
    (139.14,44.7989)   (-21.993,-46.8575)  (-152.381,-13.9669)
   (134.787,87.4301)  (-15.1027,-43.9976)  (-151.872,-53.5011)
   (117.939,124.246)  (-8.78971,-36.3024)  (-141.054,-90.5438)
    (91.159,151.235)  (-3.57225,-24.8684)  (-123.283,-122.404)
   (58.2105,166.516)  (0.245905,-11.5841)  (-102.701,-147.496)
   (23.4996,170.635)    (2.60244,1.22889)  (-83.3617,-165.126)
  (-8.54911,166.234)    (3.62499,11.3591)  (-68.4979,-175.122)
  (-34.0939,157.153)    (3.49938,17.2859)   (-60.018,-177.506)
   (-50.3259,147.21)    (2.33406,18.6125)   (-58.2679,-172.37)
  (-55.6982,138.991)   (0.130356,16.1707)  (-62.1042,-159.983)
  (-49.9906,133.077)   (-3.09387,11.7206)  (-69.2723,-141.025)
   (-34.3245,127.98)   (-7.09914,7.34245)  (-77.0011,-116.781)
  (-11.1715,120.813)   (-11.2827,4.75808)  (-82.6545,-89.1217)
     (15.736,108.49)   (-14.7209,4.84255)  (-84.2626,-60.3051)
   (41.7614,89.0164)   (-16.4067,7.47254)  (-80.8169,-32.6599)
finish read_file
========== SVD info ==============
this is calcu_ansbySVD
SV row = 42
SV col = 1
U.row = 256
U.col = 42
V.row = 42
V.col = 42
sing = 
2.28349e-09
 3.6327e-09
3.72747e-09
1.22059e-08
1.22059e-08
1.43883e-08
1.43883e-08
9.99177e-07
9.99177e-07
2.67103e-06
3.27184e-06
4.14363e-06
 2.1054e+07
2.25551e+07
 3.3501e+07
5.15784e+07
5.88423e+07
8.81557e+07
1.03298e+08
 1.0402e+08
 1.9968e+08
2.32156e+09
4.79095e+09
5.35901e+09
7.38655e+09
1.97876e+10
1.36049e+12
8.60799e+21
6.25057e+22
9.59927e+22
1.19552e+23
1.64747e+23
1.71975e+23
1.74925e+23
1.90743e+23
4.82096e+27
9.41003e+37
1.40429e+38
1.46828e+38
2.74724e+38
8.03654e+38
 1.1592e+39
inv_sing_trun = 
2.28349e-09
 3.6327e-09
3.72747e-09
1.22059e-08
1.22059e-08
1.43883e-08
1.43883e-08
9.99177e-07
9.99177e-07
2.67103e-06
3.27184e-06
4.14363e-06
          0
          0
          0
          0
          0
          0
          0
          0
          0
          0
          0
          0
          0
          0
          0
          0
          0
          0
          0
          0
          0
          0
          0
          0
          0
          0
          0
          0
          0
          0
U_mea = 
  (29.4175,70.4912)   (13.7753,117.613)  (-15.3198,171.995)   (-56.2109,230.48)  (-104.252,289.488)  (-152.179,345.329)  (-191.269,394.527)  (-213.122,434.086)  (-211.561,461.588)  (-184.063,475.066)  (-132.338,472.744)   (-62.054,452.914)    (18.071,414.196)    (97.534,356.267)   (165.538,280.836)    (212.622,192.44)   (12.3508,79.9043)  (-17.2813,126.396)  (-64.4755,177.807)  (-127.081,231.149)   (-199.32,283.577)  (-272.108,332.636)  (-334.401,376.433)  (-375.368,413.684)  (-386.727,443.504)  (-364.479,464.879)  (-309.579,476.009)  (-227.636,473.932)  (-127.982,454.854)  (-22.4507,415.304)    (76.096,353.808)   (155.504,272.432)   (-0.4292,84.5203)  (-41.9316,127.999)   (-104.719,173.19)  (-186.358,217.208)  (-280.231,258.013)  (-375.787,294.605)  (-460.044,327.047)   (-520.11,356.264)  (-545.893,383.474)  (-532.046,409.203)  (-478.663,432.131)  (-390.918,448.386)  (-278.154,451.864)  (-152.779,435.775)  (-28.9676,395.031)   (79.0684,328.604)  (-5.76813,86.9369)  (-55.8431,126.768)  (-130.229,164.559)  (-226.341,197.289)  (-337.015,223.586)   (-450.711,243.92)  (-553.123,260.465)  (-629.921,276.628)  (-669.707,296.101)  (-666.074,321.404)  (-618.272,352.231)   (-530.777,384.35)  (-412.398,409.799)  (-275.351,418.718)  (-134.217,402.373)  (-4.40089,356.322)  (-2.18827,89.2239)  (-56.9205,126.413)  (-138.026,157.698)   (-242.783,179.56)   (-363.77,190.996)  (-489.066,193.766)  (-603.828,192.079)  (-693.059,191.805)  (-744.645,199.178)    (-751.49,218.96)  (-712.157,252.355)  (-630.339,295.467)  (-513.923,339.218)   (-374.212,371.26)  (-225.235,379.531)  (-82.5722,356.184)   (10.0776,91.6818)  (-45.2271,128.196)  (-127.869,155.361)  (-234.954,168.788)  (-359.101,167.462)  (-488.653,154.082)  (-609.041,134.534)  (-705.346,116.798)  (-765.305,109.401)  (-781.541,119.365)  (-752.213,149.795)  (-680.314,197.838)  (-572.579,254.154)  (-438.792,304.707)  (-291.533,334.695)  (-145.584,333.215)   (29.1851,92.5238)  (-22.8326,130.358)  (-102.177,156.416)  (-205.812,165.221)   (-326.637,155.33)  (-453.736,129.819)  (-573.409,95.5917)  (-671.406,62.0865)  (-735.849,39.6252)  (-759.521,37.2914)  (-740.489,60.2636)  (-681.172,107.259)  (-587.022,169.457)  (-465.922,232.042)  (-328.412,278.358)   (-187.75,295.139)   (51.7466,88.6811)   (6.26967,129.001)  (-65.8748,156.674)   (-161.659,165.16)  (-274.385,152.194)  (-394.004,120.481)  (-507.933,77.0459)  (-603.008,31.9407)  (-668.24,-3.36238) (-697.006,-18.1171)  (-687.52,-5.20351)  (-641.668,35.8678)   (-563.583,97.401)   (-459.18,164.763)  (-336.808,220.561)  (-207.857,250.142)   (73.0638,77.3422)    (36.509,119.903)  (-25.6176,150.722)  (-110.552,162.458)  (-212.045,151.766)  (-320.824,120.245)  (-425.426,74.0988)   (-514.01,23.1044) (-576.867,-20.8511) (-608.306,-45.9417)  (-606.821,-43.509) (-573.794,-11.3709)  (-512.106,44.2939)  (-425.883,109.902)  (-321.441,168.446)  (-208.223,204.919)   (87.7835,57.5583)    (61.502,100.581)   (11.2966,134.273)  (-60.6101,150.951)  (-148.556,146.176)  (-244.033,119.989)  (-336.706,77.0664)   (-416.17,26.1182) (-474.155,-21.3315) (-506.032,-53.0893) (-510.653,-59.5186) (-488.964,-37.0106)  (-442.755,9.93093)  (-374.598,69.3544)   (-288.979,125.48)  (-193.437,163.821)   (91.0804,31.2501)    (75.227,71.8581)    (37.9481,106.43)  (-19.2876,127.467)  (-91.6972,129.728)  (-171.807,111.682)  (-250.597,76.1722)  (-319.166,30.2998) (-370.634,-15.4837)  (-401.312,-49.384) (-410.336,-61.4603) (-398.256,-47.1173) (-365.923,-9.28927)  (-314.581,41.9466)  (-247.109,92.5516)  (-169.309,129.204)   (80.2305,3.12824)   (73.6617,38.2121)   (49.1651,70.7036)   (7.36447,93.7899)  (-48.1918,101.935)   (-111.52,92.4073)   (-175.251,66.333)  (-232.084,29.0007) (-276.368,-10.7305) (-305.038,-42.1979) (-317.211,-55.9251) (-312.907,-46.9474)  (-292.14,-16.9633)  (-255.122,25.8301)  (-203.517,69.4375)  (-141.745,102.171)   (55.991,-20.5306)    (56.438,6.60328)   (43.2534,34.1103)   (16.2517,56.2543)  (-22.4912,67.7604)    (-68.86,65.2837)  (-117.433,48.6484)   (-162.59,21.4343)  (-199.741,-9.3485) (-226.081,-34.7422) (-240.307,-46.4629) (-241.702,-39.8458) (-229.526,-15.7999)  (-203.335,19.2199)  (-164.104,55.4008)   (-115.35,82.9749)  (22.9488,-33.8179)   (27.491,-15.7343)    (22.991,4.79038)   (8.59592,23.3185)  (-15.0752,35.3019)  (-45.8522,37.3777)  (-80.3241,28.6031)  (-114.524,11.1624) (-144.789,-9.77312) (-168.346,-27.2371) (-183.263,-34.6183) (-188.006,-28.0751) (-181.223,-8.15695)  (-162.155,20.1646)  (-131.545,49.1801)  (-92.4171,71.0983)   (-11.56,-33.1547) (-5.89318,-23.6913)  (-4.9885,-10.8001)  (-10.1458,2.42233)  (-21.9266,12.4435)  (-39.8347,16.3495)  (-62.2398,12.9352)  (-86.6501,3.39448)  (-110.22,-8.71373) (-130.208,-18.3793) (-144.149,-20.7977) (-149.862,-13.2103)  (-145.596,3.86066)  (-130.514,26.5832)  (-105.368,49.0614)  (-72.9357,65.3187) (-39.5531,-18.6054) (-35.2339,-16.0255) (-32.1883,-10.0686) (-31.9048,-2.59976)  (-35.6961,3.96291)   (-44.245,7.43589)  (-57.2597,6.73785)   (-73.422,2.47091) (-90.6125,-3.06671)  (-106.26,-6.54787) (-117.672,-4.82141)  (-122.357,3.77279)  (-118.425,18.5422)  (-105.109,36.4493)  (-83.2474,53.0273)   (-55.4621,63.829)
========== SVD info end ==============
========= info calcu=========
sampling points = 256
freq = 2.8e+10
k_0 = 5.86837
L = 3
P_theata = 3
P_phai = 7
A.row = 256
A.col = 42
========= end =========
========= info ans =========
ans.row = 42
ans.col = 1
ans = 
 (0.00121964,0.00179909)
 (0.00136763,0.00150864)
(0.000783692,0.00186093)
(0.000235739,0.00175934)
(0.000729464,0.00152136)
  (0.0012967,0.00204676)
  (0.00118912,0.0023819)
  (0.000367478,0.001553)
  (0.0010888,0.00170676)
 (0.00128259,0.00235553)
 (0.00113559,0.00217964)
   (0.00135167,0.001555)
 (0.00116721,0.00167125)
(0.000401837,0.00188095)
                   (0,0)
                   (0,0)
                   (0,0)
                   (0,0)
                   (0,0)
                   (0,0)
                   (0,0)
 (0.00121964,0.00179909)
 (0.00136763,0.00150864)
(0.000783692,0.00186093)
(0.000235739,0.00175934)
(0.000729464,0.00152136)
  (0.0012967,0.00204676)
  (0.00118912,0.0023819)
  (0.000367478,0.001553)
  (0.0010888,0.00170676)
 (0.00128259,0.00235553)
 (0.00113559,0.00217964)
   (0.00135167,0.001555)
 (0.00116721,0.00167125)
(0.000401837,0.00188095)
                   (0,0)
                   (0,0)
                   (0,0)
                   (0,0)
                   (0,0)
                   (0,0)
                   (0,0)
========= end info ans=========
finish all calculation
