#x amp_{ref} amp_{cal} amp_{error} phase_{ref} phase_{cal}
-24.000000 -25.871916 -29.781817 
-22.451600 -25.296220 -28.646515 
-20.903200 -24.680199 -27.426764 
-19.354800 -24.018016 -26.107443 
-17.806500 -23.302446 -24.669032 
-16.258100 -22.524750 -23.085674 
-14.709700 -21.674063 -21.323967 
-13.161300 -20.737314 -19.341350 
-11.612900 -19.699490 -17.087345 
-10.064500 -18.546509 -14.510873 
-8.516130 -17.278478 -11.583103 
-6.967740 -15.968365 -8.427639 
-5.419350 -15.081908 -5.623073 
-3.870970 -18.725741 -0.000000 
-2.322580 -7.024511 -7.392670 
-0.774194 0.000000 -9.135147 
0.774194 0.000000 -9.135147 
2.322580 -7.024511 -7.392670 
3.870970 -18.725741 -0.000000 
5.419350 -15.081908 -5.623073 
6.967740 -15.968365 -8.427639 
8.516130 -17.278478 -11.583103 
10.064500 -18.546509 -14.510873 
11.612900 -19.699490 -17.087345 
13.161300 -20.737314 -19.341350 
14.709700 -21.674063 -21.323967 
16.258100 -22.524750 -23.085674 
17.806500 -23.302446 -24.669032 
19.354800 -24.018016 -26.107443 
20.903200 -24.680199 -27.426764 
22.451600 -25.296220 -28.646515 
24.000000 -25.871916 -29.781817 
