0.000000 -34.831242 -16.001278 
1.000000 -33.664776 -14.994049 
2.000000 -31.464968 -13.883609 
3.000000 -28.476714 -12.722633 
4.000000 -25.398792 -11.596297 
5.000000 -22.733298 -10.614992 
6.000000 -20.699550 -9.917457 
7.000000 -19.344735 -9.654936 
8.000000 -18.614585 -9.931937 
9.000000 -18.406389 -10.747606 
10.000000 -18.617494 -11.997953 
11.000000 -19.166973 -13.528837 
12.000000 -19.987615 -15.170782 
13.000000 -21.013375 -16.736719 
14.000000 -22.177682 -18.051216 
15.000000 -23.418785 -19.033171 
16.000000 -34.221421 -14.347778 
17.000000 -33.422611 -13.260707 
18.000000 -31.618090 -12.043454 
19.000000 -28.572305 -10.736629 
20.000000 -25.025428 -9.433508 
21.000000 -21.793797 -8.258173 
22.000000 -19.285266 -7.361769 
23.000000 -17.625906 -6.916611 
24.000000 -16.777665 -7.054208 
25.000000 -16.615394 -7.796483 
26.000000 -16.997930 -9.061618 
27.000000 -17.801903 -10.708776 
28.000000 -18.916590 -12.544385 
29.000000 -20.236593 -14.318284 
30.000000 -21.666528 -15.803711 
31.000000 -23.128563 -16.927452 
32.000000 -33.211449 -12.610777 
33.000000 -32.674502 -11.432347 
34.000000 -31.414244 -10.113347 
35.000000 -28.643273 -8.663092 
36.000000 -24.713905 -7.164296 
37.000000 -20.807255 -5.737991 
38.000000 -17.674588 -4.535334 
39.000000 -15.603786 -3.779719 
40.000000 -14.609616 -3.706088 
41.000000 -14.542991 -4.412328 
42.000000 -15.196566 -5.819702 
43.000000 -16.367716 -7.731566 
44.000000 -17.871385 -9.862260 
45.000000 -19.546877 -11.872281 
46.000000 -21.268337 -13.517312 
47.000000 -22.948661 -14.786194 
48.000000 -31.663773 -10.822777 
49.000000 -31.185507 -9.513263 
50.000000 -30.376020 -8.074777 
51.000000 -28.283669 -6.470537 
52.000000 -24.335728 -4.741720 
53.000000 -19.740012 -2.968747 
54.000000 -15.818368 -1.280070 
55.000000 -13.195246 -0.037989 
56.000000 -12.027048 0.264742 
57.000000 -12.147370 -0.561028 
58.000000 -13.226861 -2.321812 
59.000000 -14.914841 -4.661612 
60.000000 -16.908649 -7.159860 
61.000000 -18.982530 -9.407766 
62.000000 -20.991589 -11.211986 
63.000000 -22.857710 -12.661191 
64.000000 -29.638865 -9.074521 
65.000000 -28.924390 -7.575065 
66.000000 -28.124215 -5.973655 
67.000000 -26.668128 -4.204208 
68.000000 -23.375263 -2.275726 
69.000000 -18.428251 -0.223078 
70.000000 -13.641118 1.917888 
71.000000 -10.316249 3.660974 
72.000000 -8.963727 4.165104 
73.000000 -9.431195 3.173635 
74.000000 -11.157689 1.054554 
75.000000 -13.530288 -1.687890 
76.000000 -16.087027 -4.508426 
77.000000 -18.553247 -6.968531 
78.000000 -20.800148 -8.963111 
79.000000 -22.789056 -10.653130 
80.000000 -27.511196 -7.514580 
81.000000 -26.344287 -5.779440 
82.000000 -25.077670 -3.954794 
83.000000 -23.504819 -1.966075 
84.000000 -20.886384 0.164330 
85.000000 -16.367584 2.336699 
86.000000 -11.014124 4.595572 
87.000000 -6.957518 6.495407 
88.000000 -5.482309 7.099285 
89.000000 -6.542053 6.229458 
90.000000 -9.163882 4.091529 
91.000000 -12.334875 1.118795 
92.000000 -15.439006 -1.969789 
93.000000 -18.217433 -4.674369 
94.000000 -20.612406 -6.929689 
95.000000 -22.652442 -8.910568 
96.000000 -25.675403 -6.320574 
97.000000 -24.042535 -4.366284 
98.000000 -22.171563 -2.310276 
99.000000 -19.952779 -0.057401 
100.000000 -17.094950 2.394270 
101.000000 -13.033667 4.800462 
102.000000 -7.824528 6.852520 
103.000000 -3.422503 7.869741 
104.000000 -2.070970 7.979217 
105.000000 -3.972581 8.298100 
106.000000 -7.591805 6.749463 
107.000000 -11.482945 3.614187 
108.000000 -14.979340 0.207438 
109.000000 -17.927374 -2.803643 
110.000000 -20.373567 -5.348399 
111.000000 -22.411953 -7.602843 
112.000000 -24.306384 -5.648112 
113.000000 -22.326934 -3.579475 
114.000000 -19.983958 -1.413987 
115.000000 -17.159962 0.958727 
116.000000 -13.696256 3.668766 
117.000000 -9.444754 6.722808 
118.000000 -4.634483 9.392854 
119.000000 -0.730337 10.250390 
120.000000 0.000000 9.550169 
121.000000 -2.726036 10.035614 
122.000000 -7.006796 8.544706 
123.000000 -11.228806 5.121007 
124.000000 -14.822567 1.471873 
125.000000 -17.760633 -1.736660 
126.000000 -20.162996 -4.458207 
127.000000 -22.155182 -6.872298 
128.000000 -23.376634 -5.578689 
129.000000 -21.201513 -3.563867 
130.000000 -18.608380 -1.525948 
131.000000 -15.484582 0.586027 
132.000000 -11.734858 2.976681 
133.000000 -7.424053 6.312449 
134.000000 -3.139580 10.161583 
135.000000 -0.362872 11.738510 
136.000000 -0.671851 11.244563 
137.000000 -3.817783 10.158546 
138.000000 -8.016039 7.971030 
139.000000 -11.955706 4.710799 
140.000000 -15.258045 1.313793 
141.000000 -17.962282 -1.739345 
142.000000 -20.194212 -4.393060 
143.000000 -22.067069 -6.784208 
144.000000 -22.775330 -6.090700 
145.000000 -20.538934 -4.297331 
146.000000 -17.908712 -2.622049 
147.000000 -14.819457 -1.150554 
148.000000 -11.271855 0.267652 
149.000000 -7.483214 3.254099 
150.000000 -4.158965 7.995417 
151.000000 -2.594207 10.507941 
152.000000 -3.765563 10.086402 
153.000000 -6.975433 7.693834 
154.000000 -10.640510 4.932449 
155.000000 -13.877430 2.374525 
156.000000 -16.560424 -0.247557 
157.000000 -18.798194 -2.775827 
158.000000 -20.699932 -5.111173 
159.000000 -22.343357 -7.298443 
160.000000 -22.409463 -7.064060 
161.000000 -20.223167 -5.591363 
162.000000 -17.726569 -4.377861 
163.000000 -14.921714 -3.618921 
164.000000 -11.904022 -3.230320 
165.000000 -8.969319 -1.045479 
166.000000 -6.738347 3.356062 
167.000000 -6.096941 5.936104 
168.000000 -7.598139 5.774391 
169.000000 -10.660879 3.645557 
170.000000 -13.957582 1.166584 
171.000000 -16.652595 -0.764562 
172.000000 -18.708189 -2.598446 
173.000000 -20.371681 -4.499109 
174.000000 -21.816030 -6.400227 
175.000000 -23.117015 -8.277127 
176.000000 -22.234684 -8.318099 
177.000000 -20.186579 -7.163824 
178.000000 -17.938748 -6.330297 
179.000000 -15.548211 -5.999471 
180.000000 -13.161601 -6.090497 
181.000000 -11.066715 -5.084775 
182.000000 -9.715743 -2.103109 
183.000000 -9.630928 0.232553 
184.000000 -11.100737 0.688005 
185.000000 -13.797728 -0.432264 
186.000000 -16.846245 -2.101654 
187.000000 -19.432199 -3.597043 
188.000000 -21.254665 -4.989361 
189.000000 -22.512878 -6.442982 
190.000000 -23.510222 -7.965570 
191.000000 -24.414385 -9.530179 
192.000000 -22.234832 -9.669348 
193.000000 -20.385028 -8.752129 
194.000000 -18.443275 -8.117556 
195.000000 -16.495054 -7.847390 
196.000000 -14.692470 -7.812843 
197.000000 -13.266912 -7.299900 
198.000000 -12.512662 -5.704917 
199.000000 -12.718693 -3.977138 
200.000000 -14.032395 -3.219702 
201.000000 -16.284149 -3.600267 
202.000000 -18.972302 -4.639646 
203.000000 -21.522000 -5.840099 
204.000000 -23.497571 -7.043847 
205.000000 -24.767057 -8.275355 
206.000000 -25.549934 -9.555411 
207.000000 -26.132801 -10.878852 
208.000000 -22.396673 -10.981478 
209.000000 -20.775440 -10.198162 
210.000000 -19.149386 -9.605830 
211.000000 -17.608793 -9.199830 
212.000000 -16.284503 -8.847114 
213.000000 -15.342779 -8.258650 
214.000000 -14.964342 -7.282154 
215.000000 -15.308161 -6.262887 
216.000000 -16.452515 -5.731073 
217.000000 -18.306416 -5.905375 
218.000000 -20.582010 -6.637364 
219.000000 -22.925498 -7.649278 
220.000000 -25.018794 -8.753198 
221.000000 -26.580444 -9.883930 
222.000000 -27.520977 -11.033040 
223.000000 -28.028673 -12.200423 
224.000000 -22.699415 -12.187813 
225.000000 -21.311376 -11.463606 
226.000000 -19.979426 -10.843794 
227.000000 -18.784402 -10.290251 
228.000000 -17.827407 -9.708496 
229.000000 -17.220505 -8.999449 
230.000000 -17.072611 -8.198705 
231.000000 -17.474026 -7.537911 
232.000000 -18.469433 -7.284312 
233.000000 -20.006828 -7.546035 
234.000000 -21.911846 -8.237370 
235.000000 -23.960845 -9.180413 
236.000000 -25.962467 -10.225195 
237.000000 -27.716311 -11.295494 
238.000000 -29.002224 -12.367986 
239.000000 -29.744779 -13.438427 
240.000000 -23.115571 -13.283755 
241.000000 -21.947491 -12.591957 
242.000000 -20.872509 -11.956954 
243.000000 -19.956359 -11.347336 
244.000000 -19.272299 -10.715142 
245.000000 -18.893524 -10.038544 
246.000000 -18.886337 -9.386305 
247.000000 -19.304921 -8.924635 
248.000000 -20.176923 -8.820281 
249.000000 -21.470677 -9.130621 
250.000000 -23.074386 -9.783910 
251.000000 -24.837223 -10.646917 
252.000000 -26.636914 -11.605622 
253.000000 -28.368137 -12.596725 
254.000000 -29.873758 -13.594682 
255.000000 -30.969071 -14.589258 
