far field @z=0.050000
freq=27000000000.000000
sampling point=1024
x,y,z,realEx,realEy,realEz,imgEx,imgEy,imgEz
-0.025000,-0.025000,0.050000,-22.463884,-0.824847,-12.654393,-33.014983,5.516526,-11.307791
-0.025000,-0.023387,0.050000,-9.084082,-2.773775,-7.732693,-41.306417,5.073599,-16.357926
-0.025000,-0.021774,0.050000,6.359284,-4.387552,-1.240868,-44.283408,4.026716,-19.247252
-0.025000,-0.020161,0.050000,21.787691,-5.512964,5.860581,-41.926718,2.588441,-19.692741
-0.025000,-0.018548,0.050000,35.483127,-6.102616,12.677690,-34.959547,0.986126,-17.811760
-0.025000,-0.016935,0.050000,46.286352,-6.196982,18.519533,-24.567943,-0.579745,-14.016797
-0.025000,-0.015323,0.050000,53.647163,-5.895218,22.963816,-12.112364,-1.960244,-8.883032
-0.025000,-0.013710,0.050000,57.560189,-5.324128,25.858879,1.111537,-3.065955,-3.022974
-0.025000,-0.012097,0.050000,58.432784,-4.611901,27.280763,14.033124,-3.862018,3.009673
-0.025000,-0.010484,0.050000,56.929928,-3.869899,27.467194,25.883501,-4.355491,8.777894
-0.025000,-0.008871,0.050000,53.830202,-3.182888,26.747595,36.201600,-4.579981,13.982466
-0.025000,-0.007258,0.050000,49.912773,-2.606257,25.482213,44.790963,-4.581255,18.454221
-0.025000,-0.005645,0.050000,45.882144,-2.167926,24.016879,51.649522,-4.405997,22.127855
-0.025000,-0.004032,0.050000,42.327705,-1.872666,22.654325,56.891040,-4.094560,25.007134
-0.025000,-0.002419,0.050000,39.709416,-1.707030,21.639299,60.671230,-3.677609,27.129205
-0.025000,-0.000806,0.050000,38.358868,-1.643835,21.152844,63.126138,-3.176068,28.533195
-0.025000,0.000806,0.050000,38.485436,-1.645811,21.310877,64.326327,-2.603611,29.236073
-0.025000,0.002419,0.050000,40.179359,-1.668606,22.162947,64.248181,-1.970903,29.217377
-0.025000,0.004032,0.050000,43.406559,-1.663730,23.688568,62.763137,-1.290843,28.413741
-0.025000,0.005645,0.050000,47.993557,-1.582191,25.790341,59.646162,-0.583999,26.724040
-0.025000,0.007258,0.050000,53.604729,-1.379490,28.285173,54.605677,0.116728,24.025985
-0.025000,0.008871,0.050000,59.718405,-1.022336,30.897018,47.337249,0.763364,20.204600
-0.025000,0.010484,0.050000,65.612521,-0.496844,33.256506,37.601973,1.293370,15.191947
-0.025000,0.012097,0.050000,70.374063,0.182862,34.914075,25.326607,1.634642,9.015186
-0.025000,0.013710,0.050000,72.948109,0.967622,35.373297,10.715971,1.715772,1.846827
-0.025000,0.015323,0.050000,72.240136,1.770530,34.149087,-5.640718,1.481335,-5.952951
-0.025000,0.016935,0.050000,67.277790,2.471560,30.850970,-22.697207,0.910387,-13.815586
-0.025000,0.018548,0.050000,57.424314,2.931909,25.284319,-38.945719,0.034529,-20.980395
-0.025000,0.020161,0.050000,42.616154,3.018615,17.553353,-52.515061,-1.049797,-26.561091
-0.025000,0.021774,0.050000,23.575107,2.637070,8.140683,-61.394698,-2.180842,-29.668456
-0.025000,0.023387,0.050000,1.927267,1.765427,-2.067505,-63.783170,-3.148021,-29.581795
-0.025000,0.025000,0.050000,-19.844249,0.481619,-11.840088,-58.521349,-3.727199,-25.944138
-0.023387,-0.025000,0.050000,-10.831999,-2.657450,-8.238192,-40.486357,4.867606,-14.472888
-0.023387,-0.023387,0.050000,5.473480,-4.352515,-1.998554,-44.044038,3.742889,-17.638453
-0.023387,-0.021774,0.050000,21.958124,-5.496392,5.029170,-41.493507,2.154799,-18.237815
-0.023387,-0.020161,0.050000,36.495085,-6.017216,11.828024,-33.563292,0.371631,-16.313278
-0.023387,-0.018548,0.050000,47.595860,-5.955099,17.577071,-21.614287,-1.363812,-12.273974
-0.023387,-0.016935,0.050000,54.513988,-5.427851,21.750350,-7.278612,-2.869765,-6.747724
-0.023387,-0.015323,0.050000,57.191421,-4.591663,24.136842,7.856964,-4.039232,-0.429527
-0.023387,-0.013710,0.050000,56.103867,-3.606474,24.800079,22.474405,-4.835770,6.041738
-0.023387,-0.012097,0.050000,52.064844,-2.611406,24.003356,35.640589,-5.277929,12.162611
-0.023387,-0.010484,0.050000,46.037069,-1.711568,22.125358,46.828254,-5.419067,17.598822
-0.023387,-0.008871,0.050000,38.981972,-0.974643,19.584636,55.867950,-5.327869,22.181543
-0.023387,-0.007258,0.050000,31.760094,-0.434219,16.783177,62.860754,-5.072766,25.878571
-0.023387,-0.005645,0.050000,25.080922,-0.096589,14.071883,68.077588,-4.711546,28.752965
-0.023387,-0.004032,0.050000,19.491965,0.051694,11.735398,71.863381,-4.286013,30.919216
-0.023387,-0.002419,0.050000,15.393044,0.037293,9.990811,74.556227,-3.820830,32.503513
-0.023387,-0.000806,0.050000,13.061743,-0.104546,8.993861,76.425185,-3.325417,33.611505
-0.023387,0.000806,0.050000,12.678036,-0.332681,8.846754,77.626278,-2.797945,34.304656
-0.023387,0.002419,0.050000,14.339167,-0.601317,9.603016,78.174795,-2.230682,34.585173
-0.023387,0.004032,0.050000,18.059155,-0.860695,11.266459,77.932559,-1.616156,34.389390
-0.023387,0.005645,0.050000,23.750734,-1.058263,13.783169,76.610790,-0.953683,33.590035
-0.023387,0.007258,0.050000,31.191187,-1.141369,17.027441,73.791568,-0.255607,32.008572
-0.023387,0.008871,0.050000,39.977789,-1.062261,20.784726,68.972738,0.447629,29.439286
-0.023387,0.010484,0.050000,49.483426,-0.785674,24.736914,61.641284,1.104904,25.686405
-0.023387,0.012097,0.050000,58.827976,-0.298504,28.457299,51.377610,1.645844,20.613950
-0.023387,0.013710,0.050000,66.885124,0.380004,31.423798,37.987076,1.987688,14.204851
-0.023387,0.015323,0.050000,72.345386,1.190187,33.058514,21.645314,2.048383,6.621456
-0.023387,0.016935,0.050000,73.851926,2.029465,32.798680,3.031503,1.765344,-1.745545
-0.023387,0.018548,0.050000,70.213949,2.758964,30.197665,-16.588366,1.117339,-10.256884
-0.023387,0.020161,0.050000,60.682259,3.221737,25.045254,-35.373413,0.144779,-18.051528
-0.023387,0.021774,0.050000,45.244831,3.272557,17.485167,-51.056890,-1.038079,-24.134947
-0.023387,0.023387,0.050000,24.872631,2.815552,8.097725,-61.255063,-2.245913,-27.532460
-0.023387,0.025000,0.050000,1.627009,1.841762,-2.089082,-63.921741,-3.245172,-27.493807
-0.021774,-0.025000,0.050000,2.373718,-4.061390,-3.472219,-43.900483,3.726722,-15.875578
-0.021774,-0.023387,0.050000,19.948836,-5.303813,3.336488,-42.056919,2.072826,-16.993296
-0.021774,-0.021774,0.050000,35.646714,-5.843358,10.116733,-33.951864,0.158363,-15.430755
-0.021774,-0.020161,0.050000,47.535076,-5.703564,15.902500,-21.051445,-1.723734,-11.538525
-0.021774,-0.018548,0.050000,54.554549,-5.011936,20.030029,-5.257273,-3.346501,-5.963492
-0.021774,-0.016935,0.050000,56.503235,-3.951998,22.189305,11.503851,-4.572946,0.526534
-0.021774,-0.015323,0.050000,53.872158,-2.718083,22.396527,27.589966,-5.355634,7.197327
-0.021774,-0.013710,0.050000,47.607358,-1.481584,20.915813,41.821897,-5.719490,13.456142
-0.021774,-0.012097,0.050000,38.866237,-0.371858,18.160880,53.535063,-5.736657,18.905458
-0.021774,-0.010484,0.050000,28.814970,0.529386,14.601801,62.534694,-5.500958,23.348863
-0.021774,-0.008871,0.050000,18.490055,1.183890,10.692596,68.992801,-5.106866,26.762952
-0.021774,-0.007258,0.050000,8.726769,1.587243,6.825780,73.322609,-4.635139,29.250878
-0.021774,-0.005645,0.050000,0.143834,1.757763,3.312574,76.056940,-4.145158,30.990897
-0.021774,-0.004032,0.050000,-6.832952,1.726617,0.382945,77.745941,-3.672718,32.188975
-0.021774,-0.002419,0.050000,-11.926362,1.530654,-1.802088,78.879615,-3.231628,33.040136
-0.021774,-0.000806,0.050000,-14.958569,1.208392,-3.133276,79.833773,-2.817587,33.699680
-0.021774,0.000806,0.050000,-15.809416,0.798797,-3.537198,80.834522,-2.413267,34.263312
-0.021774,0.002419,0.050000,-14.390576,0.342072,-2.966010,81.935927,-1.994040,34.754543
-0.021774,0.004032,0.050000,-10.640879,-0.118650,-1.395684,83.007308,-1.534130,35.118135
-0.021774,0.005645,0.050000,-4.545238,-0.535874,1.166069,83.729900,-1.013144,35.219552
-0.021774,0.007258,0.050000,3.823283,-0.857813,4.662629,83.606401,-0.422797,34.851791
-0.021774,0.008871,0.050000,14.242370,-1.031022,8.964407,81.990369,0.226698,33.752177
-0.021774,0.010484,0.050000,26.269301,-1.006317,13.842478,78.144382,0.901631,31.632169
-0.021774,0.012097,0.050000,39.174772,-0.748055,18.946996,71.335049,1.542776,28.222364
-0.021774,0.013710,0.050000,51.903043,-0.245827,23.799658,60.968142,2.068186,23.332349
-0.021774,0.015323,0.050000,63.084339,0.473604,27.810562,46.757454,2.382447,16.920661
-0.021774,0.016935,0.050000,71.125444,1.337510,30.328555,28.906842,2.393083,9.164239
-0.021774,0.018548,0.050000,74.396528,2.225716,30.729496,8.268354,2.032977,0.510687
-0.021774,0.020161,0.050000,71.514006,2.980342,28.538202,-13.575042,1.285318,-8.307670
-0.021774,0.021774,0.050000,61.690601,3.428987,23.567790,-34.359358,0.205065,-16.318829
-0.021774,0.023387,0.050000,45.088972,3.420274,16.047011,-51.369045,-1.070708,-22.429133
-0.021774,0.025000,0.050000,23.083335,2.866159,6.696025,-61.861245,-2.330989,-25.612829
-0.020161,-0.025000,0.050000,15.733717,-4.963621,1.008326,-43.319085,2.318257,-15.721502
-0.020161,-0.023387,0.050000,32.922071,-5.635953,7.715289,-35.996807,0.327288,-14.904514
-0.020161,-0.021774,0.050000,46.223748,-5.529604,13.646114,-22.880990,-1.688960,-11.546930
-0.020161,-0.020161,0.050000,54.115320,-4.765632,17.970108,-6.090420,-3.444805,-6.257261
-0.020161,-0.018548,0.050000,56.114657,-3.548372,20.233095,12.082213,-4.756498,0.153568
-0.020161,-0.016935,0.050000,52.634306,-2.108073,20.358224,29.592658,-5.550648,6.858313
-0.020161,-0.015323,0.050000,44.710585,-0.654648,18.574789,44.914896,-5.848260,13.156579
-0.020161,-0.013710,0.050000,33.698431,0.650876,15.310393,57.149105,-5.735327,18.557532
-0.020161,-0.012097,0.050000,21.001180,1.706967,11.079126,65.995856,-5.330365,22.803502
-0.020161,-0.010484,0.050000,7.874934,2.468086,6.388842,71.642893,-4.756359,25.848052
-0.020161,-0.008871,0.050000,-4.680873,2.932685,1.679021,74.612391,-4.120930,27.806914
-0.020161,-0.007258,0.050000,-15.955610,3.128064,-2.709358,75.607096,-3.505383,28.899120
-0.020161,-0.005645,0.050000,-25.502365,3.096142,-6.537263,75.379608,-2.961227,29.391123
-0.020161,-0.004032,0.050000,-33.078854,2.882529,-9.652859,74.635060,-2.511850,29.551089
-0.020161,-0.002419,0.050000,-38.575192,2.529789,-11.967450,73.966788,-2.157016,29.615629
-0.020161,-0.000806,0.050000,-41.944644,2.074747,-13.429669,73.818038,-1.878453,29.767738
-0.020161,0.000806,0.050000,-43.148325,1.549057,-14.003591,74.460426,-1.645495,30.123073
-0.020161,0.002419,0.050000,-42.120739,0.981993,-13.654529,75.980581,-1.420462,30.721468
-0.020161,0.004032,0.050000,-38.760277,0.404296,-12.344814,78.269421,-1.163954,31.521530
-0.020161,0.005645,0.050000,-32.946998,-0.148103,-10.040691,81.012841,-0.840437,32.397793
-0.020161,0.007258,0.050000,-24.588342,-0.631685,-6.730310,83.687507,-0.424397,33.141802
-0.020161,0.008871,0.050000,-13.690880,-0.995464,-2.451429,85.570232,0.093015,33.470267
-0.020161,0.010484,0.050000,-0.451871,-1.184630,2.674562,85.773063,0.697553,33.044607
-0.020161,0.012097,0.050000,14.642028,-1.148288,8.408280,83.317359,1.347054,31.506202
-0.020161,0.013710,0.050000,30.729602,-0.851032,14.366523,77.257308,1.970226,28.529962
-0.020161,0.015323,0.050000,46.532075,-0.286896,20.016221,66.854886,2.471256,23.894964
-0.020161,0.016935,0.050000,60.385462,0.507226,24.700073,51.793734,2.741983,17.565013
-0.020161,0.018548,0.050000,70.378710,1.442885,27.703204,32.399849,2.681973,9.764660
-0.020161,0.020161,0.050000,74.613968,2.380843,28.363281,9.816304,2.224555,1.029507
-0.020161,0.021774,0.050000,71.577658,3.145316,26.214992,-13.935780,1.364041,-7.793994
-0.020161,0.023387,0.050000,60.571976,3.553141,21.145149,-36.078220,0.176748,-15.621314
-0.020161,0.025000,0.050000,42.113654,3.455175,13.520379,-53.424280,-1.172760,-21.285666
-0.018548,-0.025000,0.050000,28.094958,-5.380794,4.761400,-39.251180,0.839872,-14.385545
-0.018548,-0.023387,0.050000,43.435189,-5.443721,10.852560,-26.863920,-1.291942,-11.943491
-0.018548,-0.021774,0.050000,53.103762,-4.727322,15.559886,-9.682328,-3.209544,-7.287784
-0.018548,-0.020161,0.050000,56.150721,-3.442062,18.241849,9.660762,-4.662965,-1.215251
-0.018548,-0.018548,0.050000,52.757725,-1.851252,18.673241,28.658246,-5.532153,5.377891
-0.018548,-0.016935,0.050000,43.960380,-0.209302,16.998042,45.326281,-5.817577,11.677836
-0.018548,-0.015323,0.050000,31.285226,1.280756,13.622545,58.405027,-5.609003,17.074226
-0.018548,-0.013710,0.050000,16.399055,2.487062,9.088276,67.379447,-5.045991,21.212187
-0.018548,-0.012097,0.050000,0.835127,3.349073,3.956680,72.370474,-4.281081,23.985293
-0.018548,-0.010484,0.050000,-14.175959,3.864564,-1.275217,73.957336,-3.452254,25.489016
-0.018548,-0.008871,0.050000,-27.773095,4.070563,-6.221770,72.985021,-2.666788,25.955973
-0.018548,-0.007258,0.050000,-39.450380,4.024082,-10.621642,70.394596,-1.995417,25.690478
-0.018548,-0.005645,0.050000,-48.990326,3.786347,-14.325480,67.095615,-1.473896,25.013553
-0.018548,-0.004032,0.050000,-56.372096,3.412232,-17.268689,63.884197,-1.108750,24.223108
-0.018548,-0.002419,0.050000,-61.676500,2.944957,-19.438654,61.399753,-0.884442,23.569007
-0.018548,-0.000806,0.050000,-65.002340,2.415271,-20.843442,60.108027,-0.770167,23.239642
-0.018548,0.000806,0.050000,-66.402522,1.843905,-21.486623,60.297210,-0.725475,23.355552
-0.018548,0.002419,0.050000,-65.844266,1.246114,-21.350938,62.075990,-0.704698,23.965908
-0.018548,0.004032,0.050000,-63.195788,0.637165,-20.392338,65.366408,-0.660764,25.045047
-0.018548,0.005645,0.050000,-58.241326,0.037768,-18.545260,69.889423,-0.549134,26.488102
-0.018548,0.007258,0.050000,-50.726232,-0.521600,-15.739510,75.146744,-0.332586,28.106963
-0.018548,0.008871,0.050000,-40.432759,-0.998589,-11.928339,80.408177,0.012839,29.629883
-0.018548,0.010484,0.050000,-27.283925,-1.340197,-7.125768,84.718852,0.490984,30.709772
-0.018548,0.012097,0.050000,-11.466589,-1.488284,-1.448834,86.943838,1.078922,30.946975
-0.018548,0.013710,0.050000,6.444203,-1.389710,4.842836,85.867210,1.722374,29.931599
-0.018548,0.015323,0.050000,25.388252,-1.010476,11.321017,80.356365,2.335669,27.307504
-0.018548,0.016935,0.050000,43.788352,-0.351703,17.389720,69.588781,2.808739,22.854638
-0.018548,0.018548,0.050000,59.624358,0.536231,22.325760,53.317495,3.022767,16.578841
-0.018548,0.020161,0.050000,70.645551,1.546363,25.367397,32.126054,2.874161,8.789818
-0.018548,0.021774,0.050000,74.729755,2.519720,25.849434,7.600123,2.303755,0.141330
-0.018548,0.023387,0.050000,70.357453,3.265428,23.368532,-17.668954,1.324953,-8.393852
-0.018548,0.025000,0.050000,57.118609,3.596509,17.945687,-40.322411,0.042166,-15.634723
-0.016935,-0.025000,0.050000,38.665146,-5.387538,7.550562,-32.480612,-0.560657,-12.309063
-0.016935,-0.023387,0.050000,51.016926,-4.865307,12.702383,-15.787243,-2.659113,-8.659093
-0.016935,-0.021774,0.050000,56.255555,-3.628300,16.038391,4.303928,-4.322520,-3.231927
-0.016935,-0.020161,0.050000,54.109406,-1.960944,17.128465,24.813447,-5.358825,3.062495
-0.016935,-0.018548,0.050000,45.449453,-0.163950,15.966928,43.198676,-5.723982,9.314362
-0.016935,-0.016935,0.050000,31.891134,1.506686,12.884605,57.693982,-5.494282,14.779811
-0.016935,-0.015323,0.050000,15.359985,2.874249,8.416451,67.421020,-4.821576,18.973374
-0.016935,-0.013710,0.050000,-2.280428,3.849824,3.165640,72.313445,-3.886622,21.688128
-0.016935,-0.012097,0.050000,-19.484002,4.421207,-2.306700,72.926880,-2.861168,22.960868
-0.016935,-0.010484,0.050000,-35.148605,4.630989,-7.551891,70.205986,-1.883705,23.006223
-0.016935,-0.008871,0.050000,-48.631236,4.551902,-12.263146,65.264869,-1.048972,22.142242
-0.016935,-0.007258,0.050000,-59.684801,4.265190,-16.271655,59.214569,-0.408222,20.723864
-0.016935,-0.005645,0.050000,-68.352095,3.844989,-19.520742,53.049749,0.023908,19.093063
-0.016935,-0.004032,0.050000,-74.846959,3.349408,-22.029437,47.590458,0.259879,17.547655
-0.016935,-0.002419,0.050000,-79.443357,2.817487,-23.854517,43.465323,0.329980,16.326118
-0.016935,-0.000806,0.050000,-82.384009,2.270580,-25.056966,41.119015,0.274930,15.603305
-0.016935,0.000806,0.050000,-83.813426,1.716610,-25.676154,40.827705,0.140833,15.491464
-0.016935,0.002419,0.050000,-83.736486,1.155944,-25.713201,42.709590,-0.023878,16.041779
-0.016935,0.004032,0.050000,-82.002729,0.587901,-25.124147,46.722367,-0.170401,17.243213
-0.016935,0.005645,0.050000,-78.317572,0.017141,-23.823435,52.644908,-0.251505,19.017468
-0.016935,0.007258,0.050000,-72.283064,-0.540811,-21.698318,60.046265,-0.224447,21.211007
-0.016935,0.008871,0.050000,-63.471439,-1.055812,-18.634640,68.251325,-0.055569,23.587338
-0.016935,0.010484,0.050000,-51.532811,-1.482171,-14.553543,76.318563,0.273333,25.824745
-0.016935,0.012097,0.050000,-36.332947,-1.761699,-9.456591,83.050388,0.757541,27.526069
-0.016935,0.013710,0.050000,-18.107550,-1.831579,-3.473632,87.058617,1.362447,28.247269
-0.016935,0.015323,0.050000,2.393207,-1.637173,3.096236,86.904133,2.019513,27.549679
-0.016935,0.016935,0.050000,23.809308,-1.148552,9.763793,81.318384,2.628026,25.076386
-0.016935,0.018548,0.050000,44.172980,-0.377847,15.863881,69.493612,3.065200,20.645960
-0.016935,0.020161,0.050000,61.054916,0.607120,20.617430,51.400217,3.205783,14.347677
-0.016935,0.021774,0.050000,71.882979,1.678482,23.246585,28.058868,2.949846,6.613508
-0.016935,0.023387,0.050000,74.423666,2.658329,23.134739,1.671958,2.254148,-1.763048
-0.016935,0.025000,0.050000,67.361579,3.345743,20.005693,-24.483232,1.159301,-9.688962
-0.015323,-0.025000,0.050000,47.028799,-5.085718,9.319115,-23.901292,-1.791111,-9.917757
-0.015323,-0.023387,0.050000,55.628465,-4.046343,13.394996,-3.846525,-3.719379,-5.504569
-0.015323,-0.021774,0.050000,56.073522,-2.406471,15.403163,17.963019,-5.025870,0.214398
-0.015323,-0.020161,0.050000,48.815587,-0.505003,15.119409,38.373520,-5.591080,6.285752
-0.015323,-0.018548,0.050000,35.388255,1.341921,12.726771,54.967492,-5.451316,11.842671
-0.015323,-0.016935,0.050000,17.906473,2.896552,8.696519,66.321296,-4.753803,16.247270
-0.015323,-0.015323,0.050000,-1.415304,4.023084,3.640887,72.012024,-3.701058,19.152340
-0.015323,-0.013710,0.050000,-20.633170,4.683573,-1.822544,72.445018,-2.500398,20.491963
-0.015323,-0.012097,0.050000,-38.292501,4.915887,-7.169857,68.590283,-1.327950,20.424071
-0.015323,-0.010484,0.050000,-53.500429,4.804230,-12.024356,61.706753,-0.309943,19.251439
-0.015323,-0.008871,0.050000,-65.885022,4.450749,-16.168482,53.109199,0.480903,17.343411
-0.015323,-0.007258,0.050000,-75.484588,3.953409,-19.525164,44.004853,1.018661,15.072774
-0.015323,-0.005645,0.050000,-82.607741,3.392039,-22.121731,35.403288,1.312355,12.773801
-0.015323,-0.004032,0.050000,-87.694663,2.822101,-24.047897,28.087411,1.393340,10.720888
-0.015323,-0.002419,0.050000,-91.197721,2.274445,-25.416023,22.625770,1.304681,9.123126
-0.015323,-0.000806,0.050000,-93.489078,1.758983,-26.328211,19.405163,1.093800,8.128460
-0.015323,0.000806,0.050000,-94.795920,1.270523,-26.852052,18.665214,0.808454,7.831281
-0.015323,0.002419,0.050000,-95.160894,0.795495,-27.005220,20.521177,0.495289,8.278433
-0.015323,0.004032,0.050000,-94.425642,0.318841,-26.748653,24.966463,0.199823,9.470398
-0.015323,0.005645,0.050000,-92.237697,-0.169364,-25.988387,31.851769,-0.033430,11.356313
-0.015323,0.007258,0.050000,-88.084152,-0.667972,-24.586764,40.843323,-0.161885,13.823506
-0.015323,0.008871,0.050000,-81.357746,-1.160064,-22.384155,51.368990,-0.147772,16.684362
-0.015323,0.010484,0.050000,-71.460751,-1.610400,-19.232031,62.567749,0.036596,19.665412
-0.015323,0.012097,0.050000,-57.947775,-1.966175,-15.036668,73.264578,0.401466,22.405347
-0.015323,0.013710,0.050000,-40.699405,-2.162268,-9.809895,81.997311,0.931381,24.469580
-0.015323,0.015323,0.050000,-20.104699,-2.131700,-3.719214,87.121663,1.578179,25.388232
-0.015323,0.016935,0.050000,2.785859,-1.821011,2.874819,87.012208,2.258140,24.721142
-0.015323,0.018548,0.050000,26.189672,-1.208645,9.409379,80.358003,2.856366,22.147242
-0.015323,0.020161,0.050000,47.661740,-0.322588,15.153963,66.521828,3.240707,17.566647
-0.015323,0.021774,0.050000,64.351701,0.748060,19.299503,45.895879,3.285563,11.193789
-0.015323,0.023387,0.050000,73.461563,1.853410,21.101431,20.153732,2.902875,3.611867
-0.015323,0.025000,0.050000,72.861508,2.799572,20.059168,-7.717207,2.074085,-4.243104
-0.013710,-0.025000,0.050000,53.106450,-4.580582,10.143040,-14.384843,-2.808678,-7.567868
-0.013710,-0.023387,0.050000,57.563578,-3.115832,13.164397,8.046919,-4.472890,-2.803497
-0.013710,-0.021774,0.050000,53.224754,-1.197156,14.027395,30.489080,-5.370539,2.821908
-0.013710,-0.020161,0.050000,41.257287,0.802542,12.687248,49.770611,-5.461748,8.368216
-0.013710,-0.018548,0.050000,23.792226,2.571438,9.472041,63.727639,-4.860794,13.049313
-0.013710,-0.016935,0.050000,3.343272,3.905401,4.943239,71.361462,-3.776190,16.348784
-0.013710,-0.015323,0.050000,-17.698800,4.718591,-0.256848,72.737434,-2.447393,18.052580
-0.013710,-0.013710,0.050000,-37.413994,5.026593,-5.533491,68.720587,-1.093667,18.214987
-0.013710,-0.012097,0.050000,-54.521423,4.914493,-10.423723,60.649982,0.117438,17.084929
-0.013710,-0.010484,0.050000,-68.391410,4.501648,-14.632604,50.033837,1.081732,15.019995
-0.013710,-0.008871,0.050000,-78.948710,3.911496,-18.029499,38.315615,1.754601,12.409190
-0.013710,-0.007258,0.050000,-86.518856,3.250615,-20.617893,26.729523,2.138093,9.616258
-0.013710,-0.005645,0.050000,-91.661242,2.597638,-22.492684,16.239681,2.264845,6.946906
-0.013710,-0.004032,0.050000,-95.018094,2.000404,-23.795999,7.543009,2.183243,4.637082
-0.013710,-0.002419,0.050000,-97.193696,1.478731,-24.678498,1.110815,1.946263,2.856177
-0.013710,-0.000806,0.050000,-98.666815,1.030290,-25.269257,-2.754772,1.604759,1.718131
-0.013710,0.000806,0.050000,-99.732518,0.637682,-25.654642,-3.868807,1.204769,1.294140
-0.013710,0.002419,0.050000,-100.467427,0.275558,-25.865230,-2.129657,0.787748,1.622153
-0.013710,0.004032,0.050000,-100.713990,-0.082653,-25.869711,2.488469,0.392370,2.710106
-0.013710,0.005645,0.050000,-100.083098,-0.458530,-25.575439,9.913329,0.056524,4.531548
-0.013710,0.007258,0.050000,-97.978981,-0.862963,-24.836325,19.924666,-0.181757,7.014128
-0.013710,0.008871,0.050000,-93.654127,-1.291225,-23.469669,32.084089,-0.285426,10.023196
-0.013710,0.010484,0.050000,-86.303314,-1.719433,-21.283717,45.659505,-0.222257,13.344818
-0.013710,0.012097,0.050000,-75.203022,-2.103469,-18.116783,59.566379,0.028596,16.674463
-0.013710,0.013710,0.050000,-59.894100,-2.381669,-13.886340,72.354867,0.468056,19.619115
-0.013710,0.015323,0.050000,-40.391263,-2.482444,-8.642614,82.274632,1.068331,21.720746
-0.013710,0.016935,0.050000,-17.384210,-2.337319,-2.616441,87.444239,1.766521,22.507136
-0.013710,0.018548,0.050000,7.623820,-1.898477,3.753276,86.135670,2.463858,21.570911
-0.013710,0.020161,0.050000,32.306470,-1.158110,9.829324,77.155218,3.033584,18.669572
-0.013710,0.021774,0.050000,53.696573,-0.164951,14.837590,60.262431,3.339188,13.828937
-0.013710,0.023387,0.050000,68.596132,0.967878,17.985941,36.527534,3.262171,7.422621
-0.013710,0.025000,0.050000,74.195625,2.069387,18.631173,8.499476,2.735048,0.194720
-0.012097,-0.025000,0.050000,57.081033,-3.965739,10.177774,-4.691614,-3.607953,-5.520230
-0.012097,-0.023387,0.050000,57.333580,-2.174154,12.282331,19.209594,-4.955528,-0.747324
-0.012097,-0.021774,0.050000,48.504900,-0.090829,12.266750,41.399312,-5.434904,4.512550
-0.012097,-0.020161,0.050000,32.430011,1.896293,10.225869,58.817286,-5.086310,9.372833
-0.012097,-0.018548,0.050000,11.749274,3.495535,6.584154,69.642107,-4.094711,13.146894
-0.012097,-0.016935,0.050000,-10.730353,4.546555,1.945839,73.341606,-2.717715,15.437583
-0.012097,-0.015323,0.050000,-32.543628,5.017249,-3.055175,70.466263,-1.217828,16.145193
-0.012097,-0.013710,0.050000,-51.877305,4.974802,-7.872157,62.302794,0.186565,15.415156
-0.012097,-0.012097,0.050000,-67.679797,4.545519,-12.113871,50.499662,1.346426,13.554617
-0.012097,-0.010484,0.050000,-79.611355,3.875769,-15.565106,36.746155,2.185867,10.944894
-0.012097,-0.008871,0.050000,-87.894783,3.101794,-18.170444,22.548187,2.691080,7.968790
-0.012097,-0.007258,0.050000,-93.125222,2.331275,-19.996230,9.109521,2.891930,4.961972
-0.012097,-0.005645,0.050000,-96.083673,1.635925,-21.184715,-2.696645,2.842610,2.189295
-0.012097,-0.004032,0.050000,-97.580701,1.052333,-21.910511,-12.292755,2.605531,-0.158509
-0.012097,-0.002419,0.050000,-98.340157,0.587717,-22.344960,-19.327902,2.240385,-1.954831
-0.012097,-0.000806,0.050000,-98.920897,0.227746,-22.630128,-23.600301,1.798532,-3.121099
-0.012097,0.000806,0.050000,-99.668355,-0.055506,-22.861638,-24.990534,1.321820,-3.610646
-0.012097,0.002419,0.050000,-100.686739,-0.296423,-23.078492,-23.418466,0.844411,-3.396909
-0.012097,0.004032,0.050000,-101.825283,-0.529713,-23.258199,-18.831398,0.396149,-2.468630
-0.012097,0.005645,0.050000,-102.677009,-0.785030,-23.316508,-11.226563,0.006068,-0.833253
-0.012097,0.007258,0.050000,-102.594230,-1.082041,-23.112324,-0.706782,-0.295144,1.471709
-0.012097,0.008871,0.050000,-100.730244,-1.425845,-22.459621,12.437030,-0.474718,4.361081
-0.012097,0.010484,0.050000,-96.119472,-1.803080,-21.148732,27.629672,-0.500131,7.681690
-0.012097,0.012097,0.050000,-87.807051,-2.179594,-18.978998,43.923288,-0.344461,11.194737
-0.012097,0.013710,0.050000,-75.031669,-2.500944,-15.802889,59.946864,0.005591,14.568145
-0.012097,0.015323,0.050000,-57.451348,-2.697163,-11.578257,73.929406,0.540238,17.387087
-0.012097,0.016935,0.050000,-35.381720,-2.692804,-6.420748,83.831295,1.217924,19.190050
-0.012097,0.018548,0.050000,-9.993591,-2.422306,-0.643364,87.605417,1.960456,19.534119
-0.012097,0.020161,0.050000,16.601675,-1.849036,5.233324,83.582078,2.655264,18.086204
-0.012097,0.021774,0.050000,41.454723,-0.984443,10.516717,70.930551,3.167455,14.727175
-0.012097,0.023387,0.050000,61.124682,0.098019,14.433962,50.102551,3.362437,9.645298
-0.012097,0.025000,0.050000,72.275675,1.260285,16.277683,23.123471,3.136872,3.387498
-0.010484,-0.025000,0.050000,59.312648,-3.316153,9.609622,4.574817,-4.207802,-3.936633
-0.010484,-0.023387,0.050000,55.559651,-1.290571,11.007308,29.194790,-5.221360,0.586241
-0.010484,-0.021774,0.050000,42.722869,0.863085,10.414941,50.498370,-5.304475,5.318620
-0.010484,-0.020161,0.050000,23.230321,2.757610,8.020983,65.626939,-4.572845,9.451295
-0.010484,-0.018548,0.050000,0.135128,4.132564,4.298739,73.149256,-3.271901,12.399558
-0.010484,-0.016935,0.050000,-23.559957,4.876477,-0.145216,73.004001,-1.695588,13.870038
-0.010484,-0.015323,0.050000,-45.397148,5.010302,-4.713215,66.195667,-0.117043,13.850067
-0.010484,-0.013710,0.050000,-63.726549,4.647731,-8.919832,54.378495,1.256201,12.543938
-0.010484,-0.012097,0.050000,-77.754161,3.948627,-12.445372,39.446286,2.300076,10.285742
-0.010484,-0.010484,0.050000,-87.432549,3.077982,-15.143640,23.206541,2.969837,7.454488
-0.010484,-0.008871,0.050000,-93.264858,2.177143,-17.016964,7.173569,3.282290,4.408111
-0.010484,-0.007258,0.050000,-96.085186,1.348799,-18.173983,-7.520788,3.292849,1.443183
-0.010484,-0.005645,0.050000,-96.859470,0.653641,-18.783610,-20.122720,3.073942,-1.220758
-0.010484,-0.004032,0.050000,-96.529683,0.114879,-19.034155,-30.191416,2.698511,-3.437999
-0.010484,-0.002419,0.050000,-95.906288,-0.273263,-19.101938,-37.505858,2.229897,-5.122032
-0.010484,-0.000806,0.050000,-95.602117,-0.536126,-19.129910,-41.969738,1.717661,-6.226538
-0.010484,0.000806,0.050000,-95.995527,-0.710125,-19.214634,-43.533028,1.197951,-6.727533
-0.010484,0.002419,0.050000,-97.210729,-0.835898,-19.399110,-42.141830,0.696757,-6.610424
-0.010484,0.004032,0.050000,-99.106925,-0.953009,-19.669393,-37.722965,0.234503,-5.864195
-0.010484,0.005645,0.050000,-101.273878,-1.095663,-19.953965,-30.206079,-0.169335,-4.483686
-0.010484,0.007258,0.050000,-103.038325,-1.288855,-20.126321,-19.582692,-0.492662,-2.479875
-0.010484,0.008871,0.050000,-103.491900,-1.544543,-20.012507,-5.997331,-0.709109,0.103050
-0.010484,0.010484,0.050000,-101.555416,-1.857940,-19.406309,10.140511,-0.788993,3.166506
-0.010484,0.012097,0.050000,-96.094553,-2.204525,-18.094721,28.043566,-0.703308,6.536644
-0.010484,0.013710,0.050000,-86.096164,-2.538914,-15.895072,46.463021,-0.430700,9.950135
-0.010484,0.015323,0.050000,-70.901096,-2.797065,-12.702365,63.672052,0.033322,13.054425
-0.010484,0.016935,0.050000,-50.468595,-2.903200,-8.541103,77.557062,0.666619,15.430274
-0.010484,0.018548,0.050000,-25.621944,-2.782174,-3.610834,85.847856,1.412701,16.642104
-0.010484,0.020161,0.050000,1.798451,-2.376706,1.689660,86.493008,2.178304,16.316125
-0.010484,0.021774,0.050000,28.959737,-1.667043,6.776252,78.145387,2.839434,14.237545
-0.010484,0.023387,0.050000,52.312194,-0.688671,10.944726,60.670961,3.257904,10.447797
-0.010484,0.025000,0.050000,68.144662,0.457761,13.490714,35.545298,3.307990,5.313488
-0.008871,-0.025000,0.050000,60.257223,-2.687003,8.617827,12.976508,-4.639945,-2.890885
-0.008871,-0.023387,0.050000,52.885734,-0.506777,9.551362,37.765415,-5.329349,1.204742
-0.008871,-0.021774,0.050000,36.622386,1.647155,8.682149,57.813772,-5.058532,5.339184
-0.008871,-0.020161,0.050000,14.399656,3.400001,6.245743,70.515815,-4.010578,8.790156
-0.008871,-0.018548,0.050000,-10.409678,4.528830,2.721769,74.839808,-2.479998,11.065076
-0.008871,-0.016935,0.050000,-34.687593,4.971677,-1.312474,71.169016,-0.785269,11.950493
-0.008871,-0.015323,0.050000,-56.040757,4.798566,-5.313004,60.911632,0.799748,11.489726
-0.008871,-0.013710,0.050000,-73.011960,4.162789,-8.859066,46.028186,2.085042,9.914263
-0.008871,-0.012097,0.050000,-85.068091,3.249763,-11.694304,28.597239,2.974597,7.557915
-0.008871,-0.010484,0.050000,-92.436692,2.235521,-13.725515,10.492878,3.454734,4.777518
-0.008871,-0.008871,0.050000,-95.870334,1.260358,-14.992835,-6.800492,3.570526,1.894527
-0.008871,-0.007258,0.050000,-96.404546,0.417712,-15.626644,-22.247097,3.399368,-0.837689
-0.008871,-0.005645,0.050000,-95.151796,-0.245107,-15.803634,-35.224296,3.028069,-3.243262
-0.008871,-0.004032,0.050000,-93.150254,-0.718976,-15.709881,-45.430779,2.536666,-5.216305
-0.008871,-0.002419,0.050000,-91.267430,-1.022112,-15.514103,-52.773065,1.989571,-6.703841
-0.008871,-0.000806,0.050000,-90.147436,-1.189425,-15.350806,-57.256597,1.432974,-7.685796
-0.008871,0.000806,0.050000,-90.186262,-1.263774,-15.311055,-58.898713,0.896701,-8.156896
-0.008871,0.002419,0.050000,-91.520584,-1.289588,-15.438086,-57.673523,0.398670,-8.113614
-0.008871,0.004032,0.050000,-94.020288,-1.308517,-15.725418,-53.493863,-0.049623,-7.547863
-0.008871,0.005645,0.050000,-97.281655,-1.356325,-16.116292,-46.232621,-0.437798,-6.448155
-0.008871,0.007258,0.050000,-100.625654,-1.460231,-16.504649,-35.783361,-0.752337,-4.808192
-0.008871,0.008871,0.050000,-103.112857,-1.636091,-16.739240,-22.156797,-0.974093,-2.642108
-0.008871,0.010484,0.050000,-103.591742,-1.885245,-16.633462,-5.603868,-1.078156,-0.004457
-0.008871,0.012097,0.050000,-100.798687,-2.191405,-15.983854,13.252581,-1.036524,2.988416
-0.008871,0.013710,0.050000,-93.523530,-2.518485,-14.599395,33.306479,-0.823760,6.140819
-0.008871,0.015323,0.050000,-80.842311,-2.810773,-12.341603,52.916890,-0.425293,9.170835
-0.008871,0.016935,0.050000,-62.397961,-2.996941,-9.171781,69.960780,0.152748,11.721688
-0.008871,0.018548,0.050000,-38.682537,-2.999140,-5.197121,82.029224,0.874204,13.397732
-0.008871,0.020161,0.050000,-11.247120,-2.747433,-0.702730,86.784278,1.666969,13.827357
-0.008871,0.021774,0.050000,17.252181,-2.198318,3.846068,82.453422,2.423755,12.747928
-0.008871,0.023387,0.050000,43.258920,-1.354101,7.845505,68.384046,3.012396,10.098366
-0.008871,0.025000,0.050000,62.820641,-0.278033,10.646348,45.524620,3.296879,6.095461
-0.007258,-0.025000,0.050000,60.398137,-2.116044,7.349373,20.223491,-4.940462,-2.387003
-0.007258,-0.023387,0.050000,49.916901,0.156699,8.063091,44.845468,-5.334835,1.171088
-0.007258,-0.021774,0.050000,30.839187,2.265435,7.190907,63.520081,-4.763236,4.702243
-0.007258,-0.020161,0.050000,6.510018,3.855091,4.972223,73.907621,-3.466141,7.570197
-0.007258,-0.018548,0.050000,-19.459631,4.742126,1.857334,75.352204,-1.775985,9.357090
-0.007258,-0.016935,0.050000,-43.895176,4.911199,-1.628724,68.632353,-0.025936,9.901721
-0.007258,-0.015323,0.050000,-64.498475,4.475280,-5.004510,55.498489,1.516346,9.272329
-0.007258,-0.013710,0.050000,-80.008826,3.619707,-7.910183,38.156225,2.681783,7.699029
-0.007258,-0.012097,0.050000,-90.136262,2.548070,-10.139719,18.817122,3.402568,5.493227
-0.007258,-0.010484,0.050000,-95.351375,1.441346,-11.634655,-0.615412,3.693794,2.975695
-0.007258,-0.008871,0.050000,-96.617462,0.434526,-12.453118,-18.708423,3.625097,0.425648
-0.007258,-0.007258,0.050000,-95.132095,-0.390558,-12.728586,-34.529740,3.291720,-1.945771
-0.007258,-0.005645,0.050000,-92.118385,-1.000706,-12.629712,-47.584886,2.791060,-4.000726
-0.007258,-0.004032,0.050000,-88.680541,-1.400414,-12.327938,-57.702676,2.207298,-5.665048
-0.007258,-0.002419,0.050000,-85.719413,-1.619112,-11.975258,-64.905519,1.604017,-6.910740
-0.007258,-0.000806,0.050000,-83.892898,-1.699646,-11.691309,-69.290200,1.023208,-7.736570
-0.007258,0.000806,0.050000,-83.602775,-1.689494,-11.557298,-70.934976,0.488481,-8.150938
-0.007258,0.002419,0.050000,-84.991599,-1.634948,-11.613893,-69.841299,0.010484,-8.159510
-0.007258,0.004032,0.050000,-87.938757,-1.577688,-11.860702,-65.914025,-0.407032,-7.758860
-0.007258,0.005645,0.050000,-92.052115,-1.552805,-12.256080,-58.981846,-0.761551,-6.936593
-0.007258,0.007258,0.050000,-96.659630,-1.587313,-12.717238,-48.858205,-1.047244,-5.677911
-0.007258,0.008871,0.050000,-100.812973,-1.698405,-13.121949,-35.440519,-1.252010,-3.978147
-0.007258,0.010484,0.050000,-103.321241,-1.891094,-13.314143,-18.840346,-1.356567,-1.860043
-0.007258,0.012097,0.050000,-102.835485,-2.155382,-13.116220,0.471440,-1.335987,0.606605
-0.007258,0.013710,0.050000,-98.001697,-2.463609,-12.350545,21.531965,-1.163978,3.286891
-0.007258,0.015323,0.050000,-87.688739,-2.769174,-10.871101,42.805656,-0.819891,5.969922
-0.007258,0.016935,0.050000,-71.277329,-3.008104,-8.603398,62.202958,-0.297869,8.371845
-0.007258,0.018548,0.050000,-48.968040,-3.104970,-5.586740,77.243534,0.383309,10.159157
-0.007258,0.020161,0.050000,-22.035816,-2.984074,-2.008542,85.390244,1.172019,10.996000
-0.007258,0.021774,0.050000,7.064185,-2.585681,1.782904,84.541648,1.980328,10.613584
-0.007258,0.023387,0.050000,34.836394,-1.885306,5.301085,73.615154,2.688509,8.891756
-0.007258,0.025000,0.050000,57.195630,-0.912021,7.988564,53.091939,3.159944,5.933801
-0.005645,-0.025000,0.050000,60.194147,-1.627487,5.905820,26.140184,-5.144250,-2.378421
-0.005645,-0.023387,0.050000,47.181758,0.693549,6.623395,50.462758,-5.285111,0.578204
-0.005645,-0.021774,0.050000,25.886923,2.733889,5.983036,67.864531,-4.469618,3.537135
-0.005645,-0.020161,0.050000,-0.020958,4.161347,4.190168,76.251392,-2.984973,5.941044
-0.005645,-0.018548,0.050000,-26.758186,4.829968,1.637133,75.293056,-1.191560,7.426219
-0.005645,-0.016935,0.050000,-51.129248,4.765613,-1.219155,66.097902,0.570139,7.856000
-0.005645,-0.015323,0.050000,-70.937149,4.116959,-3.962680,50.692177,2.042586,7.295069
-0.005645,-0.013710,0.050000,-85.099434,3.094055,-6.286727,31.470069,3.078150,5.947899
-0.005645,-0.012097,0.050000,-93.534994,1.912506,-8.020787,10.735838,3.635072,4.086401
-0.005645,-0.010484,0.050000,-96.915653,0.753928,-9.123140,-9.599996,3.753436,1.986254
-0.005645,-0.008871,0.050000,-96.373184,-0.254309,-9.651960,-28.161666,3.523076,-0.117231
-0.005645,-0.007258,0.050000,-93.229398,-1.042590,-9.728119,-44.113612,3.052969,-2.051147
-0.005645,-0.005645,0.050000,-88.787159,-1.591190,-9.499834,-57.074431,2.447792,-3.708134
-0.005645,-0.004032,0.050000,-84.193276,-1.916871,-9.114959,-66.984425,1.793622,-5.036643
-0.005645,-0.002419,0.050000,-80.365115,-2.058645,-8.702758,-73.963588,1.152076,-6.024706
-0.005645,-0.000806,0.050000,-77.962717,-2.065668,-8.364144,-78.185118,0.560796,-6.682410
-0.005645,0.000806,0.050000,-77.385763,-1.988557,-8.167951,-79.778798,0.037829,-7.026602
-0.005645,0.002419,0.050000,-78.777593,-1.874125,-8.150503,-78.770992,-0.412227,-7.069790
-0.005645,0.004032,0.050000,-82.024671,-1.762780,-8.316220,-75.063865,-0.791811,-6.814066
-0.005645,0.005645,0.050000,-86.747483,-1.687526,-8.637975,-68.454994,-1.104666,-6.250305
-0.005645,0.007258,0.050000,-92.287203,-1.673516,-9.056953,-58.697830,-1.351267,-5.362569
-0.005645,0.008871,0.050000,-97.700378,-1.737338,-9.482942,-45.601808,-1.525729,-4.137431
-0.005645,0.010484,0.050000,-101.780540,-1.885541,-9.796852,-29.166383,-1.614421,-2.577532
-0.005645,0.012097,0.050000,-103.129117,-2.112360,-9.857902,-9.734941,-1.596620,-0.717861
-0.005645,0.013710,0.050000,-100.296052,-2.397039,-9.517889,11.857312,-1.447519,1.357950
-0.005645,0.015323,0.050000,-92.000474,-2.701673,-8.644037,34.180477,-1.143793,3.505507
-0.005645,0.016935,0.050000,-77.422086,-2.970908,-7.149882,55.201012,-0.671569,5.517143
-0.005645,0.018548,0.050000,-56.525398,-3.135046,-5.030497,72.415952,-0.035963,7.134746
-0.005645,0.020161,0.050000,-30.346553,-3.117944,-2.394546,83.163603,0.729525,8.082178
-0.005645,0.021774,0.050000,-1.146005,-2.850322,0.517712,85.107436,1.556433,8.117614
-0.005645,0.023387,0.050000,27.676805,-2.287684,3.342702,76.834192,2.340891,7.099776
-0.005645,0.025000,0.050000,51.984559,-1.430036,5.637810,58.442882,2.952519,5.054250
-0.004032,-0.025000,0.050000,60.042721,-1.236115,4.340086,30.625259,-5.281845,-2.784053
-0.004032,-0.023387,0.050000,45.113659,1.105515,5.249818,54.692184,-5.217883,-0.468584
-0.004032,-0.021774,0.050000,22.162226,3.072869,5.031986,71.101559,-4.214585,1.958617
-0.004032,-0.020161,0.050000,-4.898655,4.356203,3.826491,77.956597,-2.595403,4.010088
-0.004032,-0.018548,0.050000,-32.161259,4.842476,1.945212,75.182039,-0.740379,5.356382
-0.004032,-0.016935,0.050000,-56.423376,4.591660,-0.233996,64.140162,1.007538,5.860515
-0.004032,-0.015323,0.050000,-75.573723,3.780549,-2.360320,47.065723,2.402108,5.559300
-0.004032,-0.013710,0.050000,-88.671990,2.637319,-4.171280,26.491758,3.315290,4.611897
-0.004032,-0.012097,0.050000,-95.799348,1.384913,-5.517775,4.786659,3.727547,3.237852
-0.004032,-0.010484,0.050000,-97.780802,0.203079,-6.358914,-16.140349,3.699301,1.662066
-0.004032,-0.008871,0.050000,-95.873563,-0.789008,-6.737897,-34.962863,3.336074,0.076468
-0.004032,-0.007258,0.050000,-91.489177,-1.533095,-6.750547,-50.923208,2.756861,-1.379236
-0.004032,-0.005645,0.050000,-85.985231,-2.021268,-6.515446,-63.728780,2.071014,-2.620500
-0.004032,-0.004032,0.050000,-80.534576,-2.280611,-6.150785,-73.406151,1.365060,-3.609834
-0.004032,-0.002419,0.050000,-76.060967,-2.357887,-5.759512,-80.150256,0.698238,-4.343167
-0.004032,-0.000806,0.050000,-73.220543,-2.307069,-5.421884,-84.193052,0.104263,-4.835154
-0.004032,0.000806,0.050000,-72.406834,-2.180807,-5.193271,-85.704774,-0.403356,-5.106321
-0.004032,0.002419,0.050000,-73.760599,-2.025649,-5.104786,-84.733164,-0.824635,-5.173586
-0.004032,0.004032,0.050000,-77.172315,-1.880096,-5.164730,-81.182286,-1.166549,-5.044684
-0.004032,0.005645,0.050000,-82.273107,-1.774385,-5.359556,-74.831504,-1.437392,-4.716559
-0.004032,0.007258,0.050000,-88.418291,-1.730893,-5.653957,-65.395158,-1.642394,-4.177577
-0.004032,0.008871,0.050000,-94.675876,-1.764325,-5.990527,-52.622396,-1.780709,-3.413420
-0.004032,0.010484,0.050000,-99.839286,-1.881115,-6.290241,-36.432653,-1.843830,-2.416332
-0.004032,0.012097,0.050000,-102.487648,-2.077851,-6.455590,-17.074266,-1.815623,-1.196977
-0.004032,0.013710,0.050000,-101.115834,-2.338902,-6.378420,4.718181,-1.674249,0.202666
-0.004032,0.015323,0.050000,-94.347353,-2.633885,-5.954157,27.605934,-1.396323,1.698089
-0.004032,0.016935,0.050000,-81.224195,-2.916061,-5.102847,49.616977,-0.963464,3.156609
-0.004032,0.018548,0.050000,-61.539334,-3.123154,-3.795257,68.257492,-0.370965,4.401910
-0.004032,0.020161,0.050000,-36.144128,-3.182208,-2.079297,80.802001,0.362503,5.232864
-0.004032,0.021774,0.050000,-7.133847,-3.019776,-0.099003,84.765627,1.186262,5.458442
-0.004032,0.023387,0.050000,22.196447,-2.577684,1.903672,78.506812,2.013211,4.946004
-0.004032,0.025000,0.050000,47.711898,-1.832791,3.613270,61.842739,2.723287,3.674191
-0.002419,-0.025000,0.050000,60.255341,-0.950900,2.660781,33.612428,-5.377825,-3.499047
-0.002419,-0.023387,0.050000,44.043707,1.397528,3.906013,57.605626,-5.161412,-1.860401
-0.002419,-0.021774,0.050000,19.959014,3.301802,4.256569,73.439498,-4.023346,0.062037
-0.002419,-0.020161,0.050000,-7.915540,4.471243,3.761616,79.344865,-2.313531,1.843327
-0.002419,-0.018548,0.050000,-35.582352,4.818945,2.634808,75.416094,-0.425159,3.172222
-0.002419,-0.016935,0.050000,-59.829210,4.430925,1.166613,63.186625,1.298878,3.891484
-0.002419,-0.015323,0.050000,-78.598279,3.504619,-0.356712,45.033191,2.622550,3.990785
-0.002419,-0.013710,0.050000,-91.041845,2.280723,-1.709446,23.584547,3.433740,3.568652
-0.002419,-0.012097,0.050000,-97.348061,0.986304,-2.752471,1.254670,3.730187,2.782548
-0.002419,-0.010484,0.050000,-98.443275,-0.201675,-3.433165,-20.045743,3.587589,1.802665
-0.002419,-0.008871,0.050000,-95.667530,-1.171366,-3.768194,-39.021336,3.122828,0.778510
-0.002419,-0.007258,0.050000,-90.491118,-1.873914,-3.819070,-54.964872,2.461774,-0.178983
-0.002419,-0.005645,0.050000,-84.306602,-2.310820,-3.668228,-67.641786,1.716603,-1.001746
-0.002419,-0.004032,0.050000,-78.302226,-2.517191,-3.400245,-77.135379,0.973605,-1.659428
-0.002419,-0.002419,0.050000,-73.403614,-2.545662,-3.089787,-83.690279,0.289865,-2.149381
-0.002419,-0.000806,0.050000,-70.261598,-2.453708,-2.795734,-87.578145,-0.303963,-2.485436
-0.002419,0.000806,0.050000,-69.262809,-2.295252,-2.559815,-88.997804,-0.797638,-2.687879
-0.002419,0.002419,0.050000,-70.543724,-2.116234,-2.407762,-88.014297,-1.194292,-2.775796
-0.002419,0.004032,0.050000,-73.995709,-1.953144,-2.351270,-84.537643,-1.503835,-2.762117
-0.002419,0.005645,0.050000,-79.256648,-1.833355,-2.389564,-78.341428,-1.737500,-2.651276
-0.002419,0.007258,0.050000,-85.693260,-1.776168,-2.509964,-69.121648,-1.903761,-2.439285
-0.002419,0.008871,0.050000,-92.386317,-1.793732,-2.687473,-56.595608,-2.005540,-2.116134
-0.002419,0.010484,0.050000,-98.138095,-1.891229,-2.883983,-40.637080,-2.038631,-1.670486
-0.002419,0.012097,0.050000,-101.525734,-2.066057,-3.048228,-21.436287,-1.991343,-1.096528
-0.002419,0.013710,0.050000,-101.023590,-2.305960,-3.117996,0.338532,-1.845579,-0.402469
-0.002419,0.015323,0.050000,-95.209195,-2.586510,-3.026162,23.415152,-1.579721,0.380593
-0.002419,0.016935,0.050000,-83.049212,-2.868723,-2.711674,45.876159,-1.173734,1.191680
-0.002419,0.018548,0.050000,-64.233684,-3.098145,-2.135410,65.255219,-0.616650,1.937992
-0.002419,0.020161,0.050000,-39.493154,-3.207113,-1.298833,78.811551,0.084053,2.501518
-0.002419,0.021774,0.050000,-10.802904,-3.121945,-0.260931,83.990304,0.892672,2.756854
-0.002419,0.023387,0.050000,18.634819,-2.776194,0.853293,79.022376,1.737893,2.600362
-0.002419,0.025000,0.050000,44.721392,-2.129528,1.860260,63.550770,2.511653,1.986572
-0.000806,-0.025000,0.050000,61.040292,-0.777831,0.842097,35.037736,-5.450084,-4.399781
-0.000806,-0.023387,0.050000,44.198447,1.574216,2.514137,59.232102,-5.135336,-3.485473
-0.000806,-0.021774,0.050000,19.483193,3.435766,3.534049,75.000027,-3.912074,-2.072019
-0.000806,-0.020161,0.050000,-8.920090,4.529625,3.841283,80.615312,-2.147670,-0.524489
-0.000806,-0.018548,0.050000,-36.948007,4.786795,3.536966,76.246233,-0.243549,0.854252
-0.000806,-0.016935,0.050000,-61.362941,4.310754,2.816478,63.509955,1.458101,1.873228
-0.000806,-0.015323,0.050000,-80.116664,3.312443,1.900409,44.859221,2.728641,2.461270
-0.000806,-0.013710,0.050000,-92.395297,2.040400,0.981816,22.979917,3.466942,2.644930
-0.000806,-0.012097,0.050000,-98.432783,0.723840,0.197082,0.319907,3.682383,2.512031
-0.000806,-0.010484,0.050000,-99.202469,-0.462716,-0.381085,-21.198315,3.460751,2.174555
-0.000806,-0.008871,0.050000,-96.085028,-1.412802,-0.735002,-40.285108,2.926272,1.739610
-0.000806,-0.007258,0.050000,-90.580990,-2.084215,-0.885585,-56.250516,2.209124,1.291905
-0.000806,-0.005645,0.050000,-84.101828,-2.485003,-0.874768,-68.883135,1.423129,0.887039
-0.000806,-0.004032,0.050000,-77.844615,-2.655801,-0.750997,-78.290836,0.654286,0.552728
-0.000806,-0.002419,0.050000,-72.736222,-2.653264,-0.559583,-84.741298,-0.041742,0.294525
-0.000806,-0.000806,0.050000,-69.424068,-2.537225,-0.337893,-88.526195,-0.636176,0.103119
-0.000806,0.000806,0.050000,-68.289582,-2.362376,-0.114285,-89.860858,-1.120625,-0.038688
-0.000806,0.002419,0.050000,-69.464738,-2.174027,0.090629,-88.823377,-1.499859,-0.150247
-0.000806,0.004032,0.050000,-72.839057,-2.006915,0.261787,-85.333489,-1.785244,-0.248770
-0.000806,0.005645,0.050000,-78.052595,-1.885860,0.387633,-79.170968,-1.989527,-0.346301
-0.000806,0.007258,0.050000,-84.478858,-1.827238,0.458997,-70.033749,-2.123068,-0.447716
-0.000806,0.008871,0.050000,-91.209677,-1.840442,0.469331,-57.635513,-2.191355,-0.549684
-0.000806,0.010484,0.050000,-97.061142,-1.928739,0.416332,-41.839219,-2.193555,-0.640788
-0.000806,0.012097,0.050000,-100.624054,-2.089166,0.304610,-22.815610,-2.121965,-0.703208
-0.000806,0.013710,0.050000,-100.382007,-2.311295,0.148503,-1.204263,-1.962479,-0.716405
-0.000806,0.015323,0.050000,-94.912127,-2.574977,-0.026270,21.759121,-1.696411,-0.662906
-0.000806,0.016935,0.050000,-83.165809,-2.847625,-0.183733,44.197485,-1.304252,-0.535618
-0.000806,0.018548,0.050000,-64.799286,-3.082105,-0.282944,63.681633,-0.771848,-0.345028
-0.000806,0.020161,0.050000,-40.490500,-3.216919,-0.287906,77.495100,-0.099071,-0.123680
-0.000806,0.021774,0.050000,-12.148258,-3.180761,-0.180794,83.084097,0.689963,0.075254
-0.000806,0.023387,0.050000,17.094586,-2.903238,0.024985,78.648948,1.537461,0.187819
-0.000806,0.025000,0.050000,43.195612,-2.332353,0.277408,63.767676,2.347171,0.157859
0.000806,-0.025000,0.050000,62.488812,-0.721896,-1.161976,34.817544,-5.509418,-5.344090
0.000806,-0.023387,0.050000,45.696208,1.637579,0.969312,59.530408,-5.151474,-5.223196
0.000806,-0.021774,0.050000,20.860629,3.483438,2.712467,75.790036,-3.890062,-4.365727
0.000806,-0.020161,0.050000,-7.797632,4.544890,3.884573,81.820175,-2.101700,-3.072740
0.000806,-0.018548,0.050000,-36.169577,4.761705,4.462659,77.760772,-0.192298,-1.640504
0.000806,-0.016935,0.050000,-60.971166,4.245981,4.538647,65.221461,1.495988,-0.299584
0.000806,-0.015323,0.050000,-80.114045,3.215338,4.263097,46.663957,2.737930,0.810340
0.000806,-0.013710,0.050000,-92.754310,1.922196,3.795736,24.793883,3.437652,1.636344
0.000806,-0.012097,0.050000,-99.106841,0.596817,3.272240,2.083970,3.610143,2.190605
0.000806,-0.010484,0.050000,-100.135627,-0.587522,2.788901,-19.517863,3.346100,2.522977
0.000806,-0.008871,0.050000,-97.219248,-1.527087,2.401609,-38.699084,2.773363,2.696342
0.000806,-0.007258,0.050000,-91.860595,-2.183079,2.133454,-54.751094,2.024302,2.769055
0.000806,-0.005645,0.050000,-85.475362,-2.566955,1.985541,-67.448737,1.213710,2.785263
0.000806,-0.004032,0.050000,-79.264646,-2.722286,1.947104,-76.891008,0.427693,2.771703
0.000806,-0.002419,0.050000,-74.157754,-2.707921,2.002846,-83.341327,-0.278431,2.738705
0.000806,-0.000806,0.050000,-70.802294,-2.585018,2.136929,-87.091487,-0.876345,2.683322
0.000806,0.000806,0.050000,-69.577653,-2.408687,2.334000,-88.361241,-1.358021,2.593136
0.000806,0.002419,0.050000,-70.612233,-2.223772,2.578110,-87.237512,-1.728424,2.450032
0.000806,0.004032,0.050000,-73.791800,-2.063707,2.850512,-83.653416,-1.999043,2.233826
0.000806,0.005645,0.050000,-78.754406,-1.951305,3.127333,-77.406568,-2.182898,1.925963
0.000806,0.007258,0.050000,-84.875676,-1.900445,3.378024,-68.216531,-2.291084,1.513541
0.000806,0.008871,0.050000,-91.256201,-1.917898,3.565443,-55.820822,-2.330594,0.993652
0.000806,0.010484,0.050000,-96.729610,-2.004713,3.648247,-40.105639,-2.303070,0.377674
0.000806,0.012097,0.050000,-99.914115,-2.156757,3.585961,-21.260335,-2.204212,-0.305418
0.000806,0.013710,0.050000,-99.329839,-2.364136,3.346485,0.066475,-2.023833,-1.008028
0.000806,0.015323,0.050000,-93.596269,-2.609397,2.914999,22.644643,-1.746853,-1.666606
0.000806,0.016935,0.050000,-81.706896,-2.864793,2.302234,44.621066,-1.355888,-2.209016
0.000806,0.018548,0.050000,-63.351290,-3.089461,1.549398,63.609887,-0.836166,-2.566496
0.000806,0.020161,0.050000,-39.222448,-3.228088,0.726935,76.954079,-0.183272,-2.688478
0.000806,0.021774,0.050000,-11.217699,-3.213300,-0.074687,82.167034,0.586697,-2.556770
0.000806,0.023387,0.050000,17.572252,-2.974097,-0.761802,77.511102,1.426454,-2.194384
0.000806,0.025000,0.050000,43.175196,-2.451736,-1.258624,62.605937,2.250067,-1.664581
0.002419,-0.025000,0.050000,64.561804,-0.788207,-3.399671,32.840404,-5.559053,-6.168814
0.002419,-0.023387,0.050000,48.537896,1.585655,-0.843438,58.376169,-5.214180,-6.934030
0.002419,-0.021774,0.050000,24.133503,3.445970,1.623615,75.685949,-3.960938,-6.727023
0.002419,-0.020161,0.050000,-4.468037,4.520463,3.690603,82.848786,-2.177006,-5.772768
0.002419,-0.018548,0.050000,-33.135472,4.748027,5.201729,79.871145,-0.269634,-4.353518
0.002419,-0.016935,0.050000,-58.518929,4.240387,6.136063,68.260405,1.417709,-2.736667
0.002419,-0.015323,0.050000,-78.440358,3.215178,6.565884,50.416857,2.658643,-1.131381
0.002419,-0.013710,0.050000,-91.961060,1.925085,6.611423,29.025642,3.356392,0.326564
0.002419,-0.012097,0.050000,-99.210423,0.600757,6.403786,6.573243,3.525360,1.569222
0.002419,-0.010484,0.050000,-101.084863,-0.584148,6.060986,-14.954684,3.255979,2.579765
0.002419,-0.008871,0.050000,-98.916307,-1.525635,5.676690,-34.194802,2.676134,3.372842
0.002419,-0.007258,0.050000,-94.180542,-2.184823,5.318412,-50.384172,1.918524,3.977294
0.002419,-0.005645,0.050000,-88.281554,-2.573288,5.031040,-63.246925,1.098494,4.423571
0.002419,-0.004032,0.050000,-82.418811,-2.734887,4.842186,-72.839597,0.302904,4.736005
0.002419,-0.002419,0.050000,-77.524836,-2.728834,4.767009,-79.393924,-0.412011,4.929000
0.002419,-0.000806,0.050000,-74.251019,-2.616600,4.811289,-83.181882,-1.016874,5.005900
0.002419,0.000806,0.050000,-72.978269,-2.453397,4.972442,-84.415622,-1.502488,4.959575
0.002419,0.002419,0.050000,-73.833151,-2.283793,5.238721,-83.186772,-1.872618,4.774232
0.002419,0.004032,0.050000,-76.696937,-2.140428,5.587209,-79.445500,-2.137645,4.428394
0.002419,0.005645,0.050000,-81.202991,-2.044726,5.981445,-73.018675,-2.309786,3.899264
0.002419,0.007258,0.050000,-86.726099,-2.008620,6.369744,-63.666558,-2.399897,3.168683
0.002419,0.008871,0.050000,-92.375038,-2.036574,6.685439,-51.176750,-2.415585,2.230603
0.002419,0.010484,0.050000,-97.006190,-2.127356,6.850302,-35.490873,-2.360186,1.099446
0.002419,0.012097,0.050000,-99.279844,-2.275138,6.782154,-16.852440,-2.232222,-0.182065
0.002419,0.013710,0.050000,-97.779910,-2.469550,6.406997,4.046226,-2.025212,-1.537757
0.002419,0.015323,0.050000,-91.209733,-2.694439,5.674803,25.952736,-1.728066,-2.858163
0.002419,0.016935,0.050000,-78.659595,-2.925370,4.576518,47.024290,-1.326711,-4.008409
0.002419,0.018548,0.050000,-59.915595,-3.126496,3.158254,64.926272,-0.807877,-4.845088
0.002419,0.020161,0.050000,-35.748658,-3.248225,1.527660,77.096216,-0.165836,-5.241145
0.002419,0.021774,0.050000,-8.094802,-3.227984,-0.152216,81.178684,0.587848,-5.114814
0.002419,0.023387,0.050000,19.974021,-2.996747,-1.684064,75.586374,1.413074,-4.455815
0.002419,0.025000,0.050000,44.571642,-2.493363,-2.870919,60.081238,2.231988,-3.340440
0.004032,-0.025000,0.050000,67.076501,-0.982229,-5.899895,28.975512,-5.593951,-6.687729
0.004032,-0.023387,0.050000,52.590629,1.412057,-3.028699,55.565561,-5.319993,-8.448438
0.004032,-0.021774,0.050000,29.242589,3.316545,0.099081,74.432024,-4.122732,-9.030445
0.004032,-0.020161,0.050000,1.096916,4.449437,3.047453,83.420416,-2.372900,-8.562663
0.004032,-0.018548,0.050000,-27.726743,4.738959,5.523051,82.299764,-0.475885,-7.296208
0.004032,-0.016935,0.050000,-53.802438,4.287353,7.382438,72.377717,1.222189,-5.523138
0.004032,-0.015323,0.050000,-74.819527,3.305502,8.607802,55.917248,2.489204,-3.515498
0.004032,-0.013710,0.050000,-89.683425,2.042680,9.268211,35.535944,3.221313,-1.490337
0.004032,-0.012097,0.050000,-98.372438,0.729218,9.480193,13.715971,3.426093,0.402012
0.004032,-0.010484,0.050000,-101.655746,-0.459252,9.375855,-7.513134,3.188516,2.073327
0.004032,-0.008871,0.050000,-100.771106,-1.415471,9.081503,-26.714167,2.632932,3.484152
0.004032,-0.007258,0.050000,-97.134002,-2.096976,8.706084,-43.037571,1.890483,4.627808
0.004032,-0.005645,0.050000,-92.116966,-2.512140,8.336870,-56.121928,1.076664,5.515592
0.004032,-0.004032,0.050000,-86.908782,-2.702405,8.039453,-65.948862,0.279743,6.164959
0.004032,-0.002419,0.050000,-82.443310,-2.725446,7.859508,-72.691484,-0.441850,6.591112
0.004032,-0.000806,0.050000,-79.377596,-2.641952,7.824547,-76.582179,-1.056137,6.801692
0.004032,0.000806,0.050000,-78.096971,-2.506823,7.944686,-77.813521,-1.551230,6.794190
0.004032,0.002419,0.050000,-78.728316,-2.364447,8.212074,-76.477739,-1.928321,6.555812
0.004032,0.004032,0.050000,-81.149151,-2.247088,8.599192,-72.545676,-2.195526,6.065821
0.004032,0.005645,0.050000,-84.987953,-2.175335,9.056745,-65.884558,-2.363281,5.300531
0.004032,0.007258,0.050000,-89.619011,-2.159705,9.512293,-56.313519,-2.441378,4.241086
0.004032,0.008871,0.050000,-94.162546,-2.202716,9.871198,-43.694689,-2.437314,2.883773
0.004032,0.010484,0.050000,-97.506823,-2.300922,10.021616,-28.054220,-2.355488,1.251932
0.004032,0.012097,0.050000,-98.372219,-2.446473,9.845072,-9.720792,-2.196769,-0.592475
0.004032,0.013710,0.050000,-95.435722,-2.627769,9.233334,10.540867,-1.958194,-2.540627
0.004032,0.015323,0.050000,-87.525931,-2.828826,8.110758,31.435340,-1.632938,-4.435650
0.004032,0.016935,0.050000,-73.881723,-3.027198,6.459093,51.123732,-1.211198,-6.082124
0.004032,0.018548,0.050000,-54.442930,-3.190869,4.339433,67.336854,-0.682987,-7.268593
0.004032,0.020161,0.050000,-30.112437,-3.275391,1.904218,77.645820,-0.043896,-7.802511
0.004032,0.021774,0.050000,-2.904411,-3.223550,-0.607890,79.890511,0.695820,-7.552990
0.004032,0.023387,0.050000,24.115408,-2.970434,-2.899116,72.717769,1.499979,-6.492318
0.004032,0.025000,0.050000,47.171536,-2.456370,-4.661396,56.123217,2.296351,-4.724206
0.005645,-0.025000,0.050000,69.695252,-1.309003,-8.647645,23.099693,-5.599867,-6.693638
0.005645,-0.023387,0.050000,57.565672,1.106482,-5.655543,50.838455,-5.456548,-9.558877
0.005645,-0.021774,0.050000,35.996084,3.080608,-2.007933,71.655949,-4.366721,-11.099434
0.005645,-0.020161,0.050000,8.836082,4.314566,1.747440,83.089557,-2.685462,-11.321653
0.005645,-0.018548,0.050000,-19.857401,4.716354,5.181076,84.573485,-0.812365,-10.419090
0.005645,-0.016935,0.050000,-46.588821,4.369520,8.019026,77.117374,0.903162,-8.686469
0.005645,-0.015323,0.050000,-68.885605,3.471091,10.139470,62.764414,2.219249,-6.443512
0.005645,-0.013710,0.050000,-85.445179,2.262750,11.543999,44.007440,3.019149,-3.980696
0.005645,-0.012097,0.050000,-96.033281,0.973275,12.318697,23.294801,3.297505,-1.529429
0.005645,-0.010484,0.050000,-101.232023,-0.218595,12.596231,2.695145,3.128566,0.747040
0.005645,-0.008871,0.050000,-102.134113,-1.199704,12.525224,-16.266598,2.629363,2.748421
0.005645,-0.007258,0.050000,-100.056292,-1.920709,12.249020,-32.628930,1.927345,4.424390
0.005645,-0.005645,0.050000,-96.313951,-2.383533,11.893073,-45.914749,1.137488,5.758936
0.005645,-0.004032,0.050000,-92.070460,-2.624447,11.558847,-56.001107,0.349896,6.755424
0.005645,-0.002419,0.050000,-88.254413,-2.697557,11.321730,-62.976977,-0.373677,7.424161
0.005645,-0.000806,0.050000,-85.527069,-2.661479,11.230798,-67.015949,-0.997226,7.773263
0.005645,0.000806,0.050000,-84.279377,-2.570170,11.308850,-68.279170,-1.504697,7.803030
0.005645,0.002419,0.050000,-84.640702,-2.467705,11.551841,-66.855284,-1.893372,7.503933
0.005645,0.004032,0.050000,-86.487284,-2.386167,11.927558,-62.739133,-2.167971,6.858308
0.005645,0.005645,0.050000,-89.445815,-2.345677,12.374090,-55.848682,-2.336247,5.845895
0.005645,0.007258,0.050000,-92.895070,-2.355728,12.799344,-46.078585,-2.406201,4.453219
0.005645,0.008871,0.050000,-95.975511,-2.417186,13.083395,-33.387095,-2.384648,2.686308
0.005645,0.010484,0.050000,-97.622172,-2.524480,13.085801,-17.909350,-2.276608,0.585409
0.005645,0.012097,0.050000,-96.638594,-2.667547,12.659712,-0.083412,-2.085012,-1.760819
0.005645,0.013710,0.050000,-91.827366,-2.833040,11.673677,19.233813,-1.810363,-4.205428
0.005645,0.015323,0.050000,-82.183926,-3.004332,10.040086,38.693650,-1.450436,-6.542289
0.005645,0.016935,0.050000,-67.143648,-3.159996,7.746527,56.465768,-1.000574,-8.518772
0.005645,0.018548,0.050000,-46.848715,-3.270981,4.883361,70.370463,-0.455645,-9.864952
0.005645,0.020161,0.050000,-22.374992,-3.297620,1.658577,78.158005,0.185155,-10.338703
0.005645,0.021774,0.050000,4.161907,-3.188663,-1.609331,77.928849,0.910063,-9.780939
0.005645,0.023387,0.050000,29.706811,-2.885315,-4.526912,68.641861,1.683927,-8.169605
0.005645,0.025000,0.050000,50.633906,-2.332988,-6.689920,50.604344,2.437942,-5.656890
0.007258,-0.025000,0.050000,71.921689,-1.771138,-11.557971,15.143595,-5.552374,-5.968844
0.007258,-0.023387,0.050000,62.995862,0.656416,-8.727642,43.923771,-5.600870,-10.019692
0.007258,-0.021774,0.050000,44.029314,2.717051,-4.793031,66.906473,-4.675117,-12.694933
0.007258,-0.020161,0.050000,18.544288,4.088765,-0.387483,81.270075,-3.104820,-13.848261
0.007258,-0.018548,0.050000,-9.538548,4.650442,3.933941,86.030278,-1.278472,-13.581569
0.007258,-0.016935,0.050000,-36.684139,4.457757,7.763489,81.803661,0.452026,-12.160690
0.007258,-0.015323,0.050000,-60.249308,3.686247,10.861908,70.325472,1.832214,-9.928418
0.007258,-0.013710,0.050000,-78.686498,2.564969,13.144224,53.894773,2.727422,-7.232988
0.007258,-0.012097,0.050000,-91.496001,1.318925,14.645425,34.881725,3.113594,-4.380104
0.007258,-0.010484,0.050000,-99.015488,0.130172,15.479589,15.374141,3.048953,-1.608673
0.007258,-0.008871,0.050000,-102.139334,-0.880316,15.801865,-3.015008,2.639107,0.914295
0.007258,-0.007258,0.050000,-102.041467,-1.653489,15.778247,-19.197776,2.005205,3.085966
0.007258,-0.005645,0.050000,-99.947268,-2.181777,15.564510,-32.559051,1.260523,4.853180
0.007258,-0.004032,0.050000,-96.972658,-2.493520,15.293311,-42.846729,0.496987,6.195914
0.007258,-0.002419,0.050000,-94.028007,-2.637045,15.067357,-50.043029,-0.219564,7.111900
0.007258,-0.000806,0.050000,-91.772635,-2.667327,14.956295,-54.244928,-0.847893,7.604277
0.007258,0.000806,0.050000,-90.601668,-2.636413,14.995367,-55.570731,-1.366446,7.673288
0.007258,0.002419,0.050000,-90.648729,-2.587584,15.184479,-54.101117,-1.767327,7.312498
0.007258,0.004032,0.050000,-91.793081,-2.552602,15.487241,-49.857500,-2.050773,6.509819
0.007258,0.005645,0.050000,-93.666611,-2.551185,15.830345,-42.817462,-2.220995,5.253433
0.007258,0.007258,0.050000,-95.663113,-2.591952,16.104567,-32.965121,-2.283582,3.542396
0.007258,0.008871,0.050000,-96.958692,-2.674255,16.169332,-20.371998,-2.244248,1.401108
0.007258,0.010484,0.050000,-96.556782,-2.790448,15.863128,-5.299936,-2.108407,-1.104194
0.007258,0.012097,0.050000,-93.372851,-2.928156,15.021738,11.688759,-1.881011,-3.850066
0.007258,0.013710,0.050000,-86.370780,-3.072013,13.505034,29.637096,-1.566222,-6.646166
0.007258,0.015323,0.050000,-74.753598,-3.204332,11.230783,47.146550,-1.166907,-9.236657
0.007258,0.016935,0.050000,-58.194976,-3.304226,8.210820,62.413929,-0.684462,-11.317872
0.007258,0.018548,0.050000,-37.076102,-3.345284,4.581497,73.385034,-0.120015,-12.575304
0.007258,0.020161,0.050000,-12.669425,-3.292744,0.617890,78.042214,0.521727,-12.738667
0.007258,0.021774,0.050000,12.805744,-3.102266,-3.278948,74.811836,1.225237,-11.647699
0.007258,0.023387,0.050000,36.330653,-2.723284,-6.628844,63.033616,1.954201,-9.314773
0.007258,0.025000,0.050000,54.485813,-2.109718,-8.953020,43.386001,2.641749,-5.965646
0.008871,-0.025000,0.050000,73.112341,-2.365383,-14.451992,5.155248,-5.416310,-4.307931
0.008871,-0.023387,0.050000,68.221568,0.050422,-12.150559,34.608373,-5.717461,-9.560273
0.008871,-0.021774,0.050000,52.764142,2.200858,-8.263212,59.717948,-5.017908,-13.516381
0.008871,-0.020161,0.050000,29.807869,3.736702,-3.468039,77.286391,-3.611031,-15.848339
0.008871,-0.018548,0.050000,3.038689,4.500135,1.577381,85.850021,-1.867010,-16.527806
0.008871,-0.016935,0.050000,-24.027832,4.510089,6.336773,85.547158,-0.137371,-15.752084
0.008871,-0.015323,0.050000,-48.596596,3.912452,10.444243,77.714889,1.309848,-13.852892
0.008871,-0.013710,0.050000,-68.859958,2.917513,13.709413,64.378374,2.318336,-11.211383
0.008871,-0.012097,0.050000,-84.014336,1.742913,16.092788,47.768739,2.840273,-8.193188
0.008871,-0.010484,0.050000,-94.102419,0.572902,17.666179,29.954665,2.912663,-5.108107
0.008871,-0.008871,0.050000,-99.767281,-0.462909,18.570205,12.620036,2.625250,-2.192583
0.008871,-0.007258,0.050000,-101.991597,-1.293695,18.976645,-3.021059,2.089667,0.390455
0.008871,-0.005645,0.050000,-101.870814,-1.899757,19.059281,-16.204563,1.415619,2.540749
0.008871,-0.004032,0.050000,-100.443462,-2.298821,18.973792,-26.532602,0.696165,4.204683
0.008871,-0.002419,0.050000,-98.581434,-2.531065,18.845338,-33.863048,0.001454,5.358477
0.008871,-0.000806,0.050000,-96.930307,-2.645934,18.761666,-38.201181,-0.621252,5.993670
0.008871,0.000806,0.050000,-95.884566,-2.692176,18.769598,-39.612089,-1.143821,6.106685
0.008871,0.002419,0.050000,-95.583038,-2.711343,18.873301,-38.163874,-1.552064,5.693539
0.008871,0.004032,0.050000,-95.914040,-2.734297,19.033582,-33.905729,-1.840753,4.750167
0.008871,0.005645,0.050000,-96.525675,-2.780027,19.168469,-26.881043,-2.009791,3.278439
0.008871,0.007258,0.050000,-96.843104,-2.856112,19.156280,-17.172955,-2.061858,1.297431
0.008871,0.008871,0.050000,-96.100236,-2.960323,18.843138,-4.976792,-2.001342,-1.141282
0.008871,0.010484,0.050000,-93.397092,-3.082921,18.057191,9.310458,-1.834080,-3.936698
0.008871,0.012097,0.050000,-87.794698,-3.209226,16.631329,24.999491,-1.567299,-6.923627
0.008871,0.013710,0.050000,-78.455456,-3.321886,14.434683,41.039885,-1.209297,-9.865277
0.008871,0.015323,0.050000,-64.827305,-3.402211,11.410594,56.002590,-0.768732,-12.459111
0.008871,0.016935,0.050000,-46.854414,-3.430028,7.615278,68.145464,-0.253994,-14.361259
0.008871,0.018548,0.050000,-25.177471,-3.381959,3.247799,75.587913,0.326331,-15.232064
0.008871,0.020161,0.050000,-1.267340,-3.228957,-1.340385,76.603057,0.960608,-14.800288
0.008871,0.021774,0.050000,22.575625,-2.935067,-5.667661,70.005170,1.628084,-12.936598
0.008871,0.023387,0.050000,43.418946,-2.460273,-9.183088,55.569453,2.290099,-9.719835
0.008871,0.025000,0.050000,58.124201,-1.770219,-11.363554,34.380121,2.881347,-5.474793
0.010484,-0.025000,0.050000,72.513651,-3.077684,-17.040941,-6.624949,-5.146377,-1.555441
0.010484,-0.023387,0.050000,72.397736,-0.716638,-15.701247,22.827487,-5.756920,-7.916376
0.010484,-0.021774,0.050000,61.381736,1.507839,-12.294925,49.704428,-5.349489,-13.221894
0.010484,-0.020161,0.050000,41.943492,3.218377,-7.488612,70.459303,-4.169024,-16.941003
0.010484,-0.018548,0.050000,17.412385,4.214950,-2.004041,83.121588,-2.557960,-18.877143
0.010484,-0.016935,0.050000,-8.805938,4.471737,3.512030,87.285389,-0.861930,-19.114539
0.010484,-0.015323,0.050000,-33.815854,4.096530,8.566590,83.804242,0.638948,-17.931313
0.010484,-0.013710,0.050000,-55.563179,3.273564,12.849416,74.342091,1.764946,-15.706963
0.010484,-0.012097,0.050000,-72.923378,2.207939,16.223662,60.914743,2.440597,-12.843295
0.010484,-0.010484,0.050000,-85.606560,1.083296,18.692800,45.513854,2.676917,-9.708334
0.010484,-0.008871,0.050000,-93.956623,0.037224,20.357709,29.856830,2.543155,-6.604775
0.010484,-0.007258,0.050000,-98.715466,-0.846714,21.374168,15.265211,2.137612,-3.759393
0.010484,-0.005645,0.050000,-100.803541,-1.534712,21.916820,2.647819,1.563737,-1.327411
0.010484,-0.004032,0.050000,-101.144991,-2.031464,22.151991,-7.446415,0.914204,0.594514
0.010484,-0.002419,0.050000,-100.545805,-2.366555,22.219170,-14.741134,0.262951,1.952115
0.010484,-0.000806,0.050000,-99.620093,-2.581690,22.219556,-19.139416,-0.336524,2.718239
0.010484,0.000806,0.050000,-98.753066,-2.720486,22.209640,-20.644773,-0.848873,2.881178
0.010484,0.002419,0.050000,-98.088454,-2.821321,22.198160,-19.307990,-1.252806,2.438257
0.010484,0.004032,0.050000,-97.531004,-2.913072,22.145507,-15.205148,-1.536863,1.395447
0.010484,0.005645,0.050000,-96.759656,-3.013216,21.965684,-8.447497,-1.696079,-0.226911
0.010484,0.007258,0.050000,-95.252465,-3.127780,21.531890,0.779704,-1.729941,-2.382959
0.010484,0.008871,0.050000,-92.329029,-3.252675,20.687532,12.155905,-1.641543,-4.986410
0.010484,0.010484,0.050000,-87.219013,-3.376023,19.264650,25.152511,-1.437470,-7.894837
0.010484,0.012097,0.050000,-79.165014,-3.481024,17.111047,38.965121,-1.127801,-10.897542
0.010484,0.013710,0.050000,-67.563339,-3.548762,14.125683,52.473096,-0.725716,-13.712646
0.010484,0.015323,0.050000,-52.136570,-3.560226,10.298963,64.253045,-0.246512,-15.999451
0.010484,0.016935,0.050000,-33.117329,-3.496893,5.750953,72.672580,0.293551,-17.390954
0.010484,0.018548,0.050000,-11.405591,-3.339657,0.757030,76.082529,0.877594,-17.548013
0.010484,0.020161,0.050000,11.353043,-3.066782,-4.251409,73.106976,1.486368,-16.230850
0.010484,0.021774,0.050000,32.826808,-2.652702,-8.722269,63.000825,2.093492,-13.376193
0.010484,0.023387,0.050000,50.243031,-2.070407,-12.059356,46.008300,2.658112,-9.161133
0.010484,0.025000,0.050000,60.833913,-1.300065,-13.735023,23.622341,3.117528,-4.030682
0.012097,-0.025000,0.050000,69.334013,-3.877006,-18.926653,-19.689430,-4.689937,2.342001
0.012097,-0.023387,0.050000,74.536471,-1.636326,-19.008425,8.768624,-5.656253,-4.882424
0.012097,-0.021774,0.050000,68.826471,0.621998,-16.595386,36.680620,-5.606249,-11.473655
0.012097,-0.020161,0.050000,53.959471,2.495592,-12.272860,60.229932,-4.723615,-16.691241
0.012097,-0.018548,0.050000,32.769805,3.739804,-6.771663,76.956136,-3.311419,-20.139912
0.012097,-0.016935,0.050000,8.433017,4.277734,-0.814667,85.873953,-1.700896,-21.746585
0.012097,-0.015323,0.050000,-16.141467,4.170897,4.991037,87.283001,-0.179665,-21.687982
0.012097,-0.013710,0.050000,-38.700740,3.569314,10.210286,82.399086,1.049964,-20.298589
0.012097,-0.012097,0.050000,-57.810756,2.658757,14.590955,72.935495,1.882805,-17.982444
0.012097,-0.010484,0.050000,-72.831789,1.617566,18.043159,60.730928,2.300058,-15.143193
0.012097,-0.008871,0.050000,-83.772501,0.588858,20.600957,47.477873,2.345996,-12.138048
0.012097,-0.007258,0.050000,-91.088855,-0.331556,22.378688,34.565825,2.101332,-9.254720
0.012097,-0.005645,0.050000,-95.480132,-1.094781,23.530282,23.025880,1.659790,-6.706580
0.012097,-0.004032,0.050000,-97.714679,-1.690574,24.215976,13.548640,1.111224,-4.639817
0.012097,-0.002419,0.050000,-98.499507,-2.135588,24.577773,6.543917,0.531933,-3.146577
0.012097,-0.000806,0.050000,-98.394269,-2.461388,24.723000,2.214544,-0.018934,-2.279171
0.012097,0.000806,0.050000,-97.762540,-2.704212,24.714437,0.623653,-0.498818,-2.061781
0.012097,0.002419,0.050000,-96.751026,-2.897321,24.565493,1.742362,-0.879032,-2.497403
0.012097,0.004032,0.050000,-95.288857,-3.066009,24.239504,5.471366,-1.141542,-3.568915
0.012097,0.005645,0.050000,-93.102848,-3.225022,23.653097,11.635144,-1.276305,-5.234127
0.012097,0.007258,0.050000,-89.748905,-3.378000,22.684490,19.951806,-1.279681,-7.415726
0.012097,0.008871,0.050000,-84.663433,-3.518569,21.188166,29.985712,-1.153843,-9.988205
0.012097,0.010484,0.050000,-77.240337,-3.632731,19.017389,41.094504,-0.906787,-12.765220
0.012097,0.012097,0.050000,-66.937945,-3.702052,16.055079,52.386984,-0.552309,-15.492212
0.012097,0.013710,0.050000,-53.415007,-3.707012,12.251560,62.712654,-0.109391,-17.850081
0.012097,0.015323,0.050000,-36.685499,-3.629691,7.664633,70.705793,0.399202,-19.475671
0.012097,0.016935,0.050000,-17.269027,-3.455013,2.493850,74.904214,0.948768,-20.002975
0.012097,0.018548,0.050000,3.700198,-3.170239,-2.902217,73.952556,1.513964,-19.124862
0.012097,0.020161,0.050000,24.453182,-2.763227,-8.017993,66.880584,2.068267,-16.668767
0.012097,0.021774,0.050000,42.702704,-2.221161,-12.251965,53.419266,2.580652,-12.672205
0.012097,0.023387,0.050000,55.929051,-1.532307,-14.999274,34.286394,3.009801,-7.437294
0.012097,0.025000,0.050000,61.832071,-0.693307,-15.776667,11.348646,3.298241,-1.540716
0.013710,-0.025000,0.050000,62.856790,-4.708767,-19.628283,-33.206950,-3.993144,7.274443
0.013710,-0.023387,0.050000,73.598382,-2.677747,-21.555847,-7.027033,-5.342390,-0.383123
0.013710,-0.021774,0.050000,73.860464,-0.454395,-20.679995,20.798185,-5.706788,-8.011154
0.013710,-0.020161,0.050000,64.563531,1.541980,-17.426155,46.316795,-5.196275,-14.676227
0.013710,-0.018548,0.050000,47.904351,3.023852,-12.463749,66.649194,-4.061239,-19.769653
0.013710,-0.016935,0.050000,26.685630,3.859712,-6.539194,80.238658,-2.607031,-23.024428
0.013710,-0.015323,0.050000,3.710256,4.057806,-0.343097,86.788296,-1.120727,-24.468182
0.013710,-0.013710,0.050000,-18.655106,3.725524,5.573817,86.990452,0.176851,-24.341377
0.013710,-0.012097,0.050000,-38.712917,3.021229,10.836398,82.166197,1.151275,-23.007106
0.013710,-0.010484,0.050000,-55.484420,2.111405,15.242108,73.912546,1.751709,-20.871327
0.013710,-0.008871,0.050000,-68.626802,1.140264,18.732934,63.819772,1.993669,-18.323497
0.013710,-0.007258,0.050000,-78.276654,0.213621,21.355267,53.284845,1.935967,-15.700120
0.013710,-0.005645,0.050000,-84.870884,-0.604903,23.217902,43.418530,1.658543,-13.268515
0.013710,-0.004032,0.050000,-88.980839,-1.289081,24.454668,35.026460,1.245094,-11.225487
0.013710,-0.002419,0.050000,-91.178969,-1.840686,25.194782,28.637803,0.771861,-9.704886
0.013710,-0.000806,0.050000,-91.944067,-2.278747,25.541607,24.556006,0.302085,-8.788638
0.013710,0.000806,0.050000,-91.602686,-2.629646,25.559123,22.911178,-0.115345,-8.517025
0.013710,0.002419,0.050000,-90.300707,-2.919193,25.265029,23.700286,-0.444812,-8.895381
0.013710,0.004032,0.050000,-87.999052,-3.167092,24.629664,26.807677,-0.662007,-9.895719
0.013710,0.005645,0.050000,-84.489823,-3.383792,23.580608,32.004012,-0.752177,-11.453078
0.013710,0.007258,0.050000,-79.432192,-3.569508,22.013512,38.926520,-0.709103,-13.457642
0.013710,0.008871,0.050000,-72.409765,-3.715160,19.810083,47.047869,-0.534839,-15.745069
0.013710,0.010484,0.050000,-63.011869,-3.804874,16.863914,55.645306,-0.239780,-18.088805
0.013710,0.012097,0.050000,-50.939136,-3.819536,13.113647,63.785644,0.157521,-20.199396
0.013710,0.013710,0.050000,-36.128334,-3.740653,8.580780,70.344487,0.631385,-21.736384
0.013710,0.015323,0.050000,-18.882718,-3.553604,3.406352,74.077979,1.151073,-22.337718
0.013710,0.016935,0.050000,0.016721,-3.249385,-2.122504,73.760415,1.683536,-21.669072
0.013710,0.018548,0.050000,19.253985,-2.824414,-7.567524,68.389279,2.195832,-19.490710
0.013710,0.020161,0.050000,37.015122,-2.278820,-12.367048,57.440111,2.655900,-15.732862
0.013710,0.021774,0.050000,51.155322,-1.614796,-15.903851,41.128926,3.030674,-10.563304
0.013710,0.023387,0.050000,59.512357,-0.837424,-17.611758,20.615148,3.281789,-4.425288
0.013710,0.025000,0.050000,60.346686,0.039669,-17.107226,-1.937786,3.361087,1.976740
0.015323,-0.025000,0.050000,52.592218,-5.489608,-18.643922,-46.008080,-3.011395,12.910077
0.015323,-0.023387,0.050000,68.639786,-3.778407,-22.721801,-23.590792,-4.740503,5.444329
0.015323,-0.021774,0.050000,75.185151,-1.688829,-23.882618,2.674440,-5.556866,-2.748163
0.015323,-0.020161,0.050000,72.241741,0.356420,-22.313418,28.888132,-5.486023,-10.586783
0.015323,-0.018548,0.050000,61.240587,2.033923,-18.541349,51.881116,-4.711767,-17.259007
0.015323,-0.016935,0.050000,44.459789,3.158090,-13.266808,69.587076,-3.499627,-22.283730
0.015323,-0.015323,0.050000,24.449280,3.679342,-7.213801,81.111479,-2.124614,-25.499607
0.015323,-0.013710,0.050000,3.569044,3.654801,-1.020559,86.573434,-0.818308,-27.004117
0.015323,-0.012097,0.050000,-16.303620,3.206742,4.822490,86.821829,0.259322,-27.070416
0.015323,-0.010484,0.050000,-33.896205,2.481736,9.992030,83.119770,1.025591,-26.063998
0.015323,-0.008871,0.050000,-48.526109,1.618730,14.319485,76.865231,1.464900,-24.373324
0.015323,-0.007258,0.050000,-59.997239,0.729355,17.759721,69.384230,1.610364,-22.360704
0.015323,-0.005645,0.050000,-68.455605,-0.110057,20.352100,61.805147,1.523876,-20.333626
0.015323,-0.004032,0.050000,-74.240933,-0.857471,22.182124,55.003888,1.278946,-18.532896
0.015323,-0.002419,0.050000,-77.757795,-1.498595,23.348604,49.599931,0.948362,-17.132282
0.015323,-0.000806,0.050000,-79.377385,-2.037887,23.938602,45.981311,0.596817,-16.244235
0.015323,0.000806,0.050000,-79.372318,-2.489435,24.010585,44.339407,0.277577,-15.927144
0.015323,0.002419,0.050000,-77.881959,-2.869140,23.585403,44.699661,0.031731,-16.190845
0.015323,0.004032,0.050000,-74.904431,-3.188935,22.644587,46.940143,-0.111330,-16.998598
0.015323,0.005645,0.050000,-70.312146,-3.453281,21.135776,50.795484,-0.133257,-18.265178
0.015323,0.007258,0.050000,-63.889347,-3.657957,18.985443,55.848655,-0.026433,-19.852234
0.015323,0.008871,0.050000,-55.391293,-3.790974,16.119203,61.517529,0.205969,-21.563468
0.015323,0.010484,0.050000,-44.624402,-3.835266,12.489412,67.047109,0.549929,-23.143532
0.015323,0.012097,0.050000,-31.544028,-3.772610,8.108388,71.521240,0.981137,-24.285478
0.015323,0.013710,0.050000,-16.361238,-3.587911,3.083291,73.908845,1.466688,-24.651659
0.015323,0.015323,0.050000,0.357555,-3.272804,-2.354116,73.157680,1.968091,-23.911697
0.015323,0.016935,0.050000,17.622640,-2.827583,-7.832312,68.341938,2.445147,-21.797927
0.015323,0.018548,0.050000,34.015700,-2.260912,-12.850235,58.857532,2.859623,-18.173492
0.015323,0.020161,0.050000,47.778879,-1.587694,-16.822153,44.640994,3.177308,-13.101720
0.015323,0.021774,0.050000,57.020787,-0.826605,-19.161044,26.367263,3.367411,-6.898916
0.015323,0.023387,0.050000,60.039966,0.000376,-19.394588,5.563825,3.399441,-0.149003
0.015323,0.025000,0.050000,55.731548,0.864236,-17.295226,-15.428024,3.239634,6.339843
0.016935,-0.025000,0.050000,38.453484,-6.106083,-15.550754,-56.638553,-1.724304,18.658167
0.016935,-0.023387,0.050000,59.010726,-4.837388,-21.865646,-39.512190,-3.788306,12.175136
0.016935,-0.021774,0.050000,71.636394,-3.006867,-25.416065,-16.521169,-5.061126,4.120770
0.016935,-0.020161,0.050000,75.427026,-1.021682,-26.084786,8.716144,-5.477170,-4.355189
0.016935,-0.018548,0.050000,70.956752,0.771791,-24.174772,32.927410,-5.140870,-12.277209
0.016935,-0.016935,0.050000,59.837976,2.139720,-20.259168,53.658765,-4.262721,-18.955373
0.016935,-0.015323,0.050000,44.209420,2.974043,-15.027093,69.470393,-3.091212,-24.016573
0.016935,-0.013710,0.050000,26.276312,3.276147,-9.155660,79.898752,-1.857203,-27.374565
0.016935,-0.012097,0.050000,7.976046,3.124069,-3.223195,85.265249,-0.738786,-29.163946
0.016935,-0.010484,0.050000,-9.207982,2.635672,2.334578,86.416503,0.152827,-29.661495
0.016935,-0.008871,0.050000,-24.299354,1.936733,7.232328,84.465546,0.770803,-29.212315
0.016935,-0.007258,0.050000,-36.784112,1.138643,11.317883,80.578091,1.120033,-28.170900
0.016935,-0.005645,0.050000,-46.509766,0.326589,14.541266,75.822753,1.240482,-26.860624
0.016935,-0.004032,0.050000,-53.563842,-0.443325,16.919388,71.084625,1.191141,-25.550472
0.016935,-0.002419,0.050000,-58.157968,-1.140736,18.502966,67.029768,1.037161,-24.445102
0.016935,-0.000806,0.050000,-60.532872,-1.754287,19.349509,64.103503,0.841002,-23.683465
0.016935,0.000806,0.050000,-60.891013,-2.283817,19.504143,62.545892,0.657186,-23.341502
0.016935,0.002419,0.050000,-59.357966,-2.733147,18.988794,62.411357,0.529671,-23.435486
0.016935,0.004032,0.050000,-55.970941,-3.104451,17.799671,63.584302,0.490692,-23.924015
0.016935,0.005645,0.050000,-50.692049,-3.394755,15.912874,65.787754,0.560192,-24.708161
0.016935,0.007258,0.050000,-43.444116,-3.594740,13.297945,68.586822,0.745369,-25.630856
0.016935,0.008871,0.050000,-34.166756,-3.689798,9.938848,71.392999,1.040323,-26.478020
0.016935,0.010484,0.050000,-22.889234,-3.662990,5.861094,73.478572,1.426174,-26.985072
0.016935,0.012097,0.050000,-9.813647,-3.499263,1.162123,74.012356,1.872224,-26.853062
0.016935,0.013710,0.050000,4.602798,-3.189954,-3.960097,72.127629,2.338609,-25.778187
0.016935,0.015323,0.050000,19.583612,-2.736396,-9.187731,67.029623,2.780501,-23.496514
0.016935,0.016935,0.050000,34.009730,-2.151538,-14.082255,58.142148,3.153276,-19.842037
0.016935,0.018548,0.050000,46.462471,-1.459007,-18.111493,45.280663,3.417427,-14.810841
0.016935,0.020161,0.050000,55.354654,-0.689997,-20.710833,28.823528,3.541704,-8.618085
0.016935,0.021774,0.050000,59.159192,0.120490,-21.378243,9.837337,3.503361,-1.729520
0.016935,0.023387,0.050000,56.721429,0.935736,-19.792313,-9.898212,3.285620,5.152256
0.016935,0.025000,0.050000,47.609832,1.715612,-15.930597,-28.018734,2.874304,11.162043
0.018548,-0.025000,0.050000,20.926546,-6.420528,-10.137483,-63.501738,-0.153984,23.677088
0.018548,-0.023387,0.050000,44.580848,-5.714521,-18.463885,-53.017715,-2.456220,19.055362
0.018548,-0.021774,0.050000,62.441584,-4.284498,-24.494662,-35.065313,-4.142698,12.030447
0.018548,-0.020161,0.050000,72.759696,-2.498707,-27.769957,-12.734405,-5.056198,3.713503
0.018548,-0.018548,0.050000,75.222184,-0.707520,-28.298984,10.830793,-5.212487,-4.832124
0.018548,-0.016935,0.050000,70.669504,0.819056,-26.444813,32.969593,-4.752448,-12.745668
0.018548,-0.015323,0.050000,60.679765,1.919137,-22.781150,51.809797,-3.881918,-19.445929
0.018548,-0.013710,0.050000,47.142641,2.536677,-17.956676,66.348943,-2.816403,-24.640123
0.018548,-0.012097,0.050000,31.908375,2.699362,-12.589145,76.365845,-1.740928,-28.284759
0.018548,-0.010484,0.050000,16.553140,2.487995,-7.198043,82.233334,-0.788288,-30.521015
0.018548,-0.008871,0.050000,2.264431,2.006545,-2.174270,84.698181,-0.033679,-31.603924
0.018548,-0.007258,0.050000,-10.174494,1.358628,2.220914,84.676638,0.499112,-31.838647
0.018548,-0.005645,0.050000,-20.333115,0.632645,5.837736,83.092882,0.825372,-31.530802
0.018548,-0.004032,0.050000,-28.047492,-0.104740,8.610179,80.768999,0.985514,-30.952521
0.018548,-0.002419,0.050000,-33.325888,-0.808658,10.526340,78.362127,1.032498,-30.322479
0.018548,-0.000806,0.050000,-36.264333,-1.451970,11.602132,76.337507,1.022030,-29.796329
0.018548,0.000806,0.050000,-36.982442,-2.019329,11.861437,74.964463,1.005712,-29.463699
0.018548,0.002419,0.050000,-35.583861,-2.501115,11.324227,74.324047,1.026632,-29.348496
0.018548,0.004032,0.050000,-32.141934,-2.888477,10.003175,74.320714,1.116588,-29.410487
0.018548,0.005645,0.050000,-26.709117,-3.170247,7.908672,74.694743,1.294289,-29.547537
0.018548,0.007258,0.050000,-19.347516,-3.332074,5.061708,75.036325,1.564171,-29.599377
0.018548,0.008871,0.050000,-10.176731,-3.357793,1.513405,74.805844,1.915881,-29.355079
0.018548,0.010484,0.050000,0.566648,-3.232660,-2.631091,73.367365,2.324778,-28.567276
0.018548,0.012097,0.050000,12.466567,-2.947705,-7.188251,70.043158,2.753960,-26.976323
0.018548,0.013710,0.050000,24.874628,-2.504101,-11.877138,64.195555,3.158125,-24.346593
0.018548,0.015323,0.050000,36.883487,-1.916260,-16.313289,55.337869,3.489119,-20.514658
0.018548,0.016935,0.050000,47.345882,-1.212527,-20.023810,43.268076,3.702390,-15.445167
0.018548,0.018548,0.050000,54.957745,-0.432940,-22.490675,28.207892,3.762892,-9.285122
0.018548,0.020161,0.050000,58.416968,0.375428,-23.224899,10.917474,3.648821,-2.402300
0.018548,0.021774,0.050000,56.654800,1.163902,-21.866524,-7.254386,3.352004,4.609588
0.018548,0.023387,0.050000,49.114616,1.886031,-18.295192,-24.428086,2.875099,10.975249
0.018548,0.025000,0.050000,36.026147,2.497707,-12.725593,-38.393552,2.227528,15.840706
0.020161,-0.025000,0.050000,1.188007,-6.287199,-2.548502,-65.097577,1.616732,26.950850
0.020161,-0.023387,0.050000,25.949159,-6.239861,-12.283529,-62.167302,-0.771122,25.025400
0.020161,-0.021774,0.050000,47.502465,-5.349611,-20.517368,-50.804880,-2.769775,20.008217
0.020161,-0.020161,0.050000,63.416443,-3.920082,-26.451470,-33.337597,-4.138356,12.844467
0.020161,-0.018548,0.050000,72.542211,-2.281581,-29.759944,-12.528339,-4.800766,4.578850
0.020161,-0.016935,0.050000,74.902137,-0.721811,-30.525625,8.982785,-4.816877,-3.830524
0.020161,-0.015323,0.050000,71.398336,0.554550,-29.124957,29.063245,-4.334115,-11.631631
0.020161,-0.013710,0.050000,63.452883,1.437633,-26.098969,46.275741,-3.536179,-18.329749
0.020161,-0.012097,0.050000,52.669775,1.902369,-22.038005,59.894465,-2.600685,-23.682876
0.020161,-0.010484,0.050000,40.573910,1.986142,-17.495735,69.802088,-1.671416,-27.660325
0.020161,-0.008871,0.050000,28.447863,1.762945,-12.937029,76.324995,-0.845620,-30.383585
0.020161,-0.007258,0.050000,17.260836,1.320403,-8.716420,80.055312,-0.173425,-32.064751
0.020161,-0.005645,0.050000,7.668842,0.743095,-5.079643,81.692521,0.334935,-32.952421
0.020161,-0.004032,0.050000,0.059833,0.102982,-2.179506,81.921157,0.698257,-33.289826
0.020161,-0.002419,0.050000,-5.380761,-0.543937,-0.098130,81.328058,0.952995,-33.285905
0.020161,-0.000806,0.050000,-8.603227,-1.156507,1.130665,80.354347,1.143235,-33.097636
0.020161,0.000806,0.050000,-9.638156,-1.704818,1.503019,79.273652,1.312773,-32.820884
0.020161,0.002419,0.050000,-8.559400,-2.165846,1.033230,78.187935,1.499239,-32.487096
0.020161,0.004032,0.050000,-5.467952,-2.519720,-0.250382,77.034407,1.729931,-32.064004
0.020161,0.005645,0.050000,-0.496289,-2.747495,-2.301860,75.600170,2.018941,-31.459630
0.020161,0.007258,0.050000,6.169555,-2.830933,-5.047037,73.544527,2.365426,-30.530154
0.020161,0.008871,0.050000,14.254915,-2.754304,-8.367809,70.431622,2.753146,-29.093205
0.020161,0.010484,0.050000,23.355413,-2.507820,-12.084317,65.777644,3.151595,-26.948691
0.020161,0.012097,0.050000,32.899555,-2.091824,-15.939576,59.116655,3.519119,-23.908940
0.020161,0.013710,0.050000,42.127498,-1.520523,-19.592602,50.086706,3.808116,-19.838502
0.020161,0.015323,0.050000,50.100585,-0.823934,-22.626983,38.532960,3.971906,-14.701240
0.020161,0.016935,0.050000,55.756199,-0.046954,-24.581466,24.617025,3.972171,-8.608446
0.020161,0.018548,0.050000,58.018711,0.754795,-25.006491,8.912772,3.785317,-1.857411
0.020161,0.020161,0.050000,55.968155,1.521595,-23.545239,-7.539706,3.406001,5.053624
0.020161,0.021774,0.050000,49.053251,2.196847,-20.029730,-23.255120,2.846710,11.449067
0.020161,0.023387,0.050000,37.315813,2.732368,-14.573234,-36.429215,2.133684,16.549285
0.020161,0.025000,0.050000,21.573385,3.089675,-7.632357,-45.185921,1.301252,19.595277
0.021774,-0.025000,0.050000,-18.883734,-5.580302,6.596622,-60.341007,3.431848,27.448496
0.021774,-0.023387,0.050000,4.575214,-6.237055,-3.560851,-65.171839,1.161575,28.836530
0.021774,-0.021774,0.050000,27.640728,-5.997856,-13.288502,-61.432316,-0.985018,26.729953
0.021774,-0.020161,0.050000,47.451421,-5.077006,-21.506233,-50.504726,-2.701374,21.778533
0.021774,-0.018548,0.050000,62.166901,-3.757777,-27.555254,-34.528676,-3.824953,14.881598
0.021774,-0.016935,0.050000,71.026721,-2.321603,-31.197228,-15.873316,-4.329268,6.989494
0.021774,-0.015323,0.050000,74.201483,-0.998343,-32.543256,3.287149,-4.290652,-1.048038
0.021774,-0.013710,0.050000,72.528120,0.058309,-31.947469,21.243041,-3.844889,-8.573038
0.021774,-0.012097,0.050000,67.215642,0.773379,-29.895482,36.861517,-3.146112,-15.152971
0.021774,-0.010484,0.050000,59.584470,1.138141,-26.908575,49.571829,-2.335537,-20.569734
0.021774,-0.008871,0.050000,50.873821,1.190412,-23.474187,59.268053,-1.522760,-24.780648
0.021774,-0.007258,0.050000,42.126084,0.994124,-20.004649,66.173408,-0.778730,-27.866973
0.021774,-0.005645,0.050000,34.139307,0.622349,-16.820339,70.700841,-0.137451,-29.981870
0.021774,-0.004032,0.050000,27.469665,0.145691,-14.150553,73.331994,0.397020,-31.305184
0.021774,-0.002419,0.050000,22.463516,-0.373917,-12.144802,74.524779,0.841334,-32.008457
0.021774,-0.000806,0.050000,19.301003,-0.885055,-10.888116,74.651075,1.223482,-32.230619
0.021774,0.000806,0.050000,18.037684,-1.345857,-10.415458,73.960994,1.574505,-32.063198
0.021774,0.002419,0.050000,18.635632,-1.721839,-10.722045,72.568305,1.921744,-31.543343
0.021774,0.004032,0.050000,20.979889,-1.983854,-11.767879,70.452132,2.283703,-30.653224
0.021774,0.005645,0.050000,24.879785,-2.107141,-13.476197,67.471787,2.666484,-29.325131
0.021774,0.007258,0.050000,30.057541,-2.071974,-15.726722,63.393713,3.061835,-27.452404
0.021774,0.008871,0.050000,36.129101,-1.865941,-18.345884,57.931194,3.447027,-24.906996
0.021774,0.010484,0.050000,42.584488,-1.487344,-21.097449,50.798111,3.786859,-21.564539
0.021774,0.012097,0.050000,48.777076,-0.948787,-23.678266,41.777050,4.037976,-17.337109
0.021774,0.013710,0.050000,53.932783,-0.279669,-25.724722,30.799292,4.155347,-12.212114
0.021774,0.015323,0.050000,57.190323,0.473713,-26.835558,18.029451,4.100118,-6.293029
0.021774,0.016935,0.050000,57.681422,1.251338,-26.615149,3.941422,3.847435,0.165700
0.021774,0.018548,0.050000,54.654117,1.985964,-24.737730,-10.634013,3.392379,6.740433
0.021774,0.020161,0.050000,47.632195,2.611809,-21.027109,-24.514008,2.752236,12.849277
0.021774,0.021774,0.050000,36.590064,3.073239,-15.538841,-36.244723,1.964171,17.803160
0.021774,0.023387,0.050000,22.106867,3.330765,-8.624344,-44.274538,1.078926,20.901969
0.021774,0.025000,0.050000,5.450849,3.362383,-0.951800,-47.217748,0.152896,21.569659
0.023387,-0.025000,0.050000,-36.854801,-4.232293,16.157122,-48.910911,5.063082,24.361059
0.023387,-0.023387,0.050000,-17.238455,-5.561513,6.866185,-60.800443,3.145635,29.272858
0.023387,-0.021774,0.050000,4.723379,-6.026365,-3.227317,-64.904733,1.070108,30.699047
0.023387,-0.020161,0.050000,26.061622,-5.732386,-12.874934,-61.569109,-0.819395,28.886587
0.023387,-0.018548,0.050000,44.479163,-4.889455,-21.141473,-52.118796,-2.289662,24.461525
0.023387,-0.016935,0.050000,58.560883,-3.745594,-27.471158,-38.412698,-3.231245,18.242022
0.023387,-0.015323,0.050000,67.771295,-2.532640,-31.672367,-22.426047,-3.642789,11.071776
0.023387,-0.013710,0.050000,72.304832,-1.431579,-33.848861,-5.933740,-3.599199,3.698073
0.023387,-0.012097,0.050000,72.863030,-0.558189,-34.306649,9.678162,-3.215566,-3.298143
0.023387,-0.010484,0.050000,70.422354,0.035106,-33.460284,23.480218,-2.615522,-9.525112
0.023387,-0.008871,0.050000,66.035825,0.347311,-31.754074,34.974922,-1.908680,-14.767899
0.023387,-0.007258,0.050000,60.689506,0.412862,-29.605338,44.014966,-1.178210,-18.954643
0.023387,-0.005645,0.050000,55.216798,0.286123,-27.370252,50.697174,-0.477204,-22.113811
0.023387,-0.004032,0.050000,50.261679,0.029017,-25.328618,55.256735,0.168663,-24.331670
0.023387,-0.002419,0.050000,46.276540,-0.297241,-23.681988,57.976940,0.754813,-25.715660
0.023387,-0.000806,0.050000,43.539616,-0.636634,-22.559337,59.121392,1.289948,-26.366354
0.023387,0.000806,0.050000,42.179314,-0.940085,-22.025382,58.889920,1.788274,-26.358636
0.023387,0.002419,0.050000,42.196455,-1.165711,-22.087949,57.396273,2.262639,-25.731596
0.023387,0.004032,0.050000,43.479422,-1.278789,-22.702359,54.664678,2.719093,-24.486392
0.023387,0.005645,0.050000,45.810847,-1.252327,-23.772261,50.642642,3.153169,-22.591460
0.023387,0.007258,0.050000,48.867616,-1.068670,-25.147755,45.228199,3.548152,-19.994823
0.023387,0.008871,0.050000,52.218610,-0.722116,-26.622979,38.310366,3.875618,-16.643413
0.023387,0.010484,0.050000,55.326696,-0.221941,-27.936521,29.821364,4.098452,-12.508984
0.023387,0.012097,0.050000,57.562877,0.405160,-28.778915,19.797674,4.176301,-7.619213
0.023387,0.013710,0.050000,58.240868,1.114451,-28.811717,8.444244,4.072963,-2.090724
0.023387,0.015323,0.050000,56.678919,1.845483,-27.701834,-3.807732,3.764555,3.841597
0.023387,0.016935,0.050000,52.291971,2.527901,-25.172370,-16.263276,3.246781,9.807201
0.023387,0.018548,0.050000,44.710463,3.090326,-21.067002,-27.963499,2.539296,15.304300
0.023387,0.020161,0.050000,33.912616,3.470696,-15.419106,-37.740517,1.685561,19.735646
0.023387,0.021774,0.050000,20.345794,3.625542,-8.510458,-44.340678,0.747627,22.481593
0.023387,0.023387,0.050000,5.002247,3.535452,-0.899403,-46.618303,-0.203038,23.008615
0.023387,0.025000,0.050000,-10.590817,3.204957,6.602545,-43.783931,-1.095869,21.000149
0.025000,-0.025000,0.050000,-50.067249,-2.276089,24.548623,-31.548198,6.231580,17.381489
0.025000,-0.023387,0.050000,-36.570998,-4.149440,17.535552,-48.804330,4.901204,25.461310
0.025000,-0.021774,0.050000,-18.417402,-5.284368,8.504668,-59.951900,3.147009,30.552208
0.025000,-0.020161,0.050000,1.671024,-5.668158,-1.287589,-64.328573,1.314126,32.439216
0.025000,-0.018548,0.050000,21.244896,-5.416088,-10.742098,-62.344166,-0.319886,31.371149
0.025000,-0.016935,0.050000,38.451562,-4.716154,-19.043913,-55.159162,-1.576529,27.910689
0.025000,-0.015323,0.050000,52.165991,-3.775858,-25.706966,-44.321946,-2.378971,22.774917
0.025000,-0.013710,0.050000,61.962785,-2.781573,-30.553847,-31.446574,-2.734450,16.698159
0.025000,-0.012097,0.050000,67.984535,-1.874561,-33.654793,-17.977763,-2.706772,10.334101
0.025000,-0.010484,0.050000,70.763495,-1.142618,-35.249426,-5.056670,-2.387769,4.200945
0.025000,-0.008871,0.050000,71.042428,-0.623388,-35.669587,6.523084,-1.873636,-1.335763
0.025000,-0.007258,0.050000,69.623900,-0.314390,-35.274707,16.292710,-1.248901,-6.052782
0.025000,-0.005645,0.050000,67.261062,-0.185402,-34.404651,24.045857,-0.578259,-9.842414
0.025000,-0.004032,0.050000,64.590363,-0.190094,-33.350015,29.760401,0.095060,-12.679091
0.025000,-0.002419,0.050000,62.098997,-0.275295,-32.336851,33.522069,0.746396,-14.586507
0.025000,-0.000806,0.050000,60.116659,-0.387480,-31.521541,35.460785,1.364193,-15.609871
0.025000,0.000806,0.050000,58.821309,-0.476916,-30.991554,35.704985,1.943639,-15.795610
0.025000,0.002419,0.050000,58.250741,-0.500291,-30.768684,34.355273,2.480577,-15.179382
0.025000,0.004032,0.050000,58.314785,-0.422729,-30.812588,31.476552,2.966564,-13.782397
0.025000,0.005645,0.050000,58.806139,-0.219873,-31.023872,27.106798,3.385654,-11.615660
0.025000,0.007258,0.050000,59.410704,0.119667,-31.247315,21.280197,3.713372,-8.691544
0.025000,0.008871,0.050000,59.720672,0.591674,-31.277094,14.061984,3.918167,-5.041786
0.025000,0.010484,0.050000,59.255187,1.174137,-30.866765,5.591382,3.965427,-0.740332
0.025000,0.012097,0.050000,57.494059,1.826503,-29.747250,-3.872566,3.823727,4.071740
0.025000,0.013710,0.050000,53.929260,2.491440,-27.655653,-13.909801,3.472442,9.163607
0.025000,0.015323,0.050000,48.136500,3.099899,-24.376232,-23.912846,2.909261,14.200641
0.025000,0.016935,0.050000,39.864664,3.579512,-19.791883,-33.087475,2.155697,18.746554
0.025000,0.018548,0.050000,29.134420,3.865350,-13.940243,-40.493137,1.258686,22.289509
0.025000,0.020161,0.050000,16.329451,3.910924,-7.063477,-45.133146,0.287006,24.297779
0.025000,0.021774,0.050000,2.256157,3.696663,0.363621,-46.097459,-0.677443,24.305286
0.025000,0.023387,0.050000,-11.857154,3.233214,7.644599,-42.748732,-1.551697,22.018912
0.025000,0.025000,0.050000,-24.449254,2.558279,13.925990,-34.925932,-2.263835,17.429117
