near field @z=0.015000
freq=27000000000.000000
sampling point=1024
x,y,z,realEx,realEy,realEz,imgEx,imgEy,imgEz
-0.007500,-0.007500,0.015000,-147.961687,19.063085,-46.669611,-14.614094,8.486986,18.928832
-0.007500,-0.007016,0.015000,-154.166111,18.676971,-52.852935,-32.078061,10.060834,13.634350
-0.007500,-0.006532,0.015000,-158.712526,18.098188,-58.506768,-49.986674,11.431335,7.626566
-0.007500,-0.006048,0.015000,-161.678248,17.359676,-63.566060,-68.034469,12.566149,1.048491
-0.007500,-0.005565,0.015000,-163.190819,16.496057,-67.994204,-85.932593,13.441244,-5.946662
-0.007500,-0.005081,0.015000,-163.420878,15.541802,-71.782395,-103.414782,14.041122,-13.200864
-0.007500,-0.004597,0.015000,-162.573935,14.529544,-74.947753,-120.241522,14.358720,-20.556231
-0.007500,-0.004113,0.015000,-160.881409,13.488626,-77.530411,-136.202391,14.395008,-27.859373
-0.007500,-0.003629,0.015000,-158.591318,12.443949,-79.589739,-151.116670,14.158378,-34.965000
-0.007500,-0.003145,0.015000,-155.958923,11.415144,-81.199961,-164.832390,13.663840,-41.738714
-0.007500,-0.002661,0.015000,-153.237641,10.416107,-82.445390,-177.224075,12.932124,-48.058977
-0.007500,-0.002177,0.015000,-150.670445,9.454894,-83.415508,-188.189501,11.988709,-53.818286
-0.007500,-0.001694,0.015000,-148.481963,8.533950,-84.200118,-197.645823,10.862860,-58.923658
-0.007500,-0.001210,0.015000,-146.871403,7.650644,-84.884752,-205.525422,9.586684,-63.296529
-0.007500,-0.000726,0.015000,-146.006412,6.798069,-85.546501,-211.771871,8.194245,-66.872227
-0.007500,-0.000242,0.015000,-146.017937,5.966032,-86.250393,-216.336326,6.720762,-69.599164
-0.007500,0.000242,0.015000,-146.996131,5.142184,-87.046422,-219.174674,5.201884,-71.437923
-0.007500,0.000726,0.015000,-148.987319,4.313220,-87.967286,-220.245642,3.673042,-72.360356
-0.007500,0.001210,0.015000,-151.992063,3.466084,-89.026868,-219.510077,2.168881,-72.348849
-0.007500,0.001694,0.015000,-155.964329,2.589108,-90.219481,-216.931455,0.722741,-71.395827
-0.007500,0.002177,0.015000,-160.811784,1.673048,-91.519863,-212.477652,-0.633810,-69.503571
-0.007500,0.002661,0.015000,-166.397247,0.711964,-92.883888,-206.123896,-1.871426,-66.684372
-0.007500,0.003145,0.015000,-172.541327,-0.296104,-94.249972,-197.856750,-2.963416,-62.961000
-0.007500,0.003629,0.015000,-179.026256,-1.348665,-95.541123,-187.678908,-3.886166,-58.367461
-0.007500,0.004113,0.015000,-185.600940,-2.438540,-96.667573,-175.614522,-4.619573,-52.949932
-0.007500,0.004597,0.015000,-191.987216,-3.553868,-97.529946,-161.714723,-5.147470,-46.767795
-0.007500,0.005081,0.015000,-197.887257,-4.678332,-98.022880,-146.062990,-5.458037,-39.894625
-0.007500,0.005565,0.015000,-202.992061,-5.791611,-98.039033,-128.779972,-5.544204,-32.418995
-0.007500,0.006048,0.015000,-206.990881,-6.870028,-97.473366,-110.027392,-5.403993,-24.444954
-0.007500,0.006532,0.015000,-209.581406,-7.887376,-96.227620,-90.010685,-5.040813,-16.092045
-0.007500,0.007016,0.015000,-210.480459,-8.815884,-94.214834,-68.980039,-4.463654,-7.494719
-0.007500,0.007500,0.015000,-209.434889,-9.627300,-91.363789,-47.229576,-3.687172,1.198940
-0.007016,-0.007500,0.015000,-152.002458,17.721873,-45.365854,-26.756732,10.437285,16.208455
-0.007016,-0.007016,0.015000,-157.044317,17.142712,-51.102430,-45.527785,12.025316,10.649493
-0.007016,-0.006532,0.015000,-160.295113,16.382137,-56.263829,-64.640259,13.388406,4.400218
-0.007016,-0.006048,0.015000,-161.858846,15.478155,-60.791487,-83.777401,14.495741,-2.393338
-0.007016,-0.005565,0.015000,-161.891711,14.469983,-64.656299,-102.643954,15.325352,-9.576350
-0.007016,-0.005081,0.015000,-160.594120,13.396080,-67.857752,-120.972045,15.864193,-16.990658
-0.007016,-0.004597,0.015000,-158.201663,12.292355,-70.421827,-138.525071,16.107873,-24.479716
-0.007016,-0.004113,0.015000,-154.975437,11.190635,-72.397853,-155.099583,16.060101,-31.892872
-0.007016,-0.003629,0.015000,-151.192105,10.117466,-73.854527,-170.525272,15.731907,-39.088832
-0.007016,-0.003145,0.015000,-147.134034,9.093267,-74.875344,-184.663285,15.140703,-45.938258
-0.007016,-0.002661,0.015000,-143.079807,8.131868,-75.553670,-197.403144,14.309259,-52.325483
-0.007016,-0.002177,0.015000,-139.295345,7.240441,-75.987699,-208.658631,13.264653,-58.149410
-0.007016,-0.001694,0.015000,-136.025822,6.419768,-76.275502,-218.363020,12.037236,-63.323674
-0.007016,-0.001210,0.015000,-133.488488,5.664851,-76.510369,-226.464069,10.659676,-67.776227
-0.007016,-0.000726,0.015000,-131.866494,4.965776,-76.776587,-232.919163,9.166081,-71.448481
-0.007016,-0.000242,0.015000,-131.303761,4.308796,-77.145797,-237.690991,7.591241,-74.294190
-0.007016,0.000242,0.015000,-131.900899,3.677543,-77.673993,-240.744062,5.969975,-76.278248
-0.007016,0.000726,0.015000,-133.712196,3.054327,-78.399245,-242.042340,4.336590,-77.375536
-0.007016,0.001210,0.015000,-136.743682,2.421429,-79.340157,-241.548176,2.724425,-77.569975
-0.007016,0.001694,0.015000,-140.952250,1.762337,-80.495068,-239.222640,1.165467,-76.853877
-0.007016,0.002177,0.015000,-146.245882,1.062884,-81.841990,-235.027271,-0.309985,-75.227658
-0.007016,0.002661,0.015000,-152.484983,0.312212,-83.339244,-228.927172,-1.673633,-72.699959
-0.007016,0.003145,0.015000,-159.484862,-0.496444,-84.926761,-220.895303,-2.899484,-69.288143
-0.007016,0.003629,0.015000,-167.019395,-1.365192,-86.528017,-210.917735,-3.964171,-65.019139
-0.007016,0.004113,0.015000,-174.825904,-2.291149,-88.052530,-198.999576,-4.847293,-59.930546
-0.007016,0.004597,0.015000,-182.611254,-3.266341,-89.398885,-185.171218,-5.531777,-54.071883
-0.007016,0.005081,0.015000,-190.059156,-4.277840,-90.458225,-169.494530,-6.004265,-47.505862
-0.007016,0.005565,0.015000,-196.838613,-5.308113,-91.118130,-152.068590,-6.255502,-40.309526
-0.007016,0.006048,0.015000,-202.613412,-6.335583,-91.266815,-133.034540,-6.280725,-32.575110
-0.007016,0.006532,0.015000,-207.052486,-7.335373,-90.797543,-112.579201,-6.080015,-24.410463
-0.007016,0.007016,0.015000,-209.840919,-8.280198,-89.613157,-90.937074,-5.658585,-15.938909
-0.007016,0.007500,0.015000,-210.691317,-9.141397,-87.630573,-68.390426,-5.026999,-7.298405
-0.006532,-0.007500,0.015000,-155.281809,16.214621,-43.578559,-38.562968,12.083167,14.108075
-0.006532,-0.007016,0.015000,-159.111782,15.443297,-48.877222,-58.540672,13.664003,8.395364
-0.006532,-0.006532,0.015000,-161.023451,14.503048,-53.562984,-78.749392,14.999843,2.017429
-0.006532,-0.006048,0.015000,-161.147744,13.436784,-57.583030,-98.862475,16.061922,-4.877992
-0.006532,-0.005565,0.015000,-159.669481,12.288122,-60.914764,-118.579756,16.830829,-12.135721
-0.006532,-0.005081,0.015000,-156.818540,11.099294,-63.564751,-137.633336,17.296420,-19.598636
-0.006532,-0.004597,0.015000,-152.860035,9.909262,-65.566422,-155.791154,17.457374,-27.112601
-0.006532,-0.004113,0.015000,-148.083948,8.752130,-66.976753,-172.858372,17.320467,-34.530668
-0.006532,-0.003629,0.015000,-142.794587,7.655905,-67.872121,-188.676731,16.899618,-41.716400
-0.006532,-0.003145,0.015000,-137.300265,6.641652,-68.343589,-203.122103,16.214812,-48.546277
-0.006532,-0.002661,0.015000,-131.903462,5.723048,-68.491879,-216.100571,15.290946,-54.911179
-0.006532,-0.002177,0.015000,-126.891717,4.906343,-68.422240,-227.543427,14.156685,-60.717014
-0.006532,-0.001694,0.015000,-122.529412,4.190694,-68.239453,-237.401511,12.843372,-65.884592
-0.006532,-0.001210,0.015000,-119.050566,3.568825,-68.043145,-245.639326,11.384043,-70.348902
-0.006532,-0.000726,0.015000,-116.652675,3.027977,-67.923565,-252.229375,9.812572,-74.057952
-0.006532,-0.000242,0.015000,-115.491640,2.551056,-67.957942,-257.147100,8.162952,-76.971361
-0.006532,0.000242,0.015000,-115.677765,2.117931,-68.207505,-260.366779,6.468733,-79.058872
-0.006532,0.000726,0.015000,-117.272808,1.706806,-68.715206,-261.858672,4.762577,-80.298964
-0.006532,0.001210,0.015000,-120.288074,1.295595,-69.504176,-261.587595,3.075935,-80.677693
-0.006532,0.001694,0.015000,-124.683535,0.863234,-70.576905,-259.513062,1.438803,-80.187878
-0.006532,0.002177,0.015000,-130.367990,0.390894,-71.915127,-255.590989,-0.120469,-78.828706
-0.006532,0.002661,0.015000,-137.200287,-0.136978,-73.480377,-249.776915,-1.575337,-76.605791
-0.006532,0.003145,0.015000,-144.991644,-0.731792,-75.215191,-242.030572,-2.901234,-73.531671
-0.006532,0.003629,0.015000,-153.509123,-1.400176,-77.044899,-232.321566,-4.075763,-69.626718
-0.006532,0.004113,0.015000,-162.480294,-2.143549,-78.879971,-220.635867,-5.078931,-64.920358
-0.006532,0.004597,0.015000,-171.599135,-2.957941,-80.618865,-206.982754,-5.893432,-59.452509
-0.006532,0.005081,0.015000,-180.533162,-3.834029,-82.151348,-191.401798,-6.504982,-53.275090
-0.006532,0.005565,0.015000,-188.931776,-4.757399,-83.362198,-173.969475,-6.902689,-46.453459
-0.006532,0.006048,0.015000,-196.435730,-5.709006,-84.135258,-154.804963,-7.079452,-39.067614
-0.006532,0.006532,0.015000,-202.687586,-6.665831,-84.357737,-134.074724,-7.032362,-31.213006
-0.006532,0.007016,0.015000,-207.342956,-7.601688,-83.924665,-111.995458,-6.763079,-23.000806
-0.006532,0.007500,0.015000,-210.082240,-8.488180,-82.743394,-88.835131,-6.278145,-14.557504
-0.006048,-0.007500,0.015000,-157.938927,14.603858,-41.386622,-49.882872,13.424788,12.642669
-0.006048,-0.007016,0.015000,-160.533172,13.644234,-46.269551,-70.965865,14.978292,6.884255
-0.006048,-0.006532,0.015000,-161.088268,12.529144,-50.510423,-92.164158,16.268316,0.486762
-0.006048,-0.006048,0.015000,-159.761988,11.306164,-54.061281,-113.142465,17.268625,-6.401633
-0.006048,-0.005565,0.015000,-156.767420,10.023047,-56.904885,-133.597034,17.962811,-13.626561
-0.006048,-0.005081,0.015000,-152.363306,8.725516,-59.053505,-153.261284,18.344037,-21.032974
-0.006048,-0.004597,0.015000,-146.843438,7.455313,-60.546471,-171.909035,18.414400,-28.470056
-0.006048,-0.004113,0.015000,-140.525621,6.248562,-61.446717,-189.355382,18.184027,-35.795330
-0.006048,-0.003629,0.015000,-133.740579,5.134516,-61.836516,-205.455397,17.669950,-42.877855
-0.006048,-0.003145,0.015000,-126.821202,4.134713,-61.812687,-220.100909,16.894871,-49.600451
-0.006048,-0.002661,0.015000,-120.092406,3.262570,-61.481493,-233.215743,15.885883,-55.860967
-0.006048,-0.002177,0.015000,-113.861850,2.523381,-60.953488,-244.749834,14.673232,-61.572667
-0.006048,-0.001694,0.015000,-108.411650,1.914715,-60.338512,-254.672671,13.289167,-66.663836
-0.006048,-0.001210,0.015000,-103.991179,1.427137,-59.741023,-262.966550,11.766930,-71.076787
-0.006048,-0.000726,0.015000,-100.810994,1.045228,-59.255908,-269.620102,10.139921,-74.766417
-0.006048,-0.000242,0.015000,-99.037872,0.748802,-58.964885,-274.622508,8.441029,-77.698529
-0.006048,0.000242,0.015000,-98.790928,0.514273,-58.933559,-277.958782,6.702150,-79.848097
-0.006048,0.000726,0.015000,-100.138782,0.316089,-59.209187,-279.606421,4.953858,-81.197637
-0.006048,0.001210,0.015000,-103.097715,0.128169,-59.819143,-279.533623,3.225209,-81.735853
-0.006048,0.001694,0.015000,-107.630810,-0.074727,-60.770092,-277.699221,1.543653,-81.456653
-0.006048,0.002177,0.015000,-113.648078,-0.315732,-62.047831,-274.054329,-0.065011,-80.358636
-0.006048,0.002661,0.015000,-121.007565,-0.614767,-63.617776,-268.545663,-1.576631,-78.445065
-0.006048,0.003145,0.015000,-129.517524,-0.987624,-65.426049,-261.120350,-2.968727,-75.724348
-0.006048,0.003629,0.015000,-138.939670,-1.445254,-67.401121,-251.732007,-4.220546,-72.210966
-0.006048,0.004113,0.015000,-148.993616,-1.993281,-69.455986,-240.347755,-5.313172,-67.926778
-0.006048,0.004597,0.015000,-159.362527,-2.631737,-71.490813,-226.955813,-6.229718,-62.902600
-0.006048,0.005081,0.015000,-169.700039,-3.355019,-73.396047,-211.573239,-6.955591,-57.179907
-0.006048,0.005565,0.015000,-179.638428,-4.152056,-75.055908,-194.253383,-7.478823,-50.812523
-0.006048,0.006048,0.015000,-188.797994,-5.006682,-76.352244,-175.092597,-7.790468,-43.868123
-0.006048,0.006532,0.015000,-196.797530,-5.898185,-77.168656,-154.235750,-7.885033,-36.429395
-0.006048,0.007016,0.015000,-203.265707,-6.802029,-77.394829,-131.880148,-7.760912,-28.594693
-0.006048,0.007500,0.015000,-207.853106,-7.690715,-76.930951,-108.277476,-7.420806,-20.478046
-0.005565,-0.007500,0.015000,-160.120697,12.946938,-38.856422,-60.584871,14.474139,11.806856
-0.005565,-0.007016,0.015000,-161.480756,11.805506,-43.356771,-82.673523,15.981854,6.106566
-0.005565,-0.006532,0.015000,-160.687622,10.522792,-47.194944,-104.758451,17.209173,-0.206615
-0.005565,-0.006048,0.015000,-157.925496,9.150743,-50.326818,-126.496854,18.132814,-6.985277
-0.005565,-0.005565,0.015000,-153.435078,7.740920,-52.739241,-147.582503,18.739764,-14.076924
-0.005565,-0.005081,0.015000,-147.503074,6.342210,-54.448696,-167.751210,19.026833,-21.329497
-0.005565,-0.004597,0.015000,-140.450850,4.998811,-55.498753,-186.783697,18.999833,-28.596242
-0.005565,-0.004113,0.015000,-132.622745,3.748573,-55.956512,-204.505954,18.672480,-35.739737
-0.005565,-0.003629,0.015000,-124.374467,2.621742,-55.908282,-220.787277,18.065093,-42.634963
-0.005565,-0.003145,0.015000,-116.061939,1.640142,-55.454738,-235.536283,17.203205,-49.171373
-0.005565,-0.002661,0.015000,-108.030918,0.816805,-54.705814,-248.695315,16.116161,-55.253971
-0.005565,-0.002177,0.015000,-100.607565,0.156032,-53.775556,-260.233681,14.835774,-60.803480
-0.005565,-0.001694,0.015000,-94.090148,-0.346159,-52.777163,-270.140221,13.395126,-65.755724
-0.005565,-0.001210,0.015000,-88.741898,-0.701230,-51.818370,-278.415719,11.827533,-70.060388
-0.005565,-0.000726,0.015000,-84.785065,-0.927050,-50.997334,-285.065636,10.165724,-73.679330
-0.005565,-0.000242,0.015000,-82.396116,-1.046612,-50.399102,-290.093621,8.441230,-76.584671
-0.005565,0.000242,0.015000,-81.702020,-1.086608,-50.092749,-293.496187,6.683982,-78.756816
-0.005565,0.000726,0.015000,-82.777555,-1.075945,-50.129186,-295.258873,4.922101,-80.182625
-0.005565,0.001210,0.015000,-85.643582,-1.044270,-50.539670,-295.354110,3.181835,-80.853858
-0.005565,0.001694,0.015000,-90.266230,-1.020554,-51.334977,-293.740935,1.487615,-80.766035
-0.005565,0.002177,0.015000,-96.557000,-1.031797,-52.505213,-290.366566,-0.137815,-79.917781
-0.005565,0.002661,0.015000,-104.373788,-1.101882,-54.020231,-285.169789,-1.673247,-78.310718
-0.005565,0.003145,0.015000,-113.522888,-1.250622,-55.830600,-278.085988,-3.098868,-75.949881
-0.005565,0.003629,0.015000,-123.762046,-1.493008,-57.869103,-269.053565,-4.396168,-72.844642
-0.005565,0.004113,0.015000,-134.804628,-1.838661,-60.052711,-258.021447,-5.547925,-69.010062
-0.005565,0.004597,0.015000,-146.325015,-2.291517,-62.285022,-244.957267,-6.538283,-64.468551
-0.005565,0.005081,0.015000,-157.965250,-2.849700,-64.459121,-229.855822,-7.352936,-59.251729
-0.005565,0.005565,0.015000,-169.342997,-3.505616,-66.460829,-212.747315,-7.979403,-53.402306
-0.005565,0.006048,0.015000,-180.060762,-4.246224,-68.172310,-193.704931,-8.407409,-46.975848
-0.005565,0.006532,0.015000,-189.716313,-5.053489,-69.475979,-172.851258,-8.629317,-40.042238
-0.005565,0.007016,0.015000,-197.914123,-5.905001,-70.258644,-150.363133,-8.640619,-32.686678
-0.005565,0.007500,0.015000,-204.277612,-6.774733,-70.415784,-126.474497,-8.440427,-25.010088
-0.005081,-0.007500,0.015000,-161.975770,11.294427,-36.039743,-70.554254,15.252999,11.577571
-0.005081,-0.007016,0.015000,-162.128048,9.979904,-40.199042,-93.552865,16.698517,6.033892
-0.005081,-0.006532,0.015000,-160.020117,8.538791,-43.685408,-116.427524,17.848250,-0.097382
-0.005081,-0.006048,0.015000,-155.861876,7.027057,-46.457446,-138.828863,18.682236,-6.670754
-0.005081,-0.005565,0.015000,-149.920678,5.499703,-48.504726,-160.449049,19.191180,-13.536584
-0.005081,-0.005081,0.015000,-142.510026,4.008403,-49.846380,-181.027065,19.375820,-20.546590
-0.005081,-0.004597,0.015000,-133.977518,2.599456,-50.528483,-200.351218,19.245911,-27.558680
-0.005081,-0.004113,0.015000,-124.692544,1.312113,-50.620459,-218.258974,18.818937,-34.440894
-0.005081,-0.003629,0.015000,-115.034192,0.177339,-50.210742,-234.634340,18.118635,-41.074370
-0.005081,-0.003145,0.015000,-105.379756,-0.782966,-49.401937,-249.403131,17.173451,-47.355281
-0.005081,-0.002661,0.015000,-96.094125,-1.556286,-48.305745,-262.526557,16.015006,-53.195747
-0.005081,-0.002177,0.015000,-87.520278,-2.139363,-47.037883,-273.993612,14.676667,-58.523836
-0.005081,-0.001694,0.015000,-79.970993,-2.537681,-45.713191,-283.812798,13.192283,-63.282743
-0.005081,-0.001210,0.015000,-73.721820,-2.764599,-44.441118,-292.003716,11.595136,-67.429357
-0.005081,-0.000726,0.015000,-69.005297,-2.840213,-43.321703,-298.589037,9.917131,-70.932368
-0.005081,-0.000242,0.015000,-66.006353,-2.790014,-42.442152,-303.587328,8.188248,-73.770144
-0.005081,0.000242,0.015000,-64.858797,-2.643427,-41.874061,-307.007152,6.436217,-75.928563
-0.005081,0.000726,0.015000,-65.642812,-2.432283,-41.671310,-308.842745,4.686425,-77.398985
-0.005081,0.001210,0.015000,-68.383365,-2.189322,-41.868617,-309.071538,2.961987,-78.176525
-0.005081,0.001694,0.015000,-73.049471,-1.946755,-42.480731,-307.653647,1.283953,-78.258749
-0.005081,0.002177,0.015000,-79.554299,-1.734954,-43.502218,-304.533359,-0.328399,-77.644890
-0.005081,0.002661,0.015000,-87.756122,-1.581293,-44.907817,-299.642566,-1.857254,-76.335622
-0.005081,0.003145,0.015000,-97.460172,-1.509178,-46.653288,-292.905973,-3.285948,-74.333403
-0.005081,0.003629,0.015000,-108.421471,-1.537265,-48.676759,-284.247828,-4.598735,-71.643356
-0.005081,0.004113,0.015000,-120.348745,-1.678893,-50.900494,-273.599852,-5.780625,-68.274620
-0.005081,0.004597,0.015000,-132.909516,-1.941703,-53.233102,-260.909974,-6.817348,-64.242059
-0.005081,0.005081,0.015000,-145.736468,-2.327469,-55.572126,-246.151431,-7.695442,-59.568212
-0.005081,0.005565,0.015000,-158.435132,-2.832106,-57.807020,-229.331749,-8.402461,-54.285331
-0.005081,0.006048,0.015000,-170.592906,-3.445856,-59.822472,-210.501121,-8.927314,-48.437340
-0.005081,0.006532,0.015000,-181.789349,-4.153641,-61.502047,-189.759701,-9.260694,-42.081557
-0.005081,0.007016,0.015000,-191.607620,-4.935574,-62.732085,-167.263320,-9.395595,-35.290004
-0.005081,0.007500,0.015000,-199.646840,-5.767601,-63.405789,-143.227232,-9.327859,-28.150156
-0.004597,-0.007500,0.015000,-163.649034,9.689132,-32.972811,-79.691000,15.790726,11.916617
-0.004597,-0.007016,0.015000,-162.643903,8.212021,-36.838225,-103.509469,17.159963,6.621960
-0.004597,-0.006532,0.015000,-159.278653,6.623328,-40.029515,-127.084726,18.219500,0.763287
-0.004597,-0.006048,0.015000,-153.787836,4.982658,-42.506837,-150.061596,18.952986,-5.516916
-0.004597,-0.005565,0.015000,-146.464212,3.348044,-44.261077,-172.131259,19.355096,-12.072761
-0.004597,-0.005081,0.015000,-137.646672,1.773548,-45.312400,-193.036344,19.430704,-18.760433
-0.004597,-0.004597,0.015000,-127.707491,0.307185,-45.707628,-212.573067,19.193671,-25.442969
-0.004597,-0.004113,0.015000,-117.039449,-1.010736,-45.516647,-230.590560,18.665367,-31.994131
-0.004597,-0.003629,0.015000,-106.043289,-2.148821,-44.828096,-246.987612,17.873026,-38.301286
-0.004597,-0.003145,0.015000,-95.115910,-3.085314,-43.744586,-261.707214,16.848043,-44.267224
-0.004597,-0.002661,0.015000,-84.639575,-3.808355,-42.377704,-274.729360,15.624322,-49.810959
-0.004597,-0.002177,0.015000,-74.972355,-4.315782,-40.843028,-286.062626,14.236755,-54.867583
-0.004597,-0.001694,0.015000,-66.439888,-4.614538,-39.255348,-295.735082,12.719902,-59.387301
-0.004597,-0.001210,0.015000,-59.328495,-4.719743,-37.724282,-303.785105,11.106927,-63.333842
-0.004597,-0.000726,0.015000,-53.879599,-4.653491,-36.350386,-310.252628,9.428804,-66.682400
-0.004597,-0.000242,0.015000,-50.285358,-4.443463,-35.221853,-315.171315,7.713824,-69.417354
-0.004597,0.000242,0.015000,-48.685397,-4.121425,-34.411857,-318.562096,5.987354,-71.529924
-0.004597,0.000726,0.015000,-49.164512,-3.721688,-33.976533,-320.428398,4.271851,-73.015985
-0.004597,0.001210,0.015000,-51.751252,-3.279587,-33.953601,-320.753325,2.587073,-73.874183
-0.004597,0.001694,0.015000,-56.417284,-2.830054,-34.361582,-319.498915,0.950428,-74.104474
-0.004597,0.002177,0.015000,-63.077528,-2.406304,-35.199577,-316.607534,-0.622576,-73.707207
-0.004597,0.002661,0.015000,-71.591051,-2.038686,-36.447551,-312.005330,-2.117851,-72.682771
-0.004597,0.003145,0.015000,-81.762781,-1.753716,-38.067081,-305.607577,-3.522269,-71.031842
-0.004597,0.003629,0.015000,-93.346134,-1.573290,-40.002530,-297.325675,-4.823262,-68.756187
-0.004597,0.004113,0.015000,-106.046660,-1.514102,-42.182623,-287.075451,-6.008531,-65.859975
-0.004597,0.004597,0.015000,-119.526832,-1.587237,-44.522394,-274.786380,-7.065876,-62.351484
-0.004597,0.005081,0.015000,-133.412096,-1.797950,-46.925503,-260.411262,-7.983180,-58.245097
-0.004597,0.005565,0.015000,-147.298260,-2.145613,-49.286907,-243.935881,-8.748543,-53.563434
-0.004597,0.006048,0.015000,-160.760265,-2.623822,-51.495877,-225.388121,-9.350559,-48.339457
-0.004597,0.006532,0.015000,-173.362299,-3.220647,-53.439327,-204.846057,-9.778731,-42.618402
-0.004597,0.007016,0.015000,-184.669166,-3.919033,-55.005433,-182.444509,-10.023985,-36.459342
-0.004597,0.007500,0.015000,-194.258692,-4.697328,-56.087470,-158.379629,-10.079272,-29.936255
-0.004113,-0.007500,0.015000,-165.276569,8.165718,-29.676370,-87.907181,16.121998,12.772933
-0.004113,-0.007016,0.015000,-163.187166,6.537860,-33.297919,-112.462102,17.403407,7.813218
-0.004113,-0.006532,0.015000,-158.644781,4.813577,-36.253792,-136.657723,18.362595,2.310665
-0.004113,-0.006048,0.015000,-151.907275,3.055690,-38.504500,-160.133626,18.987042,-3.596305
-0.004113,-0.005565,0.015000,-143.291301,1.324844,-40.040813,-182.580363,19.275569,-9.766386
-0.004113,-0.005081,0.015000,-133.159494,-0.322934,-40.882316,-203.744363,19.237320,-16.060832
-0.004113,-0.004597,0.015000,-121.907063,-1.838306,-41.074821,-223.429720,18.890355,-22.348174
-0.004113,-0.004113,0.015000,-109.948377,-3.180260,-40.686832,-241.497024,18.259986,-28.508038
-0.004113,-0.003629,0.015000,-97.704003,-4.317266,-39.805306,-257.859500,17.376964,-34.433946
-0.004113,-0.003145,0.015000,-85.588620,-5.227939,-38.530978,-272.476867,16.275632,-40.035065
-0.004113,-0.002661,0.015000,-74.000081,-5.901218,-36.973483,-285.347394,14.992154,-45.236916
-0.004113,-0.002177,0.015000,-63.309823,-6.336089,-35.246500,-296.498712,13.562906,-49.981134
-0.004113,-0.001694,0.015000,-53.854716,-6.540920,-33.463137,-305.977974,12.023109,-54.224404
-0.004113,-0.001210,0.015000,-45.930341,-6.532456,-31.731686,-313.841928,10.405746,-57.936759
-0.004113,-0.000726,0.015000,-39.785635,-6.334564,-30.151894,-320.147492,8.740793,-61.099412
-0.004113,-0.000242,0.015000,-35.618785,-5.976805,-28.811809,-324.943319,7.054771,-63.702345
-0.004113,0.000242,0.015000,-33.574222,-5.492904,-27.785249,-328.262807,5.370592,-65.741845
-0.004113,0.000726,0.015000,-33.740563,-4.919198,-27.129896,-330.118897,3.707678,-67.218179
-0.004113,0.001210,0.015000,-36.149384,-4.293123,-26.885989,-330.500925,2.082299,-68.133573
-0.004113,0.001694,0.015000,-40.774719,-3.651798,-27.075578,-329.373656,0.508063,-68.490614
-0.004113,0.002177,0.015000,-47.533238,-3.030738,-27.702299,-326.678570,-1.003478,-68.291190
-0.004113,0.002661,0.015000,-56.285108,-2.462729,-28.751593,-322.337303,-2.442197,-67.536009
-0.004113,0.003145,0.015000,-66.835591,-1.976881,-30.191353,-316.257109,-3.798769,-66.224726
-0.004113,0.003629,0.015000,-78.937468,-1.597862,-31.972936,-308.338064,-5.064124,-64.356639
-0.004113,0.004113,0.015000,-92.294429,-1.345312,-34.032526,-298.481693,-6.229010,-61.931923
-0.004113,0.004597,0.015000,-106.565555,-1.233430,-36.292826,-286.600602,-7.283700,-58.953294
-0.004113,0.005081,0.015000,-121.371044,-1.270720,-38.665089,-272.628672,-8.217859,-55.427991
-0.004113,0.005565,0.015000,-136.299283,-1.459885,-41.051460,-256.531307,-9.020591,-51.369955
-0.004113,0.006048,0.015000,-150.915326,-1.797858,-43.347660,-238.315228,-9.680650,-46.802028
-0.004113,0.006532,0.015000,-164.770798,-2.275962,-45.445981,-218.037286,-10.186814,-41.758026
-0.004113,0.007016,0.015000,-177.415126,-2.880202,-47.238580,-195.811791,-10.528394,-36.284528
-0.004113,0.007500,0.015000,-188.407930,-3.591668,-48.621023,-171.815878,-10.695854,-30.442202
-0.003629,-0.007500,0.015000,-166.981146,6.750888,-26.156705,-95.124214,16.284650,14.084454
-0.003629,-0.007016,0.015000,-163.901902,4.985018,-29.584513,-120.339378,17.469348,9.538944
-0.003629,-0.006532,0.015000,-158.283706,3.137875,-32.364693,-145.084534,18.320605,4.468857
-0.003629,-0.006048,0.015000,-150.406087,1.275071,-34.456923,-168.994379,18.829878,-0.992462
-0.003629,-0.005565,0.015000,-140.607825,-0.540576,-35.850442,-191.758936,19.000237,-6.709080
-0.003629,-0.005081,0.015000,-129.273436,-2.251495,-36.562671,-213.128278,18.845151,-12.547853
-0.003629,-0.004597,0.015000,-116.819153,-3.807420,-36.636701,-232.913989,18.386898,-18.383096
-0.003629,-0.004113,0.015000,-103.679009,-5.166987,-36.137856,-250.987525,17.654726,-24.100344
-0.003629,-0.003629,0.015000,-90.291490,-6.298823,-35.149592,-267.275798,16.682873,-29.599111
-0.003629,-0.003145,0.015000,-77.087198,-7.182135,-33.768954,-281.754385,15.508582,-34.794583
-0.003629,-0.002661,0.015000,-64.477788,-7.806802,-32.101860,-294.438905,14.170224,-39.618284
-0.003629,-0.002177,0.015000,-52.846375,-8.173016,-30.258423,-305.375118,12.705608,-44.017785
-0.003629,-0.001694,0.015000,-42.539482,-8.290530,-28.348505,-314.628386,11.150566,-47.955588
-0.003629,-0.001210,0.015000,-33.860501,-8.177589,-26.477654,-322.273072,9.537860,-51.407363
-0.003629,-0.000726,0.015000,-27.064585,-7.859620,-24.743552,-328.382485,7.896435,-54.359713
-0.003629,-0.000242,0.015000,-22.354807,-7.367764,-23.233020,-333.019889,6.251016,-56.807689
-0.003629,0.000242,0.015000,-19.879439,-6.737332,-22.019631,-336.231022,4.622039,-58.752231
-0.003629,0.000726,0.015000,-19.730150,-6.006251,-21.161919,-338.038491,3.025865,-60.197747
-0.003629,0.001210,0.015000,-21.940989,-5.213572,-20.702152,-338.438311,1.475238,-61.149970
-0.003629,0.001694,0.015000,-26.488034,-4.398080,-20.665640,-337.398724,-0.020086,-61.614245
-0.003629,0.002177,0.015000,-33.289642,-3.597047,-21.060489,-334.861358,-1.452595,-61.594329
-0.003629,0.002661,0.015000,-42.207295,-2.845153,-21.877787,-330.744643,-2.816238,-61.091769
-0.003629,0.003145,0.015000,-53.047099,-2.173576,-23.092129,-324.949343,-4.105655,-60.105893
-0.003629,0.003629,0.015000,-65.562033,-1.609262,-24.662480,-317.365926,-5.315483,-58.634378
-0.003629,0.004113,0.015000,-79.455088,-1.174360,-26.533322,-307.883444,-6.439779,-56.674366
-0.003629,0.004597,0.015000,-94.383452,-0.885810,-28.636093,-296.399520,-7.471598,-54.224041
-0.003629,0.005081,0.015000,-109.963911,-0.755074,-30.890909,-282.830973,-8.402747,-51.284555
-0.003629,0.005565,0.015000,-125.779588,-0.787993,-33.208583,-267.124587,-9.223734,-47.862193
-0.003629,0.006048,0.015000,-141.388116,-0.984748,-35.492949,-249.267488,-9.923904,-43.970614
-0.003629,0.006532,0.015000,-156.331287,-1.339944,-37.643498,-229.296612,-10.491754,-39.633026
-0.003629,0.007016,0.015000,-170.146102,-1.842783,-39.558315,-207.306726,-10.915426,-34.884126
-0.003629,0.007500,0.015000,-182.377090,-2.477349,-41.137295,-183.456523,-11.183323,-29.771659
-0.003145,-0.007500,0.015000,-168.868271,5.464012,-22.407486,-101.270216,16.317664,15.779519
-0.003145,-0.007016,0.015000,-164.913230,3.573336,-25.689139,-127.076530,17.399494,11.720822
-0.003145,-0.006532,0.015000,-158.339931,1.616398,-28.350665,-152.309673,18.137863,7.152570
-0.003145,-0.006048,0.015000,-149.447656,-0.338830,-30.349760,-176.599621,18.528275,2.202041
-0.003145,-0.005565,0.015000,-138.595296,-2.227786,-31.672776,-199.635717,18.578071,-3.000951
-0.003145,-0.005081,0.015000,-126.187191,-3.991772,-32.333447,-221.171224,18.305030,-8.329363
-0.003145,-0.004597,0.015000,-112.658536,-5.579977,-32.370499,-241.024485,17.735602,-13.663534
-0.003145,-0.004113,0.015000,-98.460997,-6.951022,-31.844376,-259.076866,16.902895,-18.894905
-0.003145,-0.003629,0.015000,-84.049017,-8.073972,-30.833294,-275.267822,15.844551,-23.928747
-0.003145,-0.003145,0.015000,-69.867247,-8.928838,-29.428897,-289.587530,14.600629,-28.685842
-0.003145,-0.002661,0.015000,-56.339382,-9.506573,-27.731729,-302.067637,13.211624,-33.103135
-0.003145,-0.002177,0.015000,-43.858581,-9.808624,-25.846763,-312.770726,11.716709,-37.133440
-0.003145,-0.001694,0.015000,-32.779517,-9.846098,-23.879158,-321.779129,10.152284,-40.744324
-0.003145,-0.001210,0.015000,-23.412037,-9.638622,-21.930397,-329.183732,8.550867,-43.916326
-0.003145,-0.000726,0.015000,-16.016294,-9.212982,-20.094924,-335.073345,6.940371,-46.640713
-0.003145,-0.000242,0.015000,-10.799197,-8.601619,-18.457322,-339.525201,5.343752,-48.916954
-0.003145,0.000242,0.015000,-7.911963,-7.841079,-17.090082,-342.597033,3.779007,-50.750119
-0.003145,0.000726,0.015000,-7.448592,-6.970471,-16.051928,-344.321098,2.259489,-52.148389
-0.003145,0.001210,0.015000,-9.445072,-6.029996,-15.386685,-344.700419,0.794469,-53.120824
-0.003145,0.001694,0.015000,-13.879195,-5.059609,-15.122622,-343.707398,-0.610107,-53.675539
-0.003145,0.002177,0.015000,-20.670893,-4.097818,-15.272219,-341.284833,-1.950747,-53.818374
-0.003145,0.002661,0.015000,-29.683102,-3.180667,-15.832293,-337.349296,-3.225484,-53.552141
-0.003145,0.003145,0.015000,-40.723180,-2.340882,-16.784428,-331.796690,-4.432978,-52.876445
-0.003145,0.003629,0.015000,-53.544998,-1.607190,-18.095675,-324.509733,-5.571674,-51.788116
-0.003145,0.004113,0.015000,-67.851858,-1.003792,-19.719496,-315.367042,-6.639098,-50.282165
-0.003145,0.004597,0.015000,-83.300392,-0.549971,-21.596938,-304.253390,-7.631305,-48.353239
-0.003145,0.005081,0.015000,-99.505644,-0.259817,-23.658055,-291.070693,-8.542523,-45.997449
-0.003145,0.005565,0.015000,-116.047477,-0.142060,-25.823584,-275.749206,-9.364995,-43.214468
-0.003145,0.006048,0.015000,-132.478433,-0.199982,-28.006906,-258.258411,-10.089030,-40.009763
-0.003145,0.006532,0.015000,-148.333092,-0.431417,-30.116300,-238.617040,-10.703262,-36.396817
-0.003145,0.007016,0.015000,-163.138917,-0.828824,-32.057503,-216.901717,-11.195088,-32.399181
-0.003145,0.007500,0.015000,-176.428440,-1.379451,-33.736565,-193.253701,-11.551283,-28.052207
-0.002661,-0.007500,0.015000,-171.022792,4.318119,-18.412316,-106.277708,16.259392,17.777840
-0.002661,-0.007016,0.015000,-166.323735,2.315932,-21.590383,-132.612550,17.234927,14.271988
-0.002661,-0.006532,0.015000,-158.933521,0.262221,-24.185032,-158.280691,17.858069,10.268253
-0.002661,-0.006048,0.015000,-149.168997,-1.773100,-26.150903,-182.907376,18.128366,5.886872
-0.002661,-0.005565,0.015000,-137.406928,-3.724143,-27.470190,-206.180881,18.057378,1.250806
-0.002661,-0.005081,0.015000,-124.069229,-5.531475,-28.151508,-227.856926,17.667107,-3.519484
-0.002661,-0.004597,0.015000,-109.607858,-7.144104,-28.227690,-247.759570,16.988061,-8.310582
-0.002661,-0.004113,0.015000,-94.489993,-8.520950,-27.752700,-265.778788,16.057081,-13.019807
-0.002661,-0.003629,0.015000,-79.184024,-9.631774,-26.797905,-281.865080,14.915075,-17.557933
-0.002661,-0.003145,0.015000,-64.146780,-10.457583,-25.447953,-296.021595,13.604792,-21.850882
-0.002661,-0.002661,0.015000,-49.812274,-10.990527,-23.796484,-308.294326,12.168744,-25.840406
-0.002661,-0.002177,0.015000,-36.582136,-11.233354,-21.941881,-318.761012,10.647394,-29.483830
-0.002661,-0.001694,0.015000,-24.817783,-11.198493,-19.983258,-327.519392,9.077658,-32.752978
-0.002661,-0.001210,0.015000,-14.834262,-10.906843,-18.016822,-334.675470,7.491807,-35.632438
-0.002661,-0.000726,0.015000,-6.895627,-10.386362,-16.132705,-340.332383,5.916755,-38.117339
-0.002661,-0.000242,0.015000,-1.211669,-9.670540,-14.412330,-344.580453,4.373753,-40.210846
-0.002661,0.000242,0.015000,2.064248,-8.796837,-12.926330,-347.488855,2.878462,-41.921549
-0.002661,0.000726,0.015000,2.836446,-7.805166,-11.733008,-349.099318,1.441345,-43.260936
-0.002661,0.001210,0.015000,1.067488,-6.736456,-10.877281,-349.422086,0.068335,-44.241104
-0.002661,0.001694,0.015000,-3.221809,-5.631367,-10.390085,-348.434322,-1.238303,-44.872842
-0.002661,0.002177,0.015000,-9.952827,-4.529159,-10.288131,-346.080998,-2.478975,-45.164182
-0.002661,0.002661,0.015000,-18.990031,-3.466740,-10.573988,-342.278188,-3.655714,-45.119500
-0.002661,0.003145,0.015000,-30.142348,-2.477884,-11.236416,-336.918627,-4.771145,-44.739181
-0.002661,0.003629,0.015000,-43.165125,-1.592616,-12.250906,-329.879261,-5.827524,-44.019869
-0.002661,0.004113,0.015000,-57.762839,-0.836732,-13.580421,-321.030462,-6.825906,-42.955260
-0.002661,0.004597,0.015000,-73.592747,-0.231443,-15.176312,-310.246491,-7.765476,-41.537385
-0.002661,0.005081,0.015000,-90.269656,0.206885,-16.979435,-297.416763,-8.643072,-39.758300
-0.002661,0.005565,0.015000,-107.372015,0.466918,-18.921485,-282.457384,-9.452931,-37.612079
-0.002661,0.006048,0.015000,-124.449448,0.542481,-20.926583,-265.322455,-10.186646,-35.096986
-0.002661,0.006532,0.015000,-141.031823,0.432625,-22.913137,-246.014568,-10.833349,-32.217697
-0.002661,0.007016,0.015000,-156.639852,0.141650,-24.796013,-224.593977,-11.380098,-28.987411
-0.002661,0.007500,0.015000,-170.797110,-0.320942,-26.488994,-201.185904,-11.812459,-25.429722
-0.002177,-0.007500,0.015000,-173.506040,3.321128,-14.147842,-110.081874,16.146039,19.991099
-0.002177,-0.007016,0.015000,-168.210434,1.220478,-17.257621,-136.887925,17.014534,17.097630
-0.002177,-0.006532,0.015000,-160.156927,-0.917358,-19.829561,-162.945360,17.522672,13.714704
-0.002177,-0.006048,0.015000,-149.677495,-3.020927,-21.814278,-187.874525,17.673969,9.954556
-0.002177,-0.005565,0.015000,-137.164316,-5.023402,-23.188650,-211.362036,17.484088,5.932557
-0.002177,-0.005081,0.015000,-123.054463,-6.864981,-23.954878,-233.165089,16.979101,1.762106
-0.002177,-0.004597,0.015000,-107.814322,-8.494820,-24.138500,-253.112134,16.193394,-2.449859
-0.002177,-0.004113,0.015000,-91.924380,-9.872420,-23.785542,-271.100144,15.167359,-6.606521
-0.002177,-0.003629,0.015000,-75.864933,-10.968470,-22.959054,-287.088849,13.944992,-10.623915
-0.002177,-0.003145,0.015000,-60.103120,-11.765138,-21.735244,-301.092411,12.571572,-14.432660
-0.002177,-0.002661,0.015000,-45.081590,-12.255876,-20.199448,-313.169161,11.091499,-17.978705
-0.002177,-0.002177,0.015000,-31.208954,-12.444767,-18.442151,-323.410015,9.546431,-21.223155
-0.002177,-0.001694,0.015000,-18.852062,-12.345530,-16.555217,-331.926250,7.973765,-24.141282
-0.002177,-0.001210,0.015000,-8.330020,-11.980235,-14.628484,-338.837303,6.405526,-26.720877
-0.002177,-0.000726,0.015000,0.090195,-11.377845,-12.746806,-344.259220,4.867691,-28.960102
-0.002177,-0.000242,0.015000,6.196744,-10.572671,-10.987614,-348.294300,3.379916,-30.865048
-0.002177,0.000242,0.015000,9.834813,-9.602804,-9.418989,-351.022428,1.955674,-32.447151
-0.002177,0.000726,0.015000,10.907605,-8.508623,-8.098243,-352.494467,0.602724,-33.720668
-0.002177,0.001210,0.015000,9.376666,-7.331409,-7.070964,-352.727972,-0.676138,-34.700352
-0.002177,0.001694,0.015000,5.261706,-6.112112,-6.370450,-351.705402,-1.882114,-35.399465
-0.002177,0.002177,0.015000,-1.359971,-4.890301,-6.017480,-349.374851,-3.019306,-35.828223
-0.002177,0.002661,0.015000,-10.354412,-3.703290,-6.020342,-345.653257,-4.093564,-35.992746
-0.002177,0.003145,0.015000,-21.532362,-2.585439,-6.375065,-340.431917,-5.111336,-35.894569
-0.002177,0.003629,0.015000,-34.651122,-1.567608,-7.065819,-333.584054,-6.078596,-35.530691
-0.002177,0.004113,0.015000,-49.417095,-0.676751,-8.065438,-324.974100,-6.999896,-34.894180
-0.002177,0.004597,0.015000,-65.489195,0.064405,-9.336094,-314.468294,-7.877586,-33.975260
-0.002177,0.005081,0.015000,-82.483347,0.637588,-10.830102,-301.946139,-8.711226,-32.762826
-0.002177,0.005565,0.015000,-99.978265,1.029174,-12.490923,-287.312197,-9.497229,-31.246290
-0.002177,0.006048,0.015000,-117.522680,1.230338,-14.254365,-270.507711,-10.228725,-29.417655
-0.002177,0.006532,0.015000,-134.644104,1.237188,-16.050051,-251.521484,-10.895660,-27.273685
-0.002177,0.007016,0.015000,-150.859170,1.050866,-17.803181,-230.399482,-11.485118,-24.818040
-0.002177,0.007500,0.015000,-165.685450,0.677621,-19.436592,-207.252624,-11.981859,-22.063241
-0.001694,-0.007500,0.015000,-176.353487,2.477202,-9.587310,-112.619548,16.010407,22.323304
-0.001694,-0.007016,0.015000,-170.622273,0.290618,-12.654850,-139.843174,16.773704,20.095260
-0.001694,-0.006532,0.015000,-162.072363,-1.919348,-15.238565,-166.249720,17.169526,17.383268
-0.001694,-0.006048,0.015000,-151.048185,-4.080078,-17.284223,-191.454336,17.205215,14.290599
-0.001694,-0.005565,0.015000,-137.954673,-6.124158,-18.762380,-215.141217,16.900348,10.924294
-0.001694,-0.005081,0.015000,-123.241470,-7.991746,-19.667679,-237.067838,16.284855,7.390180
-0.001694,-0.004597,0.015000,-107.386937,-9.632434,-20.017122,-257.065476,15.396774,3.788454
-0.001694,-0.004113,0.015000,-90.882591,-11.006549,-19.847510,-275.036235,14.279810,0.210037
-0.001694,-0.003629,0.015000,-74.218552,-12.085895,-19.212264,-290.946972,12.980835,-3.266170
-0.001694,-0.003145,0.015000,-57.870408,-12.853944,-18.177865,-304.820626,11.547466,-6.575090
-0.001694,-0.002661,0.015000,-42.287810,-13.305526,-16.820116,-316.725576,10.025845,-9.666311
-0.001694,-0.002177,0.015000,-27.884932,-13.446083,-15.220440,-326.763659,8.458726,-12.504025
-0.001694,-0.001694,0.015000,-15.032845,-13.290584,-13.462382,-335.057558,6.883946,-15.066174
-0.001694,-0.001210,0.015000,-4.053691,-12.862176,-11.628448,-341.738224,5.333311,-17.342926
-0.001694,-0.000726,0.015000,4.783486,-12.190683,-9.797367,-346.932962,3.831940,-19.334658
-0.001694,-0.000242,0.015000,11.265509,-11.311034,-8.041842,-350.754748,2.398042,-21.049596
-0.001694,0.000242,0.015000,15.236694,-10.261706,-6.426780,-353.293267,1.043096,-22.501318
-0.001694,0.000726,0.015000,16.599588,-9.083255,-5.008003,-354.608038,-0.227607,-23.706256
-0.001694,0.001210,0.015000,15.315067,-7.816982,-3.831366,-354.723908,-1.414140,-24.681367
-0.001694,0.001694,0.015000,11.401971,-6.503770,-2.932244,-353.629069,-2.520890,-25.442088
-0.001694,0.002177,0.015000,4.936394,-5.183108,-2.335294,-351.275640,-3.555379,-26.000695
-0.001694,0.002661,0.015000,-3.949328,-3.892307,-2.054438,-347.582758,-4.527012,-26.365112
-0.001694,0.003145,0.015000,-15.067964,-2.665894,-2.092996,-342.442019,-5.445833,-26.538249
-0.001694,0.003629,0.015000,-28.179185,-1.535145,-2.443932,-335.725003,-6.321357,-26.517859
-0.001694,0.004113,0.015000,-42.991961,-0.527752,-3.090186,-327.292579,-7.161517,-26.296924
-0.001694,0.004597,0.015000,-59.167778,0.332435,-4.005090,-317.005552,-7.971779,-25.864528
-0.001694,0.005081,0.015000,-76.324891,1.025609,-5.152882,-304.736234,-8.754459,-25.207166
-0.001694,0.005565,0.015000,-94.043815,1.536182,-6.489364,-290.380411,-9.508256,-24.310417
-0.001694,0.006048,0.015000,-111.874257,1.852961,-7.962732,-273.869184,-10.228023,-23.160869
-0.001694,0.006532,0.015000,-129.343589,1.969323,-9.514647,-255.180138,-10.904780,-21.748213
-0.001694,0.007016,0.015000,-145.966907,1.883397,-11.081579,-234.347281,-11.525961,-20.067357
-0.001694,0.007500,0.015000,-161.258630,1.598239,-12.596456,-211.469225,-12.075891,-18.120443
-0.001210,-0.007500,0.015000,-179.572937,1.788100,-4.704436,-113.829035,15.880888,24.671051
-0.001210,-0.007016,0.015000,-173.578143,-0.472609,-7.744866,-141.418296,16.543295,23.154833
-0.001210,-0.006532,0.015000,-164.709680,-2.743579,-10.363408,-168.137120,16.831825,21.157802
-0.001210,-0.006048,0.015000,-153.321541,-4.951357,-12.500317,-193.595076,16.757439,18.773307
-0.001210,-0.005565,0.015000,-139.828558,-7.028260,-14.119002,-217.473038,16.343390,16.099300
-0.001210,-0.005081,0.015000,-124.690211,-8.914684,-15.205585,-239.527406,15.623192,13.233489
-0.001210,-0.004597,0.015000,-108.394261,-10.560898,-15.767481,-259.590526,14.638258,10.269005
-0.001210,-0.004113,0.015000,-91.440898,-11.928253,-15.831157,-277.567547,13.435339,7.290783
-0.001210,-0.003629,0.015000,-74.327949,-12.989822,-15.439286,-293.430131,12.063933,4.372770
-0.001210,-0.003145,0.015000,-57.537594,-13.730478,-14.647512,-307.207526,10.573783,1.576050
-0.001210,-0.002661,0.015000,-41.524884,-14.146480,-13.521036,-318.975631,9.012610,-1.052124
-0.001210,-0.002177,0.015000,-26.708208,-14.244634,-12.131220,-328.844726,7.424168,-3.478424
-0.001210,-0.001694,0.015000,-13.461735,-14.041113,-10.552369,-336.946554,5.846694,-5.682750
-0.001210,-0.001210,0.015000,-2.109731,-13.560056,-8.858827,-343.421450,4.311813,-7.656885
-0.001210,-0.000726,0.015000,7.077430,-12.832012,-7.122464,-348.406144,2.843897,-9.402627
-0.001210,-0.000242,0.015000,13.885819,-11.892359,-5.410620,-352.022819,1.459878,-10.929577
-0.001210,0.000242,0.015000,18.159340,-10.779750,-3.784493,-354.369899,0.169478,-12.252741
-0.001210,0.000726,0.015000,19.800238,-9.534677,-2.297961,-355.514953,-1.024198,-13.390101
-0.001210,0.001210,0.015000,18.768979,-8.198185,-0.996789,-355.489990,-2.123771,-14.360304
-0.001210,0.001694,0.015000,15.083696,-6.810783,0.081854,-354.289287,-3.136479,-15.180589
-0.001210,0.002177,0.015000,8.819339,-5.411551,0.909636,-351.869819,-4.072918,-15.865061
-0.001210,0.002661,0.015000,0.106576,-4.037451,1.467132,-348.154213,-4.945721,-16.423377
-0.001210,0.003145,0.015000,-10.869584,-2.722804,1.743790,-343.036071,-5.768233,-16.859908
-0.001210,0.003629,0.015000,-23.871542,-1.498927,1.737833,-336.387421,-6.553257,-17.173400
-0.001210,0.004113,0.015000,-38.611410,-0.393873,1.456122,-328.067959,-7.311916,-17.357127
-0.001210,0.004597,0.015000,-54.754065,0.567763,0.913988,-317.935694,-8.052674,-17.399540
-0.001210,0.005081,0.015000,-71.921184,1.364996,0.135007,-305.858545,-8.780558,-17.285340
-0.001210,0.005565,0.015000,-89.696489,1.980608,-0.849323,-291.726383,-9.496595,-16.996951
-0.001210,0.006048,0.015000,-107.632397,2.401335,-2.000045,-275.463012,-10.197487,-16.516277
-0.001210,0.006532,0.015000,-125.258211,2.618071,-3.271412,-257.037521,-10.875530,-15.826677
-0.001210,0.007016,0.015000,-142.089904,2.626127,-4.611823,-236.474466,-11.518783,-14.915028
-0.001210,0.007500,0.015000,-157.641472,2.425495,-5.965051,-213.862349,-12.111476,-13.773764
-0.000726,-0.007500,0.015000,-183.143243,1.254436,0.522540,-113.650864,15.780686,26.923874
-0.000726,-0.007016,0.015000,-177.065415,-1.069445,-2.493696,-141.553247,16.348822,26.158905
-0.000726,-0.006532,0.015000,-168.064762,-3.391301,-5.157286,-168.548388,16.537263,24.914630
-0.000726,-0.006048,0.015000,-156.501749,-5.637146,-7.402515,-194.239835,16.360330,23.273525
-0.000726,-0.005565,0.015000,-142.798088,-7.739290,-9.185018,-218.304163,15.844652,21.323668
-0.000726,-0.005081,0.015000,-127.420202,-9.638601,-10.481646,-240.495227,15.027015,19.154056
-0.000726,-0.004597,0.015000,-110.862576,-11.286212,-11.289384,-260.644543,13.951890,16.850363
-0.000726,-0.004113,0.015000,-93.631631,-12.644648,-11.623465,-278.658070,12.668770,14.491346
-0.000726,-0.003629,0.015000,-76.230743,-13.688350,-11.514889,-294.509782,11.229506,12.146017
-0.000726,-0.003145,0.015000,-59.146819,-14.403654,-11.007546,-308.232589,9.685743,9.871663
-0.000726,-0.002661,0.015000,-42.838733,-14.788272,-10.155150,-319.907210,8.086612,7.712737
-0.000726,-0.002177,0.015000,-27.727790,-14.850348,-9.018165,-329.649712,6.476761,5.700592
-0.000726,-0.001694,0.015000,-14.190218,-14.607211,-7.660889,-337.598379,4.894806,3.853970
-0.000726,-0.001210,0.015000,-2.551590,-14.083898,-6.148806,-343.900642,3.372242,2.180156
-0.000726,-0.000726,0.015000,6.917017,-13.311571,-4.546316,-348.700673,1.932821,0.676643
-0.000726,-0.000242,0.015000,14.001389,-12.325910,-2.914856,-352.128247,0.592402,-0.666824
-0.000726,0.000242,0.015000,18.545364,-11.165571,-1.311452,-354.289342,-0.640785,-1.865988
-0.000726,0.000726,0.015000,20.451127,-9.870781,0.212348,-355.258854,-1.765499,-2.939748
-0.000726,0.001210,0.015000,19.678890,-8.482110,1.611200,-355.075715,-2.786551,-3.907893
-0.000726,0.001694,0.015000,16.246163,-7.039444,2.846411,-353.740555,-3.713643,-4.789017
-0.000726,0.002177,0.015000,10.226755,-5.581187,3.886194,-351.215955,-4.560054,-5.598731
-0.000726,0.002661,0.015000,1.749575,-4.143653,4.705796,-347.429254,-5.341263,-6.348229
-0.000726,0.003145,0.015000,-9.002792,-2.760653,5.287562,-342.277721,-6.073560,-7.043289
-0.000726,0.003629,0.015000,-21.795827,-1.463215,5.620983,-335.635875,-6.772726,-7.683722
-0.000726,0.004113,0.015000,-36.345315,-0.279413,5.702761,-327.364615,-7.452821,-8.263307
-0.000726,0.004597,0.015000,-52.320271,0.765753,5.536869,-317.321787,-8.125122,-8.770182
-0.000726,0.005081,0.015000,-69.346800,1.650461,5.134622,-305.373723,-8.797263,-9.187692
-0.000726,0.005565,0.015000,-87.013127,2.356193,4.514675,-291.407285,-9.472576,-9.495618
-0.000726,0.006048,0.015000,-104.875991,2.867918,3.702922,-275.341880,-10.149674,-9.671762
-0.000726,0.006532,0.015000,-122.468570,3.174326,2.732217,-257.140903,-10.822280,-9.693768
-0.000726,0.007016,0.015000,-139.309995,3.268139,1.641855,-236.822072,-11.479306,-9.541112
-0.000726,0.007500,0.015000,-154.916447,3.146466,0.476746,-214.466100,-12.105181,-9.197132
-0.000242,-0.007500,0.015000,-187.013597,0.876732,6.106723,-112.029461,15.727226,28.964882
-0.000242,-0.007016,0.015000,-181.039043,-1.500273,3.124887,-140.189450,16.209845,28.983043
-0.000242,-0.006532,0.015000,-172.098457,-3.863984,0.419849,-167.423137,16.307409,28.522705
-0.000242,-0.006048,0.015000,-160.555519,-6.140133,-1.936462,-193.327610,16.037281,27.654535
-0.000242,-0.005565,0.015000,-146.835634,-8.261239,-3.891509,-217.574138,15.429125,26.455932
-0.000242,-0.005081,0.015000,-131.409157,-10.168818,-5.412355,-239.912498,14.522649,25.006534
-0.000242,-0.004597,0.015000,-114.774497,-11.815006,-6.484941,-260.171408,13.365029,23.384087
-0.000242,-0.004113,0.015000,-97.441792,-13.163592,-7.112591,-278.255300,12.008177,21.660882
-0.000242,-0.003629,0.015000,-79.917759,-14.190442,-7.313925,-294.137864,10.506008,19.900885
-0.000242,-0.003145,0.015000,-62.692139,-14.883372,-7.120363,-307.852909,8.911831,18.157650
-0.000242,-0.002661,0.015000,-46.226065,-15.241526,-6.573437,-319.483159,7.276017,16.473057
-0.000242,-0.002177,0.015000,-30.942496,-15.274349,-5.722049,-329.147685,5.644015,14.876841
-0.000242,-0.001694,0.015000,-17.218736,-15.000253,-4.619874,-336.988680,4.054805,13.386863
-0.000242,-0.001210,0.015000,-5.380925,-14.445088,-3.322980,-343.158260,2.539814,12.010035
-0.000242,-0.000726,0.015000,4.299687,-13.640516,-1.887792,-347.805944,1.122326,10.743760
-0.000242,-0.000242,0.015000,11.608967,-12.622394,-0.369409,-351.067377,-0.182649,9.577775
-0.000242,0.000242,0.015000,16.390916,-11.429244,1.179704,-353.054797,-1.368078,8.496244
-0.000242,0.000726,0.015000,18.547796,-10.100872,2.710669,-353.849605,-2.434235,7.479970
-0.000242,0.001210,0.015000,18.039620,-8.677195,4.178859,-353.497326,-3.387730,6.508591
-0.000242,0.001694,0.015000,14.883265,-7.197288,5.544321,-352.005104,-4.240306,5.562653
-0.000242,0.002177,0.015000,9.151324,-5.698661,6.772052,-349.341796,-5.007499,4.625448
-0.000242,0.002661,0.015000,0.970803,-4.216753,7.832186,-345.440587,-5.707208,3.684550
-0.000242,0.003145,0.015000,-9.478377,-2.784605,8.700162,-340.203991,-6.358274,2.732975
-0.000242,0.003629,0.015000,-21.965140,-1.432682,9.356925,-333.510988,-6.979096,1.769924
-0.000242,0.004113,0.015000,-36.209460,-0.188789,9.789171,-325.225994,-7.586366,0.801087
-0.000242,0.004597,0.015000,-51.885199,0.921979,9.989660,-315.209264,-8.193942,-0.161512
-0.000242,0.005081,0.015000,-68.623836,1.877276,9.957545,-303.328314,-8.811901,-1.100098
-0.000242,0.005565,0.015000,-86.019310,2.657601,9.698703,-289.469873,-9.445805,-1.992157
-0.000242,0.006048,0.015000,-103.634194,3.246464,9.225981,-273.551841,-10.096190,-2.811799
-0.000242,0.006532,0.015000,-121.007371,3.630640,8.559300,-255.534739,-10.758301,-3.531433
-0.000242,0.007016,0.015000,-137.663292,3.800525,7.725533,-235.432088,-11.422079,-4.123650
-0.000242,0.007500,0.015000,-153.122799,3.750565,6.758095,-213.319194,-12.072416,-4.563232
0.000242,-0.007500,0.015000,-191.103449,0.656206,12.048525,-108.915730,15.731724,30.671839
0.000242,-0.007016,0.015000,-185.421275,-1.764765,9.124869,-137.272321,16.139520,31.496677
0.000242,-0.006532,0.015000,-176.736111,-4.162384,6.396366,-164.702216,16.157232,31.844207
0.000242,-0.006048,0.015000,-165.411448,-6.462308,3.941162,-190.795651,15.804910,31.772371
0.000242,-0.005565,0.015000,-151.873074,-8.597436,1.820108,-215.217600,15.114872,31.347073
0.000242,-0.005081,0.015000,-136.592133,-10.510051,0.076202,-237.712243,14.129357,30.637897
0.000242,-0.004597,0.015000,-120.068062,-12.153374,-1.265091,-258.103510,12.897878,29.714107
0.000242,-0.004113,0.015000,-102.812117,-13.492495,-2.194754,-276.291946,11.474422,28.641129
0.000242,-0.003629,0.015000,-85.332083,-14.504709,-2.718543,-292.248319,9.914669,27.477640
0.000242,-0.003145,0.015000,-68.118616,-15.179284,-2.854915,-306.004525,8.273359,26.273382
0.000242,-0.002661,0.015000,-51.633528,-15.516746,-2.632714,-317.642412,6.601935,25.067724
0.000242,-0.002177,0.015000,-36.300185,-15.527765,-2.088798,-327.281220,4.946559,23.888988
0.000242,-0.001694,0.015000,-22.496019,-15.231751,-1.265759,-335.064341,3.346569,22.754477
0.000242,-0.001210,0.015000,-10.547060,-14.655269,-0.209828,-341.146102,1.833414,21.671151
0.000242,-0.000726,0.015000,-0.724269,-13.830379,1.030932,-345.679193,0.430074,20.636818
0.000242,-0.000242,0.015000,6.758575,-12.793010,2.408113,-348.803330,-0.849045,19.641759
0.000242,0.000242,0.015000,11.745780,-11.581430,3.874124,-350.635639,-1.997795,18.670622
0.000242,0.000726,0.015000,14.139708,-10.234905,5.383051,-351.263112,-3.017593,17.704496
0.000242,0.001210,0.015000,13.900133,-8.792570,6.891252,-350.737443,-3.916428,16.723011
0.000242,0.001694,0.015000,11.043190,-7.292542,8.357780,-349.072368,-4.707647,15.706383
0.000242,0.002177,0.015000,5.640096,-5.771283,9.744672,-346.243578,-5.408584,14.637283
0.000242,0.002661,0.015000,-2.184269,-4.263173,11.017209,-342.191138,-6.039113,13.502461
0.000242,0.003145,0.015000,-12.252943,-2.800287,12.144196,-336.824277,-6.620192,12.294052
0.000242,0.003629,0.015000,-24.338693,-1.412303,13.098303,-330.028303,-7.172451,11.010505
0.000242,0.004113,0.015000,-38.166210,-0.126508,13.856508,-321.673342,-7.714875,9.657115
0.000242,0.004597,0.015000,-53.414909,1.032173,14.400637,-311.624537,-8.263623,8.246113
0.000242,0.005081,0.015000,-69.722553,2.041158,14.717966,-299.753261,-8.831017,6.796327
0.000242,0.005565,0.015000,-86.689949,2.880258,14.801857,-285.948894,-9.424726,5.332413
0.000242,0.006048,0.015000,-103.886939,3.531823,14.652350,-270.130654,-10.047170,3.883704
0.000242,0.006532,0.015000,-120.859848,3.981011,14.276633,-252.258946,-10.695165,2.482701
0.000242,0.007016,0.015000,-137.140488,4.216173,13.689311,-232.345703,-11.359822,1.163302
0.000242,0.007500,0.015000,-152.256723,4.229348,12.912394,-210.463191,-12.026705,-0.041163
0.000726,-0.007500,0.015000,-195.303131,0.595232,18.331830,-104.270420,15.798891,31.918878
0.000726,-0.007016,0.015000,-190.102069,-1.861349,15.503694,-132.754722,16.144282,33.564595
0.000726,-0.006532,0.015000,-181.867786,-4.285944,12.784184,-160.331209,16.094785,34.735774
0.000726,-0.006048,0.015000,-170.960074,-6.604302,10.257408,-186.582976,15.672735,35.476765
0.000726,-0.005565,0.015000,-157.801680,-8.749819,7.992416,-211.167796,14.912691,35.841159
0.000726,-0.005081,0.015000,-142.861291,-10.665619,6.042261,-233.822799,13.859016,35.887750
0.000726,-0.004597,0.015000,-126.636384,-12.306028,4.443917,-254.365193,12.563168,35.676691
0.000726,-0.004113,0.015000,-109.636649,-13.637429,3.218923,-272.689312,11.080856,35.266033
0.000726,-0.003629,0.015000,-92.368604,-14.638494,2.374619,-288.760392,9.469229,34.708791
0.000726,-0.003145,0.015000,-75.321844,-15.299870,1.905791,-302.605622,7.784221,34.050656
0.000726,-0.002661,0.015000,-58.957256,-15.623374,1.796578,-314.303099,6.078189,33.328389
0.000726,-0.002177,0.015000,-43.697354,-15.620797,2.022468,-323.969384,4.397936,32.568930
0.000726,-0.001694,0.015000,-29.918767,-15.312439,2.552253,-331.746353,2.783171,31.789182
0.000726,-0.001210,0.015000,-17.946759,-14.725473,3.349830,-337.788036,1.265461,30.996414
0.000726,-0.000726,0.015000,-8.051601,-13.892256,4.375768,-342.248086,-0.132332,30.189204
0.000726,-0.000242,0.015000,-0.446502,-12.848683,5.588615,-345.268446,-1.396146,29.358806
0.000726,0.000242,0.015000,4.713202,-11.632678,6.945908,-346.969691,-2.520389,28.490848
0.000726,0.000726,0.015000,7.329925,-10.282872,8.404941,-347.443427,-3.507233,27.567229
0.000726,0.001210,0.015000,7.363055,-8.837522,9.923317,-346.747009,-4.365623,26.568121
0.000726,0.001694,0.015000,4.827781,-7.333690,11.459353,-344.900737,-5.110050,25.473955
0.000726,0.002177,0.015000,-0.206309,-5.806672,12.972414,-341.887588,-5.759178,24.267307
0.000726,0.002661,0.015000,-7.616770,-4.289664,14.423237,-337.655419,-6.334391,22.934596
0.000726,0.003145,0.015000,-17.229973,-2.813623,15.774331,-332.121510,-6.858323,21.467511
0.000726,0.003629,0.015000,-28.822981,-1.407265,16.990463,-325.179216,-7.353422,19.864130
0.000726,0.004113,0.015000,-42.125777,-0.097159,18.039297,-316.706432,-7.840604,18.129648
0.000726,0.004597,0.015000,-56.824046,1.092170,18.892152,-306.575508,-8.338027,16.276712
0.000726,0.005081,0.015000,-72.562740,2.138153,19.524875,-294.664195,-8.860021,14.325322
0.000726,0.005565,0.015000,-88.950663,3.020186,19.918773,-280.867176,-9.416204,12.302298
0.000726,0.006048,0.015000,-105.566302,3.719749,20.061530,-265.107669,-10.010809,10.240334
0.000726,0.006532,0.015000,-121.965080,4.220676,19.948040,-247.348604,-10.642232,8.176664
0.000726,0.007016,0.015000,-137.688116,4.509562,19.581046,-227.602834,-11.302843,6.151406
0.000726,0.007500,0.015000,-152.272534,4.576315,18.971509,-205.941867,-11.979058,4.205648
0.001210,-0.007500,0.015000,-199.475273,0.697431,24.920557,-98.068167,15.926765,32.578936
0.001210,-0.007016,0.015000,-194.940308,-1.787052,22.238315,-126.601200,16.223659,35.049197
0.001210,-0.006532,0.015000,-187.349278,-4.232570,19.574325,-154.264857,16.120996,37.050540
0.001210,-0.006048,0.015000,-177.054693,-6.565092,17.018135,-180.634945,15.642963,38.612921
0.001210,-0.005565,0.015000,-164.472760,-8.718584,14.646596,-205.361283,14.825920,39.776820
0.001210,-0.005081,0.015000,-150.066384,-10.637029,12.522540,-228.172620,13.715926,40.589485
0.001210,-0.004597,0.015000,-134.328004,-12.275838,10.694272,-248.877632,12.365983,41.101263
0.001210,-0.004113,0.015000,-117.762983,-13.602614,9.195767,-267.362229,10.833169,41.362223
0.001210,-0.003629,0.015000,-100.874164,-14.597315,8.047444,-283.583600,9.175802,41.419215
0.001210,-0.003145,0.015000,-84.148048,-15.251848,7.257378,-297.561511,7.450787,41.313487
0.001210,-0.002661,0.015000,-68.042941,-15.569185,6.822774,-309.367507,5.711252,41.078929
0.001210,-0.002177,0.015000,-52.979218,-15.562105,6.731588,-319.112677,4.004577,40.740957
0.001210,-0.001694,0.015000,-39.331753,-15.251667,6.964132,-326.934696,2.370871,40.316056
0.001210,-0.001210,0.015000,-27.424405,-14.665526,7.494583,-332.984814,0.841936,39.811908
0.001210,-0.000726,0.015000,-17.526368,-13.836224,8.292315,-337.415444,-0.559290,39.228065
0.001210,-0.000242,0.015000,-9.850117,-12.799528,9.323003,-340.368890,-1.818814,38.557064
0.001210,0.000242,0.015000,-4.550629,-11.592931,10.549508,-341.967709,-2.931260,37.785899
0.001210,0.000726,0.015000,-1.725576,-10.254356,11.932548,-342.307078,-3.899166,36.897741
0.001210,0.001210,0.015000,-1.416180,-8.821114,13.431208,-341.449428,-4.731997,35.873810
0.001210,0.001694,0.015000,-3.608493,-7.329142,15.003343,-339.421500,-5.444931,34.695297
0.001210,0.002177,0.015000,-8.234909,-5.812498,16.605959,-336.213887,-6.057492,33.345242
0.001210,0.002661,0.015000,-15.175818,-4.303107,18.195615,-331.783008,-6.592108,31.810286
0.001210,0.003145,0.015000,-24.261383,-2.830699,19.728934,-326.055371,-7.072638,30.082212
0.001210,0.003629,0.015000,-35.273498,-1.422901,21.163251,-318.933930,-7.522933,28.159216
0.001210,0.004113,0.015000,-47.948070,-0.105401,22.457433,-310.306213,-7.965465,26.046836
0.001210,0.004597,0.015000,-61.977813,1.097859,23.572866,-300.053910,-8.420074,23.758501
0.001210,0.005081,0.015000,-77.015791,2.164545,24.474577,-288.063475,-8.902844,21.315664
0.001210,0.005565,0.015000,-92.679922,3.073882,25.132459,-274.237342,-9.425162,18.747490
0.001210,0.006048,0.015000,-108.558684,3.806750,25.522505,-258.505223,-9.992962,16.090110
0.001210,0.006532,0.015000,-124.218186,4.345937,25.627972,-240.835036,-10.606200,13.385454
0.001210,0.007016,0.015000,-139.210715,4.676578,25.440383,-221.242895,-11.258565,10.679708
0.001210,0.007500,0.015000,-153.084777,4.786737,24.960258,-199.801691,-11.937464,8.021456
0.001694,-0.007500,0.015000,-203.457105,0.967405,31.755770,-90.301988,16.106661,32.527008
0.001694,-0.007016,0.015000,-199.765922,-1.537716,29.281785,-118.792818,16.370200,35.813622
0.001694,-0.006532,0.015000,-193.004048,-3.998792,26.732984,-146.472192,16.229589,38.641086
0.001694,-0.006048,0.015000,-183.513106,-6.342103,24.203568,-172.908689,15.710406,41.024249
0.001694,-0.005565,0.015000,-171.699221,-8.502218,21.777511,-197.743608,14.850353,42.989733
0.001694,-0.005081,0.015000,-158.016131,-10.423959,19.526857,-220.696191,13.696742,44.572480
0.001694,-0.004597,0.015000,-142.948100,-12.063744,17.510784,-241.564955,12.303715,45.812294
0.001694,-0.004113,0.015000,-126.993330,-13.390289,15.775339,-260.225353,10.729365,46.750572
0.001694,-0.003629,0.015000,-110.648504,-14.384691,14.353752,-276.624171,9.032891,47.427378
0.001694,-0.003145,0.015000,-94.394929,-15.039953,13.267186,-290.771192,7.271954,47.878993
0.001694,-0.002661,0.015000,-78.686610,-15.360035,12.525789,-302.728733,5.500320,48.136005
0.001694,-0.002177,0.015000,-63.940442,-15.358533,12.129907,-312.599730,3.765904,48.222002
0.001694,-0.001694,0.015000,-50.528562,-15.057102,12.071351,-320.515065,2.109259,48.152856
0.001694,-0.001210,0.015000,-38.772756,-14.483737,12.334599,-326.620794,0.562548,47.936598
0.001694,-0.000726,0.015000,-28.940759,-13.671039,12.897884,-331.065922,-0.851004,47.573806
0.001694,-0.000242,0.015000,-21.244159,-12.654545,13.734110,-333.991262,-2.117194,47.058471
0.001694,0.000242,0.015000,-15.837616,-11.471237,14.811598,-335.519871,-3.230520,46.379229
0.001694,0.000726,0.015000,-12.819074,-10.158262,16.094672,-335.749417,-4.193494,45.520897
0.001694,0.001210,0.015000,-12.230662,-8.751937,17.544130,-334.746745,-5.015674,44.466200
0.001694,0.001694,0.015000,-14.060052,-7.287027,19.117658,-332.544811,-5.712471,43.197610
0.001694,0.002177,0.015000,-18.242064,-5.796308,20.770251,-329.142027,-6.303808,41.699203
0.001694,0.002661,0.015000,-24.660420,-4.310377,22.454708,-324.503985,-6.812699,39.958441
0.001694,0.003145,0.015000,-33.149630,-2.857671,24.122258,-318.567423,-7.263788,37.967807
0.001694,0.003629,0.015000,-43.497036,-1.464631,25.723370,-311.246236,-7.681915,35.726209
0.001694,0.004113,0.015000,-55.445176,-0.155950,27.208754,-302.439237,-8.090740,33.240085
0.001694,0.004597,0.015000,-68.694614,1.045169,28.530566,-292.039347,-8.511459,30.524145
0.001694,0.005081,0.015000,-82.907482,2.116809,29.643788,-279.943813,-8.961648,27.601715
0.001694,0.005565,0.015000,-97.711940,3.038239,30.507716,-266.065016,-9.454264,24.504627
0.001694,0.006048,0.015000,-112.707780,3.789981,31.087503,-250.341423,-9.996819,21.272660
0.001694,0.006532,0.015000,-127.473345,4.354052,31.355642,-232.748158,-10.590776,17.952527
0.001694,0.007016,0.015000,-141.573862,4.714401,31.293300,-213.306722,-11.231173,14.596432
0.001694,0.007500,0.015000,-154.571234,4.857541,30.891397,-192.093327,-11.906514,11.260270
0.002177,-0.007500,0.015000,-207.063729,1.410108,38.753550,-80.988014,16.323270,31.644216
0.002177,-0.007016,0.015000,-204.383010,-1.108587,36.560585,-109.332340,16.569552,35.725776
0.002177,-0.006532,0.015000,-198.626183,-3.580301,34.198328,-136.942162,16.407145,39.363371
0.002177,-0.006048,0.015000,-190.120403,-5.931695,31.764579,-163.379136,15.862538,42.556154
0.002177,-0.005565,0.015000,-179.258166,-8.097937,29.349478,-188.275731,14.974299,45.316215
0.002177,-0.005081,0.015000,-166.480641,-10.024628,27.033428,-211.340809,13.790546,47.665460
0.002177,-0.004597,0.015000,-152.260732,-11.669081,24.885734,-232.361355,12.366154,49.632396
0.002177,-0.004113,0.015000,-137.086587,-13.000967,22.963878,-251.200567,10.759881,51.249001
0.002177,-0.003629,0.015000,-121.446183,-14.002338,21.313364,-267.792712,9.031530,52.547846
0.002177,-0.003145,0.015000,-105.813450,-14.667090,19.968009,-282.135236,7.239315,53.559590
0.002177,-0.002661,0.015000,-90.636304,-14.999962,18.950550,-294.278747,5.437526,54.310954
0.002177,-0.002177,0.015000,-76.326753,-15.015159,18.273463,-304.315519,3.674581,54.823226
0.002177,-0.001694,0.015000,-63.253148,-14.734744,17.939867,-312.367187,1.991534,55.111316
0.002177,-0.001210,0.015000,-51.734498,-14.186883,17.944425,-318.572304,0.421047,55.183371
0.002177,-0.000726,0.015000,-42.036663,-13.404090,18.274181,-323.074380,-1.013150,55.040897
0.002177,-0.000242,0.015000,-34.370188,-12.421559,18.909286,-326.010933,-2.296365,54.679368
0.002177,0.000242,0.015000,-28.889471,-11.275667,19.823606,-327.504041,-3.422631,54.089221
0.002177,0.000726,0.015000,-25.692944,-10.002728,20.985227,-327.652749,-4.394050,53.257196
0.002177,0.001210,0.015000,-24.823997,-8.638016,22.356890,-326.527594,-5.219854,52.167913
0.002177,0.001694,0.015000,-26.272371,-7.215095,23.896417,-324.167415,-5.915253,50.805609
0.002177,0.002177,0.015000,-29.975836,-5.765429,25.557185,-320.578507,-6.500127,49.155958
0.002177,0.002661,0.015000,-35.822038,-4.318259,27.288713,-315.736078,-6.997635,47.207865
0.002177,0.003145,0.015000,-43.650476,-2.900687,29.037408,-309.587894,-7.432784,44.955167
0.002177,0.003629,0.015000,-53.254658,-1.537908,30.747535,-302.059907,-7.831009,42.398148
0.002177,0.004113,0.015000,-64.384539,-0.253532,32.362402,-293.063612,-8.216793,39.544789
0.002177,0.004597,0.015000,-76.749418,0.930093,33.825782,-282.504792,-8.612375,36.411686
0.002177,0.005081,0.015000,-90.021503,1.991615,35.083527,-270.293280,-9.036562,33.024565
0.002177,0.005565,0.015000,-103.840344,2.910535,36.085326,-256.353328,-9.503675,29.418365
0.002177,0.006048,0.015000,-117.818365,3.667232,36.786526,-240.634113,-10.022667,25.636831
0.002177,0.006532,0.015000,-131.547642,4.243193,37.149920,-223.119916,-10.596439,21.731637
0.002177,0.007016,0.015000,-144.608050,4.621457,37.147394,-203.839472,-11.221380,17.761040
0.002177,0.007500,0.015000,-156.576790,4.787261,36.761314,-182.874005,-11.887174,13.788117
0.002661,-0.007500,0.015000,-210.092415,2.029903,45.803802,-70.170178,16.554923,29.822647
0.002661,-0.007016,0.015000,-208.574055,-0.495231,43.972902,-98.249485,16.800695,34.663218
0.002661,-0.006532,0.015000,-203.984492,-2.972837,41.878243,-125.689436,16.633323,39.081609
0.002661,-0.006048,0.015000,-196.632913,-5.330002,39.619913,-152.045356,16.079708,43.060848
0.002661,-0.005565,0.015000,-186.894690,-7.502473,37.292989,-176.940878,15.178801,46.597927
0.002661,-0.005081,0.015000,-175.195031,-9.436535,34.985103,-200.073919,13.979072,49.701048
0.002661,-0.004597,0.015000,-161.992282,-11.090250,32.774658,-221.218866,12.535730,52.386687
0.002661,-0.004113,0.015000,-147.761610,-12.434055,30.729659,-240.225177,10.907854,54.676631
0.002661,-0.003629,0.015000,-132.979673,-13.450731,28.907086,-257.012766,9.155581,56.595180
0.002661,-0.003145,0.015000,-118.110782,-14.134829,27.352726,-271.564670,7.337491,58.166628
0.002661,-0.002661,0.015000,-103.594891,-14.491616,26.101340,-283.917559,5.508294,59.413142
0.002661,-0.002177,0.015000,-89.837631,-14.535673,25.177072,-294.150750,3.716894,60.353105
0.002661,-0.001694,0.015000,-77.202452,-14.289243,24.593995,-302.374368,2.004910,60.999963
0.002661,-0.001210,0.015000,-66.004806,-13.780466,24.356703,-308.717313,0.405653,61.361597
0.002661,-0.000726,0.015000,-56.508221,-13.041603,24.460894,-313.315620,-1.056434,61.440197
0.002661,-0.000242,0.015000,-48.922009,-12.107364,24.893907,-316.301779,-2.365887,61.232610
0.002661,0.000242,0.015000,-43.400345,-11.013425,25.635186,-317.795438,-3.515946,60.731114
0.002661,0.000726,0.015000,-40.042383,-9.795188,26.656710,-317.895890,-4.507936,59.924547
0.002661,0.001210,0.015000,-38.893158,-8.486840,27.923391,-316.676579,-5.350369,58.799732
0.002661,0.001694,0.015000,-39.944981,-7.120713,29.393517,-314.181795,-6.057840,57.343107
0.002661,0.002177,0.015000,-43.139167,-5.726943,31.019283,-310.425634,-6.649769,55.542474
0.002661,0.002661,0.015000,-48.367953,-4.333400,32.747467,-305.393181,-7.149052,53.388800
0.002661,0.003145,0.015000,-55.476567,-2.965827,34.520310,-299.043803,-7.580662,50.877948
0.002661,0.003629,0.015000,-64.265480,-1.648139,36.276634,-291.316380,-7.970255,48.012283
0.002661,0.004113,0.015000,-74.492938,-0.402806,37.953217,-282.136205,-8.342803,44.802031
0.002661,0.004597,0.015000,-85.877932,0.748766,39.486419,-271.423248,-8.721287,41.266343
0.002661,0.005081,0.015000,-98.103799,1.785909,40.814028,-259.101419,-9.125488,37.433959
0.002661,0.005565,0.015000,-110.822659,2.688505,41.877268,-245.108426,-9.570894,33.343431
0.002661,0.006048,0.015000,-123.660879,3.436980,42.622886,-229.405795,-10.067753,29.042866
0.002661,0.006532,0.015000,-136.225739,4.012511,43.005217,-211.988579,-10.620325,24.589148
0.002661,0.007016,0.015000,-148.113385,4.397465,42.988116,-192.894290,-11.226336,20.046671
0.002661,0.007500,0.015000,-158.918114,4.576074,42.546639,-172.210564,-11.876702,15.485599
0.003145,-0.007500,0.015000,-212.327952,2.829363,52.770202,-57.924582,16.774067,26.970822
0.003145,-0.007016,0.015000,-212.105258,0.305281,51.388073,-85.605947,17.036398,32.518788
0.003145,-0.006532,0.015000,-208.827794,-2.173348,49.649261,-112.760077,16.881293,37.674001
0.003145,-0.006048,0.015000,-202.783414,-4.534073,47.654603,-138.936874,16.335561,42.403129
0.003145,-0.005565,0.015000,-194.326971,-6.713174,45.502632,-163.751473,15.438050,46.687646
0.003145,-0.005081,0.015000,-183.864378,-8.657510,43.286808,-186.890636,14.237132,50.521483
0.003145,-0.004597,0.015000,-171.836252,-10.325721,41.093336,-208.115452,12.787948,53.908401
0.003145,-0.004113,0.015000,-158.701835,-11.688788,38.999562,-227.260507,11.149566,56.859238
0.003145,-0.003629,0.015000,-144.923824,-12.729971,37.072888,-244.229888,9.382199,59.389222
0.003145,-0.003145,0.015000,-130.954598,-13.444198,35.370147,-258.990471,7.544617,61.515477
0.003145,-0.002661,0.015000,-117.224204,-13.836988,33.937336,-271.563065,5.691850,63.254837
0.003145,-0.002177,0.015000,-104.130323,-13.923021,32.809613,-282.012009,3.873283,64.622066
0.003145,-0.001694,0.015000,-92.030296,-13.724467,32.011482,-290.433894,2.131171,65.628519
0.003145,-0.001210,0.015000,-81.235168,-13.269208,31.557076,-296.945998,0.499613,66.281299
0.003145,-0.000726,0.015000,-72.005597,-12.589054,31.450483,-301.675059,-0.996020,66.582896
0.003145,-0.000242,0.015000,-64.549424,-11.718074,31.686086,-304.746893,-2.339230,66.531298
0.003145,0.000242,0.015000,-59.020606,-10.691112,32.248893,-306.277321,-3.522153,66.120536
0.003145,0.000726,0.015000,-55.519242,-9.542573,33.114879,-306.364751,-4.544991,65.341623
0.003145,0.001210,0.015000,-54.092403,-8.305493,34.251356,-305.084692,-5.415170,64.183808
0.003145,0.001694,0.015000,-54.735504,-7.010941,35.617433,-302.486352,-6.146291,62.636086
0.003145,0.002177,0.015000,-57.394053,-5.687707,37.164598,-298.591399,-6.756934,60.688881
0.003145,0.002661,0.015000,-61.965611,-4.362279,38.837495,-293.394856,-7.269354,58.335805
0.003145,0.003145,0.015000,-68.301947,-3.059035,40.574932,-286.868038,-7.708132,55.575416
0.003145,0.003629,0.015000,-76.211373,-1.800591,42.311147,-278.963348,-8.098808,52.412868
0.003145,0.004113,0.015000,-85.461372,-0.608241,43.977368,-269.620696,-8.466530,48.861360
0.003145,0.004597,0.015000,-95.781649,0.497607,45.503639,-258.775241,-8.834746,44.943299
0.003145,0.005081,0.015000,-106.867777,1.497058,46.820883,-246.366108,-9.223975,40.691081
0.003145,0.005565,0.015000,-118.385642,2.370497,47.863146,-232.345698,-9.650677,36.147431
0.003145,0.006048,0.015000,-129.976867,3.098549,48.569929,-216.689161,-10.126257,31.365245
0.003145,0.006532,0.015000,-141.265358,3.662267,48.888509,-199.403588,-10.656243,26.406895
0.003145,0.007016,0.015000,-151.865089,4.043570,48.776130,-180.536462,-11.239672,21.343013
0.003145,0.007500,0.015000,-161.389125,4.225919,48.201937,-160.182904,-11.868730,16.250764
0.003629,-0.007500,0.015000,-213.549025,3.807901,59.491455,-44.363214,16.947991,23.019614
0.003629,-0.007016,0.015000,-214.733005,1.292986,58.647377,-71.499854,17.243908,29.206791
0.003629,-0.006532,0.015000,-212.891414,-1.181373,57.356880,-98.236736,17.118407,35.039138
0.003629,-0.006048,0.015000,-208.287618,-3.543221,55.719813,-124.119595,16.597697,40.466943
0.003629,-0.005565,0.015000,-201.252703,-5.729327,53.836456,-148.755775,15.720037,45.455928
0.003629,-0.005081,0.015000,-192.170071,-7.686999,51.804452,-171.821071,14.533256,49.985328
0.003629,-0.004597,0.015000,-181.459499,-9.375265,49.716260,-193.062978,13.092035,54.045601
0.003629,-0.004113,0.015000,-169.561388,-10.765411,47.657129,-212.300490,11.455104,57.635931
0.003629,-0.003629,0.015000,-156.921815,-11.840895,45.703584,-229.420784,9.682502,60.761687
0.003629,-0.003145,0.015000,-143.978874,-12.596724,43.922349,-244.373211,7.833014,63.431994
0.003629,-0.002661,0.015000,-131.150692,-13.038359,42.369648,-257.161140,5.961908,65.657526
0.003629,-0.002177,0.015000,-118.825345,-13.180272,41.090808,-267.832237,4.119038,67.448632
0.003629,-0.001694,0.015000,-107.352768,-13.044273,40.120075,-276.467799,2.347360,68.813855
0.003629,-0.001210,0.015000,-97.038651,-12.657723,39.480590,-283.171752,0.681899,69.758900
0.003629,-0.000726,0.015000,-88.140170,-12.051752,39.184453,-288.059880,-0.850851,70.286059
0.003629,-0.000242,0.015000,-80.863376,-11.259593,39.232872,-291.249815,-2.233111,70.394108
0.003629,0.000242,0.015000,-75.361964,-10.315111,39.616346,-292.852210,-3.455631,70.078637
0.003629,0.000726,0.015000,-71.737164,-9.251595,40.314923,-292.963469,-4.517178,69.332800
0.003629,0.001210,0.015000,-70.038461,-8.100856,41.298542,-291.660282,-5.423760,68.148399
0.003629,0.001694,0.015000,-70.264920,-6.892648,42.527503,-288.996139,-6.187647,66.517271
0.003629,0.002177,0.015000,-72.366913,-5.654391,43.953112,-284.999895,-6.826238,64.432879
0.003629,0.002661,0.015000,-76.248107,-4.411182,45.518544,-279.676378,-7.360817,61.892019
0.003629,0.003145,0.015000,-81.767676,-3.186030,47.159982,-273.008948,-7.815254,58.896570
0.003629,0.003629,0.015000,-88.742714,-2.000248,48.808030,-264.963846,-8.214675,55.455163
0.003629,0.004113,0.015000,-96.950951,-0.873937,50.389453,-255.496097,-8.584126,51.584678
0.003629,0.004597,0.015000,-106.133876,0.173528,51.829187,-244.556708,-8.947277,47.311472
0.003629,0.005081,0.015000,-116.000439,1.123084,53.052611,-232.100796,-9.325170,42.672243
0.003629,0.005565,0.015000,-126.231507,1.955706,53.988009,-218.096312,-9.735060,37.714439
0.003629,0.006048,0.015000,-136.485250,2.652342,54.569126,-202.532923,-10.189372,32.496170
0.003629,0.006532,0.015000,-146.403581,3.194074,54.737717,-185.430641,-10.694815,27.085570
0.003629,0.007016,0.015000,-155.619764,3.562556,54.445965,-166.847749,-11.251698,21.559594
0.003629,0.007500,0.015000,-163.767185,3.740690,53.658636,-146.887578,-11.853495,16.002288
0.004113,-0.007500,0.015000,-213.535544,4.960326,65.784006,-29.636727,17.039834,17.928326
0.004113,-0.007016,0.015000,-216.211390,2.463571,65.566348,-56.069324,17.385939,24.669476
0.004113,-0.006532,0.015000,-215.904858,-0.000513,64.817465,-82.243006,17.307164,31.102805
0.004113,-0.006048,0.015000,-212.851926,-2.360510,63.634312,-107.700950,16.828615,37.162470
0.004113,-0.005565,0.015000,-207.356895,-4.553628,62.117017,-132.043809,15.987484,42.798423
0.004113,-0.005081,0.015000,-199.777594,-6.527500,60.365551,-154.937024,14.830617,47.974955
0.004113,-0.004597,0.015000,-190.509968,-8.241347,58.476845,-176.114638,13.411851,52.668778
0.004113,-0.004113,0.015000,-179.972728,-9.666507,56.542390,-195.379779,11.789260,56.866811
0.004113,-0.003629,0.015000,-168.592692,-10.786344,54.646298,-212.602069,10.022459,60.563835
0.004113,-0.003145,0.015000,-156.791297,-11.595620,52.863804,-227.712387,8.170084,63.760170
0.004113,-0.002661,0.015000,-144.972691,-12.099402,51.260153,-240.695482,6.287549,66.459489
0.004113,-0.002177,0.015000,-133.513613,-12.311624,49.889804,-251.580999,4.425160,68.666896
0.004113,-0.001694,0.015000,-122.755213,-12.253413,48.795892,-260.433502,2.626632,70.387337
0.004113,-0.001210,0.015000,-112.996782,-11.951315,48.009893,-267.342088,0.928036,71.624416
0.004113,-0.000726,0.015000,-104.491306,-11.435518,47.551436,-272.410143,-0.642842,72.379640
0.004113,-0.000242,0.015000,-97.442643,-10.738194,47.428242,-275.745743,-2.066726,72.652118
0.004113,0.000242,0.015000,-92.004110,-9.892044,47.636173,-277.453124,-3.332730,72.438707
0.004113,0.000726,0.015000,-88.278193,-8.929099,48.159398,-277.625588,-4.437914,71.734561
0.004113,0.001210,0.015000,-86.317141,-7.879843,48.970703,-276.340083,-5.386583,70.534072
0.004113,0.001694,0.015000,-86.124192,-6.772646,50.031968,-273.653650,-6.189385,68.832108
0.004113,0.002177,0.015000,-87.655260,-5.633520,51.294871,-269.601797,-6.862246,66.625505
0.004113,0.002661,0.015000,-90.820917,-4.486156,52.701842,-264.198818,-7.425199,63.914710
0.004113,0.003145,0.015000,-95.488640,-3.352190,54.187315,-257.439969,-7.901131,60.705482
0.004113,0.003629,0.015000,-101.485283,-2.251633,55.679298,-249.305345,-8.314496,57.010556
0.004113,0.004113,0.015000,-108.599867,-1.203393,57.101265,-239.765265,-8.690006,52.851151
0.004113,0.004597,0.015000,-116.586768,-0.225798,58.374357,-228.786879,-9.051337,48.258225
0.004113,0.005081,0.015000,-125.169472,0.662952,59.419838,-216.341700,-9.419866,43.273371
0.004113,0.005565,0.015000,-134.045037,1.444484,60.161755,-202.413692,-9.813485,37.949272
0.004113,0.006048,0.015000,-142.889440,2.100151,60.529698,-187.007536,-10.245511,32.349637
0.004113,0.006532,0.015000,-151.363915,2.611187,60.461544,-170.156656,-10.723748,26.548577
0.004113,0.007016,0.015000,-159.122380,2.959125,59.906071,-151.930583,-11.249733,20.629407
0.004113,0.007500,0.015000,-165.819948,3.126487,58.825301,-132.441216,-11.818231,14.682879
0.004597,-0.007500,0.015000,-212.076765,6.275438,71.446287,-13.935978,17.009897,11.690623
0.004597,-0.007016,0.015000,-216.300669,3.806916,71.938732,-39.494811,17.421962,18.883454
0.004597,-0.006532,0.015000,-217.600520,1.360086,71.821869,-64.946592,17.406477,25.824866
0.004597,-0.006048,0.015000,-216.182349,-0.994234,71.187745,-89.833896,16.986959,32.433407
0.004597,-0.005565,0.015000,-212.320920,-3.193658,70.134288,-113.752198,16.199067,38.643499
0.004597,-0.005081,0.015000,-206.345664,-5.186025,68.761765,-136.357627,15.088234,44.404464
0.004597,-0.004597,0.015000,-198.625865,-6.930557,67.169611,-157.371383,13.707075,49.678999
0.004597,-0.004113,0.015000,-189.555808,-8.398388,65.453685,-176.580919,12.112695,54.441294
0.004597,-0.003629,0.015000,-179.540473,-9.572485,63.703948,-193.838125,10.364040,58.674919
0.004597,-0.003145,0.015000,-168.982292,-10.447030,62.002567,-209.054917,8.519425,62.370647
0.004597,-0.002661,0.015000,-158.269345,-11.026343,60.422403,-222.196667,6.634309,65.524346
0.004597,-0.002177,0.015000,-147.765254,-11.323461,59.025831,-233.274039,4.759423,68.135044
0.004597,-0.001694,0.015000,-137.800920,-11.358484,57.863867,-242.333764,2.939276,70.203281
0.004597,-0.001210,0.015000,-128.668109,-11.156815,56.975512,-249.448927,1.211074,71.729811
0.004597,-0.000726,0.015000,-120.614804,-10.747404,56.387323,-254.709296,-0.395963,72.714701
0.004597,-0.000242,0.015000,-113.842180,-10.161106,56.113141,-258.212190,-1.860888,73.156869
0.004597,0.000242,0.015000,-108.502965,-9.429239,56.154000,-260.054281,-3.170973,73.054045
0.004597,0.000726,0.015000,-104.700958,-8.582405,56.498201,-260.324708,-4.321348,72.403162
0.004597,0.001210,0.015000,-102.491457,-7.649628,57.121580,-259.099731,-5.314383,71.201130
0.004597,0.001694,0.015000,-101.882361,-6.657806,57.987998,-256.439119,-6.158865,69.445943
0.004597,0.002177,0.015000,-102.835775,-5.631487,59.050089,-252.384353,-6.869014,67.138051
0.004597,0.002661,0.015000,-105.269968,-4.592927,60.250300,-246.958656,-7.463378,64.281917
0.004597,0.003145,0.015000,-109.061617,-3.562383,61.522259,-240.168772,-7.963645,60.887649
0.004597,0.003629,0.015000,-114.048326,-2.558572,62.792476,-232.008382,-8.393390,56.972625
0.004597,0.004113,0.015000,-120.031460,-1.599219,63.982397,-222.462937,-8.776796,52.562971
0.004597,0.004597,0.015000,-126.779388,-0.701610,65.010758,-211.515674,-9.137365,47.694807
0.004597,0.005081,0.015000,-134.031278,0.116930,65.796224,-199.154516,-9.496651,42.415140
0.004597,0.005565,0.015000,-141.501562,0.838702,66.260222,-185.379511,-9.873043,36.782307
0.004597,0.006048,0.015000,-148.885231,1.445522,66.329868,-170.210449,-10.280638,30.865914
0.004597,0.006532,0.015000,-155.864066,1.918853,65.940885,-153.694260,-10.728247,24.746186
0.004597,0.007016,0.015000,-162.113880,2.240218,65.040378,-135.911779,-11.218589,18.512739
0.004597,0.007500,0.015000,-167.312764,2.391896,63.589325,-116.983474,-11.747709,12.262763
0.005081,-0.007500,0.015000,-208.980004,7.734785,76.264548,2.507930,16.817277,4.339926
0.005081,-0.007016,0.015000,-214.776429,5.305797,77.542122,-21.999930,17.309820,11.865703
0.005081,-0.006532,0.015000,-217.723256,2.884390,78.140850,-46.560950,17.373273,19.205815
0.005081,-0.006048,0.015000,-217.994397,0.540701,78.145797,-70.719406,17.029098,26.264032
0.005081,-0.005565,0.015000,-215.832680,-1.663278,77.650546,-94.067491,16.310967,32.959774
0.005081,-0.005081,0.015000,-211.536587,-3.675489,76.753500,-116.253509,15.262489,39.227613
0.005081,-0.004597,0.015000,-205.446143,-5.454974,75.554479,-136.986892,13.934687,45.016193
0.005081,-0.004113,0.015000,-197.928636,-6.972416,74.151670,-156.040095,12.383384,50.286692
0.005081,-0.003629,0.015000,-189.364745,-8.210081,72.638971,-173.247588,10.666613,55.010996
0.005081,-0.003145,0.015000,-180.135597,-9.161231,71.103718,-188.502297,8.842181,59.169709
0.005081,-0.002661,0.015000,-170.611130,-9.829075,69.624809,-201.749910,6.965481,62.750160
0.005081,-0.002177,0.015000,-161.140041,-10.225377,68.271163,-212.981565,5.087613,65.744520
0.005081,-0.001694,0.015000,-152.041463,-10.368842,67.100507,-222.225423,3.253888,68.148130
0.005081,-0.001210,0.015000,-143.598423,-10.283378,66.158434,-229.537682,1.502698,69.958133
0.005081,-0.000726,0.015000,-136.053004,-9.996372,65.477713,-234.993528,-0.135206,71.172473
0.005081,-0.000242,0.015000,-129.603101,-9.537071,65.077824,-238.678505,-1.637078,71.789285
0.005081,0.000242,0.015000,-124.400549,-8.935161,64.964715,-240.680697,-2.988200,71.806720
0.005081,0.000726,0.015000,-120.550425,-8.219614,65.130785,-241.084070,-4.181604,71.223176
0.005081,0.001210,0.015000,-118.111283,-7.417833,65.555107,-239.963233,-5.217549,70.037921
0.005081,0.001694,0.015000,-117.096100,-6.555131,66.203916,-237.379790,-6.102784,68.252065
0.005081,0.002177,0.015000,-117.473775,-5.654515,67.031404,-233.380372,-6.849647,65.869803
0.005081,0.002661,0.015000,-119.171021,-4.736770,67.980832,-227.996394,-7.475033,62.899866
0.005081,0.003145,0.015000,-122.074587,-3.820761,68.986004,-221.245444,-7.999262,59.357067
0.005081,0.003629,0.015000,-126.033786,-2.923919,69.973092,-213.134222,-8.444870,55.263841
0.005081,0.004113,0.015000,-130.863354,-2.062804,70.862824,-203.662830,-8.835362,50.651673
0.005081,0.004597,0.015000,-136.346734,-1.253681,71.572995,-192.830175,-9.193926,45.562286
0.005081,0.005081,0.015000,-142.239882,-0.513021,72.021249,-180.640230,-9.542159,40.048487
0.005081,0.005565,0.015000,-148.275721,0.142155,72.128062,-167.108802,-9.898830,34.174573
0.005081,0.006048,0.015000,-154.169380,0.694143,71.819819,-152.270492,-10.278713,28.016216
0.005081,0.006532,0.015000,-159.624305,1.124677,71.031864,-136.185434,-10.691550,21.659769
0.005081,0.007016,0.015000,-164.339300,1.415343,69.711396,-118.945448,-11.141180,15.200972
0.005081,0.007500,0.015000,-168.016500,1.548272,67.820068,-100.679212,-11.624909,8.743066
0.005565,-0.007500,0.015000,-204.079640,9.311699,80.020195,19.425322,16.421786,-4.046127
0.005565,-0.007016,0.015000,-211.439199,6.934848,82.145259,-3.850526,17.007645,3.678701
0.005565,-0.006532,0.015000,-216.040527,4.548381,83.532280,-27.345144,17.164394,11.292563
0.005565,-0.006048,0.015000,-218.023696,2.221643,84.257270,-50.607122,16.910997,18.685608
0.005565,-0.005565,0.015000,-217.597600,0.016213,84.407282,-73.227643,16.278718,25.763074
0.005565,-0.005081,0.015000,-215.027574,-2.015878,84.076626,-94.849101,15.308938,32.445299
0.005565,-0.004597,0.015000,-210.622071,-3.833330,83.363281,-115.170695,14.050732,38.667083
0.005565,-0.004113,0.015000,-204.719031,-5.406142,82.365605,-133.951041,12.558329,44.376546
0.005565,-0.003629,0.015000,-197.672530,-6.715591,81.179374,-151.007986,10.888593,49.533604
0.005565,-0.003145,0.015000,-189.840195,-7.753677,79.895189,-166.215927,9.098628,54.108225
0.005565,-0.002661,0.015000,-181.571804,-8.522129,78.596257,-179.501019,7.243618,58.078599
0.005565,-0.002177,0.015000,-173.199320,-9.031062,77.356517,-190.834751,5.374953,61.429341
0.005565,-0.001694,0.015000,-165.028558,-9.297395,76.239111,-200.226360,3.538703,64.149859
0.005565,-0.001210,0.015000,-157.332531,-9.343170,75.295159,-207.714611,1.774458,66.232953
0.005565,-0.000726,0.015000,-150.346440,-9.193862,74.562821,-213.359410,0.114540,67.673749
0.005565,-0.000242,0.015000,-144.264206,-8.876793,74.066644,-217.233715,-1.416435,68.468991
0.005565,0.000242,0.015000,-139.236367,-8.419745,73.817164,-219.416128,-2.801670,68.616743
0.005565,0.000726,0.015000,-135.369140,-7.849823,73.810793,-219.984505,-4.031999,68.116483
0.005565,0.001210,0.015000,-132.724441,-7.192628,74.029991,-219.010843,-5.105460,66.969589
0.005565,0.001694,0.015000,-131.320657,-6.471747,74.443754,-216.557614,-6.026651,65.180171
0.005565,0.002177,0.015000,-131.133998,-5.708559,75.008431,-212.675658,-6.805917,62.756186
0.005565,0.002661,0.015000,-132.100298,-4.922321,75.668911,-207.403661,-7.458385,59.710760
0.005565,0.003145,0.015000,-134.117182,-4.130493,76.360182,-200.769174,-8.002897,56.063622
0.005565,0.003629,0.015000,-137.046571,-3.349226,77.009267,-192.791080,-8.460845,51.842543
0.005565,0.004113,0.015000,-140.717543,-2.593946,77.537531,-183.483328,-8.854943,47.084663
0.005565,0.004597,0.015000,-144.929623,-1.879934,77.863321,-172.859739,-9.207960,41.837593
0.005565,0.005081,0.015000,-149.456580,-1.222841,77.904875,-160.939605,-9.541436,36.160176
0.005565,0.005565,0.015000,-154.050857,-0.639040,77.583423,-147.753799,-9.874420,30.122811
0.005565,0.006048,0.015000,-158.448730,-0.145773,76.826380,-133.351046,-10.222272,23.807254
0.005565,0.006532,0.015000,-162.376279,0.238975,75.570491,-117.804006,-10.595582,17.305842
0.005565,0.007016,0.015000,-165.556226,0.496883,73.764818,-101.214805,-10.999255,10.720111
0.005565,0.007500,0.015000,-167.715613,0.609991,71.373398,-83.719630,-11.431818,4.158821
0.006048,-0.007500,0.015000,-197.246090,10.970734,82.498494,36.511482,15.786118,-13.342565
0.006048,-0.007016,0.015000,-206.124161,8.659917,85.516854,14.648214,16.476031,-5.565725
0.006048,-0.006532,0.015000,-212.352775,6.319344,87.750028,-7.601661,16.738761,2.183001
0.006048,-0.006048,0.015000,-216.036961,4.017417,89.262973,-29.793921,16.590372,9.781617
0.006048,-0.005565,0.015000,-217.350137,1.815256,90.134059,-51.521357,16.059320,17.122327
0.006048,-0.005081,0.015000,-216.522699,-0.235095,90.451256,-72.422757,15.184381,24.112048
0.006048,-0.004597,0.015000,-213.829557,-2.091864,90.308437,-92.189062,14.012332,30.672240
0.006048,-0.004113,0.015000,-209.577239,-3.724159,89.801893,-110.566681,12.595498,36.738170
0.006048,-0.003629,0.015000,-204.091129,-5.111990,89.027132,-127.358114,10.989307,42.257737
0.006048,-0.003145,0.015000,-197.703321,-6.245776,88.076003,-142.420165,9.249943,47.190007
0.006048,-0.002661,0.015000,-190.741501,-7.125406,87.034175,-155.660066,7.432210,51.503591
0.006048,-0.002177,0.015000,-183.519141,-7.758955,85.978966,-167.029965,5.587660,55.174990
0.006048,-0.001694,0.015000,-176.327184,-8.161173,84.977514,-176.520210,3.763041,58.187034
0.006048,-0.001210,0.015000,-169.427318,-8.351851,84.085288,-184.151925,1.999092,60.527513
0.006048,-0.000726,0.015000,-163.046811,-8.354184,83.344924,-189.969318,0.329684,62.188075
0.006048,-0.000242,0.015000,-157.374831,-8.193236,82.785370,-194.032165,-1.218696,63.163461
0.006048,0.000242,0.015000,-152.560107,-7.894584,82.421351,-196.408845,-2.627148,63.451111
0.006048,0.000726,0.015000,-148.709748,-7.483213,82.253151,-197.170250,-3.884278,63.051145
0.006048,0.001210,0.015000,-145.889030,-6.982719,82.266729,-196.384818,-4.985866,61.966723
0.006048,0.001694,0.015000,-144.121966,-6.414808,82.434192,-194.114880,-5.934316,60.204740
0.006048,0.002177,0.015000,-143.392489,-5.799120,82.714639,-190.414429,-6.737929,57.776808
0.006048,0.002661,0.015000,-143.646127,-5.153326,83.055394,-185.328340,-7.410016,54.700434
0.006048,0.003145,0.015000,-144.792083,-4.493457,83.393638,-178.893032,-7.967883,51.000330
0.006048,0.003629,0.015000,-146.705689,-3.834398,83.658444,-171.138471,-8.431718,46.709709
0.006048,0.004113,0.015000,-149.231231,-3.190474,83.773178,-162.091362,-8.823381,41.871492
0.006048,0.004597,0.015000,-152.185215,-2.576036,83.658243,-151.779354,-9.165148,36.539284
0.006048,0.005081,0.015000,-155.360139,-2.005971,83.234085,-140.235995,-9.478423,30.778013
0.006048,0.005565,0.015000,-158.528860,-1.496066,82.424389,-127.506166,-9.782451,24.664135
0.006048,0.006048,0.015000,-161.449655,-1.063139,81.159342,-113.651677,-10.093100,18.285323
0.006048,0.006532,0.015000,-163.872039,-0.724926,79.378851,-98.756688,-10.421729,11.739576
0.006048,0.007016,0.015000,-165.543375,-0.499661,77.035560,-82.932612,-10.774236,5.133727
0.006048,0.007500,0.015000,-166.216249,-0.405380,74.097543,-66.322129,-11.150320,-1.418636
0.006532,-0.007500,0.015000,-188.394340,12.667601,83.498400,53.432121,14.878193,-23.375708
0.006532,-0.007016,0.015000,-198.710531,10.437907,87.435695,33.156692,15.680398,-15.704274
0.006532,-0.006532,0.015000,-206.503615,8.155623,90.554291,12.327932,16.059741,-7.971133
0.006532,-0.006048,0.015000,-211.842918,5.888020,92.906227,-8.620217,16.029032,-0.308632
0.006532,-0.005565,0.015000,-214.865355,3.695667,94.559126,-29.285054,15.613556,7.163866
0.006532,-0.005081,0.015000,-215.765049,1.630628,95.592432,-49.304426,14.849129,14.340994
0.006532,-0.004597,0.015000,-214.781803,-0.264761,96.093654,-68.363395,13.779889,21.131677
0.006532,-0.004113,0.015000,-212.189006,-1.958541,96.154767,-86.198223,12.455949,27.458826
0.006532,-0.003629,0.015000,-208.281535,-3.429216,95.868815,-102.597803,10.931019,33.258538
0.006532,-0.003145,0.015000,-203.364120,-4.665320,95.326817,-117.402738,9.260122,38.478949
0.006532,-0.002661,0.015000,-197.740579,-5.664558,94.614978,-130.502397,7.497474,43.078856
0.006532,-0.002177,0.015000,-191.704217,-6.432597,93.812257,-141.830320,5.694616,47.026252
0.006532,-0.001694,0.015000,-185.529594,-6.981627,92.988275,-151.358386,3.898832,50.296890
0.006532,-0.001210,0.015000,-179.465749,-7.328804,92.201585,-159.090212,2.151898,52.872974
0.006532,-0.000726,0.015000,-173.730920,-7.494675,91.498282,-165.054175,0.489146,54.742080
0.006532,-0.000242,0.015000,-168.508668,-7.501697,90.910973,-169.296504,-1.061135,55.896364
0.006532,0.000242,0.015000,-163.945307,-7.372932,90.458097,-171.874779,-2.478003,56.332098
0.006532,0.000726,0.015000,-160.148474,-7.130982,90.143602,-172.852166,-3.747879,56.049568
0.006532,0.001210,0.015000,-157.186680,-6.797213,89.957006,-172.292636,-4.864319,55.053320
0.006532,0.001694,0.015000,-155.089650,-6.391287,89.873842,-170.257342,-5.827560,53.352724
0.006532,0.002177,0.015000,-153.849317,-5.930987,89.856510,-166.802284,-6.643879,50.962818
0.006532,0.002661,0.015000,-153.421346,-5.432331,89.855549,-161.977307,-7.324778,47.905340
0.006532,0.003145,0.015000,-153.727086,-4.909896,89.811330,-155.826411,-7.886029,44.209879
0.006532,0.003629,0.015000,-154.655943,-4.377319,89.656150,-148.389312,-8.346599,39.915024
0.006532,0.004113,0.015000,-156.068138,-3.847868,89.316720,-139.704116,-8.727468,35.069412
0.006532,0.004597,0.015000,-157.797918,-3.335029,88.716973,-129.810925,-9.050375,29.732542
0.006532,0.005081,0.015000,-159.657260,-2.853008,87.781151,-118.756163,-9.336532,23.975272
0.006532,0.005565,0.015000,-161.440162,-2.417079,86.437046,-106.597343,-9.605315,17.879867
0.006532,0.006048,0.015000,-162.927571,-2.043718,84.619311,-93.407998,-9.873016,11.539543
0.006532,0.006532,0.015000,-163.893033,-1.750469,82.272696,-79.282446,-10.151686,5.057441
0.006532,0.007016,0.015000,-164.109048,-1.555520,79.355069,-64.340063,-10.448136,-1.454994
0.006532,0.007500,0.015000,-163.354129,-1.477002,75.840088,-48.728737,-10.763162,-7.880211
0.007016,-0.007500,0.015000,-177.491618,14.349685,82.843137,69.830757,13.673555,-33.923883
0.007016,-0.007016,0.015000,-189.130206,12.217198,87.701704,51.307917,14.593423,-26.522153
0.007016,-0.006532,0.015000,-198.389379,10.006954,91.723057,32.069557,15.097596,-18.963492
0.007016,-0.006048,0.015000,-205.302695,7.784867,94.944659,12.536106,15.195328,-11.388505
0.007016,-0.005565,0.015000,-209.970092,5.610820,97.421493,-6.897372,14.908409,-3.926336
0.007016,-0.005081,0.015000,-212.548598,3.536857,99.222400,-25.870742,14.269367,3.306814
0.007016,-0.004597,0.015000,-213.241794,1.605928,100.426361,-44.065914,13.319380,10.208461
0.007016,-0.004113,0.015000,-212.288596,-0.148812,101.118820,-61.211466,12.106035,16.689960
0.007016,-0.003629,0.015000,-209.951892,-1.704151,101.388181,-77.084832,10.681034,22.676113
0.007016,-0.003145,0.015000,-206.507479,-3.046474,101.322530,-91.512243,9.097962,28.104357
0.007016,-0.002661,0.015000,-202.233725,-4.170986,101.006647,-104.366687,7.410202,32.923679
0.007016,-0.002177,0.015000,-197.402231,-5.080596,100.519340,-115.564232,5.669058,37.093379
0.007016,-0.001694,0.015000,-192.269731,-5.784569,99.931136,-125.059092,3.922151,40.581793
0.007016,-0.001210,0.015000,-187.071327,-6.297049,99.302323,-132.837842,2.212108,43.365104
0.007016,-0.000726,0.015000,-182.015110,-6.635571,98.681370,-138.913189,0.575561,45.426315
0.007016,-0.000242,0.015000,-177.278119,-6.819642,98.103722,-143.317677,-0.957552,46.754465
0.007016,0.000242,0.015000,-173.003559,-6.869499,97.590982,-146.097686,-2.364378,47.344139
0.007016,0.000726,0.015000,-169.299124,-6.805089,97.150491,-147.308017,-3.629277,47.195295
0.007016,0.001210,0.015000,-166.236301,-6.645327,96.775321,-147.007313,-4.743692,46.313413
0.007016,0.001694,0.015000,-163.850471,-6.407657,96.444684,-145.254504,-5.705793,44.709945
0.007016,0.002177,0.015000,-162.141696,-6.107889,96.124786,-142.106397,-6.519915,42.403007
0.007016,0.002661,0.015000,-161.076051,-5.760317,95.770117,-137.616468,-7.195821,39.418272
0.007016,0.003145,0.015000,-160.587440,-5.378049,95.325173,-131.834855,-7.747799,35.789940
0.007016,0.003629,0.015000,-160.579833,-4.973491,94.726609,-124.809500,-8.193622,31.561719
0.007016,0.004113,0.015000,-160.929938,-4.558912,93.905764,-116.588317,-8.553395,26.787693
0.007016,0.004597,0.015000,-161.490310,-4.147015,92.791523,-107.222235,-8.848307,21.532950
0.007016,0.005081,0.015000,-162.092971,-3.751419,91.313432,-96.768901,-9.099336,15.873901
0.007016,0.005565,0.015000,-162.553575,-3.386992,89.404963,-85.296807,-9.325929,9.898150
0.007016,0.006048,0.015000,-162.676194,-3.069963,87.006826,-72.889566,-9.544728,3.703869
0.007016,0.006532,0.015000,-162.258758,-2.817774,84.070189,-59.650035,-9.768384,-2.601385
0.007016,0.007016,0.015000,-161.099150,-2.648643,80.559654,-45.703983,-10.004526,-8.902433
0.007016,0.007500,0.015000,-159.001925,-2.580840,76.455870,-31.202981,-10.254960,-15.078798
0.007500,-0.007500,0.015000,-164.563782,15.957181,80.391101,85.337881,12.157708,-44.720500
0.007500,-0.007016,0.015000,-177.375170,13.938692,86.147480,68.716483,13.197431,-37.755480
0.007500,-0.006532,0.015000,-187.967525,11.815421,91.064224,51.225343,13.831900,-30.534825
0.007500,-0.006048,0.015000,-196.339176,9.651659,95.162837,33.268074,14.066567,-23.205029
0.007500,-0.005565,0.015000,-202.553197,7.506425,98.483994,15.228821,13.919456,-15.902944
0.007500,-0.005081,0.015000,-206.729244,5.431657,101.084060,-2.537477,13.419510,-8.753840
0.007500,-0.004597,0.015000,-209.034062,3.470919,103.031454,-19.712600,12.604642,-1.870175
0.007500,-0.004113,0.015000,-209.671206,1.658645,104.402996,-36.020233,11.519601,4.648969
0.007500,-0.003629,0.015000,-208.870464,0.019919,105.280336,-51.228871,10.213774,10.717900
0.007500,-0.003145,0.015000,-206.877451,-1.429273,105.746567,-65.152584,8.739009,16.263878
0.007500,-0.002661,0.015000,-203.943748,-2.681360,105.883083,-77.649852,7.147563,21.226343
0.007500,-0.002177,0.015000,-200.317898,-3.736181,105.766743,-88.620792,5.490226,25.555941
0.007500,-0.001694,0.015000,-196.237492,-4.599735,105.467360,-98.003105,3.814688,29.213457
0.007500,-0.001210,0.015000,-191.922462,-5.282810,105.045570,-105.767122,2.164177,32.168776
0.007500,-0.000726,0.015000,-187.569646,-5.799582,104.551065,-111.910317,0.576377,34.399946
0.007500,-0.000242,0.015000,-183.348620,-6.166281,104.021243,-116.451655,-0.917348,35.892448
0.007500,0.000242,0.015000,-179.398709,-6.400020,103.480255,-119.426095,-2.292452,36.638696
0.007500,0.000726,0.015000,-175.827088,-6.517829,102.938493,-120.879556,-3.531438,36.637827
0.007500,0.001210,0.015000,-172.707827,-6.535960,102.392504,-120.864572,-4.623821,35.895773
0.007500,0.001694,0.015000,-170.081761,-6.469470,101.825368,-119.436827,-5.565870,34.425593
0.007500,0.002177,0.015000,-167.957031,-6.332085,101.207526,-116.652697,-6.360128,32.248037
0.007500,0.002661,0.015000,-166.310225,-6.136316,100.498077,-112.567875,-7.014742,29.392270
0.007500,0.003145,0.015000,-165.088008,-5.893788,99.646513,-107.237071,-7.542609,25.896676
0.007500,0.003629,0.015000,-164.209209,-5.615707,98.594889,-100.714770,-7.960378,21.809642
0.007500,0.004113,0.015000,-163.567357,-5.313414,97.280375,-93.056919,-8.287315,17.190220
0.007500,0.004597,0.015000,-163.033673,-4.998921,95.638121,-84.323434,-8.544060,12.108569
0.007500,0.005081,0.015000,-162.460552,-4.685376,93.604380,-74.581311,-8.751330,6.646054
0.007500,0.005565,0.015000,-161.685586,-4.387363,91.119752,-63.908138,-8.928586,0.894924
0.007500,0.006048,0.015000,-160.536172,-4.120985,88.132457,-52.395733,-9.092740,-5.042493
0.007500,0.006532,0.015000,-158.834720,-3.903696,84.601495,-40.153658,-9.256942,-11.055158
0.007500,0.007016,0.015000,-156.404464,-3.753835,80.499543,-27.312291,-9.429531,-17.025222
0.007500,0.007500,0.015000,-153.075829,-3.689894,75.815463,-14.025186,-9.613202,-22.830490
