#x amp_{ref} amp_{cal} amp_{error} phase_{ref} phase_{cal}
-12.000000 -37.083409 -19.135858 
-11.225800 -36.522968 -19.185824 
-10.451600 -35.928545 -19.285310 
-9.677420 -35.297674 -19.448211 
-8.903230 -34.628888 -19.693059 
-8.129030 -33.923410 -20.044886 
-7.354840 -33.189000 -20.537770 
-6.580650 -32.449198 -21.217009 
-5.806450 -31.767666 -22.131531 
-5.032260 -31.321006 -23.258234 
-4.258060 -31.670775 -24.121255 
-3.483870 -35.418847 -23.549103 
-2.709680 -33.698012 -24.019174 
-1.935480 -20.732597 -21.185941 
-1.161290 -15.820037 -10.943357 
-0.387097 0.000000 0.000000 
0.387097 0.000000 -0.000000 
1.161290 -15.820037 -10.943357 
1.935480 -20.732597 -21.185941 
2.709680 -33.698012 -24.019174 
3.483870 -35.418847 -23.549103 
4.258060 -31.670775 -24.121255 
5.032260 -31.321006 -23.258234 
5.806450 -31.767666 -22.131531 
6.580650 -32.449198 -21.217009 
7.354840 -33.189000 -20.537770 
8.129030 -33.923410 -20.044886 
8.903230 -34.628888 -19.693059 
9.677420 -35.297674 -19.448211 
10.451600 -35.928545 -19.285310 
11.225800 -36.522968 -19.185824 
12.000000 -37.083409 -19.135858 
