0.000000 -25.210209 -14.908983 7.135308 147.893364 65.698824 
1.000000 -19.957890 -14.779439 -1.774801 138.332537 58.003683 
2.000000 -15.011905 -13.971969 -17.910993 113.391541 41.966453 
3.000000 -11.686611 -12.226591 -24.397332 89.740518 31.526185 
4.000000 -9.225228 -10.321108 -18.523210 75.912068 31.620599 
5.000000 -7.280608 -8.397896 -18.365642 68.336868 37.904112 
6.000000 -5.685229 -6.424034 -21.772478 63.835383 44.664973 
7.000000 -4.350844 -4.603419 -30.854464 60.902266 49.081860 
8.000000 -3.228430 -3.116178 -37.716225 58.847044 51.321104 
9.000000 -2.290127 -2.007704 -29.616704 57.336284 52.403225 
10.000000 -1.520128 -1.248263 -29.952923 56.200580 52.927421 
11.000000 -0.909680 -0.779876 -36.445590 55.350815 52.926186 
12.000000 -0.454152 -0.530821 -41.122175 54.739340 52.294723 
13.000000 -0.151263 -0.422348 -30.249373 54.340816 51.262951 
14.000000 -0.000005 -0.386547 -27.224897 54.142391 50.458584 
15.000000 -0.000013 -0.386567 -27.224647 54.138709 50.454973 
16.000000 -0.151288 -0.422428 -30.247648 54.329799 51.252387 
17.000000 -0.454192 -0.530979 -41.108962 54.721080 52.277737 
18.000000 -0.909736 -0.780067 -36.454697 55.325470 52.902995 
19.000000 -1.520198 -1.248384 -29.954605 56.168374 52.897639 
20.000000 -2.290209 -2.007675 -29.613231 57.297516 52.366157 
21.000000 -3.228523 -3.116019 -37.696601 58.802095 51.276416 
22.000000 -4.350947 -4.603260 -30.863341 60.851605 49.030181 
23.000000 -5.685339 -6.424041 -21.773644 63.779580 44.608001 
24.000000 -7.280724 -8.398201 -18.364265 68.276607 37.843797 
25.000000 -9.225349 -10.321774 -18.519158 75.848159 31.557518 
26.000000 -11.686735 -12.227621 -24.383218 89.673836 31.458496 
27.000000 -15.012032 -13.973678 -17.925029 113.322538 41.891340 
28.000000 -19.958020 -14.782390 -1.781085 138.261243 57.923447 
29.000000 -25.210344 -14.912586 7.130315 147.821137 0.000000 
30.000000 -25.210209 -14.908983 7.135308 147.893364 65.698824 
31.000000 -19.958854 -14.784137 -1.783119 138.333776 57.977839 
32.000000 -15.012514 -13.972069 -17.906492 113.391706 41.866152 
33.000000 -11.687028 -12.211519 -24.642460 89.738844 31.422876 
34.000000 -9.225537 -10.294458 -18.726354 75.909904 31.585345 
35.000000 -7.280847 -8.367467 -18.592374 68.334824 37.943636 
36.000000 -5.685419 -6.399032 -22.061396 63.833589 44.757540 
37.000000 -4.350997 -4.591587 -31.270748 60.900722 49.201052 
38.000000 -3.228553 -3.120229 -38.027582 58.845719 51.439102 
39.000000 -2.290224 -2.024360 -30.149814 57.335142 52.496303 
40.000000 -1.520204 -1.269764 -30.676698 56.199585 52.982174 
41.000000 -0.909736 -0.796968 -37.676186 55.349933 52.939904 
42.000000 -0.454189 -0.536291 -40.530193 54.738535 52.273898 
43.000000 -0.151283 -0.414194 -30.511248 54.340056 51.220811 
44.000000 -0.000008 -0.369284 -27.613238 54.141641 50.408231 
45.000000 0.000000 -0.369287 -27.612995 54.137932 50.404551 
46.000000 -0.151259 -0.414227 -30.509376 54.328959 51.210079 
47.000000 -0.454148 -0.536383 -40.516249 54.720138 52.256737 
48.000000 -0.909676 -0.797072 -37.688807 55.324385 52.916596 
49.000000 -1.520123 -1.269762 -30.679456 56.167100 52.952322 
50.000000 -2.290119 -2.024149 -30.146302 57.296000 52.459161 
51.000000 -3.228418 -3.119811 -38.004788 58.800272 51.394329 
52.000000 -4.350823 -4.591086 -31.282405 60.849390 49.149427 
53.000000 -5.685195 -6.398630 -22.063470 63.776855 44.701090 
54.000000 -7.280552 -8.367344 -18.591092 68.273204 37.884656 
55.000000 -9.225140 -10.294728 -18.721263 75.843878 31.524391 
56.000000 -11.686468 -12.212176 -24.622920 89.668746 31.357567 
57.000000 -15.011661 -13.973401 -17.925866 113.318251 41.792755 
58.000000 -19.957456 -14.786836 -1.792248 138.259710 57.898135 
59.000000 -25.210344 -14.912586 7.130315 147.821137 0.000000 
60.000000 -25.210209 -14.908983 7.135308 147.893364 65.698824 
61.000000 -19.959758 -14.798163 -1.812380 138.334958 57.909285 
62.000000 -15.013078 -13.975738 -17.934030 113.391857 41.583864 
63.000000 -11.687412 -12.176279 -25.235755 89.737234 31.100315 
64.000000 -9.225820 -10.229277 -19.243208 75.907825 31.400019 
65.000000 -7.281068 -8.291126 -19.189490 68.332862 37.919307 
66.000000 -5.685598 -6.331531 -22.893509 63.831869 44.861706 
67.000000 -4.351146 -4.548749 -32.959015 60.899244 49.396775 
68.000000 -3.228680 -3.108005 -37.083584 58.844455 51.683321 
69.000000 -2.290332 -2.037906 -30.607066 57.334057 52.740886 
70.000000 -1.520296 -1.296629 -31.672197 56.198645 53.180374 
71.000000 -0.909812 -0.822489 -39.910013 55.349105 53.050539 
72.000000 -0.454251 -0.549000 -39.292168 54.737786 52.272241 
73.000000 -0.151331 -0.409968 -30.651492 54.339352 51.114299 
74.000000 -0.000041 -0.353204 -27.992766 54.140946 50.239223 
75.000000 -0.000018 -0.353191 -27.992527 54.137212 50.235457 
76.000000 -0.151261 -0.409960 -30.649424 54.328178 51.103365 
77.000000 -0.454133 -0.549036 -39.278103 54.719258 52.254884 
78.000000 -0.909643 -0.822520 -39.930059 55.323364 53.027136 
79.000000 -1.520072 -1.296519 -31.676663 56.165895 53.150519 
80.000000 -2.290049 -2.037524 -30.603643 57.294560 52.703752 
81.000000 -3.228326 -3.107334 -37.060580 58.798534 51.638539 
82.000000 -4.350709 -4.547912 -32.976427 60.847273 49.345255 
83.000000 -5.685055 -6.330730 -22.896849 63.774246 44.805783 
84.000000 -7.280383 -8.290590 -19.188281 68.269945 37.861599 
85.000000 -9.224930 -10.229170 -19.236813 75.839780 31.341070 
86.000000 -11.686198 -12.176580 -25.209632 89.663879 31.037272 
87.000000 -15.011291 -13.976703 -17.958518 113.314158 41.512107 
88.000000 -19.956905 -14.800619 -1.824235 138.258249 57.830071 
89.000000 -25.210344 -14.912586 7.130315 147.821137 0.000000 
90.000000 -25.210209 -14.908983 7.135308 147.893364 65.698824 
91.000000 -19.960565 -14.821062 -1.861767 138.336027 57.814438 
92.000000 -15.013575 -13.990241 -18.059250 113.391989 41.162077 
93.000000 -11.687747 -12.144228 -25.815069 89.735765 30.542697 
94.000000 -9.226067 -10.162915 -19.807116 75.905931 30.920599 
95.000000 -7.281262 -8.212503 -19.856511 68.331074 37.568711 
96.000000 -5.685759 -6.257336 -23.919019 63.830304 44.648318 
97.000000 -4.351284 -4.488424 -36.101500 60.897903 49.327998 
98.000000 -3.228802 -3.064516 -34.381999 58.843311 51.755996 
99.000000 -2.290442 -2.009965 -29.677716 57.333080 52.928009 
100.000000 -1.520395 -1.281475 -31.091488 56.197804 53.421186 
101.000000 -0.909902 -0.818152 -39.478277 55.348368 53.254784 
102.000000 -0.454331 -0.554213 -38.836405 54.737123 52.350933 
103.000000 -0.151399 -0.422384 -30.252540 54.338731 51.029316 
104.000000 -0.000097 -0.369203 -27.617162 54.140336 50.038291 
105.000000 -0.000059 -0.369174 -27.616963 54.136580 50.034478 
106.000000 -0.151287 -0.422337 -30.250475 54.327489 51.018281 
107.000000 -0.454142 -0.554196 -38.821562 54.718476 52.333506 
108.000000 -0.909633 -0.818114 -39.500211 55.322453 53.231394 
109.000000 -1.520042 -1.281260 -31.096598 56.164813 53.391386 
110.000000 -2.289997 -2.009419 -29.674557 57.293261 52.890890 
111.000000 -3.228252 -3.063605 -34.362740 58.796961 51.711174 
112.000000 -4.350610 -4.487271 -36.131613 60.845353 49.276515 
113.000000 -5.684928 -6.256167 -23.923991 63.771878 44.592800 
114.000000 -7.280224 -8.211593 -19.855373 68.266986 37.512084 
115.000000 -9.224731 -10.162473 -19.799273 75.836060 30.863418 
116.000000 -11.685943 -12.144211 -25.782023 89.659466 30.481708 
117.000000 -15.010943 -13.990871 -18.088646 113.310452 41.091823 
118.000000 -19.956395 -14.823296 -1.876112 138.256928 57.735654 
119.000000 -25.210344 -14.912586 7.130315 147.821137 0.000000 
120.000000 -25.210209 -14.908983 7.135308 147.893364 65.698824 
121.000000 -19.961240 -14.851708 -1.929018 138.336932 57.716750 
122.000000 -15.013986 -14.022253 -18.347801 113.392098 40.676743 
123.000000 -11.688022 -12.139530 -25.907751 89.734512 29.816127 
124.000000 -9.226270 -10.136476 -20.044622 75.904315 30.163117 
125.000000 -7.281423 -8.184959 -20.105232 68.329550 36.873715 
126.000000 -5.685895 -6.234109 -24.269948 63.828971 44.074423 
127.000000 -4.351404 -4.465393 -37.695987 60.896762 48.905582 
128.000000 -3.228912 -3.037257 -33.029900 58.842341 51.498589 
129.000000 -2.290545 -1.977894 -28.718315 57.332255 52.833597 
130.000000 -1.520492 -1.248930 -29.962785 56.197097 53.457776 
131.000000 -0.909993 -0.793281 -37.375568 55.347753 53.356252 
132.000000 -0.454415 -0.544906 -39.689338 54.736572 52.436714 
133.000000 -0.151475 -0.430699 -29.996475 54.338218 51.043844 
134.000000 -0.000163 -0.388971 -27.175248 54.139832 49.988398 
135.000000 -0.000114 -0.388931 -27.175064 54.136057 49.984570 
136.000000 -0.151327 -0.430619 -29.994385 54.326917 51.032782 
137.000000 -0.454166 -0.544839 -39.671979 54.717825 52.419283 
138.000000 -0.909640 -0.793172 -37.393891 55.321690 53.332883 
139.000000 -1.520029 -1.248613 -29.967505 56.163903 53.427972 
140.000000 -2.289963 -1.977197 -28.715049 57.292164 52.796397 
141.000000 -3.228195 -3.036133 -33.011280 58.795628 51.453618 
142.000000 -4.350528 -4.463968 -37.737602 60.843723 48.854012 
143.000000 -5.684820 -6.232629 -24.276170 63.769865 44.019153 
144.000000 -7.280085 -8.183738 -20.104165 68.264469 36.817952 
145.000000 -9.224555 -10.135755 -20.035632 75.832898 30.107436 
146.000000 -11.685718 -12.139245 -25.869987 89.655718 29.756927 
147.000000 -15.010638 -14.022592 -18.382038 113.307309 40.607804 
148.000000 -19.955955 -14.853752 -1.945506 138.255809 57.638323 
149.000000 -25.210344 -14.912586 7.130315 147.821137 0.000000 
150.000000 -25.210209 -14.908983 7.135308 147.893364 65.698824 
151.000000 -19.961757 -14.888081 -2.009856 138.337633 57.641427 
152.000000 -15.014298 -14.073349 -18.830242 113.392180 40.227662 
153.000000 -11.688229 -12.173561 -25.297042 89.733537 29.089030 
154.000000 -9.226422 -10.168977 -19.757176 75.903059 29.373640 
155.000000 -7.281545 -8.230989 -19.697302 68.328366 36.173261 
156.000000 -5.685999 -6.286658 -23.502322 63.827937 43.541718 
157.000000 -4.351499 -4.510249 -34.841267 60.895878 48.525463 
158.000000 -3.229000 -3.065846 -34.442635 58.841591 51.225762 
159.000000 -2.290630 -1.988657 -29.025510 57.331619 52.637572 
160.000000 -1.520574 -1.245862 -29.861014 56.196554 53.327366 
161.000000 -0.910072 -0.783801 -36.686990 55.347282 53.291321 
162.000000 -0.454490 -0.536820 -40.506317 54.736153 52.436635 
163.000000 -0.151546 -0.428702 -30.060010 54.337829 51.096864 
164.000000 -0.000226 -0.392256 -27.105174 54.139451 50.070538 
165.000000 -0.000168 -0.392207 -27.104975 54.135661 50.066696 
166.000000 -0.151370 -0.428597 -30.057829 54.326483 51.085771 
167.000000 -0.454195 -0.536710 -40.486862 54.717329 52.419173 
168.000000 -0.909654 -0.783630 -36.704109 55.321105 53.267915 
169.000000 -1.520026 -1.245457 -29.865610 56.163203 53.297491 
170.000000 -2.289942 -1.987842 -29.021781 57.291317 52.600234 
171.000000 -3.228154 -3.064568 -34.419423 58.794598 51.180593 
172.000000 -4.350467 -4.508630 -34.873151 60.842460 48.473744 
173.000000 -5.684736 -6.284952 -23.508518 63.768305 43.486588 
174.000000 -7.279976 -8.229535 -19.696300 68.262518 36.118186 
175.000000 -9.224416 -10.168045 -19.747804 75.830447 29.319204 
176.000000 -11.685538 -12.173068 -25.258892 89.652814 29.031316 
177.000000 -15.010396 -14.073456 -18.869369 113.304876 40.159790 
178.000000 -19.955610 -14.889975 -2.028043 138.254944 57.563271 
179.000000 -25.210344 -14.912586 7.130315 147.821137 0.000000 
180.000000 -25.210209 -14.908983 7.135308 147.893364 65.698824 
181.000000 -19.962095 -14.927344 -2.098090 138.338095 57.609426 
182.000000 -15.014500 -14.138439 -19.483886 113.392233 39.911235 
183.000000 -11.688363 -12.239050 -24.232082 89.732891 28.561458 
184.000000 -9.226521 -10.244043 -19.129208 75.902228 28.868033 
185.000000 -7.281625 -8.318721 -18.973289 68.327583 35.873321 
186.000000 -5.686068 -6.370741 -22.406706 63.827252 43.490980 
187.000000 -4.351562 -4.576646 -31.841694 60.895294 48.625073 
188.000000 -3.229060 -3.111142 -37.285667 58.841097 51.349091 
189.000000 -2.290688 -2.015329 -29.840258 57.331200 52.700058 
190.000000 -1.520632 -1.258643 -30.279306 56.196198 53.306676 
191.000000 -0.910129 -0.787765 -36.961998 55.346975 53.221764 
192.000000 -0.454545 -0.536289 -40.568001 54.735880 52.379138 
193.000000 -0.151597 -0.426907 -30.117144 54.337576 51.094450 
194.000000 -0.000273 -0.390750 -27.138893 54.139204 50.116700 
195.000000 -0.000209 -0.390695 -27.138693 54.135404 50.112844 
196.000000 -0.151403 -0.426784 -30.114960 54.326201 51.083322 
197.000000 -0.454220 -0.536148 -40.548502 54.717004 52.361636 
198.000000 -0.909668 -0.787551 -36.979644 55.320722 53.198318 
199.000000 -1.520028 -1.258185 -30.284203 56.162743 53.276750 
200.000000 -2.289931 -2.014450 -29.836368 57.290759 52.662631 
201.000000 -3.228129 -3.109786 -37.254173 58.793918 51.303787 
202.000000 -4.350427 -4.574925 -31.864047 60.841627 48.573239 
203.000000 -5.684680 -6.368901 -22.412228 63.767273 43.435946 
204.000000 -7.279902 -8.317114 -18.972378 68.261229 35.818778 
205.000000 -9.224322 -10.242965 -19.120189 75.828827 28.814567 
206.000000 -11.685417 -12.238409 -24.196936 89.650897 28.504864 
207.000000 -15.010234 -14.138384 -19.527877 113.303271 39.844121 
208.000000 -19.955379 -14.929138 -2.117448 138.254374 57.531441 
209.000000 -25.210344 -14.912586 7.130315 147.821137 0.000000 
210.000000 -25.210209 -14.908983 7.135308 147.893364 65.698824 
211.000000 -19.962243 -14.966293 -2.186546 138.338297 57.632389 
212.000000 -15.014588 -14.207848 -20.235120 113.392255 39.787608 
213.000000 -11.688421 -12.315641 -23.139608 89.732609 28.357715 
214.000000 -9.226564 -10.322469 -18.523015 75.901864 28.795746 
215.000000 -7.281659 -8.387376 -18.450398 68.327240 36.054645 
216.000000 -5.686098 -6.414454 -21.891047 63.826952 43.872634 
217.000000 -4.351589 -4.594714 -31.180980 60.895038 49.060334 
218.000000 -3.229087 -3.112817 -37.408720 58.840880 51.712596 
219.000000 -2.290715 -2.010252 -29.678164 57.331018 52.922248 
220.000000 -1.520658 -1.253236 -30.098288 56.196042 53.380228 
221.000000 -0.910155 -0.784655 -36.740574 55.346841 53.193694 
222.000000 -0.454570 -0.535257 -40.680518 54.735762 52.321145 
223.000000 -0.151621 -0.426935 -30.117011 54.337467 51.061135 
224.000000 -0.000295 -0.391220 -27.129143 54.139097 50.115935 
225.000000 -0.000228 -0.391162 -27.128948 54.135293 50.112077 
226.000000 -0.151420 -0.426803 -30.114850 54.326078 51.050002 
227.000000 -0.454232 -0.535103 -40.660840 54.716863 52.303630 
228.000000 -0.909675 -0.784423 -36.757861 55.320556 53.170228 
229.000000 -1.520030 -1.252759 -30.103265 56.162542 53.350273 
230.000000 -2.289927 -2.009354 -29.674712 57.290516 52.884782 
231.000000 -3.228119 -3.111440 -37.378037 58.793621 51.667244 
232.000000 -4.350410 -4.592962 -31.201178 60.841262 49.008471 
233.000000 -5.684656 -6.412557 -21.896245 63.766822 43.817680 
234.000000 -7.279870 -8.385689 -18.449645 68.260664 36.000432 
235.000000 -9.224280 -10.321309 -18.514667 75.828118 28.742870 
236.000000 -11.685364 -12.314919 -23.108477 89.650058 28.301762 
237.000000 -15.010162 -14.207708 -20.283570 113.302569 39.720872 
238.000000 -19.955278 -14.968042 -2.206482 138.254125 57.554465 
239.000000 -25.210344 -14.912586 7.130315 147.821137 0.000000 
240.000000 -25.210209 -14.908983 7.135308 147.893364 65.698824 
241.000000 -19.962193 -15.001987 -2.268483 138.338229 57.710110 
242.000000 -15.014559 -14.271512 -20.981797 113.392248 39.861280 
243.000000 -11.688402 -12.382777 -22.289273 89.732703 28.468686 
244.000000 -9.226549 -10.372585 -18.159041 75.901985 29.058296 
245.000000 -7.281647 -8.402936 -18.336550 68.327355 36.442156 
246.000000 -5.686088 -6.395632 -22.109057 63.827053 44.241269 
247.000000 -4.351580 -4.559050 -32.540730 60.895124 49.311077 
248.000000 -3.229078 -3.077998 -35.116525 58.840953 51.827893 
249.000000 -2.290706 -1.986542 -28.961619 57.331079 52.927917 
250.000000 -1.520649 -1.242995 -29.767019 56.196094 53.322858 
251.000000 -0.910146 -0.784093 -36.702134 55.346885 53.125839 
252.000000 -0.454562 -0.537997 -40.390964 54.735802 52.284991 
253.000000 -0.151613 -0.428256 -30.075864 54.337503 51.074677 
254.000000 -0.000288 -0.390348 -27.147944 54.139133 50.166128 
255.000000 -0.000222 -0.390291 -27.147749 54.135330 50.162284 
256.000000 -0.151414 -0.428126 -30.073721 54.326119 51.063575 
257.000000 -0.454228 -0.537847 -40.371972 54.716911 52.267497 
258.000000 -0.909673 -0.783868 -36.719341 55.320611 53.102366 
259.000000 -1.520030 -1.242527 -29.771819 56.162609 53.292878 
260.000000 -2.289928 -1.985655 -28.958443 57.290597 52.890435 
261.000000 -3.228122 -3.076636 -35.092951 58.793720 51.782557 
262.000000 -4.350415 -4.557314 -32.564387 60.841384 49.259257 
263.000000 -5.684664 -6.393748 -22.114465 63.766973 44.186349 
264.000000 -7.279881 -8.401249 -18.335970 68.260853 36.387971 
265.000000 -9.224294 -10.371417 -18.151338 75.828355 29.005475 
266.000000 -11.685381 -12.382050 -22.261772 89.650339 28.412768 
267.000000 -15.010186 -14.271377 -21.033613 113.302804 39.794492 
268.000000 -19.955312 -15.003752 -2.288368 138.254208 57.632135 
269.000000 -25.210344 -14.912586 7.130315 147.821137 0.000000 
270.000000 -25.210209 -14.908983 7.135308 147.893364 65.698824 
271.000000 -19.961950 -15.032316 -2.338913 138.337895 57.831262 
272.000000 -15.014413 -14.322636 -21.628779 113.392210 40.085855 
273.000000 -11.688306 -12.429944 -21.740628 89.733171 28.781446 
274.000000 -9.226479 -10.390099 -18.035373 75.902587 29.440623 
275.000000 -7.281590 -8.381688 -18.491902 68.327922 36.750410 
276.000000 -5.686038 -6.353377 -22.620896 63.827548 44.345382 
277.000000 -4.351534 -4.519734 -34.343760 60.895546 49.227762 
278.000000 -3.229034 -3.054571 -33.854857 58.841310 51.651981 
279.000000 -2.290663 -1.981314 -28.812176 57.331381 52.753104 
280.000000 -1.520606 -1.251045 -30.028008 56.196351 53.208642 
281.000000 -0.910104 -0.796655 -37.623484 55.347107 53.087215 
282.000000 -0.454521 -0.546664 -39.533104 54.735998 52.302522 
283.000000 -0.151574 -0.428831 -30.056909 54.337685 51.119516 
284.000000 -0.000252 -0.384639 -27.272391 54.139311 50.219292 
285.000000 -0.000190 -0.384585 -27.272226 54.135515 50.215467 
286.000000 -0.151388 -0.428710 -30.054893 54.326322 51.108457 
287.000000 -0.454209 -0.546530 -39.516364 54.717144 52.285071 
288.000000 -0.909662 -0.796456 -37.642280 55.320888 53.063769 
289.000000 -1.520027 -1.250614 -30.032863 56.162941 53.178681 
290.000000 -2.289935 -1.980476 -28.809022 57.291000 52.715660 
291.000000 -3.228140 -3.053272 -33.834527 58.794212 51.606715 
292.000000 -4.350444 -4.518081 -34.372566 60.841987 49.175996 
293.000000 -5.684704 -6.351594 -22.626514 63.767719 44.290367 
294.000000 -7.279934 -8.380104 -18.491369 68.261786 36.695856 
295.000000 -9.224363 -10.389017 -18.028169 75.829527 29.387215 
296.000000 -11.685470 -12.429298 -21.716097 89.651725 28.724882 
297.000000 -15.010304 -14.322596 -21.682084 113.303964 40.018560 
298.000000 -19.955479 -15.034154 -2.358110 138.254620 57.753121 
299.000000 -25.210344 -14.912586 7.130315 147.821137 0.000000 
300.000000 -25.210209 -14.908983 7.135308 147.893364 65.698824 
301.000000 -19.961520 -15.056260 -2.395296 138.337311 57.976863 
302.000000 -15.014155 -14.358937 -22.118893 113.392142 40.387542 
303.000000 -11.688135 -12.457137 -21.439394 89.733986 29.155255 
304.000000 -9.226353 -10.388986 -18.042264 75.903638 29.775215 
305.000000 -7.281489 -8.357413 -18.673068 68.328912 36.903204 
306.000000 -5.685951 -6.329054 -22.930247 63.828413 44.292399 
307.000000 -4.351455 -4.509620 -34.873037 60.896285 49.074703 
308.000000 -3.228959 -3.058719 -34.069809 58.841936 51.514170 
309.000000 -2.290590 -1.993407 -29.166789 57.331912 52.696341 
310.000000 -1.520535 -1.263948 -30.462985 56.196803 53.237920 
311.000000 -0.910034 -0.805340 -38.325439 55.347498 53.157808 
312.000000 -0.454454 -0.549174 -39.294844 54.736345 52.352538 
313.000000 -0.151512 -0.425594 -30.155360 54.338007 51.110950 
314.000000 -0.000196 -0.377845 -27.422659 54.139626 50.162417 
315.000000 -0.000141 -0.377796 -27.422530 54.135842 50.158600 
316.000000 -0.151349 -0.425491 -30.153483 54.326682 51.099910 
317.000000 -0.454181 -0.549070 -39.279332 54.717556 52.335117 
318.000000 -0.909647 -0.805187 -38.345027 55.321374 53.134406 
319.000000 -1.520027 -1.263583 -30.467921 56.163524 53.208027 
320.000000 -2.289951 -1.992663 -29.163688 57.291706 52.658990 
321.000000 -3.228172 -3.057549 -34.050080 58.795072 51.468999 
322.000000 -4.350495 -4.508136 -34.901610 60.843041 49.022943 
323.000000 -5.684775 -6.327475 -22.935485 63.769023 44.237106 
324.000000 -7.280026 -8.356041 -18.672378 68.263416 36.847882 
325.000000 -9.224481 -10.388089 -18.035457 75.831575 29.720610 
326.000000 -11.685621 -12.456663 -21.417399 89.654151 29.097393 
327.000000 -15.010508 -14.359083 -22.171251 113.305995 40.319312 
328.000000 -19.955769 -15.058228 -2.413196 138.255342 57.898451 
329.000000 -25.210344 -14.912586 7.130315 147.821137 0.000000 
330.000000 -25.210209 -14.908983 7.135308 147.893364 65.698824 
331.000000 -19.960921 -15.073821 -2.437442 138.336503 58.125014 
332.000000 -15.013792 -14.381677 -22.442387 113.392047 40.692724 
333.000000 -11.687893 -12.468801 -21.311816 89.735107 29.481522 
334.000000 -9.226174 -10.380613 -18.099694 75.905083 29.987391 
335.000000 -7.281347 -8.343410 -18.778905 68.330274 36.935207 
336.000000 -5.685831 -6.326932 -22.956331 63.829604 44.220131 
337.000000 -4.351347 -4.520114 -34.314776 60.897304 49.014939 
338.000000 -3.228859 -3.072649 -34.823916 58.842801 51.521455 
339.000000 -2.290495 -2.002188 -29.434628 57.332646 52.762329 
340.000000 -1.520444 -1.264305 -30.478362 56.197432 53.322153 
341.000000 -0.909948 -0.799845 -37.885188 55.348044 53.217975 
342.000000 -0.454373 -0.543339 -39.836203 54.736832 52.364313 
343.000000 -0.151437 -0.423461 -30.219817 54.338460 51.072982 
344.000000 -0.000129 -0.379263 -27.389315 54.140070 50.093209 
345.000000 -0.000086 -0.379228 -27.389128 54.136303 50.089403 
346.000000 -0.151306 -0.423393 -30.217820 54.327187 51.061972 
347.000000 -0.454152 -0.543285 -39.820104 54.718133 52.346930 
348.000000 -0.909635 -0.799752 -37.902675 55.322051 53.194619 
349.000000 -1.520034 -1.264022 -30.482769 56.164334 53.292325 
350.000000 -2.289978 -2.001565 -29.431381 57.292684 52.725073 
351.000000 -3.228221 -3.071652 -34.803770 58.796261 51.476375 
352.000000 -4.350567 -4.518860 -34.338942 60.844497 48.963143 
353.000000 -5.684872 -6.325633 -22.960771 63.770821 44.164439 
354.000000 -7.280151 -8.342334 -18.777980 68.265664 36.878851 
355.000000 -9.224639 -10.379985 -18.093318 75.834399 29.931142 
356.000000 -11.685825 -12.468577 -21.292242 89.657497 29.421843 
357.000000 -15.010784 -14.382089 -22.491250 113.308800 40.623202 
358.000000 -19.956165 -15.075969 -2.453493 138.256340 58.046237 
359.000000 -25.210344 -14.912586 7.130315 147.821137 0.000000 
360.000000 -25.210209 -14.908983 7.135308 147.893364 65.698824 
361.000000 -19.960176 -15.085697 -2.466799 138.335510 58.255256 
362.000000 -15.013336 -14.393972 -22.625846 113.391926 40.947349 
363.000000 -11.687586 -12.469608 -21.299987 89.736477 29.707037 
364.000000 -9.225949 -10.367305 -18.192293 75.906849 30.069969 
365.000000 -7.281169 -8.331788 -18.867392 68.331940 36.877714 
366.000000 -5.685681 -6.327733 -22.943942 63.831062 44.137595 
367.000000 -4.351217 -4.528521 -33.890426 60.898552 48.992415 
368.000000 -3.228742 -3.079853 -35.244480 58.843864 51.552467 
369.000000 -2.290388 -2.003237 -29.470131 57.333552 52.794771 
370.000000 -1.520345 -1.259428 -30.315439 56.198210 53.316994 
371.000000 -0.909856 -0.792936 -37.359971 55.348723 53.180999 
372.000000 -0.454290 -0.539181 -40.241436 54.737442 52.336545 
373.000000 -0.151364 -0.424980 -30.169906 54.339029 51.090181 
374.000000 -0.000067 -0.385466 -27.250052 54.140629 50.151209 
375.000000 -0.000036 -0.385449 -27.249752 54.136883 50.147445 
376.000000 -0.151271 -0.424960 -30.167648 54.327820 51.079271 
377.000000 -0.454135 -0.539191 -40.224666 54.718852 52.319261 
378.000000 -0.909636 -0.792920 -37.375250 55.322892 53.157705 
379.000000 -1.520055 -1.259243 -30.319021 56.165335 53.287214 
380.000000 -2.290020 -2.002753 -29.466538 57.293889 52.757597 
381.000000 -3.228287 -3.079053 -35.224215 58.797722 51.507497 
382.000000 -4.350658 -4.527530 -33.911377 60.846282 48.940629 
383.000000 -5.684990 -6.326753 -22.947698 63.773025 44.081522 
384.000000 -7.280301 -8.331055 -18.866345 68.268419 36.820240 
385.000000 -9.224828 -10.366997 -18.186504 75.837861 30.011834 
386.000000 -11.686068 -12.469693 -21.282986 89.661602 29.645191 
387.000000 -15.011112 -14.394711 -22.668994 113.312245 40.876265 
388.000000 -19.956643 -15.088063 -2.480540 138.257567 58.176038 
389.000000 -25.210344 -14.912586 7.130315 147.821137 0.000000 
390.000000 -25.210209 -14.908983 7.135308 147.893364 65.698824 
391.000000 -19.959316 -15.092864 -2.485502 138.334378 58.351456 
392.000000 -15.012803 -14.399453 -22.713645 113.391783 41.123220 
393.000000 -11.687225 -12.464677 -21.348643 89.738026 29.830597 
394.000000 -9.225682 -10.350884 -18.308205 75.908848 30.064521 
395.000000 -7.280960 -8.315980 -18.989679 68.333827 36.774702 
396.000000 -5.685510 -6.319612 -23.048229 63.832715 44.043696 
397.000000 -4.351072 -4.525340 -34.038936 60.899970 48.969314 
398.000000 -3.228616 -3.078266 -35.158897 58.845075 51.580756 
399.000000 -2.290278 -2.002577 -29.453212 57.334589 52.820519 
400.000000 -1.520248 -1.260069 -30.340419 56.199105 53.304331 
401.000000 -0.909772 -0.794548 -37.487763 55.349509 53.138323 
402.000000 -0.454217 -0.540540 -40.096883 54.738152 52.305330 
403.000000 -0.151304 -0.425243 -30.159814 54.339695 51.106677 
404.000000 -0.000021 -0.384916 -27.261172 54.141284 50.211286 
405.000000 -0.000005 -0.384915 -27.260863 54.137563 50.207577 
406.000000 -0.151257 -0.425266 -30.157623 54.328559 51.095893 
407.000000 -0.454137 -0.540616 -40.081296 54.719688 52.288158 
408.000000 -0.909656 -0.794622 -37.502161 55.323863 53.115083 
409.000000 -1.520095 -1.260010 -30.343622 56.166485 53.274587 
410.000000 -2.290081 -2.002266 -29.449708 57.295267 52.783437 
411.000000 -3.228370 -3.077698 -35.140213 58.799387 51.535953 
412.000000 -4.350765 -4.524643 -34.058182 60.848313 48.917629 
413.000000 -5.685124 -6.318980 -23.051479 63.775528 43.987314 
414.000000 -7.280467 -8.315617 -18.988653 68.271547 36.716106 
415.000000 -9.225034 -10.350928 -18.303204 75.841793 30.004381 
416.000000 -11.686332 -12.465107 -21.334525 89.666270 29.766374 
417.000000 -15.011474 -14.400561 -22.749449 113.316168 41.050396 
418.000000 -19.957177 -15.095476 -2.496580 138.258966 58.271737 
419.000000 -25.210344 -14.912586 7.130315 147.821137 0.000000 
420.000000 -25.210209 -14.908983 7.135308 147.893364 65.698824 
421.000000 -19.958377 -15.096202 -2.495476 138.333160 58.402955 
422.000000 -15.012213 -14.401316 -22.749683 113.391624 41.212368 
423.000000 -11.686823 -12.460051 -21.393884 89.739678 29.880929 
424.000000 -9.225385 -10.338812 -18.393817 75.910982 30.038325 
425.000000 -7.280729 -8.302783 -19.092826 68.335842 36.697604 
426.000000 -5.685325 -6.309460 -23.180917 63.834482 43.981923 
427.000000 -4.350920 -4.518143 -34.393848 60.901490 48.963529 
428.000000 -3.228491 -3.074156 -34.929752 58.846378 51.623964 
429.000000 -2.290174 -2.002466 -29.452997 57.335709 52.879077 
430.000000 -1.520163 -1.263723 -30.468025 56.200078 53.344717 
431.000000 -0.909705 -0.799588 -37.884103 55.350369 53.144638 
432.000000 -0.454167 -0.543395 -39.810793 54.738933 52.282213 
433.000000 -0.151269 -0.423595 -30.210328 54.340431 51.069547 
434.000000 -0.000002 -0.379670 -27.377366 54.142011 50.171843 
435.000000 -0.000003 -0.379680 -27.377133 54.138315 50.168179 
436.000000 -0.151270 -0.423655 -30.208467 54.329374 51.058861 
437.000000 -0.454166 -0.543535 -39.797270 54.720604 52.265122 
438.000000 -0.909702 -0.799761 -37.897993 55.324922 53.121437 
439.000000 -1.520158 -1.263808 -30.471133 56.167732 53.315013 
440.000000 -2.290162 -2.002355 -29.449952 57.296753 52.842111 
441.000000 -3.228469 -3.073851 -34.913645 58.801178 51.579355 
442.000000 -4.350884 -4.517770 -34.411175 60.850492 48.911953 
443.000000 -5.685267 -6.309204 -23.183575 63.778211 43.925202 
444.000000 -7.280639 -8.302815 -19.091848 68.274898 36.637810 
445.000000 -9.225245 -10.339228 -18.389753 75.846008 29.976078 
446.000000 -11.686603 -12.460846 -21.382978 89.671278 29.814213 
447.000000 -15.011847 -14.402813 -22.777160 113.320382 41.137708 
448.000000 -19.957738 -15.099075 -2.503669 138.260472 58.322699 
449.000000 -25.210344 -14.912586 7.130315 147.821137 0.000000 
450.000000 -25.210209 -14.908983 7.135308 147.893364 65.698824 
451.000000 -19.957401 -15.096220 -2.497795 138.331913 58.404553 
452.000000 -15.011593 -14.401463 -22.760999 113.391455 41.215331 
453.000000 -11.686396 -12.460298 -21.386639 89.741353 29.884438 
454.000000 -9.225069 -10.339011 -18.390052 75.913149 30.042058 
455.000000 -7.280486 -8.302844 -19.090385 68.337889 36.701145 
456.000000 -5.685134 -6.309403 -23.179107 63.836280 43.984790 
457.000000 -4.350769 -4.518036 -34.391589 60.903040 48.965621 
458.000000 -3.228373 -3.074047 -34.930227 58.847710 51.625457 
459.000000 -2.290084 -2.002374 -29.452955 57.336861 52.880187 
460.000000 -1.520098 -1.263655 -30.467954 56.201084 53.345617 
461.000000 -0.909661 -0.799544 -37.884096 55.351265 53.145448 
462.000000 -0.454144 -0.543376 -39.810377 54.739752 52.283016 
463.000000 -0.151265 -0.423603 -30.209960 54.341207 51.070396 
464.000000 -0.000016 -0.379702 -27.376931 54.142778 50.172753 
465.000000 -0.000032 -0.379731 -27.376664 54.139108 50.169129 
466.000000 -0.151315 -0.423712 -30.208087 54.330230 51.059804 
467.000000 -0.454226 -0.543590 -39.797634 54.721561 52.266025 
468.000000 -0.909775 -0.799816 -37.896613 55.326021 53.122325 
469.000000 -1.520243 -1.263874 -30.470483 56.169018 53.315996 
470.000000 -2.290260 -2.002451 -29.449893 57.298281 52.843349 
471.000000 -3.228581 -3.073999 -34.915741 58.803011 51.580998 
472.000000 -4.351011 -4.517999 -34.405928 60.852716 48.914046 
473.000000 -5.685412 -6.309546 -23.180917 63.780946 43.927571 
474.000000 -7.280808 -8.303295 -19.089360 68.278313 36.639996 
475.000000 -9.225450 -10.339816 -18.386959 75.850306 29.977603 
476.000000 -11.686864 -12.461467 -21.379129 89.676390 29.815193 
477.000000 -15.012212 -14.403352 -22.779728 113.324692 41.138817 
478.000000 -19.958298 -15.099355 -2.503017 138.262014 58.323743 
479.000000 -25.210344 -14.912586 7.130315 147.821137 0.000000 
480.000000 -25.210209 -14.908983 7.135308 147.893364 65.698824 
481.000000 -19.956433 -15.092918 -2.492348 138.330696 58.356173 
482.000000 -15.010970 -14.399890 -22.747002 113.391285 41.131964 
483.000000 -11.685964 -12.465410 -21.327370 89.742974 29.840963 
484.000000 -9.224749 -10.351472 -18.297217 75.915247 30.075562 
485.000000 -7.280241 -8.316160 -18.982583 68.339873 36.785178 
486.000000 -5.684946 -6.319444 -23.042993 63.838024 44.052171 
487.000000 -4.350626 -4.525023 -34.032557 60.904546 48.975497 
488.000000 -3.228267 -3.077941 -35.160357 58.849011 51.585167 
489.000000 -2.290011 -2.002306 -29.453104 57.337990 52.823799 
490.000000 -1.520054 -1.259869 -30.340225 56.202077 53.306988 
491.000000 -0.909644 -0.794420 -37.487754 55.352154 53.140714 
492.000000 -0.454150 -0.540485 -40.095627 54.740569 52.307702 
493.000000 -0.151292 -0.425266 -30.158740 54.341985 51.109185 
494.000000 -0.000061 -0.385013 -27.259910 54.143549 50.213975 
495.000000 -0.000093 -0.385064 -27.259500 54.139905 50.210383 
496.000000 -0.151389 -0.425434 -30.156513 54.331087 51.098680 
497.000000 -0.454312 -0.540779 -40.082429 54.722514 52.290824 
498.000000 -0.909871 -0.794785 -37.498261 55.327109 53.117705 
499.000000 -1.520347 -1.260207 -30.341737 56.170285 53.277486 
500.000000 -2.290371 -2.002551 -29.449552 57.299777 52.787093 
501.000000 -3.228699 -3.078138 -35.146608 58.804800 51.540806 
502.000000 -4.351138 -4.525318 -34.043305 60.854882 48.923814 
503.000000 -5.685552 -6.319992 -23.043762 63.783606 43.994328 
504.000000 -7.280967 -8.317036 -18.981398 68.281633 36.722583 
505.000000 -9.225639 -10.352664 -18.295035 75.854485 30.008897 
506.000000 -11.687105 -12.466941 -21.323220 89.681367 29.769258 
507.000000 -15.012552 -14.402153 -22.757019 113.328894 41.053655 
508.000000 -19.958831 -15.096304 -2.494655 138.263520 58.274814 
509.000000 -25.210344 -14.912586 7.130315 147.821137 0.000000 
510.000000 -25.210209 -14.908983 7.135308 147.893364 65.698824 
511.000000 -19.955522 -15.085785 -2.477846 138.329566 58.262866 
512.000000 -15.010376 -14.394684 -22.679346 113.391121 40.961445 
513.000000 -11.685549 -12.470797 -21.265812 89.744467 29.723767 
514.000000 -9.224442 -10.368255 -18.174818 75.917181 30.087831 
515.000000 -7.280009 -8.332075 -18.856151 68.341702 36.894663 
516.000000 -5.684770 -6.327458 -22.935648 63.839635 44.151289 
517.000000 -4.350497 -4.528009 -33.880347 60.905941 49.002401 
518.000000 -3.228178 -3.079330 -35.246885 58.850218 51.559593 
519.000000 -2.289957 -2.002801 -29.469966 57.339044 52.800070 
520.000000 -1.520032 -1.259105 -30.315122 56.203008 53.321283 
521.000000 -0.909649 -0.792729 -37.359927 55.352993 53.184858 
522.000000 -0.454180 -0.539091 -40.239406 54.741345 52.340375 
523.000000 -0.151344 -0.425016 -30.168164 54.342727 51.094231 
524.000000 -0.000131 -0.385623 -27.248003 54.144285 50.155551 
525.000000 -0.000178 -0.385692 -27.247539 54.140665 50.151974 
526.000000 -0.151486 -0.425232 -30.165848 54.331901 51.083769 
527.000000 -0.454417 -0.539454 -40.226568 54.723415 52.323565 
528.000000 -0.909982 -0.793182 -37.369003 55.328133 53.161939 
529.000000 -1.520462 -1.259560 -30.315980 56.171470 53.291895 
530.000000 -2.290489 -2.003214 -29.466298 57.301171 52.763499 
531.000000 -3.228819 -3.079763 -35.234681 58.806462 51.515333 
532.000000 -4.351261 -4.528619 -33.887792 60.856890 48.950624 
533.000000 -5.685681 -6.328386 -22.935418 63.786068 44.092875 
534.000000 -7.281108 -8.333347 -18.854810 68.284704 36.830746 
535.000000 -9.225804 -10.369805 -18.173482 75.858354 30.019143 
536.000000 -11.687316 -12.472658 -21.264823 89.685979 29.649809 
537.000000 -15.012853 -14.397283 -22.681127 113.332793 40.881473 
538.000000 -19.959314 -15.089401 -2.477435 138.264919 58.180987 
539.000000 -25.210344 -14.912586 7.130315 147.821137 0.000000 
540.000000 -25.210209 -14.908983 7.135308 147.893364 65.698824 
541.000000 -19.954713 -15.073942 -2.452158 138.328574 58.135148 
542.000000 -15.009844 -14.382637 -22.512584 113.390973 40.711473 
543.000000 -11.685175 -12.470400 -21.266057 89.745765 29.503796 
544.000000 -9.224165 -10.381888 -18.076625 75.918865 30.011243 
545.000000 -7.279800 -8.343789 -18.764110 68.343296 36.957848 
546.000000 -5.684615 -6.326561 -22.945305 63.841040 44.238392 
547.000000 -4.350387 -4.519431 -34.300658 60.907160 49.028244 
548.000000 -3.228107 -3.071953 -34.827050 58.851277 51.530956 
549.000000 -2.289921 -2.001607 -29.434429 57.339971 52.769398 
550.000000 -1.520027 -1.263874 -30.477920 56.203832 53.327876 
551.000000 -0.909672 -0.799567 -37.885067 55.353740 53.223125 
552.000000 -0.454227 -0.543219 -39.833663 54.742039 52.369424 
553.000000 -0.151411 -0.423509 -30.217472 54.343393 51.078383 
554.000000 -0.000215 -0.379474 -27.386518 54.144947 50.098995 
555.000000 -0.000275 -0.379552 -27.386111 54.141348 50.095438 
556.000000 -0.151592 -0.423756 -30.215399 54.332631 51.067971 
557.000000 -0.454529 -0.543636 -39.822550 54.724219 52.352676 
558.000000 -0.910097 -0.800102 -37.893806 55.329041 53.200273 
559.000000 -1.520577 -1.264445 -30.478642 56.172517 53.298573 
560.000000 -2.290602 -2.002179 -29.431081 57.302398 52.732943 
561.000000 -3.228931 -3.072599 -34.817085 58.807920 51.486815 
562.000000 -4.351372 -4.520311 -34.305997 60.858646 48.976466 
563.000000 -5.685793 -6.327808 -22.944416 63.788219 44.179603 
564.000000 -7.281228 -8.345393 -18.762759 68.287387 36.892905 
565.000000 -9.225942 -10.383738 -18.076108 75.861735 29.940872 
566.000000 -11.687490 -12.472535 -21.267961 89.690013 29.427902 
567.000000 -15.013106 -14.385519 -22.507130 113.336209 40.630039 
568.000000 -19.959727 -15.077754 -2.449360 138.266147 58.052803 
569.000000 -25.210344 -14.912586 7.130315 147.821137 0.000000 
570.000000 -25.210209 -14.908983 7.135308 147.893364 65.698824 
571.000000 -19.954048 -15.056410 -2.412971 138.327768 57.989034 
572.000000 -15.009403 -14.360107 -22.200765 113.390850 40.410008 
573.000000 -11.684864 -12.459083 -21.383246 89.746813 29.181956 
574.000000 -9.223935 -10.390538 -18.014595 75.920225 29.803913 
575.000000 -7.279627 -8.357872 -18.655487 68.344584 36.930497 
576.000000 -5.684488 -6.328603 -22.917078 63.842176 44.314379 
577.000000 -4.350299 -4.508796 -34.854986 60.908148 49.090691 
578.000000 -3.228054 -3.057883 -34.073353 58.852137 51.525586 
579.000000 -2.289899 -1.992710 -29.166621 57.340728 52.704846 
580.000000 -1.520033 -1.263432 -30.462507 56.204507 53.244813 
581.000000 -0.909702 -0.805007 -38.325351 55.354353 53.164012 
582.000000 -0.454278 -0.549029 -39.291966 54.742612 52.358694 
583.000000 -0.151481 -0.425652 -30.152580 54.343944 51.117451 
584.000000 -0.000299 -0.378097 -27.419310 54.145495 50.169382 
585.000000 -0.000370 -0.378185 -27.418916 54.141914 50.165865 
586.000000 -0.151693 -0.425928 -30.150610 54.333234 51.107133 
587.000000 -0.454634 -0.549493 -39.282052 54.724882 52.342036 
588.000000 -0.910202 -0.805609 -38.333915 55.329787 53.141212 
589.000000 -1.520680 -1.264094 -30.463019 56.173374 53.215541 
590.000000 -2.290702 -1.993404 -29.163364 57.303397 52.668447 
591.000000 -3.229026 -3.058688 -34.064715 58.809104 51.481543 
592.000000 -4.351464 -4.509877 -34.859533 60.860071 49.038970 
593.000000 -5.685884 -6.330090 -22.915904 63.789963 44.255384 
594.000000 -7.281322 -8.359729 -18.654256 68.289562 36.864812 
595.000000 -9.226048 -10.392618 -18.014830 75.864475 29.732223 
596.000000 -11.687625 -12.461427 -21.387722 89.693286 29.104498 
597.000000 -15.013303 -14.363207 -22.189665 113.338984 40.327375 
598.000000 -19.960056 -15.060375 -2.408231 138.267145 57.906302 
599.000000 -25.210344 -14.912586 7.130315 147.821137 0.000000 
600.000000 -25.210209 -14.908983 7.135308 147.893364 65.698824 
601.000000 -19.953563 -15.032489 -2.358690 138.327185 57.844881 
602.000000 -15.009080 -14.323965 -21.716208 113.390759 40.110920 
603.000000 -11.684635 -12.432150 -21.674965 89.747567 28.811227 
604.000000 -9.223765 -10.391870 -18.004155 75.921205 29.472769 
605.000000 -7.279500 -8.382217 -18.472531 68.345512 36.781120 
606.000000 -5.684395 -6.352866 -22.606735 63.842995 44.370117 
607.000000 -4.350237 -4.518800 -34.325149 60.908861 49.245711 
608.000000 -3.228018 -3.053628 -33.858525 58.852760 51.664773 
609.000000 -2.289887 -1.980531 -28.811985 57.341276 52.762630 
610.000000 -1.520042 -1.250467 -30.027545 56.204998 53.216368 
611.000000 -0.909731 -0.796282 -37.623521 55.354802 53.094174 
612.000000 -0.454324 -0.546503 -39.529693 54.743032 52.309430 
613.000000 -0.151539 -0.428896 -30.053831 54.344348 51.126816 
614.000000 -0.000368 -0.384921 -27.268720 54.145899 50.227116 
615.000000 -0.000446 -0.385021 -27.268263 54.142329 50.223630 
616.000000 -0.151775 -0.429200 -30.051707 54.333676 51.116567 
617.000000 -0.454717 -0.547006 -39.519420 54.725366 52.292832 
618.000000 -0.910285 -0.796931 -37.630839 55.330330 53.071396 
619.000000 -1.520761 -1.251188 -30.027614 56.173996 53.187100 
620.000000 -2.290779 -1.981304 -28.808592 57.304122 52.726264 
621.000000 -3.229098 -3.054544 -33.850269 58.809961 51.620808 
622.000000 -4.351532 -4.520031 -34.328447 60.861101 49.194040 
623.000000 -5.685949 -6.354534 -22.605301 63.791222 44.310957 
624.000000 -7.281388 -8.384263 -18.471365 68.291131 36.714838 
625.000000 -9.226122 -10.394111 -18.004959 75.866453 29.400057 
626.000000 -11.687719 -12.434635 -21.681625 89.695650 28.732603 
627.000000 -15.013441 -14.327213 -21.701543 113.340990 40.027412 
628.000000 -19.960290 -15.036560 -2.352550 138.267867 57.761868 
629.000000 -25.210344 -14.912586 7.130315 147.821137 0.000000 
630.000000 -25.210209 -14.908983 7.135308 147.893364 65.698824 
631.000000 -19.953285 -15.002175 -2.289405 138.326852 57.724524 
632.000000 -15.008893 -14.272931 -21.068599 113.390707 39.887714 
633.000000 -11.684503 -12.385134 -22.214451 89.747996 28.500066 
634.000000 -9.223666 -10.374497 -18.125125 75.921762 29.092292 
635.000000 -7.279427 -8.403526 -18.316186 68.346041 36.474837 
636.000000 -5.684343 -6.395094 -22.094891 63.843462 44.267679 
637.000000 -4.350202 -4.558049 -32.525097 60.909267 49.330221 
638.000000 -3.227999 -3.076988 -35.120494 58.853115 51.841498 
639.000000 -2.289882 -1.985706 -28.961262 57.341590 52.938026 
640.000000 -1.520050 -1.242379 -29.766481 56.205279 53.331050 
641.000000 -0.909750 -0.783697 -36.702157 55.355059 53.133219 
642.000000 -0.454352 -0.537827 -40.386908 54.743273 52.292322 
643.000000 -0.151576 -0.428325 -30.072558 54.344582 51.082431 
644.000000 -0.000411 -0.390649 -27.144073 54.146131 50.174444 
645.000000 -0.000494 -0.390755 -27.143569 54.142569 50.170959 
646.000000 -0.151825 -0.428647 -30.070299 54.333931 51.072187 
647.000000 -0.454768 -0.538352 -40.375572 54.725645 52.275733 
648.000000 -0.910335 -0.784371 -36.708287 55.330642 53.110459 
649.000000 -1.520809 -1.243133 -29.766300 56.174352 53.301821 
650.000000 -2.290824 -1.986531 -28.957843 57.304536 52.901724 
651.000000 -3.229140 -3.077983 -35.112037 58.810451 51.797596 
652.000000 -4.351571 -4.559390 -32.526276 60.861688 49.278532 
653.000000 -5.685986 -6.396892 -22.093074 63.791940 44.208291 
654.000000 -7.281426 -8.405695 -18.314952 68.292025 36.408027 
655.000000 -9.226163 -10.376831 -18.126264 75.867581 29.018852 
656.000000 -11.687771 -12.387696 -22.222863 89.696999 28.420723 
657.000000 -15.013518 -14.276257 -21.052624 113.342135 39.803715 
658.000000 -19.960423 -15.006302 -2.282475 138.268280 57.641358 
659.000000 -25.210344 -14.912586 7.130315 147.821137 0.000000 
660.000000 -25.210209 -14.908983 7.135308 147.893364 65.698824 
661.000000 -19.953228 -14.966485 -2.207609 138.326785 57.646913 
662.000000 -15.008855 -14.209278 -20.316224 113.390696 39.814147 
663.000000 -11.684476 -12.318017 -23.055629 89.748083 28.389193 
664.000000 -9.223646 -10.324416 -18.486932 75.921875 28.829889 
665.000000 -7.279412 -8.388005 -18.429243 68.346147 36.087628 
666.000000 -5.684332 -6.413934 -21.876813 63.843556 43.899438 
667.000000 -4.350195 -4.593711 -31.167200 60.909350 49.079814 
668.000000 -3.227995 -3.111794 -37.413936 58.853187 51.726431 
669.000000 -2.289881 -2.009403 -29.677705 57.341653 52.932505 
670.000000 -1.520052 -1.252610 -30.097656 56.205336 53.388523 
671.000000 -0.909754 -0.784253 -36.740502 55.355111 53.201159 
672.000000 -0.454358 -0.535084 -40.676344 54.743322 52.328560 
673.000000 -0.151584 -0.427006 -30.113641 54.344629 51.068980 
674.000000 -0.000420 -0.391526 -27.125210 54.146178 50.124348 
675.000000 -0.000503 -0.391633 -27.124701 54.142618 50.120852 
676.000000 -0.151835 -0.427331 -30.111364 54.333983 51.058714 
677.000000 -0.454778 -0.535613 -40.664710 54.725701 52.311963 
678.000000 -0.910345 -0.784930 -36.746527 55.330705 53.178421 
679.000000 -1.520819 -1.253371 -30.097449 56.174425 53.359337 
680.000000 -2.290833 -2.010242 -29.674136 57.304620 52.896236 
681.000000 -3.229149 -3.112814 -37.403830 58.810550 51.682503 
682.000000 -4.351579 -4.595084 -31.167581 60.861807 49.027993 
683.000000 -5.685994 -6.415767 -21.874857 63.792085 43.839794 
684.000000 -7.281433 -8.390200 -18.427967 68.292206 36.020489 
685.000000 -9.226171 -10.326766 -18.488225 75.867810 28.756163 
686.000000 -11.687781 -12.320591 -23.065303 89.697272 28.309677 
687.000000 -15.013534 -14.212613 -20.300954 113.342367 39.730095 
688.000000 -19.960449 -14.970614 -2.200531 138.268363 57.563737 
689.000000 -25.210344 -14.912586 7.130315 147.821137 0.000000 
690.000000 -25.210209 -14.908983 7.135308 147.893364 65.698824 
691.000000 -19.953397 -14.927530 -2.118299 138.326986 57.623378 
692.000000 -15.008968 -14.139800 -19.556001 113.390728 39.936660 
693.000000 -11.684556 -12.241306 -24.139965 89.747824 28.591619 
694.000000 -9.223706 -10.245898 -19.091721 75.921538 28.900699 
695.000000 -7.279456 -8.319339 -18.951355 68.345828 35.904886 
696.000000 -5.684364 -6.370268 -22.391711 63.843274 43.516737 
697.000000 -4.350216 -4.575701 -31.826417 60.909104 48.643879 
698.000000 -3.228006 -3.110168 -37.291599 58.852972 51.362480 
699.000000 -2.289884 -2.014516 -29.839978 57.341464 52.709983 
700.000000 -1.520047 -1.258041 -30.278724 56.205166 53.314691 
701.000000 -0.909742 -0.787377 -36.961879 55.354955 53.228969 
702.000000 -0.454340 -0.536121 -40.564143 54.743176 52.386293 
703.000000 -0.151561 -0.426975 -30.113913 54.344488 51.102020 
704.000000 -0.000393 -0.391045 -27.135094 54.146037 50.124818 
705.000000 -0.000474 -0.391149 -27.134591 54.142472 50.121312 
706.000000 -0.151805 -0.427292 -30.111618 54.333828 51.091731 
707.000000 -0.454747 -0.536640 -40.552311 54.725532 52.369681 
708.000000 -0.910315 -0.788041 -36.968399 55.330517 53.206229 
709.000000 -1.520789 -1.258778 -30.278545 56.174209 53.285496 
710.000000 -2.290806 -2.015315 -29.836026 57.304370 52.673668 
711.000000 -3.229123 -3.111126 -37.279743 58.810254 51.318453 
712.000000 -4.351555 -4.576990 -31.828326 60.861452 48.591935 
713.000000 -5.685972 -6.372004 -22.390145 63.791651 43.457042 
714.000000 -7.281411 -8.321442 -18.950184 68.291666 35.837890 
715.000000 -9.226146 -10.248181 -19.092984 75.867128 28.827321 
716.000000 -11.687750 -12.243830 -24.150096 89.696457 28.512561 
717.000000 -15.013487 -14.143076 -19.542950 113.341674 39.853016 
718.000000 -19.960370 -14.931609 -2.111714 138.268114 57.540341 
719.000000 -25.210344 -14.912586 7.130315 147.821137 0.000000 
720.000000 -25.210209 -14.908983 7.135308 147.893364 65.698824 
721.000000 -19.953781 -14.888249 -2.028276 138.327447 57.654163 
722.000000 -15.009225 -14.074568 -18.891718 113.390800 40.250846 
723.000000 -11.684738 -12.175576 -25.201783 89.747229 29.116601 
724.000000 -9.223841 -10.170623 -19.720376 75.920765 29.403431 
725.000000 -7.279557 -8.231527 -19.675464 68.345096 36.201932 
726.000000 -5.684437 -6.286226 -23.486557 63.842628 43.565105 
727.000000 -4.350265 -4.509394 -34.820732 60.908541 48.542586 
728.000000 -3.228034 -3.064962 -34.447041 58.852480 51.237987 
729.000000 -2.289892 -1.987915 -29.025387 57.341030 52.646650 
730.000000 -1.520037 -1.245310 -29.860518 56.204777 53.334702 
731.000000 -0.909717 -0.783444 -36.686811 55.354600 53.297921 
732.000000 -0.454302 -0.536664 -40.502911 54.742843 52.443195 
733.000000 -0.151512 -0.428764 -30.057068 54.344166 51.103807 
734.000000 -0.000336 -0.392527 -27.101683 54.145717 50.077981 
735.000000 -0.000411 -0.392624 -27.101206 54.142142 50.074459 
736.000000 -0.151738 -0.429063 -30.054784 54.333477 51.093483 
737.000000 -0.454679 -0.537160 -40.490443 54.725148 52.426553 
738.000000 -0.910247 -0.784077 -36.694009 55.330086 53.275169 
739.000000 -1.520724 -1.246000 -29.860620 56.173716 53.305500 
740.000000 -2.290744 -1.988633 -29.021473 57.303797 52.610318 
741.000000 -3.229066 -3.065794 -34.436313 58.809577 51.193954 
742.000000 -4.351501 -4.510514 -34.827046 60.860639 48.490735 
743.000000 -5.685920 -6.287768 -23.485741 63.790657 43.505761 
744.000000 -7.281359 -8.233449 -19.674419 68.290427 36.135669 
745.000000 -9.226089 -10.172770 -19.721250 75.865566 29.331073 
746.000000 -11.687677 -12.177991 -25.210809 89.694590 29.038619 
747.000000 -15.013380 -14.077719 -18.881894 113.340090 40.168041 
748.000000 -19.960186 -14.892230 -2.022791 138.267543 57.571403 
749.000000 -25.210344 -14.912586 7.130315 147.821137 0.000000 
750.000000 -25.210209 -14.908983 7.135308 147.893364 65.698824 
751.000000 -19.954360 -14.851851 -1.944819 138.328146 57.727692 
752.000000 -15.009610 -14.023275 -18.397956 113.390908 40.696678 
753.000000 -11.685011 -12.141216 -25.820181 89.746323 29.839961 
754.000000 -9.224043 -10.137838 -20.012207 75.919589 30.188846 
755.000000 -7.279708 -8.185375 -20.085817 68.343982 36.898352 
756.000000 -5.684547 -6.233710 -24.255397 63.841645 44.094453 
757.000000 -4.350340 -4.464645 -37.672083 60.907686 48.920245 
758.000000 -3.228078 -3.036489 -33.032909 58.851735 51.509077 
759.000000 -2.289908 -1.977251 -28.718121 57.340373 52.841404 
760.000000 -1.520029 -1.248452 -29.962276 56.204191 53.464100 
761.000000 -0.909687 -0.792971 -37.375303 55.354065 53.361950 
762.000000 -0.454253 -0.544772 -39.686677 54.742343 52.442378 
763.000000 -0.151447 -0.430754 -29.993930 54.343685 51.049834 
764.000000 -0.000258 -0.389207 -27.172183 54.145237 49.994815 
765.000000 -0.000324 -0.389292 -27.171757 54.141648 49.991261 
766.000000 -0.151644 -0.431023 -29.991746 54.332951 51.039434 
767.000000 -0.454583 -0.545227 -39.674754 54.724571 52.425656 
768.000000 -0.910151 -0.793558 -37.384420 55.329437 53.339150 
769.000000 -1.520631 -1.249078 -29.963079 56.172972 53.434891 
770.000000 -2.290655 -1.977874 -28.714641 57.302929 52.805100 
771.000000 -3.228981 -3.037179 -33.023169 58.808550 51.465139 
772.000000 -4.351421 -4.465571 -37.683776 60.859404 48.868664 
773.000000 -5.685842 -6.235020 -24.255155 63.789148 44.035740 
774.000000 -7.281278 -8.187069 -20.084692 68.288545 36.833223 
775.000000 -9.225999 -10.139795 -20.012193 75.863193 30.118003 
776.000000 -11.687563 -12.143463 -25.825841 89.691755 29.763555 
777.000000 -15.013212 -14.026240 -18.392032 113.337686 40.615067 
778.000000 -19.959903 -14.855687 -1.940978 138.266678 57.645326 
779.000000 -25.210344 -14.912586 7.130315 147.821137 0.000000 
780.000000 -25.210209 -14.908983 7.135308 147.893364 65.698824 
781.000000 -19.955102 -14.821172 -1.874252 138.329050 57.823097 
782.000000 -15.010101 -13.991030 -18.097681 113.391044 41.177891 
783.000000 -11.685356 -12.145531 -25.746891 89.745144 30.561741 
784.000000 -9.224299 -10.163959 -19.782467 75.918059 30.941183 
785.000000 -7.279901 -8.212798 -19.841881 68.342533 37.588361 
786.000000 -5.684689 -6.256994 -23.908317 63.840367 44.664243 
787.000000 -4.350439 -4.487815 -36.086650 60.906576 49.339643 
788.000000 -3.228140 -3.063898 -34.384377 58.850769 51.764332 
789.000000 -2.289937 -2.009451 -29.677436 57.339526 52.934225 
790.000000 -1.520028 -1.281094 -31.090996 56.203437 53.426228 
791.000000 -0.909659 -0.817907 -39.478059 55.353381 53.259324 
792.000000 -0.454202 -0.554107 -38.834413 54.741705 52.355437 
793.000000 -0.151377 -0.422427 -30.250452 54.343072 51.034068 
794.000000 -0.000172 -0.369389 -27.614620 54.144628 50.043375 
795.000000 -0.000226 -0.369460 -27.614224 54.141019 50.039780 
796.000000 -0.151539 -0.422657 -30.248318 54.332279 51.023557 
797.000000 -0.454473 -0.554505 -38.823429 54.723832 52.338569 
798.000000 -0.910039 -0.818422 -39.490867 55.328604 53.236381 
799.000000 -1.520520 -1.281632 -31.092683 56.172015 53.396898 
800.000000 -2.290546 -2.009958 -29.674205 57.301809 52.897832 
801.000000 -3.228876 -3.064432 -34.373542 58.807221 51.720376 
802.000000 -4.351318 -4.488534 -36.096750 60.857805 49.288241 
803.000000 -5.685740 -6.258051 -23.908226 63.787189 44.606131 
804.000000 -7.281171 -8.214224 -19.840515 68.286102 37.524458 
805.000000 -9.225877 -10.165673 -19.781276 75.860115 30.872114 
806.000000 -11.687408 -12.147551 -25.747481 89.688080 30.487253 
807.000000 -15.012986 -13.993749 -18.096181 113.334572 41.097730 
808.000000 -19.959530 -14.824826 -1.872517 138.265558 57.741212 
809.000000 -25.210344 -14.912586 7.130315 147.821137 0.000000 
810.000000 -25.210209 -14.908983 7.135308 147.893364 65.698824 
811.000000 -19.955968 -14.798238 -1.821011 138.330117 57.915278 
812.000000 -15.010667 -13.976272 -17.960222 113.391201 41.594845 
813.000000 -11.685753 -12.177167 -25.191881 89.743741 31.113635 
814.000000 -9.224593 -10.229989 -19.227398 75.916240 31.414449 
815.000000 -7.280123 -8.291321 -19.180259 68.340812 37.933072 
816.000000 -5.684856 -6.331285 -22.887072 63.838851 44.872844 
817.000000 -4.350559 -4.548323 -32.952077 60.905262 49.404907 
818.000000 -3.228220 -3.107576 -37.085751 58.849630 51.689137 
819.000000 -2.289982 -2.037550 -30.606885 57.338530 52.745221 
820.000000 -1.520041 -1.296367 -31.671902 56.202553 53.183886 
821.000000 -0.909644 -0.822321 -39.910016 55.352583 53.053694 
822.000000 -0.454162 -0.548927 -39.290646 54.740965 52.275365 
823.000000 -0.151315 -0.409997 -30.649999 54.342363 51.117591 
824.000000 -0.000093 -0.353331 -27.990972 54.143924 50.242748 
825.000000 -0.000133 -0.353387 -27.990595 54.140292 50.239134 
826.000000 -0.151436 -0.410181 -30.647892 54.331502 51.107022 
827.000000 -0.454363 -0.549251 -39.279414 54.722974 52.258392 
828.000000 -0.909925 -0.822736 -39.923448 55.327632 53.030593 
829.000000 -1.520404 -1.296780 -31.673877 56.170891 53.154343 
830.000000 -2.290430 -2.037901 -30.603498 57.300491 52.708576 
831.000000 -3.228760 -3.107912 -37.071053 58.805652 51.644951 
832.000000 -4.351201 -4.548793 -32.959502 60.855912 49.353455 
833.000000 -5.685618 -6.332043 -22.887131 63.784869 44.815144 
834.000000 -7.281040 -8.292424 -19.178748 68.283209 37.870336 
835.000000 -9.225725 -10.231400 -19.225118 75.856470 31.347272 
836.000000 -11.687215 -12.178901 -25.187213 89.683733 31.041282 
837.000000 -15.012708 -13.978693 -17.963605 113.330893 41.516294 
838.000000 -19.959080 -14.801677 -1.821741 138.264237 57.833928 
839.000000 -25.210344 -14.912586 7.130315 147.821137 0.000000 
840.000000 -25.210209 -14.908983 7.135308 147.893364 65.698824 
841.000000 -19.956913 -14.784174 -1.787528 138.331298 57.980903 
842.000000 -15.011280 -13.972338 -17.919817 113.391370 41.871780 
843.000000 -11.686179 -12.211969 -24.621601 89.742175 31.429739 
844.000000 -9.224909 -10.294821 -18.718787 75.914213 31.592796 
845.000000 -7.280363 -8.367567 -18.587996 68.338895 37.950745 
846.000000 -5.685039 -6.398907 -22.058417 63.837164 44.763289 
847.000000 -4.350696 -4.591369 -31.267798 60.903803 49.205241 
848.000000 -3.228318 -3.120011 -38.028948 58.848368 51.442090 
849.000000 -2.290045 -2.024180 -30.149784 57.337432 52.498524 
850.000000 -1.520073 -1.269631 -30.676611 56.201586 52.983969 
851.000000 -0.909649 -0.796883 -37.676244 55.351713 52.941516 
852.000000 -0.454143 -0.536254 -40.529288 54.740163 52.275495 
853.000000 -0.151275 -0.414208 -30.510511 54.341598 51.222498 
854.000000 -0.000035 -0.369349 -27.612376 54.143165 50.410040 
855.000000 -0.000059 -0.369387 -27.612065 54.139509 50.406439 
856.000000 -0.151349 -0.414340 -30.508620 54.330661 51.211954 
857.000000 -0.454266 -0.536493 -40.517041 54.722041 52.258530 
858.000000 -0.909820 -0.797182 -37.686199 55.326570 52.918359 
859.000000 -1.520293 -1.269896 -30.678202 56.169658 52.954271 
860.000000 -2.290314 -2.024343 -30.146275 57.299037 52.461621 
861.000000 -3.228639 -3.120109 -38.010961 58.803916 51.397608 
862.000000 -4.351075 -4.591541 -31.275149 60.853813 49.153636 
863.000000 -5.685483 -6.399309 -22.058906 63.782294 44.705911 
864.000000 -7.280889 -8.368291 -18.586514 68.279995 37.889171 
865.000000 -9.225547 -10.295876 -18.715607 75.852423 31.527614 
866.000000 -11.686988 -12.213367 -24.612180 89.678910 31.359672 
867.000000 -15.012386 -13.974417 -17.928444 113.326819 41.794931 
868.000000 -19.958570 -14.787376 -1.790971 138.262776 57.900111 
869.000000 -25.210344 -14.912586 7.130315 147.821137 0.000000 
870.000000 -25.210209 -14.908983 7.135308 147.893364 65.698824 
871.000000 -19.957890 -14.779439 -1.774801 138.332537 58.003683 
872.000000 -15.011905 -13.971969 -17.910993 113.391541 41.966453 
873.000000 -11.686611 -12.226591 -24.397332 89.740518 31.526185 
874.000000 -9.225228 -10.321108 -18.523210 75.912068 31.620599 
875.000000 -7.280608 -8.397896 -18.365642 68.336868 37.904112 
876.000000 -5.685229 -6.424034 -21.772478 63.835383 44.664973 
877.000000 -4.350844 -4.603419 -30.854464 60.902266 49.081860 
878.000000 -3.228430 -3.116178 -37.716225 58.847044 51.321104 
879.000000 -2.290127 -2.007704 -29.616704 57.336284 52.403225 
880.000000 -1.520128 -1.248263 -29.952923 56.200580 52.927421 
881.000000 -0.909680 -0.779876 -36.445590 55.350815 52.926186 
882.000000 -0.454152 -0.530821 -41.122175 54.739340 52.294723 
883.000000 -0.151263 -0.422348 -30.249373 54.340816 51.262951 
884.000000 -0.000005 -0.386547 -27.224897 54.142391 50.458584 
885.000000 -0.000013 -0.386567 -27.224647 54.138709 50.454973 
886.000000 -0.151288 -0.422428 -30.247648 54.329799 51.252387 
887.000000 -0.454192 -0.530979 -41.108962 54.721080 52.277737 
888.000000 -0.909736 -0.780067 -36.454697 55.325470 52.902995 
889.000000 -1.520198 -1.248384 -29.954605 56.168374 52.897639 
890.000000 -2.290209 -2.007675 -29.613231 57.297516 52.366157 
891.000000 -3.228523 -3.116019 -37.696601 58.802095 51.276416 
892.000000 -4.350947 -4.603260 -30.863341 60.851605 49.030181 
893.000000 -5.685339 -6.424041 -21.773644 63.779580 44.608001 
894.000000 -7.280724 -8.398201 -18.364265 68.276607 37.843797 
895.000000 -9.225349 -10.321774 -18.519158 75.848159 31.557518 
896.000000 -11.686735 -12.227621 -24.383218 89.673836 31.458496 
897.000000 -15.012032 -13.973678 -17.925029 113.322538 41.891340 
898.000000 -19.958020 -14.782390 -1.781085 138.261243 57.923447 
899.000000 -25.210344 -14.912586 7.130315 147.821137 0.000000 
