#x amp_{ref} amp_{cal} amp_{error}
0.000000 -36.817989 -41.110308 39.198795 
1.000000 -36.544984 -40.476232 39.563744 
2.000000 -36.132577 -39.690955 39.940451 
3.000000 -35.497433 -38.756793 40.242427 
4.000000 -34.578741 -37.708110 40.373672 
5.000000 -33.378356 -36.598183 40.282344 
6.000000 -31.967939 -35.481632 39.985583 
7.000000 -30.454780 -34.403093 39.546498 
8.000000 -28.941045 -33.392397 39.038002 
9.000000 -27.503667 -32.460573 38.526631 
10.000000 -26.192922 -31.595006 38.076039 
11.000000 -25.038076 -30.761910 37.750196 
12.000000 -24.053209 -29.927526 37.597746 
13.000000 -23.241364 -29.091457 37.622290 
14.000000 -22.597377 -28.300505 37.771170 
15.000000 -22.110134 -27.624888 37.961953 
16.000000 -21.764798 -27.120610 38.122886 
17.000000 -21.545135 -26.808777 38.216194 
18.000000 -21.435687 -26.677697 38.238092 
19.000000 -21.423320 -26.697937 38.205084 
20.000000 -21.497834 -26.839182 38.137529 
21.000000 -21.651625 -27.080648 38.048762 
22.000000 -21.878744 -27.412101 37.943115 
23.000000 -22.173846 -27.828670 37.820098 
24.000000 -22.531371 -28.325057 37.679436 
25.000000 -22.945131 -28.892437 37.523792 
26.000000 -23.408255 -29.518181 37.358988 
27.000000 -23.913373 -30.187213 37.192831 
28.000000 -24.452907 -30.883888 37.033499 
29.000000 -25.019372 -31.593793 36.888023 
30.000000 -25.605634 -32.305096 36.761181 
31.000000 -26.205097 -33.009225 36.654986 
32.000000 -36.488907 -40.416550 39.567387 
33.000000 -36.256256 -39.858233 39.896411 
34.000000 -35.926862 -39.157408 40.271521 
35.000000 -35.411743 -38.285425 40.631773 
36.000000 -34.617795 -37.252725 40.872714 
37.000000 -33.498695 -36.108099 40.898471 
38.000000 -32.094443 -34.918230 40.682130 
39.000000 -30.514921 -33.745430 40.271559 
40.000000 -28.886403 -32.635625 39.747663 
41.000000 -27.312068 -31.613186 39.189898 
42.000000 -25.861752 -30.675347 38.671625 
43.000000 -24.577136 -29.790070 38.267524 
44.000000 -23.479530 -28.913625 38.043627 
45.000000 -22.575736 -28.031672 38.021511 
46.000000 -21.861928 -27.188028 38.152966 
47.000000 -21.326581 -26.463600 38.344360 
48.000000 -20.953267 -25.927230 38.509371 
49.000000 -20.723573 -25.605314 38.602681 
50.000000 -20.619800 -25.483510 38.620925 
51.000000 -20.626854 -25.526923 38.584138 
52.000000 -20.732885 -25.701863 38.514414 
53.000000 -20.928775 -25.987407 38.423691 
54.000000 -21.206970 -26.374194 38.313790 
55.000000 -21.560293 -26.856729 38.182997 
56.000000 -21.981146 -27.426834 38.031889 
57.000000 -22.461218 -28.071297 37.865415 
58.000000 -22.991586 -28.772787 37.692083 
59.000000 -23.563037 -29.512232 37.521877 
60.000000 -24.166444 -30.271390 37.364035 
61.000000 -24.793109 -31.034935 37.225287 
62.000000 -25.435018 -31.791626 37.108914 
63.000000 -26.084999 -32.534478 37.014740 
64.000000 -36.120739 -39.627882 39.992199 
65.000000 -35.905666 -39.120410 40.287475 
66.000000 -35.634456 -38.504356 40.635591 
67.000000 -35.226686 -37.722898 41.012677 
68.000000 -34.572728 -36.747476 41.336948 
69.000000 -33.576868 -35.601214 41.488629 
70.000000 -32.224673 -34.352044 41.384732 
71.000000 -30.607013 -33.081960 41.034132 
72.000000 -28.869786 -31.859807 40.514345 
73.000000 -27.148873 -30.729033 39.918449 
74.000000 -25.541412 -29.701446 39.332519 
75.000000 -24.106996 -28.751660 38.842505 
76.000000 -22.877509 -27.828102 38.533017 
77.000000 -21.865457 -26.898565 38.449521 
78.000000 -21.069405 -25.998677 38.554592 
79.000000 -20.477834 -25.220087 38.743795 
80.000000 -20.072682 -24.647812 38.912831 
81.000000 -19.833017 -24.315363 39.006661 
82.000000 -19.738434 -24.205263 39.022352 
83.000000 -19.771353 -24.276362 38.983742 
84.000000 -19.917709 -24.491879 38.913801 
85.000000 -20.166228 -24.831453 38.821710 
86.000000 -20.507022 -25.286384 38.706256 
87.000000 -20.930325 -25.849124 38.565187 
88.000000 -21.425798 -26.506644 38.401211 
89.000000 -21.982429 -27.239592 38.222752 
90.000000 -22.588835 -28.024881 38.041651 
91.000000 -23.233717 -28.839310 37.869959 
92.000000 -23.906316 -29.662776 37.717147 
93.000000 -24.596756 -30.480288 37.588409 
94.000000 -25.296262 -31.282463 37.484377 
95.000000 -25.997266 -32.064753 37.402001 
96.000000 -35.713121 -38.775229 40.441576 
97.000000 -35.497394 -38.276437 40.727287 
98.000000 -35.257710 -37.717081 41.049845 
99.000000 -34.931910 -37.030721 41.413534 
100.000000 -34.413966 -36.150684 41.778640 
101.000000 -33.573673 -35.051180 42.039932 
102.000000 -32.328288 -33.774771 42.071200 
103.000000 -30.717708 -32.414254 41.819138 
104.000000 -28.890477 -31.068011 41.334139 
105.000000 -27.018608 -29.808221 40.716619 
106.000000 -25.236455 -28.668548 40.067997 
107.000000 -23.629573 -27.636776 39.486986 
108.000000 -22.245466 -26.658074 39.077178 
109.000000 -21.105313 -25.679357 38.913930 
110.000000 -20.211743 -24.720506 38.979947 
111.000000 -19.554007 -23.882271 39.162455 
112.000000 -19.112500 -23.269825 39.335258 
113.000000 -18.863406 -22.926393 39.430608 
114.000000 -18.782989 -22.830965 39.445779 
115.000000 -18.850437 -22.935519 39.408278 
116.000000 -19.048619 -23.200923 39.340332 
117.000000 -19.363127 -23.608094 39.246665 
118.000000 -19.780694 -24.148019 39.122962 
119.000000 -20.287952 -24.808633 38.967896 
120.000000 -20.870949 -25.569313 38.788190 
121.000000 -21.515327 -26.402563 38.597122 
122.000000 -22.206845 -27.278817 38.410192 
123.000000 -22.931962 -28.171393 38.240701 
124.000000 -23.678306 -29.059928 38.096755 
125.000000 -24.434980 -29.931544 37.980373 
126.000000 -25.192694 -30.779978 37.888501 
127.000000 -25.943767 -31.603586 37.815037 
128.000000 -35.255603 -37.897964 40.865216 
129.000000 -35.027568 -37.362783 41.175093 
130.000000 -34.796626 -36.810221 41.499470 
131.000000 -34.521816 -36.187689 41.850061 
132.000000 -34.116838 -35.414445 42.221239 
133.000000 -33.443568 -34.412424 42.552489 
134.000000 -32.358297 -33.163605 42.717244 
135.000000 -30.818148 -31.739822 42.600021 
136.000000 -28.939106 -30.265106 42.192627 
137.000000 -26.922592 -28.853318 41.583034 
138.000000 -24.950861 -27.572882 40.885740 
139.000000 -23.146932 -26.434362 40.214084 
140.000000 -21.581594 -25.387362 39.690533 
141.000000 -20.289288 -24.357312 39.425518 
142.000000 -19.279386 -23.338296 39.434729 
143.000000 -18.543277 -22.435342 39.603337 
144.000000 -18.060165 -21.778129 39.779242 
145.000000 -17.802969 -21.423305 39.877866 
146.000000 -17.743790 -21.346249 39.895923 
147.000000 -17.857474 -21.491960 39.863573 
148.000000 -18.122511 -21.820328 39.799596 
149.000000 -18.519906 -22.313867 39.702463 
150.000000 -19.031533 -22.960864 39.565680 
151.000000 -19.639092 -23.740798 39.391475 
152.000000 -20.323992 -24.621899 39.193145 
153.000000 -21.067871 -25.566643 38.990050 
154.000000 -21.853330 -26.539240 38.800787 
155.000000 -22.664571 -27.511496 38.637905 
156.000000 -23.487815 -28.465309 38.505798 
157.000000 -24.311476 -29.391824 38.401716 
158.000000 -25.126148 -30.288652 38.318567 
159.000000 -25.924460 -31.156825 38.247853 
160.000000 -34.727984 -37.030166 41.208415 
161.000000 -34.481165 -36.425295 41.569518 
162.000000 -34.242408 -35.826875 41.932121 
163.000000 -33.989174 -35.208792 42.299830 
164.000000 -33.661756 -34.508252 42.675754 
165.000000 -33.140137 -33.625945 43.039038 
166.000000 -32.250300 -32.471265 43.305719 
167.000000 -30.855532 -31.042969 43.339476 
168.000000 -28.989287 -29.456016 43.058252 
169.000000 -26.853981 -27.871602 42.503359 
170.000000 -24.685743 -26.413954 41.787216 
171.000000 -22.660389 -25.133358 41.036126 
172.000000 -20.883628 -23.996251 40.390579 
173.000000 -19.410360 -22.910382 39.999392 
174.000000 -18.261030 -21.832271 39.927457 
175.000000 -17.431560 -20.860980 40.070697 
176.000000 -16.900822 -20.154429 40.248236 
177.000000 -16.638132 -19.787951 40.353026 
178.000000 -16.610263 -19.734084 40.379274 
179.000000 -16.786040 -19.931837 40.357088 
180.000000 -17.137547 -20.342151 40.297714 
181.000000 -17.639038 -20.948193 40.192146 
182.000000 -18.265484 -21.730740 40.034504 
183.000000 -18.991993 -22.654964 39.834797 
184.000000 -19.794217 -23.673905 39.615844 
185.000000 -20.649226 -24.739195 39.403338 
186.000000 -21.536371 -25.811037 39.216641 
187.000000 -22.437853 -26.863308 39.064188 
188.000000 -23.338948 -27.883110 38.944150 
189.000000 -24.227954 -28.866860 38.848329 
190.000000 -25.095944 -29.815795 38.766455 
191.000000 -25.936426 -30.732712 38.689135 
192.000000 -34.106760 -36.190953 41.428277 
193.000000 -33.835233 -35.501540 41.849623 
194.000000 -33.575917 -34.820517 42.274656 
195.000000 -33.319182 -34.144990 42.696594 
196.000000 -33.029940 -33.446144 43.109131 
197.000000 -32.620816 -32.647873 43.500937 
198.000000 -31.927324 -31.626466 43.831003 
199.000000 -30.745236 -30.279032 43.997402 
200.000000 -28.984102 -28.636872 43.877673 
201.000000 -26.787880 -26.876530 43.438931 
202.000000 -24.434153 -25.199277 42.757721 
203.000000 -22.168225 -23.726124 41.958901 
204.000000 -20.147974 -22.462558 41.195904 
205.000000 -18.460150 -21.310031 40.655795 
206.000000 -17.143368 -20.176477 40.470849 
207.000000 -16.202265 -19.136466 40.570689 
208.000000 -15.617187 -18.376864 40.746830 
209.000000 -15.353660 -17.998916 40.862294 
210.000000 -15.371475 -17.974981 40.904422 
211.000000 -15.630809 -18.241122 40.897554 
212.000000 -16.094219 -18.761577 40.839992 
213.000000 -16.726043 -19.516224 40.716046 
214.000000 -17.491628 -20.469743 40.526363 
215.000000 -18.357552 -21.565177 40.294664 
216.000000 -19.292647 -22.737089 40.055526 
217.000000 -20.269143 -23.928254 39.838696 
218.000000 -21.263442 -25.099895 39.659529 
219.000000 -22.256399 -26.232580 39.518336 
220.000000 -23.233175 -27.320740 39.405767 
221.000000 -24.182810 -28.365846 39.309268 
222.000000 -25.097672 -29.371533 39.217456 
223.000000 -25.972860 -30.341230 39.121906 
224.000000 -33.377537 -35.384625 41.506032 
225.000000 -33.070572 -34.610597 41.976918 
226.000000 -32.776076 -33.832570 42.464195 
227.000000 -32.492029 -33.058874 42.957427 
228.000000 -32.201396 -32.288321 43.440668 
229.000000 -31.850269 -31.488744 43.892059 
230.000000 -31.312362 -30.566235 44.279065 
231.000000 -30.371663 -29.364760 44.541409 
232.000000 -28.819138 -27.773089 44.580787 
233.000000 -26.663436 -25.881749 44.314841 
234.000000 -24.170118 -23.950981 43.748754 
235.000000 -21.660398 -22.216565 42.968182 
236.000000 -19.367564 -20.766432 42.119190 
237.000000 -17.428226 -19.521831 41.418784 
238.000000 -15.910925 -18.337458 41.082974 
239.000000 -14.836337 -17.234179 41.111917 
240.000000 -14.189853 -16.420367 41.280703 
241.000000 -13.933413 -16.032309 41.413448 
242.000000 -14.017377 -16.048697 41.481597 
243.000000 -14.389154 -16.409044 41.493123 
244.000000 -14.996977 -17.081673 41.427769 
245.000000 -15.790784 -18.033241 41.268657 
246.000000 -16.722873 -19.198675 41.033268 
247.000000 -17.749273 -20.490413 40.765537 
248.000000 -18.831307 -21.824908 40.510731 
249.000000 -19.936678 -23.142870 40.296111 
250.000000 -21.039771 -24.413902 40.126533 
251.000000 -22.121315 -25.628982 39.991670 
252.000000 -23.167621 -26.789813 39.875991 
253.000000 -24.169649 -27.901249 39.765466 
254.000000 -25.122057 -28.967836 39.650107 
255.000000 -26.022330 -29.992963 39.523943 
256.000000 -32.547691 -34.610987 41.449350 
257.000000 -32.187892 -33.757320 41.947281 
258.000000 -31.837610 -32.882991 42.475391 
259.000000 -31.498715 -31.996757 43.026717 
260.000000 -31.165332 -31.108690 43.585194 
261.000000 -30.809432 -30.219550 44.121856 
262.000000 -30.350488 -29.292819 44.592475 
263.000000 -29.613053 -28.210199 44.939655 
264.000000 -28.336901 -26.773035 45.101570 
265.000000 -26.358653 -24.874295 45.021618 
266.000000 -23.827918 -22.706565 44.656533 
267.000000 -21.107260 -20.634509 44.003991 
268.000000 -18.527011 -18.903456 43.149167 
269.000000 -16.300656 -17.512060 42.308107 
270.000000 -14.546167 -16.275833 41.785750 
271.000000 -13.313089 -15.123307 41.704539 
272.000000 -12.598685 -14.259684 41.854974 
273.000000 -12.362364 -13.865599 42.014000 
274.000000 -12.541384 -13.939760 42.119686 
275.000000 -13.063880 -14.435969 42.146180 
276.000000 -13.856570 -15.321717 42.052390 
277.000000 -14.848926 -16.530311 41.834422 
278.000000 -15.976289 -17.948579 41.541122 
279.000000 -17.182514 -19.453668 41.239713 
280.000000 -18.421611 -20.952242 40.977951 
281.000000 -19.658062 -22.394732 40.770049 
282.000000 -20.866059 -23.765796 40.605476 
283.000000 -22.028099 -25.067235 40.464766 
284.000000 -23.133362 -26.305724 40.330267 
285.000000 -24.176134 -27.487500 40.189914 
286.000000 -25.154429 -28.617228 40.036986 
287.000000 -26.068861 -29.698353 39.868617 
288.000000 -31.650264 -33.878266 41.283237 
289.000000 -31.217459 -32.947757 41.785112 
290.000000 -30.786966 -31.980983 42.325627 
291.000000 -30.362019 -30.982504 42.903405 
292.000000 -29.942425 -29.961362 43.509112 
293.000000 -29.516313 -28.929514 44.118754 
294.000000 -29.040220 -27.890094 44.685475 
295.000000 -28.399995 -26.800858 45.137036 
296.000000 -27.370471 -25.509664 45.400134 
297.000000 -25.680879 -23.763584 45.456924 
298.000000 -23.273134 -21.490805 45.321233 
299.000000 -20.438778 -19.048431 44.927078 
300.000000 -17.592692 -16.910827 44.214408 
301.000000 -15.057086 -15.268662 43.315173 
302.000000 -13.030281 -13.958061 42.593870 
303.000000 -11.612840 -12.779257 42.353438 
304.000000 -10.826596 -11.880029 42.467278 
305.000000 -10.631213 -11.489278 42.664100 
306.000000 -10.945317 -11.651364 42.817227 
307.000000 -11.667685 -12.348807 42.842332 
308.000000 -12.693179 -13.529299 42.686206 
309.000000 -13.923258 -15.059073 42.384274 
310.000000 -15.272622 -16.759574 42.030413 
311.000000 -16.672607 -18.480248 41.707137 
312.000000 -18.071683 -20.136537 41.447779 
313.000000 -19.433857 -21.700795 41.243964 
314.000000 -20.735994 -23.174330 41.071067 
315.000000 -21.964892 -24.566521 40.906317 
316.000000 -23.114583 -25.886176 40.734806 
317.000000 -24.184088 -27.139883 40.548892 
318.000000 -25.175671 -28.332589 40.345860 
319.000000 -26.093546 -29.468346 40.125856 
320.000000 -30.735482 -33.206246 41.038351 
321.000000 -30.213605 -32.200775 41.526118 
322.000000 -29.682072 -31.144121 42.055513 
323.000000 -29.143384 -30.036261 42.629031 
324.000000 -28.598805 -28.880968 43.244102 
325.000000 -28.044082 -27.687724 43.886859 
326.000000 -27.458320 -26.471053 44.521657 
327.000000 -26.778620 -25.237585 45.078612 
328.000000 -25.856601 -23.938029 45.458208 
329.000000 -24.437985 -22.374125 45.604264 
330.000000 -22.298525 -20.231820 45.607125 
331.000000 -19.519434 -17.541184 45.518203 
332.000000 -16.496454 -14.898369 45.135978 
333.000000 -13.665721 -12.845289 44.353821 
334.000000 -11.345616 -11.391823 43.481660 
335.000000 -9.723499 -10.213074 43.035244 
336.000000 -8.868260 -9.305866 43.087579 
337.000000 -8.745892 -8.934894 43.337900 
338.000000 -9.248272 -9.233737 43.542808 
339.000000 -10.229916 -10.225162 43.532961 
340.000000 -11.540116 -11.792170 43.274417 
341.000000 -13.044284 -13.690833 42.877153 
342.000000 -14.634501 -15.676090 42.479211 
343.000000 -16.231769 -17.597164 42.152925 
344.000000 -17.783110 -19.400691 41.898742 
345.000000 -19.256412 -21.085267 41.685749 
346.000000 -20.634948 -22.664032 41.483851 
347.000000 -21.912586 -24.149523 41.274225 
348.000000 -23.090017 -25.551043 41.048175 
349.000000 -24.171993 -26.875601 40.803413 
350.000000 -25.165416 -28.128996 40.541034 
351.000000 -26.078087 -29.316423 40.263656 
352.000000 -29.855844 -32.614783 40.747576 
353.000000 -29.237902 -31.541383 41.207103 
354.000000 -28.594807 -30.401688 41.707903 
355.000000 -27.926622 -29.190962 42.254763 
356.000000 -27.232918 -27.906760 42.849664 
357.000000 -26.510682 -26.551349 43.487236 
358.000000 -25.748706 -25.134809 44.146020 
359.000000 -24.914006 -23.675730 44.774137 
360.000000 -23.923852 -22.187002 45.275507 
361.000000 -22.608486 -20.612447 45.536087 
362.000000 -20.728562 -18.696871 45.571926 
363.000000 -18.161706 -16.084640 45.617540 
364.000000 -15.123871 -13.030457 45.633974 
365.000000 -12.078721 -10.414485 45.202495 
366.000000 -9.482307 -8.692002 44.323512 
367.000000 -7.654891 -7.533940 43.649927 
368.000000 -6.748015 -6.659355 43.617423 
369.000000 -6.745371 -6.326004 43.950270 
370.000000 -7.501180 -6.827054 44.206621 
371.000000 -8.805818 -8.217367 44.120416 
372.000000 -10.447464 -10.238086 43.738931 
373.000000 -12.249555 -12.505358 43.270642 
374.000000 -14.083559 -14.741757 42.865421 
375.000000 -15.866045 -16.836366 42.551013 
376.000000 -17.549134 -18.777280 42.291237 
377.000000 -19.110033 -20.581598 42.045921 
378.000000 -20.542193 -22.266549 41.791103 
379.000000 -21.848733 -23.844711 41.517236 
380.000000 -23.037956 -25.325544 41.223136 
381.000000 -24.120473 -26.717001 40.911463 
382.000000 -25.107481 -28.026304 40.586211 
383.000000 -26.009802 -29.260199 40.251477 
384.000000 -29.053576 -32.107924 40.449409 
385.000000 -28.342461 -30.980527 40.869550 
386.000000 -27.589520 -29.773644 41.327492 
387.000000 -26.791388 -28.477541 41.829616 
388.000000 -25.944030 -27.082716 42.381380 
389.000000 -25.041707 -25.581939 42.984229 
390.000000 -24.074289 -23.973954 43.629175 
391.000000 -23.020782 -22.268830 44.284925 
392.000000 -21.835260 -20.491413 44.880313 
393.000000 -20.422593 -18.666167 45.295189 
394.000000 -18.620642 -16.734623 45.425481 
395.000000 -16.259424 -14.392839 45.405942 
396.000000 -13.354215 -11.345058 45.549274 
397.000000 -10.243957 -8.239651 45.544397 
398.000000 -7.455461 -6.128977 44.862850 
399.000000 -5.466112 -5.010099 43.987148 
400.000000 -4.551711 -4.221882 43.860160 
401.000000 -4.730548 -3.927526 44.336306 
402.000000 -5.807283 -4.691403 44.651028 
403.000000 -7.487050 -6.547722 44.473433 
404.000000 -9.484737 -9.009331 44.006662 
405.000000 -11.582365 -11.576200 43.534381 
406.000000 -13.638812 -14.004570 43.159929 
407.000000 -15.575728 -16.246191 42.853067 
408.000000 -17.357990 -18.317442 42.561963 
409.000000 -18.976975 -20.239227 42.256868 
410.000000 -20.438650 -22.026659 41.928551 
411.000000 -21.755978 -23.691312 41.578387 
412.000000 -22.944441 -25.243441 41.211624 
413.000000 -24.019610 -26.692781 40.834127 
414.000000 -24.995962 -28.048627 40.451108 
415.000000 -25.886397 -29.319710 40.066765 
416.000000 -28.354514 -31.669269 40.186492 
417.000000 -27.560706 -30.502932 40.562589 
418.000000 -26.709524 -29.248483 40.969548 
419.000000 -25.794004 -27.892334 41.414020 
420.000000 -24.805888 -26.418888 41.903359 
421.000000 -23.734978 -24.811467 42.444049 
422.000000 -22.567815 -23.054960 43.037692 
423.000000 -21.284825 -21.141503 43.672444 
424.000000 -19.854441 -19.079909 44.307642 
425.000000 -18.222569 -16.904620 44.854266 
426.000000 -16.300699 -14.660832 45.177992 
427.000000 -13.977144 -12.302121 45.213342 
428.000000 -11.206169 -9.546671 45.197731 
429.000000 -8.171638 -6.414150 45.296257 
430.000000 -5.345242 -4.001464 44.880243 
431.000000 -3.307456 -2.948041 43.889936 
432.000000 -2.470074 -2.336866 43.662263 
433.000000 -2.899147 -2.095358 44.337077 
434.000000 -4.342576 -3.159085 44.719033 
435.000000 -6.409417 -5.448921 44.494726 
436.000000 -8.742203 -8.231211 44.042472 
437.000000 -11.092819 -10.983733 43.637984 
438.000000 -13.321011 -13.546332 43.301333 
439.000000 -15.363719 -15.913811 42.974299 
440.000000 -17.204197 -18.103777 42.622279 
441.000000 -18.849870 -20.129775 42.239080 
442.000000 -20.318820 -22.003336 41.831267 
443.000000 -21.632374 -23.736396 41.408279 
444.000000 -22.811439 -25.341482 40.978544 
445.000000 -23.874924 -26.831099 40.548510 
446.000000 -24.839256 -28.217142 40.122741 
447.000000 -25.718400 -29.510544 39.704298 
448.000000 -27.767633 -31.274720 39.992256 
449.000000 -26.905755 -30.078646 40.329733 
450.000000 -25.973645 -28.789890 40.689743 
451.000000 -24.961244 -27.393148 41.077555 
452.000000 -23.856493 -25.869797 41.499764 
453.000000 -22.644793 -24.197713 41.963920 
454.000000 -21.308218 -22.352154 42.476846 
455.000000 -19.824338 -20.309229 43.039962 
456.000000 -18.164459 -18.054528 43.638834 
457.000000 -16.291390 -15.599188 44.224809 
458.000000 -14.158731 -12.998163 44.695977 
459.000000 -11.720539 -10.336491 44.920742 
460.000000 -8.974349 -7.616024 44.894873 
461.000000 -6.060247 -4.760398 44.836063 
462.000000 -3.363378 -2.368852 44.528960 
463.000000 -1.457756 -1.360512 43.626064 
464.000000 -0.823841 -1.048416 43.302085 
465.000000 -1.558093 -1.097053 43.992206 
466.000000 -3.356405 -2.518763 44.371134 
467.000000 -5.749077 -5.108017 44.173351 
468.000000 -8.330496 -8.033750 43.826865 
469.000000 -10.844355 -10.862772 43.509636 
470.000000 -13.165224 -13.506960 43.184118 
471.000000 -15.251155 -15.962973 42.811414 
472.000000 -17.104048 -18.233415 42.390770 
473.000000 -18.744911 -20.324008 41.937534 
474.000000 -20.200658 -22.245497 41.467963 
475.000000 -21.497906 -24.012144 40.994490 
476.000000 -22.660504 -25.639528 40.525446 
477.000000 -23.708854 -27.142945 40.065979 
478.000000 -24.660026 -28.536550 39.619041 
479.000000 -25.528164 -29.833002 39.186138 
480.000000 -27.287946 -30.912936 39.873165 
481.000000 -26.373594 -29.690377 40.184444 
482.000000 -25.379561 -28.371983 40.511922 
483.000000 -24.293595 -26.941971 40.859146 
484.000000 -23.100952 -25.380993 41.230747 
485.000000 -21.783879 -23.665583 41.632463 
486.000000 -20.321085 -21.768190 42.070575 
487.000000 -18.687393 -19.658941 42.549776 
488.000000 -16.854035 -17.311556 43.067524 
489.000000 -14.790810 -14.717412 43.602060 
490.000000 -12.472846 -11.911025 44.093620 
491.000000 -9.897829 -8.997451 44.434249 
492.000000 -7.123245 -6.134237 44.523408 
493.000000 -4.329699 -3.453383 44.410043 
494.000000 -1.882860 -1.288041 44.126824 
495.000000 -0.296081 -0.296186 43.528069 
496.000000 0.000000 -0.279029 43.247257 
497.000000 -1.054856 -0.990358 43.593101 
498.000000 -3.117958 -2.856180 43.791671 
499.000000 -5.692621 -5.588039 43.633450 
500.000000 -8.372423 -8.512928 43.386727 
501.000000 -10.919664 -11.331744 43.113283 
502.000000 -13.232592 -13.984703 42.770829 
503.000000 -15.288980 -16.454814 42.354026 
504.000000 -17.103979 -18.734358 41.885841 
505.000000 -18.706254 -20.826485 41.391932 
506.000000 -20.126550 -22.742924 40.891438 
507.000000 -21.393030 -24.499791 40.396497 
508.000000 -22.529850 -26.114358 39.914056 
509.000000 -23.557124 -27.603216 39.447683 
510.000000 -24.491386 -28.981424 38.998882 
511.000000 -25.346184 -30.262248 38.567954 
512.000000 -26.901083 -30.595091 39.803443 
513.000000 -25.948649 -29.349814 40.099232 
514.000000 -24.910568 -28.006055 40.407879 
515.000000 -23.773470 -26.547847 40.731996 
516.000000 -22.521369 -24.955787 41.075019 
517.000000 -21.135243 -23.206556 41.441266 
518.000000 -19.592799 -21.272960 41.835657 
519.000000 -17.868762 -19.125441 42.262484 
520.000000 -15.936508 -16.737000 42.722096 
521.000000 -13.772721 -14.094999 43.203710 
522.000000 -11.368277 -11.224007 43.673398 
523.000000 -8.750509 -8.219013 44.063105 
524.000000 -6.022011 -5.270112 44.284872 
525.000000 -3.411435 -2.654517 44.289920 
526.000000 -1.299795 -0.764409 44.067020 
527.000000 -0.143970 0.000000 43.673097 
528.000000 -0.257979 -0.264583 43.521527 
529.000000 -1.598941 -1.490173 43.637663 
530.000000 -3.791818 -3.744985 43.575320 
531.000000 -6.368379 -6.609001 43.285928 
532.000000 -8.971867 -9.527635 42.968583 
533.000000 -11.408076 -12.291122 42.638935 
534.000000 -13.603757 -14.876370 42.246428 
535.000000 -15.551686 -17.279678 41.787437 
536.000000 -17.273018 -19.497828 41.286456 
537.000000 -18.797466 -21.535048 40.769129 
538.000000 -20.154531 -23.402834 40.253591 
539.000000 -21.370314 -25.116637 39.750592 
540.000000 -22.466815 -26.692985 39.265667 
541.000000 -23.462198 -28.147778 38.801120 
542.000000 -24.371345 -29.495482 38.357398 
543.000000 -25.206451 -30.748860 37.933948 
544.000000 -26.588403 -30.345212 39.739997 
545.000000 -25.610134 -29.086171 40.023616 
546.000000 -24.543492 -27.727744 40.318262 
547.000000 -23.375087 -26.254223 40.626268 
548.000000 -22.089195 -24.646739 40.950797 
549.000000 -20.667592 -22.882950 41.295990 
550.000000 -19.089747 -20.937280 41.666916 
551.000000 -17.333847 -18.782589 42.068925 
552.000000 -15.379577 -16.394962 42.505612 
553.000000 -13.214423 -13.764642 42.974172 
554.000000 -10.846444 -10.917094 43.457053 
555.000000 -8.327443 -7.946330 43.911772 
556.000000 -5.788648 -5.053460 44.268058 
557.000000 -3.479433 -2.573260 44.440078 
558.000000 -1.770485 -0.966502 44.337272 
559.000000 -1.055359 -0.585511 44.001070 
560.000000 -1.541558 -1.242636 43.829054 
561.000000 -3.092300 -2.815319 43.806972 
562.000000 -5.306642 -5.264047 43.571054 
563.000000 -7.757613 -8.167119 43.115875 
564.000000 -10.155931 -11.033799 42.644152 
565.000000 -12.365469 -13.663271 42.221044 
566.000000 -14.348304 -16.079380 41.784329 
567.000000 -16.112509 -18.323474 41.300421 
568.000000 -17.682308 -20.409327 40.779788 
569.000000 -19.084741 -22.341476 40.245077 
570.000000 -20.344709 -24.126438 39.714821 
571.000000 -21.483601 -25.774290 39.200443 
572.000000 -22.519279 -27.297196 38.707717 
573.000000 -23.466506 -28.707828 38.238788 
574.000000 -24.337468 -30.018338 37.793716 
575.000000 -25.142245 -31.239848 37.371477 
576.000000 -26.331700 -30.181234 39.646312 
577.000000 -25.337839 -28.920543 39.915879 
578.000000 -24.255834 -27.561946 40.195219 
579.000000 -23.073304 -26.090542 40.486871 
580.000000 -21.776185 -24.488676 40.794448 
581.000000 -20.348936 -22.735830 41.122963 
582.000000 -18.775278 -20.809149 41.479024 
583.000000 -17.039971 -18.685476 41.870592 
584.000000 -15.132551 -16.346496 42.305546 
585.000000 -13.054514 -13.789813 42.787763 
586.000000 -10.832084 -11.049771 43.309020 
587.000000 -8.536665 -8.230795 43.836048 
588.000000 -6.312110 -5.547629 44.297530 
589.000000 -4.397626 -3.345579 44.586821 
590.000000 -3.114992 -2.048420 44.601432 
591.000000 -2.776201 -1.947271 44.362371 
592.000000 -3.515780 -2.910292 44.137559 
593.000000 -5.170508 -4.756867 43.944506 
594.000000 -7.350617 -7.406868 43.471548 
595.000000 -9.652953 -10.369484 42.806667 
596.000000 -11.822036 -13.151895 42.188738 
597.000000 -13.765436 -15.582380 41.697758 
598.000000 -15.484843 -17.728187 41.267763 
599.000000 -17.012489 -19.698017 40.821657 
600.000000 -18.381697 -21.548184 40.336199 
601.000000 -19.619373 -23.294195 39.822825 
602.000000 -20.746198 -24.937543 39.300869 
603.000000 -21.778246 -26.478804 38.785970 
604.000000 -22.728332 -27.921103 38.287932 
605.000000 -23.606910 -29.269925 37.811801 
606.000000 -24.422663 -30.532129 37.359453 
607.000000 -25.182891 -31.715065 36.930873 
608.000000 -26.116613 -30.103046 39.507977 
609.000000 -25.116147 -28.850777 39.762405 
610.000000 -24.030501 -27.503570 40.026614 
611.000000 -22.849187 -26.047633 40.303931 
612.000000 -21.560948 -24.467001 40.599100 
613.000000 -20.154361 -22.743800 40.918616 
614.000000 -18.619090 -20.859396 41.270826 
615.000000 -16.948261 -18.797368 41.665330 
616.000000 -15.142700 -16.549889 42.110804 
617.000000 -13.218046 -14.129933 42.609881 
618.000000 -11.215840 -11.591679 43.149778 
619.000000 -9.218890 -9.058029 43.690098 
620.000000 -7.368110 -6.743602 44.156697 
621.000000 -5.870819 -4.949779 44.455035 
622.000000 -4.980122 -4.009684 44.504728 
623.000000 -4.923158 -4.146140 44.310143 
624.000000 -5.786928 -5.281196 44.037180 
625.000000 -7.433922 -7.191496 43.772194 
626.000000 -9.537179 -9.764334 43.299487 
627.000000 -11.726705 -12.696657 42.551384 
628.000000 -13.738621 -15.491285 41.762564 
629.000000 -15.473457 -17.853224 41.130150 
630.000000 -16.951925 -19.802557 40.655037 
631.000000 -18.236059 -21.493113 40.244756 
632.000000 -19.381163 -23.050647 39.828218 
633.000000 -20.424114 -24.534978 39.382219 
634.000000 -21.387183 -25.963267 38.911866 
635.000000 -22.283873 -27.335446 38.430835 
636.000000 -23.122965 -28.647639 37.951908 
637.000000 -23.910764 -29.897123 37.484218 
638.000000 -24.652231 -31.083401 37.033307 
639.000000 -25.351536 -32.207898 36.601981 
640.000000 -25.934184 -30.094504 39.332229 
641.000000 -24.935634 -28.856219 39.574519 
642.000000 -23.857384 -27.526707 39.828381 
643.000000 -22.691503 -26.093816 40.098073 
644.000000 -21.430304 -24.544270 40.389223 
645.000000 -20.067269 -22.864629 40.708802 
646.000000 -18.598658 -21.043429 41.064575 
647.000000 -17.026145 -19.075407 41.463504 
648.000000 -15.360969 -16.968959 41.908409 
649.000000 -13.630072 -14.757787 42.392434 
650.000000 -11.884426 -12.515751 42.892487 
651.000000 -10.208680 -10.369422 43.366353 
652.000000 -8.728905 -8.499203 43.759388 
653.000000 -7.611370 -7.125186 44.017509 
654.000000 -7.041643 -6.479895 44.093546 
655.000000 -7.175427 -6.747684 43.958698 
656.000000 -8.068542 -7.942626 43.654924 
657.000000 -9.622733 -9.875798 43.273400 
658.000000 -11.596254 -12.315949 42.803481 
659.000000 -13.684911 -15.018957 42.184518 
660.000000 -15.624437 -17.686217 41.450879 
661.000000 -17.267862 -20.036056 40.738236 
662.000000 -18.602949 -21.952894 40.150956 
663.000000 -19.699494 -23.510890 39.684847 
664.000000 -20.639996 -24.852132 39.279853 
665.000000 -21.484699 -26.087555 38.884789 
666.000000 -22.268646 -27.275090 38.476503 
667.000000 -23.009792 -28.435441 38.052178 
668.000000 -23.716713 -29.570988 37.618053 
669.000000 -24.393444 -30.677604 37.182368 
670.000000 -25.042032 -31.750271 36.752276 
671.000000 -25.663765 -32.785161 36.332966 
672.000000 -25.780641 -30.135045 39.136027 
673.000000 -24.792502 -28.914002 39.371468 
674.000000 -23.732330 -27.606985 39.620929 
675.000000 -22.595131 -26.204663 39.888780 
676.000000 -21.377089 -24.698217 40.180056 
677.000000 -20.076691 -23.081022 40.499901 
678.000000 -18.696443 -21.351546 40.852358 
679.000000 -17.245403 -19.517967 41.238290 
680.000000 -15.742737 -17.604621 41.652447 
681.000000 -14.222325 -15.659328 42.080756 
682.000000 -12.738071 -13.758703 42.500326 
683.000000 -11.368659 -12.007861 42.884553 
684.000000 -10.219200 -10.534716 43.210519 
685.000000 -9.415817 -9.485432 43.458095 
686.000000 -9.088730 -9.027348 43.589965 
687.000000 -9.341330 -9.334809 43.534740 
688.000000 -10.209290 -10.488003 43.247575 
689.000000 -11.626887 -12.372948 42.776923 
690.000000 -13.427352 -14.753380 42.192598 
691.000000 -15.385212 -17.326517 41.572366 
692.000000 -17.273697 -19.804829 40.977445 
693.000000 -18.916844 -22.026763 40.393309 
694.000000 -20.235316 -23.911160 39.821792 
695.000000 -21.255774 -25.449028 39.298939 
696.000000 -22.063851 -26.711661 38.839324 
697.000000 -22.745717 -27.801434 38.426641 
698.000000 -23.360890 -28.802824 38.035690 
699.000000 -23.942407 -29.766628 37.648501 
700.000000 -24.505783 -30.715848 37.257484 
701.000000 -25.056999 -31.656781 36.862300 
702.000000 -25.597500 -32.587773 36.466075 
703.000000 -26.126876 -33.504414 36.072859 
704.000000 -25.656043 -30.211298 38.932931 
705.000000 -24.686764 -29.012490 39.165021 
706.000000 -23.654830 -27.736000 39.412231 
707.000000 -22.558244 -26.376622 39.677792 
708.000000 -21.396929 -24.931387 39.964610 
709.000000 -20.173880 -23.401541 40.274433 
710.000000 -18.896775 -21.795347 40.606651 
711.000000 -17.580117 -20.131569 40.956944 
712.000000 -16.247895 -18.442848 41.316571 
713.000000 -14.936555 -16.777454 41.673606 
714.000000 -13.697715 -15.198081 42.016893 
715.000000 -12.599537 -13.778840 42.340454 
716.000000 -11.725230 -12.604965 42.642271 
717.000000 -11.167023 -11.780868 42.910093 
718.000000 -11.014287 -11.446254 43.093257 
719.000000 -11.335097 -11.763706 43.096639 
720.000000 -12.152447 -12.824998 42.850965 
721.000000 -13.422917 -14.567668 42.375270 
722.000000 -15.033626 -16.829543 41.718957 
723.000000 -16.825757 -19.362165 40.972123 
724.000000 -18.627866 -21.808224 40.322194 
725.000000 -20.279996 -23.928717 39.849193 
726.000000 -21.660803 -25.710667 39.443872 
727.000000 -22.724958 -27.200797 39.013241 
728.000000 -23.512746 -28.438890 38.557756 
729.000000 -24.110573 -29.479158 38.109954 
730.000000 -24.601729 -30.387059 37.687901 
731.000000 -25.043539 -31.220856 37.290679 
732.000000 -25.467854 -32.021015 36.909587 
733.000000 -25.889356 -32.810001 36.536744 
734.000000 -26.313127 -33.597099 36.167887 
735.000000 -26.739551 -34.383761 35.801929 
736.000000 -25.562525 -30.321383 38.726998 
737.000000 -24.620186 -29.153492 38.955127 
738.000000 -23.625676 -27.919772 39.196998 
739.000000 -22.579785 -26.619671 39.453956 
740.000000 -21.485692 -25.256028 39.726332 
741.000000 -20.350022 -23.836740 40.012828 
742.000000 -19.184185 -22.376581 40.310040 
743.000000 -18.005979 -20.898614 40.612643 
744.000000 -16.841315 -19.434418 40.914919 
745.000000 -15.725765 -18.022707 41.213700 
746.000000 -14.705430 -16.707590 41.511002 
747.000000 -13.836413 -15.539440 41.812606 
748.000000 -13.182272 -14.581269 42.119060 
749.000000 -12.809057 -13.921688 42.407633 
750.000000 -12.777761 -13.685873 42.613684 
751.000000 -13.133592 -14.011460 42.644151 
752.000000 -13.891704 -14.972988 42.439217 
753.000000 -15.023024 -16.531802 42.008414 
754.000000 -16.450328 -18.588372 41.373967 
755.000000 -18.062288 -21.003979 40.563129 
756.000000 -19.736080 -23.490177 39.742737 
757.000000 -21.349715 -25.677674 39.162763 
758.000000 -22.786673 -27.427113 38.846778 
759.000000 -23.956558 -28.838009 38.602975 
760.000000 -24.830358 -30.019266 38.291842 
761.000000 -25.450308 -31.025964 37.900279 
762.000000 -25.897265 -31.895884 37.471794 
763.000000 -26.249158 -32.667886 37.045924 
764.000000 -26.560770 -33.379254 36.640418 
765.000000 -26.863405 -34.059664 36.256957 
766.000000 -27.171914 -34.728691 35.890773 
767.000000 -27.491548 -35.396798 35.536592 
768.000000 -25.502755 -30.471573 38.514577 
769.000000 -24.594632 -29.345814 38.734762 
770.000000 -23.645291 -28.168643 38.965194 
771.000000 -22.657891 -26.943612 39.205465 
772.000000 -21.638182 -25.677901 39.454124 
773.000000 -20.595371 -24.383215 39.708642 
774.000000 -19.543122 -23.076260 39.965944 
775.000000 -18.500595 -21.778391 40.223811 
776.000000 -17.493359 -20.514395 40.483036 
777.000000 -16.553906 -19.311411 40.749023 
778.000000 -15.721406 -18.199995 41.030457 
779.000000 -15.040405 -17.218962 41.333108 
780.000000 -14.558365 -16.423945 41.648722 
781.000000 -14.322204 -15.897228 41.941640 
782.000000 -14.373830 -15.747791 42.144292 
783.000000 -14.743877 -16.082593 42.179811 
784.000000 -15.442650 -16.953701 42.006122 
785.000000 -16.450218 -18.332496 41.631884 
786.000000 -17.712506 -20.154503 41.067373 
787.000000 -19.149963 -22.356713 40.295546 
788.000000 -20.674419 -24.784737 39.382770 
789.000000 -22.199106 -27.102307 38.580969 
790.000000 -23.635494 -28.984483 38.129794 
791.000000 -24.892677 -30.402204 37.967245 
792.000000 -25.898333 -31.520129 37.853548 
793.000000 -26.631414 -32.466162 37.637836 
794.000000 -27.131203 -33.294921 37.304464 
795.000000 -27.470661 -34.031825 36.901469 
796.000000 -27.721465 -34.698498 36.479513 
797.000000 -27.935706 -35.317199 36.068841 
798.000000 -28.144415 -35.908176 35.680426 
799.000000 -28.363110 -36.486987 35.314262 
800.000000 -25.478864 -30.670096 38.289490 
801.000000 -24.611051 -29.597560 38.496676 
802.000000 -23.712849 -28.488745 38.709763 
803.000000 -22.789261 -27.349964 38.927421 
804.000000 -21.847847 -26.190522 39.147885 
805.000000 -20.899370 -25.022764 39.369554 
806.000000 -19.958443 -23.861563 39.592167 
807.000000 -19.044087 -22.723340 39.818349 
808.000000 -18.180036 -21.625372 40.054623 
809.000000 -17.394596 -20.586707 40.310327 
810.000000 -16.719887 -19.631763 40.593222 
811.000000 -16.190431 -18.796258 40.902081 
812.000000 -15.841252 -18.133913 41.218019 
813.000000 -15.705738 -17.720300 41.498496 
814.000000 -15.813146 -17.645402 41.682319 
815.000000 -16.184795 -17.987969 41.711641 
816.000000 -16.827950 -18.781559 41.559959 
817.000000 -17.728578 -20.002441 41.236979 
818.000000 -18.847809 -21.604354 40.749992 
819.000000 -20.127276 -23.559497 40.067868 
820.000000 -21.501888 -25.811041 39.181776 
821.000000 -22.909665 -28.153927 38.235812 
822.000000 -24.289618 -30.236007 37.524720 
823.000000 -25.572897 -31.816400 37.223586 
824.000000 -26.683998 -32.958198 37.192466 
825.000000 -27.562332 -33.851119 37.177677 
826.000000 -28.191030 -34.619045 37.036507 
827.000000 -28.604691 -35.310208 36.755037 
828.000000 -28.867837 -35.941528 36.381397 
829.000000 -29.045670 -36.524039 35.970433 
830.000000 -29.187443 -37.069927 35.559738 
831.000000 -29.323906 -37.592039 35.167511 
832.000000 -25.491880 -30.922424 38.047222 
833.000000 -24.669053 -29.911744 38.237402 
834.000000 -23.826061 -28.878777 38.429679 
835.000000 -22.969196 -27.830951 38.622903 
836.000000 -22.107106 -26.777547 38.816433 
837.000000 -21.251213 -25.729194 39.011074 
838.000000 -20.416070 -24.697125 39.210182 
839.000000 -19.619539 -23.692701 39.420325 
840.000000 -18.882702 -22.728125 39.650466 
841.000000 -18.229393 -21.819047 39.908858 
842.000000 -17.685303 -20.988817 40.197842 
843.000000 -17.276791 -20.273192 40.507904 
844.000000 -17.029616 -19.723770 40.812952 
845.000000 -16.967772 -19.406981 41.070186 
846.000000 -17.112134 -19.394054 41.228852 
847.000000 -17.477988 -19.741314 41.247608 
848.000000 -18.070635 -20.469221 41.111167 
849.000000 -18.879938 -21.557189 40.830009 
850.000000 -19.877242 -22.969184 40.411457 
851.000000 -21.018622 -24.690331 39.825971 
852.000000 -22.254424 -26.711930 39.031778 
853.000000 -23.538539 -28.943142 38.073487 
854.000000 -24.829222 -31.132837 37.162644 
855.000000 -26.080787 -32.953429 36.585460 
856.000000 -27.235565 -34.261635 36.429739 
857.000000 -28.228334 -35.182468 36.502755 
858.000000 -29.007097 -35.904059 36.560780 
859.000000 -29.557460 -36.536451 36.477525 
860.000000 -29.909021 -37.120174 36.241833 
861.000000 -30.118150 -37.666521 35.899314 
862.000000 -30.243680 -38.180239 35.504758 
863.000000 -30.331885 -38.667045 35.099311 
864.000000 -25.541556 -31.229361 37.786692 
865.000000 -24.766901 -30.285461 37.958099 
866.000000 -23.981356 -29.330774 38.129359 
867.000000 -23.191981 -28.372387 38.300447 
868.000000 -22.407891 -27.418077 38.472716 
869.000000 -21.640473 -26.475747 38.649693 
870.000000 -20.903511 -25.553103 38.837521 
871.000000 -20.213119 -24.658175 39.044367 
872.000000 -19.587432 -23.801173 39.278230 
873.000000 -19.046028 -22.997572 39.543234 
874.000000 -18.609117 -22.271570 39.835321 
875.000000 -18.296680 -21.658797 40.138665 
876.000000 -18.127734 -21.206914 40.424342 
877.000000 -18.119794 -20.971994 40.653455 
878.000000 -18.288133 -21.008963 40.786034 
879.000000 -18.644042 -21.357568 40.793405 
880.000000 -19.191515 -22.029591 40.667709 
881.000000 -19.923043 -23.006956 40.419563 
882.000000 -20.817020 -24.260190 40.056810 
883.000000 -21.839661 -25.778102 39.556474 
884.000000 -22.952006 -27.569701 38.869782 
885.000000 -24.118085 -29.610845 37.984225 
886.000000 -25.307885 -31.764897 37.007101 
887.000000 -26.492222 -33.759002 36.185346 
888.000000 -27.633543 -35.320452 35.758536 
889.000000 -28.680998 -36.396135 35.729848 
890.000000 -29.577167 -37.143341 35.881226 
891.000000 -30.276925 -37.734252 35.991809 
892.000000 -30.767549 -38.262466 35.953622 
893.000000 -31.073942 -38.761330 35.758050 
894.000000 -31.244974 -39.238474 35.446859 
895.000000 -31.333394 -39.695025 35.072373 
896.000000 -25.626478 -31.587221 37.510176 
897.000000 -24.901751 -30.711125 37.663543 
898.000000 -24.174252 -29.832619 37.816508 
899.000000 -23.451371 -28.957510 37.970678 
900.000000 -22.742197 -28.091502 38.129474 
901.000000 -22.057588 -27.239975 38.298441 
902.000000 -21.410130 -26.408350 38.484825 
903.000000 -20.813932 -25.603408 38.696025 
904.000000 -20.284228 -24.835526 38.936932 
905.000000 -19.836822 -24.121283 39.206739 
906.000000 -19.487455 -23.485606 39.496134 
907.000000 -19.251256 -22.962718 39.785811 
908.000000 -19.142401 -22.594948 40.047340 
909.000000 -19.173928 -22.428291 40.247473 
910.000000 -19.357311 -22.504519 40.355663 
911.000000 -19.701125 -22.851546 40.352419 
912.000000 -20.208456 -23.475586 40.234582 
913.000000 -20.873617 -24.360747 40.012413 
914.000000 -21.679986 -25.482301 39.694023 
915.000000 -22.601099 -26.829647 39.263262 
916.000000 -23.605729 -28.415281 38.675715 
917.000000 -24.664695 -30.246161 37.894394 
918.000000 -25.754842 -32.264806 36.953400 
919.000000 -26.856908 -34.297220 36.009094 
920.000000 -27.948301 -36.075670 35.310711 
921.000000 -28.995662 -37.397632 35.031321 
922.000000 -29.952979 -38.281141 35.106431 
923.000000 -30.769330 -38.892925 35.314549 
924.000000 -31.405347 -39.383445 35.462520 
925.000000 -31.849582 -39.830596 35.459555 
926.000000 -32.122772 -40.261636 35.299018 
927.000000 -32.267076 -40.681823 35.018318 
928.000000 -25.744296 -31.989049 37.222319 
929.000000 -25.069982 -31.178456 37.360459 
930.000000 -24.399774 -30.370757 37.499799 
931.000000 -23.741044 -29.570169 37.643533 
932.000000 -23.102498 -28.780541 37.796579 
933.000000 -22.494152 -28.005626 37.965274 
934.000000 -21.927189 -27.250009 38.156287 
935.000000 -21.413684 -26.520731 38.374695 
936.000000 -20.966214 -25.829259 38.621597 
937.000000 -20.597388 -25.193221 38.891893 
938.000000 -20.319411 -24.637375 39.172868 
939.000000 -20.143787 -24.193358 39.444168 
940.000000 -20.081232 -23.897645 39.679778 
941.000000 -20.141671 -23.787299 39.852316 
942.000000 -20.333943 -23.893915 39.938840 
943.000000 -20.664726 -24.237083 39.926330 
944.000000 -21.136452 -24.819504 39.814511 
945.000000 -21.744725 -25.627231 39.612996 
946.000000 -22.476529 -26.639235 39.329819 
947.000000 -23.310816 -27.844818 38.954423 
948.000000 -24.222160 -29.254522 38.450276 
949.000000 -25.186238 -30.886590 37.773982 
950.000000 -26.184007 -32.727801 36.919088 
951.000000 -27.201639 -34.685966 35.964381 
952.000000 -28.225801 -36.565705 35.094482 
953.000000 -29.236857 -38.126189 34.535073 
954.000000 -30.203836 -39.236854 34.388668 
955.000000 -31.084710 -39.964598 34.544693 
956.000000 -31.834229 -40.470782 34.792524 
957.000000 -32.417950 -40.883401 34.966711 
958.000000 -32.825475 -41.266656 34.991414 
959.000000 -33.073958 -41.642854 34.861409 
960.000000 -25.892011 -32.426129 36.928902 
961.000000 -25.267535 -31.676389 37.055937 
962.000000 -24.652815 -30.932335 37.187072 
963.000000 -24.054941 -30.196792 37.326630 
964.000000 -23.482013 -29.472415 37.480121 
965.000000 -22.943037 -28.762360 37.653464 
966.000000 -22.447738 -28.071462 37.851596 
967.000000 -22.006277 -27.407722 38.076685 
968.000000 -21.628909 -26.783712 38.326361 
969.000000 -21.325627 -26.217485 38.592446 
970.000000 -21.105894 -25.732706 38.860561 
971.000000 -20.978534 -25.357733 39.110957 
972.000000 -20.951789 -25.123351 39.320867 
973.000000 -21.033388 -25.059137 39.468243 
974.000000 -21.230305 -25.188976 39.536031 
975.000000 -21.547848 -25.526625 39.515713 
976.000000 -21.987966 -26.072604 39.408726 
977.000000 -22.547196 -26.814683 39.223899 
978.000000 -23.215188 -27.734846 38.968930 
979.000000 -23.974979 -28.822383 38.637421 
980.000000 -24.805620 -30.084437 38.200832 
981.000000 -25.686490 -31.541024 37.617790 
982.000000 -26.601210 -33.200371 36.862928 
983.000000 -27.538778 -35.022953 35.964535 
984.000000 -28.490953 -36.888872 35.035444 
985.000000 -29.447040 -38.598097 34.268362 
986.000000 -30.388537 -39.950864 33.848939 
987.000000 -31.286175 -40.880841 33.815943 
988.000000 -32.101518 -41.483614 34.032792 
989.000000 -32.794353 -41.907107 34.307403 
990.000000 -33.334475 -42.258586 34.499639 
991.000000 -33.712396 -42.590831 34.546174 
992.000000 -26.066255 -32.889346 36.635743 
993.000000 -25.490208 -32.194546 36.756234 
994.000000 -24.928411 -31.506502 36.884301 
995.000000 -24.387504 -30.827137 37.024725 
996.000000 -23.874843 -30.158660 37.182716 
997.000000 -23.398369 -29.504429 37.362906 
998.000000 -22.966402 -28.870076 37.568002 
999.000000 -22.587387 -28.264634 37.797386 
1000.000000 -22.269615 -27.701357 38.046010 
1001.000000 -22.020982 -27.198019 38.303858 
1002.000000 -21.848858 -26.776535 38.556204 
1003.000000 -21.760093 -26.461758 38.784851 
1004.000000 -21.761152 -26.279331 38.970426 
1005.000000 -21.858189 -26.252757 39.095417 
1006.000000 -22.056821 -26.400138 39.147235 
1007.000000 -22.361342 -26.731129 39.120473 
1008.000000 -22.773336 -27.244926 39.017537 
1009.000000 -23.290025 -27.930802 38.846437 
1010.000000 -23.903064 -28.773240 38.614382 
1011.000000 -24.598626 -29.761780 38.317909 
1012.000000 -25.359292 -30.900296 37.935371 
1013.000000 -26.167396 -32.206606 37.430659 
1014.000000 -27.008474 -33.697570 36.771696 
1015.000000 -27.872988 -35.363577 35.958019 
1016.000000 -28.755211 -37.140276 35.048526 
1017.000000 -29.649615 -38.889945 34.177351 
1018.000000 -30.546280 -40.422414 33.528643 
1019.000000 -31.427102 -41.585369 33.240467 
1020.000000 -32.264348 -42.363992 33.300362 
1021.000000 -33.022927 -42.866890 33.561491 
1022.000000 -33.667107 -43.225186 33.853274 
1023.000000 -34.170342 -43.528114 34.057598 
