#x amp_{ref} amp_{cal} amp_{error} phase_{ref} phase_{cal}
-75.000000 -53.564328 -18.803667 
-71.153800 -56.443451 -17.961412 
-67.307700 -64.523184 -17.094180 
-63.461500 -62.279570 -16.204167 
-59.615400 -51.196380 -15.295177 
-55.769200 -45.089165 -14.373133 
-51.923100 -40.560434 -13.447315 
-48.076900 -36.978670 -12.531755 
-44.230800 -34.300504 -11.647862 
-40.384600 -32.914626 -10.827913 
-36.538500 -34.119841 -10.120612 
-32.692300 -44.694830 -9.597399 
-28.846200 -38.873614 -9.352875 
-25.000000 -38.539669 -9.454306 
-21.153800 -29.180944 -9.638207 
-17.307700 -28.213484 -8.645559 
-13.461500 -47.861885 -5.877219 
-9.615380 -16.561707 -3.276631 
-5.769230 -10.373444 -1.679110 
-1.923080 -0.000000 -0.309682 
1.923080 -0.000000 -0.309682 
5.769230 -10.373444 -1.679110 
9.615380 -16.561707 -3.276631 
13.461500 -47.861885 -5.877219 
17.307700 -28.213484 -8.645559 
21.153800 -29.180944 -9.638207 
25.000000 -38.539669 -9.454306 
28.846200 -38.873614 -9.352875 
32.692300 -44.694830 -9.597399 
36.538500 -34.119841 -10.120612 
40.384600 -32.914626 -10.827913 
44.230800 -34.300504 -11.647862 
48.076900 -36.978670 -12.531755 
51.923100 -40.560434 -13.447315 
55.769200 -45.089165 -14.373133 
59.615400 -51.196380 -15.295177 
63.461500 -62.279570 -16.204167 
67.307700 -64.523184 -17.094180 
71.153800 -56.443451 -17.961412 
75.000000 -53.564328 -18.803667 
