antenna name=nine-dipole
antenna size=0.675
freq=2e+09
sampling point=1600
sampling space=3.84615
#data
x,y,z,realEx,realEy,realEz,imgEx,imgEy,imgEz
-75,-75,15,-0.0809487,0,0,0.103357,0,0
-75,-71.1538,15,0.052405,0,0,0.023858,0,0
-75,-67.3077,15,0.00278396,0,0,-0.0235746,0,0
-75,-63.4615,15,-0.095598,0,0,0.0445015,0,0
-75,-59.6154,15,-0.177706,0,0,-0.00280761,0,0
-75,-55.7692,15,0.213617,0,0,-0.0824994,0,0
-75,-51.9231,15,-0.0769946,0,0,-0.235618,0,0
-75,-48.0769,15,-0.0315577,0,0,-0.224103,0,0
-75,-44.2308,15,0.161,0,0,-0.0272667,0,0
-75,-40.3846,15,-0.0506275,0,0,0.0455429,0,0
-75,-36.5385,15,-0.0305767,0,0,0.0240252,0,0
-75,-32.6923,15,0.126707,0,0,-0.0268154,0,0
-75,-28.8462,15,-0.172173,0,0,-0.0382662,0,0
-75,-25,15,0.156683,0,0,0.0472994,0,0
-75,-21.1538,15,-0.0913259,0,0,0.0285653,0,0
-75,-17.3077,15,0.0013118,0,0,0.00310232,0,0
-75,-13.4615,15,-0.0043667,0,0,0.100287,0,0
-75,-9.61538,15,0.148269,0,0,0.0833704,0,0
-75,-5.76923,15,-0.123976,0,0,-0.164739,0,0
-75,-1.92308,15,0.200578,0,0,-0.0865089,0,0
-75,1.92308,15,0.200578,0,0,-0.0865089,0,0
-75,5.76923,15,-0.123976,0,0,-0.164739,0,0
-75,9.61538,15,0.148269,0,0,0.0833704,0,0
-75,13.4615,15,-0.0043667,0,0,0.100287,0,0
-75,17.3077,15,0.0013118,0,0,0.00310232,0,0
-75,21.1538,15,-0.0913259,0,0,0.0285653,0,0
-75,25,15,0.156683,0,0,0.0472994,0,0
-75,28.8462,15,-0.172173,0,0,-0.0382662,0,0
-75,32.6923,15,0.126707,0,0,-0.0268154,0,0
-75,36.5385,15,-0.0305767,0,0,0.0240252,0,0
-75,40.3846,15,-0.0506275,0,0,0.0455429,0,0
-75,44.2308,15,0.161,0,0,-0.0272667,0,0
-75,48.0769,15,-0.0315577,0,0,-0.224103,0,0
-75,51.9231,15,-0.0769946,0,0,-0.235618,0,0
-75,55.7692,15,0.213617,0,0,-0.0824994,0,0
-75,59.6154,15,-0.177706,0,0,-0.00280761,0,0
-75,63.4615,15,-0.095598,0,0,0.0445015,0,0
-75,67.3077,15,0.00278396,0,0,-0.0235746,0,0
-75,71.1538,15,0.052405,0,0,0.023858,0,0
-75,75,15,-0.0809487,0,0,0.103357,0,0
-71.1538,-75,15,0.186569,0,0,0.0838412,0,0
-71.1538,-71.1538,15,0.00744353,0,0,0.13566,0,0
-71.1538,-67.3077,15,0.0466766,0,0,-0.0254312,0,0
-71.1538,-63.4615,15,-0.0353158,0,0,-0.0137268,0,0
-71.1538,-59.6154,15,0.0920281,0,0,0.0889706,0,0
-71.1538,-55.7692,15,0.191706,0,0,0.0715624,0,0
-71.1538,-51.9231,15,-0.0982872,0,0,0.233439,0,0
-71.1538,-48.0769,15,0.137902,0,0,-0.22114,0,0
-71.1538,-44.2308,15,-0.193918,0,0,-0.101506,0,0
-71.1538,-40.3846,15,-0.128646,0,0,0.0251979,0,0
-71.1538,-36.5385,15,-0.0142225,0,0,0.00313668,0,0
-71.1538,-32.6923,15,0.0985289,0,0,-0.0187095,0,0
-71.1538,-28.8462,15,0.171907,0,0,-0.0437649,0,0
-71.1538,-25,15,0.121493,0,0,-0.145012,0,0
-71.1538,-21.1538,15,-0.0977215,0,0,-0.0862361,0,0
-71.1538,-17.3077,15,0.0109824,0,0,0.0200454,0,0
-71.1538,-13.4615,15,0.092723,0,0,-0.014994,0,0
-71.1538,-9.61538,15,0.184366,0,0,-0.00895481,0,0
-71.1538,-5.76923,15,-0.087424,0,0,-0.218536,0,0
-71.1538,-1.92308,15,0.244829,0,0,0.0690905,0,0
-71.1538,1.92308,15,0.244829,0,0,0.0690905,0,0
-71.1538,5.76923,15,-0.087424,0,0,-0.218536,0,0
-71.1538,9.61538,15,0.184366,0,0,-0.00895481,0,0
-71.1538,13.4615,15,0.092723,0,0,-0.014994,0,0
-71.1538,17.3077,15,0.0109824,0,0,0.0200454,0,0
-71.1538,21.1538,15,-0.0977215,0,0,-0.0862361,0,0
-71.1538,25,15,0.121493,0,0,-0.145012,0,0
-71.1538,28.8462,15,0.171907,0,0,-0.0437649,0,0
-71.1538,32.6923,15,0.0985289,0,0,-0.0187095,0,0
-71.1538,36.5385,15,-0.0142225,0,0,0.00313668,0,0
-71.1538,40.3846,15,-0.128646,0,0,0.0251979,0,0
-71.1538,44.2308,15,-0.193918,0,0,-0.101506,0,0
-71.1538,48.0769,15,0.137902,0,0,-0.22114,0,0
-71.1538,51.9231,15,-0.0982872,0,0,0.233439,0,0
-71.1538,55.7692,15,0.191706,0,0,0.0715624,0,0
-71.1538,59.6154,15,0.0920281,0,0,0.0889706,0,0
-71.1538,63.4615,15,-0.0353158,0,0,-0.0137268,0,0
-71.1538,67.3077,15,0.0466766,0,0,-0.0254312,0,0
-71.1538,71.1538,15,0.00744353,0,0,0.13566,0,0
-71.1538,75,15,0.186569,0,0,0.0838412,0,0
-67.3077,-75,15,-0.0387459,0,0,0.272155,0,0
-67.3077,-71.1538,15,0.190381,0,0,-0.105244,0,0
-67.3077,-67.3077,15,0.121113,0,0,0.0711529,0,0
-67.3077,-63.4615,15,-0.00704381,0,0,-0.04647,0,0
-67.3077,-59.6154,15,-0.0147431,0,0,0.0535091,0,0
-67.3077,-55.7692,15,-0.00531334,0,0,-0.15489,0,0
-67.3077,-51.9231,15,-0.232763,0,0,-0.0337234,0,0
-67.3077,-48.0769,15,-0.250217,0,0,-0.12114,0,0
-67.3077,-44.2308,15,0.130525,0,0,-0.234114,0,0
-67.3077,-40.3846,15,0.0160285,0,0,0.198785,0,0
-67.3077,-36.5385,15,-0.0126697,0,0,-0.0814935,0,0
-67.3077,-32.6923,15,-0.0100046,0,0,-0.0524783,0,0
-67.3077,-28.8462,15,0.0816162,0,0,0.143309,0,0
-67.3077,-25,15,-0.209837,0,0,0.0124449,0,0
-67.3077,-21.1538,15,-0.119339,0,0,-0.120006,0,0
-67.3077,-17.3077,15,-0.0570389,0,0,-0.00405331,0,0
-67.3077,-13.4615,15,-0.0680941,0,0,-0.0449597,0,0
-67.3077,-9.61538,15,0.0886476,0,0,-0.178073,0,0
-67.3077,-5.76923,15,-0.136278,0,0,-0.232929,0,0
-67.3077,-1.92308,15,0.248425,0,0,0.165653,0,0
-67.3077,1.92308,15,0.248425,0,0,0.165653,0,0
-67.3077,5.76923,15,-0.136278,0,0,-0.232929,0,0
-67.3077,9.61538,15,0.0886476,0,0,-0.178073,0,0
-67.3077,13.4615,15,-0.0680941,0,0,-0.0449597,0,0
-67.3077,17.3077,15,-0.0570389,0,0,-0.00405331,0,0
-67.3077,21.1538,15,-0.119339,0,0,-0.120006,0,0
-67.3077,25,15,-0.209837,0,0,0.0124449,0,0
-67.3077,28.8462,15,0.0816162,0,0,0.143309,0,0
-67.3077,32.6923,15,-0.0100046,0,0,-0.0524783,0,0
-67.3077,36.5385,15,-0.0126697,0,0,-0.0814935,0,0
-67.3077,40.3846,15,0.0160285,0,0,0.198785,0,0
-67.3077,44.2308,15,0.130525,0,0,-0.234114,0,0
-67.3077,48.0769,15,-0.250217,0,0,-0.12114,0,0
-67.3077,51.9231,15,-0.232763,0,0,-0.0337234,0,0
-67.3077,55.7692,15,-0.00531334,0,0,-0.15489,0,0
-67.3077,59.6154,15,-0.0147431,0,0,0.0535091,0,0
-67.3077,63.4615,15,-0.00704381,0,0,-0.04647,0,0
-67.3077,67.3077,15,0.121113,0,0,0.0711529,0,0
-67.3077,71.1538,15,0.190381,0,0,-0.105244,0,0
-67.3077,75,15,-0.0387459,0,0,0.272155,0,0
-63.4615,-75,15,0.305544,0,0,-0.138854,0,0
-63.4615,-71.1538,15,0.273707,0,0,0.111973,0,0
-63.4615,-67.3077,15,-0.0366398,0,0,-0.22919,0,0
-63.4615,-63.4615,15,0.104435,0,0,-0.100521,0,0
-63.4615,-59.6154,15,-0.0380588,0,0,0.00581291,0,0
-63.4615,-55.7692,15,0.0751257,0,0,-0.0193737,0,0
-63.4615,-51.9231,15,-0.0397249,0,0,0.18308,0,0
-63.4615,-48.0769,15,0.200181,0,0,-0.180477,0,0
-63.4615,-44.2308,15,-0.104871,0,0,-0.282582,0,0
-63.4615,-40.3846,15,-0.161531,0,0,-0.211553,0,0
-63.4615,-36.5385,15,-0.0785554,0,0,-0.142461,0,0
-63.4615,-32.6923,15,-0.00416067,0,0,-0.0132653,0,0
-63.4615,-28.8462,15,0.0945241,0,0,0.0940182,0,0
-63.4615,-25,15,0.1851,0,0,-0.121992,0,0
-63.4615,-21.1538,15,-0.20353,0,0,0.0540317,0,0
-63.4615,-17.3077,15,-0.0257545,0,0,-0.0976951,0,0
-63.4615,-13.4615,15,0.0502412,0,0,0.0345302,0,0
-63.4615,-9.61538,15,-0.196251,0,0,-0.0802377,0,0
-63.4615,-5.76923,15,-0.285188,0,0,-0.123356,0,0
-63.4615,-1.92308,15,0.315466,0,0,0.159529,0,0
-63.4615,1.92308,15,0.315466,0,0,0.159529,0,0
-63.4615,5.76923,15,-0.285188,0,0,-0.123356,0,0
-63.4615,9.61538,15,-0.196251,0,0,-0.0802377,0,0
-63.4615,13.4615,15,0.0502412,0,0,0.0345302,0,0
-63.4615,17.3077,15,-0.0257545,0,0,-0.0976951,0,0
-63.4615,21.1538,15,-0.20353,0,0,0.0540317,0,0
-63.4615,25,15,0.1851,0,0,-0.121992,0,0
-63.4615,28.8462,15,0.0945241,0,0,0.0940182,0,0
-63.4615,32.6923,15,-0.00416067,0,0,-0.0132653,0,0
-63.4615,36.5385,15,-0.0785554,0,0,-0.142461,0,0
-63.4615,40.3846,15,-0.161531,0,0,-0.211553,0,0
-63.4615,44.2308,15,-0.104871,0,0,-0.282582,0,0
-63.4615,48.0769,15,0.200181,0,0,-0.180477,0,0
-63.4615,51.9231,15,-0.0397249,0,0,0.18308,0,0
-63.4615,55.7692,15,0.0751257,0,0,-0.0193737,0,0
-63.4615,59.6154,15,-0.0380588,0,0,0.00581291,0,0
-63.4615,63.4615,15,0.104435,0,0,-0.100521,0,0
-63.4615,67.3077,15,-0.0366398,0,0,-0.22919,0,0
-63.4615,71.1538,15,0.273707,0,0,0.111973,0,0
-63.4615,75,15,0.305544,0,0,-0.138854,0,0
-59.6154,-75,15,0.379248,0,0,0.00912401,0,0
-59.6154,-71.1538,15,-0.258063,0,0,-0.254014,0,0
-59.6154,-67.3077,15,0.0892748,0,0,-0.306812,0,0
-59.6154,-63.4615,15,-0.245203,0,0,0.040376,0,0
-59.6154,-59.6154,15,-0.11342,0,0,-0.0967668,0,0
-59.6154,-55.7692,15,0.0143852,0,0,0.022582,0,0
-59.6154,-51.9231,15,-0.100928,0,0,-0.0306699,0,0
-59.6154,-48.0769,15,-0.0371452,0,0,-0.223129,0,0
-59.6154,-44.2308,15,0.229656,0,0,0.204132,0,0
-59.6154,-40.3846,15,-0.189771,0,0,-0.258156,0,0
-59.6154,-36.5385,15,0.00657759,0,0,0.248859,0,0
-59.6154,-32.6923,15,0.0458933,0,0,-0.0911754,0,0
-59.6154,-28.8462,15,0.0201882,0,0,-0.0738058,0,0
-59.6154,-25,15,0.191421,0,0,0.100916,0,0
-59.6154,-21.1538,15,0.21515,0,0,0.128344,0,0
-59.6154,-17.3077,15,-0.0117607,0,0,-0.154913,0,0
-59.6154,-13.4615,15,-0.0281164,0,0,0.00630097,0,0
-59.6154,-9.61538,15,0.0811879,0,0,0.206696,0,0
-59.6154,-5.76923,15,-0.250967,0,0,0.256967,0,0
-59.6154,-1.92308,15,0.416897,0,0,-0.0689176,0,0
-59.6154,1.92308,15,0.416897,0,0,-0.0689176,0,0
-59.6154,5.76923,15,-0.250967,0,0,0.256967,0,0
-59.6154,9.61538,15,0.0811879,0,0,0.206696,0,0
-59.6154,13.4615,15,-0.0281164,0,0,0.00630097,0,0
-59.6154,17.3077,15,-0.0117607,0,0,-0.154913,0,0
-59.6154,21.1538,15,0.21515,0,0,0.128344,0,0
-59.6154,25,15,0.191421,0,0,0.100916,0,0
-59.6154,28.8462,15,0.0201882,0,0,-0.0738058,0,0
-59.6154,32.6923,15,0.0458933,0,0,-0.0911754,0,0
-59.6154,36.5385,15,0.00657759,0,0,0.248859,0,0
-59.6154,40.3846,15,-0.189771,0,0,-0.258156,0,0
-59.6154,44.2308,15,0.229656,0,0,0.204132,0,0
-59.6154,48.0769,15,-0.0371452,0,0,-0.223129,0,0
-59.6154,51.9231,15,-0.100928,0,0,-0.0306699,0,0
-59.6154,55.7692,15,0.0143852,0,0,0.022582,0,0
-59.6154,59.6154,15,-0.11342,0,0,-0.0967668,0,0
-59.6154,63.4615,15,-0.245203,0,0,0.040376,0,0
-59.6154,67.3077,15,0.0892748,0,0,-0.306812,0,0
-59.6154,71.1538,15,-0.258063,0,0,-0.254014,0,0
-59.6154,75,15,0.379248,0,0,0.00912401,0,0
-55.7692,-75,15,-0.373477,0,0,0.140514,0,0
-55.7692,-71.1538,15,-0.380671,0,0,-0.145837,0,0
-55.7692,-67.3077,15,0.00993575,0,0,0.392242,0,0
-55.7692,-63.4615,15,-0.337025,0,0,0.0824978,0,0
-55.7692,-59.6154,15,0.147938,0,0,0.222349,0,0
-55.7692,-55.7692,15,-0.02464,0,0,0.150494,0,0
-55.7692,-51.9231,15,0.00120624,0,0,-0.0104901,0,0
-55.7692,-48.0769,15,0.13721,0,0,0.0326554,0,0
-55.7692,-44.2308,15,0.26338,0,0,0.0709827,0,0
-55.7692,-40.3846,15,0.124993,0,0,0.323792,0,0
-55.7692,-36.5385,15,-0.267215,0,0,0.192716,0,0
-55.7692,-32.6923,15,-0.182367,0,0,-0.0989848,0,0
-55.7692,-28.8462,15,-0.00625227,0,0,-0.00872281,0,0
-55.7692,-25,15,0.178866,0,0,-0.0465273,0,0
-55.7692,-21.1538,15,-0.277363,0,0,0.0520752,0,0
-55.7692,-17.3077,15,-0.200262,0,0,-0.0908078,0,0
-55.7692,-13.4615,15,0.0105912,0,0,0.0157787,0,0
-55.7692,-9.61538,15,-0.0848083,0,0,-0.209567,0,0
-55.7692,-5.76923,15,0.373949,0,0,0.183705,0,0
-55.7692,-1.92308,15,0.0831133,0,0,-0.503684,0,0
-55.7692,1.92308,15,0.0831133,0,0,-0.503684,0,0
-55.7692,5.76923,15,0.373949,0,0,0.183705,0,0
-55.7692,9.61538,15,-0.0848083,0,0,-0.209567,0,0
-55.7692,13.4615,15,0.0105912,0,0,0.0157787,0,0
-55.7692,17.3077,15,-0.200262,0,0,-0.0908078,0,0
-55.7692,21.1538,15,-0.277363,0,0,0.0520752,0,0
-55.7692,25,15,0.178866,0,0,-0.0465273,0,0
-55.7692,28.8462,15,-0.00625227,0,0,-0.00872281,0,0
-55.7692,32.6923,15,-0.182367,0,0,-0.0989848,0,0
-55.7692,36.5385,15,-0.267215,0,0,0.192716,0,0
-55.7692,40.3846,15,0.124993,0,0,0.323792,0,0
-55.7692,44.2308,15,0.26338,0,0,0.0709827,0,0
-55.7692,48.0769,15,0.13721,0,0,0.0326554,0,0
-55.7692,51.9231,15,0.00120624,0,0,-0.0104901,0,0
-55.7692,55.7692,15,-0.02464,0,0,0.150494,0,0
-55.7692,59.6154,15,0.147938,0,0,0.222349,0,0
-55.7692,63.4615,15,-0.337025,0,0,0.0824978,0,0
-55.7692,67.3077,15,0.00993575,0,0,0.392242,0,0
-55.7692,71.1538,15,-0.380671,0,0,-0.145837,0,0
-55.7692,75,15,-0.373477,0,0,0.140514,0,0
-51.9231,-75,15,0.117241,0,0,0.370752,0,0
-51.9231,-71.1538,15,0.168082,0,0,-0.389066,0,0
-51.9231,-67.3077,15,0.434262,0,0,0.0669199,0,0
-51.9231,-63.4615,15,0.0943693,0,0,-0.416645,0,0
-51.9231,-59.6154,15,0.36126,0,0,0.11416,0,0
-51.9231,-55.7692,15,0.0155362,0,0,-0.287742,0,0
-51.9231,-51.9231,15,0.0932397,0,0,-0.123248,0,0
-51.9231,-48.0769,15,0.000156643,0,0,-0.0120985,0,0
-51.9231,-44.2308,15,-0.156673,0,0,0.101632,0,0
-51.9231,-40.3846,15,0.0819672,0,0,0.317765,0,0
-51.9231,-36.5385,15,0.346379,0,0,0.16963,0,0
-51.9231,-32.6923,15,0.254913,0,0,-0.192082,0,0
-51.9231,-28.8462,15,-0.113849,0,0,-0.0620615,0,0
-51.9231,-25,15,-0.115784,0,0,-0.00289578,0,0
-51.9231,-21.1538,15,-0.266917,0,0,-0.124317,0,0
-51.9231,-17.3077,15,0.15518,0,0,0.247035,0,0
-51.9231,-13.4615,15,0.0398501,0,0,0.0775962,0,0
-51.9231,-9.61538,15,0.21514,0,0,0.0421771,0,0
-51.9231,-5.76923,15,-0.305403,0,0,-0.376035,0,0
-51.9231,-1.92308,15,-0.605232,0,0,0.152406,0,0
-51.9231,1.92308,15,-0.605232,0,0,0.152406,0,0
-51.9231,5.76923,15,-0.305403,0,0,-0.376035,0,0
-51.9231,9.61538,15,0.21514,0,0,0.0421771,0,0
-51.9231,13.4615,15,0.0398501,0,0,0.0775962,0,0
-51.9231,17.3077,15,0.15518,0,0,0.247035,0,0
-51.9231,21.1538,15,-0.266917,0,0,-0.124317,0,0
-51.9231,25,15,-0.115784,0,0,-0.00289578,0,0
-51.9231,28.8462,15,-0.113849,0,0,-0.0620615,0,0
-51.9231,32.6923,15,0.254913,0,0,-0.192082,0,0
-51.9231,36.5385,15,0.346379,0,0,0.16963,0,0
-51.9231,40.3846,15,0.0819672,0,0,0.317765,0,0
-51.9231,44.2308,15,-0.156673,0,0,0.101632,0,0
-51.9231,48.0769,15,0.000156643,0,0,-0.0120985,0,0
-51.9231,51.9231,15,0.0932397,0,0,-0.123248,0,0
-51.9231,55.7692,15,0.0155362,0,0,-0.287742,0,0
-51.9231,59.6154,15,0.36126,0,0,0.11416,0,0
-51.9231,63.4615,15,0.0943693,0,0,-0.416645,0,0
-51.9231,67.3077,15,0.434262,0,0,0.0669199,0,0
-51.9231,71.1538,15,0.168082,0,0,-0.389066,0,0
-51.9231,75,15,0.117241,0,0,0.370752,0,0
-48.0769,-75,15,0.0445746,0,0,0.342495,0,0
-48.0769,-71.1538,15,-0.2173,0,0,0.340583,0,0
-48.0769,-67.3077,15,0.40329,0,0,0.200244,0,0
-48.0769,-63.4615,15,-0.35591,0,0,0.314755,0,0
-48.0769,-59.6154,15,0.0724944,0,0,0.461973,0,0
-48.0769,-55.7692,15,-0.403986,0,0,-0.100538,0,0
-48.0769,-51.9231,15,-0.0240227,0,0,0.311283,0,0
-48.0769,-48.0769,15,-0.0694264,0,0,0.137642,0,0
-48.0769,-44.2308,15,0.0278526,0,0,0.0339703,0,0
-48.0769,-40.3846,15,-0.166896,0,0,-0.180689,0,0
-48.0769,-36.5385,15,0.146172,0,0,0.364537,0,0
-48.0769,-32.6923,15,-0.108235,0,0,-0.4016,0,0
-48.0769,-28.8462,15,0.247211,0,0,0.118229,0,0
-48.0769,-25,15,-0.000572825,0,0,0.00161521,0,0
-48.0769,-21.1538,15,-0.127223,0,0,0.238871,0,0
-48.0769,-17.3077,15,-0.356447,0,0,0.0688318,0,0
-48.0769,-13.4615,15,0.173642,0,0,-0.0508392,0,0
-48.0769,-9.61538,15,0.078834,0,0,0.177208,0,0
-48.0769,-5.76923,15,0.535015,0,0,0.177167,0,0
-48.0769,-1.92308,15,0.773255,0,0,0.0106179,0,0
-48.0769,1.92308,15,0.773255,0,0,0.0106179,0,0
-48.0769,5.76923,15,0.535015,0,0,0.177167,0,0
-48.0769,9.61538,15,0.078834,0,0,0.177208,0,0
-48.0769,13.4615,15,0.173642,0,0,-0.0508392,0,0
-48.0769,17.3077,15,-0.356447,0,0,0.0688318,0,0
-48.0769,21.1538,15,-0.127223,0,0,0.238871,0,0
-48.0769,25,15,-0.000572825,0,0,0.00161521,0,0
-48.0769,28.8462,15,0.247211,0,0,0.118229,0,0
-48.0769,32.6923,15,-0.108235,0,0,-0.4016,0,0
-48.0769,36.5385,15,0.146172,0,0,0.364537,0,0
-48.0769,40.3846,15,-0.166896,0,0,-0.180689,0,0
-48.0769,44.2308,15,0.0278526,0,0,0.0339703,0,0
-48.0769,48.0769,15,-0.0694264,0,0,0.137642,0,0
-48.0769,51.9231,15,-0.0240227,0,0,0.311283,0,0
-48.0769,55.7692,15,-0.403986,0,0,-0.100538,0,0
-48.0769,59.6154,15,0.0724944,0,0,0.461973,0,0
-48.0769,63.4615,15,-0.35591,0,0,0.314755,0,0
-48.0769,67.3077,15,0.40329,0,0,0.200244,0,0
-48.0769,71.1538,15,-0.2173,0,0,0.340583,0,0
-48.0769,75,15,0.0445746,0,0,0.342495,0,0
-44.2308,-75,15,-0.265238,0,0,0.0419574,0,0
-44.2308,-71.1538,15,0.303796,0,0,0.16341,0,0
-44.2308,-67.3077,15,-0.207409,0,0,0.362409,0,0
-44.2308,-63.4615,15,0.161517,0,0,0.450117,0,0
-44.2308,-59.6154,15,-0.381775,0,0,-0.346434,0,0
-44.2308,-55.7692,15,-0.495944,0,0,-0.138833,0,0
-44.2308,-51.9231,15,0.388976,0,0,-0.246953,0,0
-44.2308,-48.0769,15,-0.209626,0,0,-0.267246,0,0
-44.2308,-44.2308,15,-0.0774428,0,0,-0.127891,0,0
-44.2308,-40.3846,15,-0.061486,0,0,0.0648843,0,0
-44.2308,-36.5385,15,-0.162306,0,0,-0.279414,0,0
-44.2308,-32.6923,15,0.418374,0,0,-0.202312,0,0
-44.2308,-28.8462,15,0.416386,0,0,0.0754429,0,0
-44.2308,-25,15,0.0802275,0,0,-0.149636,0,0
-44.2308,-21.1538,15,-0.0827303,0,0,-0.169924,0,0
-44.2308,-17.3077,15,-0.382728,0,0,0.166636,0,0
-44.2308,-13.4615,15,-0.288653,0,0,0.093366,0,0
-44.2308,-9.61538,15,0.109607,0,0,0.084761,0,0
-44.2308,-5.76923,15,-0.0569614,0,0,0.651496,0,0
-44.2308,-1.92308,15,-0.650248,0,0,0.723514,0,0
-44.2308,1.92308,15,-0.650248,0,0,0.723514,0,0
-44.2308,5.76923,15,-0.0569614,0,0,0.651496,0,0
-44.2308,9.61538,15,0.109607,0,0,0.084761,0,0
-44.2308,13.4615,15,-0.288653,0,0,0.093366,0,0
-44.2308,17.3077,15,-0.382728,0,0,0.166636,0,0
-44.2308,21.1538,15,-0.0827303,0,0,-0.169924,0,0
-44.2308,25,15,0.0802275,0,0,-0.149636,0,0
-44.2308,28.8462,15,0.416386,0,0,0.0754429,0,0
-44.2308,32.6923,15,0.418374,0,0,-0.202312,0,0
-44.2308,36.5385,15,-0.162306,0,0,-0.279414,0,0
-44.2308,40.3846,15,-0.061486,0,0,0.0648843,0,0
-44.2308,44.2308,15,-0.0774428,0,0,-0.127891,0,0
-44.2308,48.0769,15,-0.209626,0,0,-0.267246,0,0
-44.2308,51.9231,15,0.388976,0,0,-0.246953,0,0
-44.2308,55.7692,15,-0.495944,0,0,-0.138833,0,0
-44.2308,59.6154,15,-0.381775,0,0,-0.346434,0,0
-44.2308,63.4615,15,0.161517,0,0,0.450117,0,0
-44.2308,67.3077,15,-0.207409,0,0,0.362409,0,0
-44.2308,71.1538,15,0.303796,0,0,0.16341,0,0
-44.2308,75,15,-0.265238,0,0,0.0419574,0,0
-40.3846,-75,15,0.121101,0,0,-0.107556,0,0
-40.3846,-71.1538,15,0.243827,0,0,-0.0450188,0,0
-40.3846,-67.3077,15,-0.023154,0,0,-0.33787,0,0
-40.3846,-63.4615,15,0.255758,0,0,0.343583,0,0
-40.3846,-59.6154,15,0.295631,0,0,0.412334,0,0
-40.3846,-55.7692,15,-0.196319,0,0,-0.52599,0,0
-40.3846,-51.9231,15,-0.13698,0,0,-0.554522,0,0
-40.3846,-48.0769,15,0.345239,0,0,0.381019,0,0
-40.3846,-44.2308,15,0.2586,0,0,-0.26581,0,0
-40.3846,-40.3846,15,0.0694852,0,0,-0.118472,0,0
-40.3846,-36.5385,15,-0.127851,0,0,0.0883263,0,0
-40.3846,-32.6923,15,-0.409212,0,0,0.109409,0,0
-40.3846,-28.8462,15,-0.326992,0,0,0.425287,0,0
-40.3846,-25,15,0.348452,0,0,-0.148216,0,0
-40.3846,-21.1538,15,-0.02607,0,0,-0.00484721,0,0
-40.3846,-17.3077,15,0.422016,0,0,-0.0554525,0,0
-40.3846,-13.4615,15,-0.37379,0,0,-0.254004,0,0
-40.3846,-9.61538,15,0.00331237,0,0,-0.0363163,0,0
-40.3846,-5.76923,15,0.0888012,0,0,0.747422,0,0
-40.3846,-1.92308,15,-1.24294,0,0,-0.0680991,0,0
-40.3846,1.92308,15,-1.24294,0,0,-0.0680991,0,0
-40.3846,5.76923,15,0.0888012,0,0,0.747422,0,0
-40.3846,9.61538,15,0.00331237,0,0,-0.0363163,0,0
-40.3846,13.4615,15,-0.37379,0,0,-0.254004,0,0
-40.3846,17.3077,15,0.422016,0,0,-0.0554525,0,0
-40.3846,21.1538,15,-0.02607,0,0,-0.00484721,0,0
-40.3846,25,15,0.348452,0,0,-0.148216,0,0
-40.3846,28.8462,15,-0.326992,0,0,0.425287,0,0
-40.3846,32.6923,15,-0.409212,0,0,0.109409,0,0
-40.3846,36.5385,15,-0.127851,0,0,0.0883263,0,0
-40.3846,40.3846,15,0.0694852,0,0,-0.118472,0,0
-40.3846,44.2308,15,0.2586,0,0,-0.26581,0,0
-40.3846,48.0769,15,0.345239,0,0,0.381019,0,0
-40.3846,51.9231,15,-0.13698,0,0,-0.554522,0,0
-40.3846,55.7692,15,-0.196319,0,0,-0.52599,0,0
-40.3846,59.6154,15,0.295631,0,0,0.412334,0,0
-40.3846,63.4615,15,0.255758,0,0,0.343583,0,0
-40.3846,67.3077,15,-0.023154,0,0,-0.33787,0,0
-40.3846,71.1538,15,0.243827,0,0,-0.0450188,0,0
-40.3846,75,15,0.121101,0,0,-0.107556,0,0
-36.5385,-75,15,-0.0273872,0,0,0.0182952,0,0
-36.5385,-71.1538,15,0.114939,0,0,-0.0311921,0,0
-36.5385,-67.3077,15,0.0316343,0,0,0.214736,0,0
-36.5385,-63.4615,15,0.153017,0,0,0.285817,0,0
-36.5385,-59.6154,15,-0.00569651,0,0,-0.434549,0,0
-36.5385,-55.7692,15,0.439774,0,0,-0.308465,0,0
-36.5385,-51.9231,15,-0.547987,0,0,-0.276797,0,0
-36.5385,-48.0769,15,-0.23114,0,0,-0.59546,0,0
-36.5385,-44.2308,15,0.286154,0,0,0.503687,0,0
-36.5385,-40.3846,15,0.336032,0,0,-0.227514,0,0
-36.5385,-36.5385,15,0.0265323,0,0,-0.108517,0,0
-36.5385,-32.6923,15,0.107665,0,0,0.228995,0,0
-36.5385,-28.8462,15,0.499827,0,0,-0.234772,0,0
-36.5385,-25,15,-0.383414,0,0,0.442961,0,0
-36.5385,-21.1538,15,-0.0566746,0,0,0.22215,0,0
-36.5385,-17.3077,15,0.342152,0,0,0.0096191,0,0
-36.5385,-13.4615,15,-0.194264,0,0,0.57765,0,0
-36.5385,-9.61538,15,-0.137765,0,0,0.0247637,0,0
-36.5385,-5.76923,15,0.643121,0,0,-0.556405,0,0
-36.5385,-1.92308,15,-1.09486,0,0,1.19981,0,0
-36.5385,1.92308,15,-1.09486,0,0,1.19981,0,0
-36.5385,5.76923,15,0.643121,0,0,-0.556405,0,0
-36.5385,9.61538,15,-0.137765,0,0,0.0247637,0,0
-36.5385,13.4615,15,-0.194264,0,0,0.57765,0,0
-36.5385,17.3077,15,0.342152,0,0,0.0096191,0,0
-36.5385,21.1538,15,-0.0566746,0,0,0.22215,0,0
-36.5385,25,15,-0.383414,0,0,0.442961,0,0
-36.5385,28.8462,15,0.499827,0,0,-0.234772,0,0
-36.5385,32.6923,15,0.107665,0,0,0.228995,0,0
-36.5385,36.5385,15,0.0265323,0,0,-0.108517,0,0
-36.5385,40.3846,15,0.336032,0,0,-0.227514,0,0
-36.5385,44.2308,15,0.286154,0,0,0.503687,0,0
-36.5385,48.0769,15,-0.23114,0,0,-0.59546,0,0
-36.5385,51.9231,15,-0.547987,0,0,-0.276797,0,0
-36.5385,55.7692,15,0.439774,0,0,-0.308465,0,0
-36.5385,59.6154,15,-0.00569651,0,0,-0.434549,0,0
-36.5385,63.4615,15,0.153017,0,0,0.285817,0,0
-36.5385,67.3077,15,0.0316343,0,0,0.214736,0,0
-36.5385,71.1538,15,0.114939,0,0,-0.0311921,0,0
-36.5385,75,15,-0.0273872,0,0,0.0182952,0,0
-32.6923,-75,15,-0.106648,0,0,0.0211807,0,0
-32.6923,-71.1538,15,-0.0306469,0,0,0.0063616,0,0
-32.6923,-67.3077,15,-0.00778979,0,0,-0.0619223,0,0
-32.6923,-63.4615,15,0.0618668,0,0,0.161427,0,0
-32.6923,-59.6154,15,-0.136959,0,0,0.265356,0,0
-32.6923,-55.7692,15,0.378499,0,0,0.212469,0,0
-32.6923,-51.9231,15,-0.457682,0,0,0.334469,0,0
-32.6923,-48.0769,15,0.166498,0,0,0.653673,0,0
-32.6923,-44.2308,15,-0.653281,0,0,0.306109,0,0
-32.6923,-40.3846,15,0.639242,0,0,-0.164154,0,0
-32.6923,-36.5385,15,-0.185822,0,0,-0.402646,0,0
-32.6923,-32.6923,15,-0.0587393,0,0,0.0174507,0,0
-32.6923,-28.8462,15,-0.304156,0,0,-0.260035,0,0
-32.6923,-25,15,0.693136,0,0,-0.142241,0,0
-32.6923,-21.1538,15,0.181713,0,0,-0.525341,0,0
-32.6923,-17.3077,15,-0.0817418,0,0,0.0743539,0,0
-32.6923,-13.4615,15,-0.698602,0,0,0.209364,0,0
-32.6923,-9.61538,15,-0.055253,0,0,0.411277,0,0
-32.6923,-5.76923,15,0.594469,0,0,0.707869,0,0
-32.6923,-1.92308,15,1.37246,0,0,-1.67721,0,0
-32.6923,1.92308,15,1.37246,0,0,-1.67721,0,0
-32.6923,5.76923,15,0.594469,0,0,0.707869,0,0
-32.6923,9.61538,15,-0.055253,0,0,0.411277,0,0
-32.6923,13.4615,15,-0.698602,0,0,0.209364,0,0
-32.6923,17.3077,15,-0.0817418,0,0,0.0743539,0,0
-32.6923,21.1538,15,0.181713,0,0,-0.525341,0,0
-32.6923,25,15,0.693136,0,0,-0.142241,0,0
-32.6923,28.8462,15,-0.304156,0,0,-0.260035,0,0
-32.6923,32.6923,15,-0.0587393,0,0,0.0174507,0,0
-32.6923,36.5385,15,-0.185822,0,0,-0.402646,0,0
-32.6923,40.3846,15,0.639242,0,0,-0.164154,0,0
-32.6923,44.2308,15,-0.653281,0,0,0.306109,0,0
-32.6923,48.0769,15,0.166498,0,0,0.653673,0,0
-32.6923,51.9231,15,-0.457682,0,0,0.334469,0,0
-32.6923,55.7692,15,0.378499,0,0,0.212469,0,0
-32.6923,59.6154,15,-0.136959,0,0,0.265356,0,0
-32.6923,63.4615,15,0.0618668,0,0,0.161427,0,0
-32.6923,67.3077,15,-0.00778979,0,0,-0.0619223,0,0
-32.6923,71.1538,15,-0.0306469,0,0,0.0063616,0,0
-32.6923,75,15,-0.106648,0,0,0.0211807,0,0
-28.8462,-75,15,0.244981,0,0,0.0587824,0,0
-28.8462,-71.1538,15,-0.185009,0,0,0.0440614,0,0
-28.8462,-67.3077,15,-0.0539366,0,0,-0.0969055,0,0
-28.8462,-63.4615,15,-0.00893494,0,0,-0.00666154,0,0
-28.8462,-59.6154,15,0.0353743,0,0,-0.106242,0,0
-28.8462,-55.7692,15,0.170757,0,0,0.193812,0,0
-28.8462,-51.9231,15,0.36944,0,0,0.207703,0,0
-28.8462,-48.0769,15,-0.533004,0,0,-0.265701,0,0
-28.8462,-44.2308,15,-0.731563,0,0,-0.144559,0,0
-28.8462,-40.3846,15,0.511904,0,0,-0.647037,0,0
-28.8462,-36.5385,15,-0.692739,0,0,0.316525,0,0
-28.8462,-32.6923,15,0.362941,0,0,0.313614,0,0
-28.8462,-28.8462,15,0.00429673,0,0,0.0363001,0,0
-28.8462,-25,15,-0.562086,0,0,-0.271159,0,0
-28.8462,-21.1538,15,-0.696164,0,0,0.506263,0,0
-28.8462,-17.3077,15,-0.289002,0,0,0.116764,0,0
-28.8462,-13.4615,15,0.562811,0,0,-0.441409,0,0
-28.8462,-9.61538,15,-0.778584,0,0,0.23124,0,0
-28.8462,-5.76923,15,0.594017,0,0,-0.707978,0,0
-28.8462,-1.92308,15,1.94261,0,0,-2.24157,0,0
-28.8462,1.92308,15,1.94261,0,0,-2.24157,0,0
-28.8462,5.76923,15,0.594017,0,0,-0.707978,0,0
-28.8462,9.61538,15,-0.778584,0,0,0.23124,0,0
-28.8462,13.4615,15,0.562811,0,0,-0.441409,0,0
-28.8462,17.3077,15,-0.289002,0,0,0.116764,0,0
-28.8462,21.1538,15,-0.696164,0,0,0.506263,0,0
-28.8462,25,15,-0.562086,0,0,-0.271159,0,0
-28.8462,28.8462,15,0.00429673,0,0,0.0363001,0,0
-28.8462,32.6923,15,0.362941,0,0,0.313614,0,0
-28.8462,36.5385,15,-0.692739,0,0,0.316525,0,0
-28.8462,40.3846,15,0.511904,0,0,-0.647037,0,0
-28.8462,44.2308,15,-0.731563,0,0,-0.144559,0,0
-28.8462,48.0769,15,-0.533004,0,0,-0.265701,0,0
-28.8462,51.9231,15,0.36944,0,0,0.207703,0,0
-28.8462,55.7692,15,0.170757,0,0,0.193812,0,0
-28.8462,59.6154,15,0.0353743,0,0,-0.106242,0,0
-28.8462,63.4615,15,-0.00893494,0,0,-0.00666154,0,0
-28.8462,67.3077,15,-0.0539366,0,0,-0.0969055,0,0
-28.8462,71.1538,15,-0.185009,0,0,0.0440614,0,0
-28.8462,75,15,0.244981,0,0,0.0587824,0,0
-25,-75,15,-0.367851,0,0,-0.118121,0,0
-25,-71.1538,15,-0.225828,0,0,0.259975,0,0
-25,-67.3077,15,0.286058,0,0,-0.0119911,0,0
-25,-63.4615,15,-0.175188,0,0,0.111751,0,0
-25,-59.6154,15,-0.0916705,0,0,-0.0487343,0,0
-25,-55.7692,15,0.0305158,0,0,-0.00429691,0,0
-25,-51.9231,15,-0.198731,0,0,-0.0144876,0,0
-25,-48.0769,15,-0.21986,0,0,-0.334911,0,0
-25,-44.2308,15,-0.303574,0,0,0.543673,0,0
-25,-40.3846,15,-0.77136,0,0,0.311285,0,0
-25,-36.5385,15,0.639316,0,0,-0.71476,0,0
-25,-32.6923,15,-0.87538,0,0,0.169019,0,0
-25,-28.8462,15,0.451135,0,0,0.219312,0,0
-25,-25,15,0.220638,0,0,-0.0601607,0,0
-25,-21.1538,15,0.591354,0,0,-0.753326,0,0
-25,-17.3077,15,0.853255,0,0,-0.234156,0,0
-25,-13.4615,15,-0.348682,0,0,0.218929,0,0
-25,-9.61538,15,0.600418,0,0,-1.16392,0,0
-25,-5.76923,15,0.5241,0,0,-0.531186,0,0
-25,-1.92308,15,1.0739,0,0,4.03936,0,0
-25,1.92308,15,1.0739,0,0,4.03936,0,0
-25,5.76923,15,0.5241,0,0,-0.531186,0,0
-25,9.61538,15,0.600418,0,0,-1.16392,0,0
-25,13.4615,15,-0.348682,0,0,0.218929,0,0
-25,17.3077,15,0.853255,0,0,-0.234156,0,0
-25,21.1538,15,0.591354,0,0,-0.753326,0,0
-25,25,15,0.220638,0,0,-0.0601607,0,0
-25,28.8462,15,0.451135,0,0,0.219312,0,0
-25,32.6923,15,-0.87538,0,0,0.169019,0,0
-25,36.5385,15,0.639316,0,0,-0.71476,0,0
-25,40.3846,15,-0.77136,0,0,0.311285,0,0
-25,44.2308,15,-0.303574,0,0,0.543673,0,0
-25,48.0769,15,-0.21986,0,0,-0.334911,0,0
-25,51.9231,15,-0.198731,0,0,-0.0144876,0,0
-25,55.7692,15,0.0305158,0,0,-0.00429691,0,0
-25,59.6154,15,-0.0916705,0,0,-0.0487343,0,0
-25,63.4615,15,-0.175188,0,0,0.111751,0,0
-25,67.3077,15,0.286058,0,0,-0.0119911,0,0
-25,71.1538,15,-0.225828,0,0,0.259975,0,0
-25,75,15,-0.367851,0,0,-0.118121,0,0
-21.1538,-75,15,0.483256,0,0,-0.14265,0,0
-21.1538,-71.1538,15,0.356028,0,0,0.325711,0,0
-21.1538,-67.3077,15,0.310196,0,0,0.323956,0,0
-21.1538,-63.4615,15,0.385853,0,0,-0.094597,0,0
-21.1538,-59.6154,15,-0.27432,0,0,-0.170364,0,0
-21.1538,-55.7692,15,0.214779,0,0,-0.0374187,0,0
-21.1538,-51.9231,15,0.0676461,0,0,0.0299232,0,0
-21.1538,-48.0769,15,-0.0618442,0,0,0.100478,0,0
-21.1538,-44.2308,15,-0.144542,0,0,-0.331834,0,0
-21.1538,-40.3846,15,-0.629222,0,0,-0.161728,0,0
-21.1538,-36.5385,15,0.25362,0,0,-0.907038,0,0
-21.1538,-32.6923,15,-0.394351,0,0,1.06903,0,0
-21.1538,-28.8462,15,0.864027,0,0,-0.610346,0,0
-21.1538,-25,15,-0.289993,0,0,0.370831,0,0
-21.1538,-21.1538,15,0.469099,0,0,-0.396744,0,0
-21.1538,-17.3077,15,0.876013,0,0,1.07586,0,0
-21.1538,-13.4615,15,0.116036,0,0,0.326459,0,0
-21.1538,-9.61538,15,1.38636,0,0,1.08373,0,0
-21.1538,-5.76923,15,0.21372,0,0,-0.0344612,0,0
-21.1538,-1.92308,15,-3.91096,0,0,-4.66492,0,0
-21.1538,1.92308,15,-3.91096,0,0,-4.66492,0,0
-21.1538,5.76923,15,0.21372,0,0,-0.0344612,0,0
-21.1538,9.61538,15,1.38636,0,0,1.08373,0,0
-21.1538,13.4615,15,0.116036,0,0,0.326459,0,0
-21.1538,17.3077,15,0.876013,0,0,1.07586,0,0
-21.1538,21.1538,15,0.469099,0,0,-0.396744,0,0
-21.1538,25,15,-0.289993,0,0,0.370831,0,0
-21.1538,28.8462,15,0.864027,0,0,-0.610346,0,0
-21.1538,32.6923,15,-0.394351,0,0,1.06903,0,0
-21.1538,36.5385,15,0.25362,0,0,-0.907038,0,0
-21.1538,40.3846,15,-0.629222,0,0,-0.161728,0,0
-21.1538,44.2308,15,-0.144542,0,0,-0.331834,0,0
-21.1538,48.0769,15,-0.0618442,0,0,0.100478,0,0
-21.1538,51.9231,15,0.0676461,0,0,0.0299232,0,0
-21.1538,55.7692,15,0.214779,0,0,-0.0374187,0,0
-21.1538,59.6154,15,-0.27432,0,0,-0.170364,0,0
-21.1538,63.4615,15,0.385853,0,0,-0.094597,0,0
-21.1538,67.3077,15,0.310196,0,0,0.323956,0,0
-21.1538,71.1538,15,0.356028,0,0,0.325711,0,0
-21.1538,75,15,0.483256,0,0,-0.14265,0,0
-17.3077,-75,15,0.166828,0,0,0.575955,0,0
-17.3077,-71.1538,15,-0.28181,0,0,-0.526478,0,0
-17.3077,-67.3077,15,0.583813,0,0,0.0523901,0,0
-17.3077,-63.4615,15,0.131927,0,0,0.54714,0,0
-17.3077,-59.6154,15,0.0280481,0,0,0.520992,0,0
-17.3077,-55.7692,15,0.410618,0,0,0.196917,0,0
-17.3077,-51.9231,15,-0.182426,0,0,-0.302731,0,0
-17.3077,-48.0769,15,0.199041,0,0,-0.0369686,0,0
-17.3077,-44.2308,15,-0.0147395,0,0,-6.13892e-05,0,0
-17.3077,-40.3846,15,0.308205,0,0,-0.0248359,0,0
-17.3077,-36.5385,15,0.683105,0,0,0.0449533,0,0
-17.3077,-32.6923,15,-0.827472,0,0,0.718863,0,0
-17.3077,-28.8462,15,1.31035,0,0,-0.480887,0,0
-17.3077,-25,15,-1.22077,0,0,0.310749,0,0
-17.3077,-21.1538,15,-0.175667,0,0,-0.202921,0,0
-17.3077,-17.3077,15,-1.06344,0,0,-0.885703,0,0
-17.3077,-13.4615,15,1.11526,0,0,-1.05762,0,0
-17.3077,-9.61538,15,1.38159,0,0,-1.09816,0,0
-17.3077,-5.76923,15,1.11751,0,0,0.0402176,0,0
-17.3077,-1.92308,15,1.17461,0,0,-9.12778,0,0
-17.3077,1.92308,15,1.17461,0,0,-9.12778,0,0
-17.3077,5.76923,15,1.11751,0,0,0.0402176,0,0
-17.3077,9.61538,15,1.38159,0,0,-1.09816,0,0
-17.3077,13.4615,15,1.11526,0,0,-1.05762,0,0
-17.3077,17.3077,15,-1.06344,0,0,-0.885703,0,0
-17.3077,21.1538,15,-0.175667,0,0,-0.202921,0,0
-17.3077,25,15,-1.22077,0,0,0.310749,0,0
-17.3077,28.8462,15,1.31035,0,0,-0.480887,0,0
-17.3077,32.6923,15,-0.827472,0,0,0.718863,0,0
-17.3077,36.5385,15,0.683105,0,0,0.0449533,0,0
-17.3077,40.3846,15,0.308205,0,0,-0.0248359,0,0
-17.3077,44.2308,15,-0.0147395,0,0,-6.13892e-05,0,0
-17.3077,48.0769,15,0.199041,0,0,-0.0369686,0,0
-17.3077,51.9231,15,-0.182426,0,0,-0.302731,0,0
-17.3077,55.7692,15,0.410618,0,0,0.196917,0,0
-17.3077,59.6154,15,0.0280481,0,0,0.520992,0,0
-17.3077,63.4615,15,0.131927,0,0,0.54714,0,0
-17.3077,67.3077,15,0.583813,0,0,0.0523901,0,0
-17.3077,71.1538,15,-0.28181,0,0,-0.526478,0,0
-17.3077,75,15,0.166828,0,0,0.575955,0,0
-13.4615,-75,15,-0.0426564,0,0,0.670792,0,0
-13.4615,-71.1538,15,0.678208,0,0,-0.0961884,0,0
-13.4615,-67.3077,15,-0.571615,0,0,-0.392304,0,0
-13.4615,-63.4615,15,0.566694,0,0,0.401104,0,0
-13.4615,-59.6154,15,-0.666612,0,0,0.152643,0,0
-13.4615,-55.7692,15,-0.319688,0,0,-0.572648,0,0
-13.4615,-51.9231,15,-0.253115,0,0,-0.545012,0,0
-13.4615,-48.0769,15,-0.489123,0,0,0.126974,0,0
-13.4615,-44.2308,15,0.334426,0,0,-0.100614,0,0
-13.4615,-40.3846,15,0.089764,0,0,0.0562437,0,0
-13.4615,-36.5385,15,-0.0991523,0,0,0.236401,0,0
-13.4615,-32.6923,15,-0.732341,0,0,0.182669,0,0
-13.4615,-28.8462,15,1.08397,0,0,-0.792633,0,0
-13.4615,-25,15,-1.51356,0,0,0.932768,0,0
-13.4615,-21.1538,15,-0.399182,0,0,-1.37491,0,0
-13.4615,-17.3077,15,0.373444,0,0,-0.300054,0,0
-13.4615,-13.4615,15,-2.23833,0,0,1.41273,0,0
-13.4615,-9.61538,15,-0.437188,0,0,-0.503066,0,0
-13.4615,-5.76923,15,-0.771729,0,0,-3.484,0,0
-13.4615,-1.92308,15,14.4013,0,0,1.86837,0,0
-13.4615,1.92308,15,14.4013,0,0,1.86837,0,0
-13.4615,5.76923,15,-0.771729,0,0,-3.484,0,0
-13.4615,9.61538,15,-0.437188,0,0,-0.503066,0,0
-13.4615,13.4615,15,-2.23833,0,0,1.41273,0,0
-13.4615,17.3077,15,0.373444,0,0,-0.300054,0,0
-13.4615,21.1538,15,-0.399182,0,0,-1.37491,0,0
-13.4615,25,15,-1.51356,0,0,0.932768,0,0
-13.4615,28.8462,15,1.08397,0,0,-0.792633,0,0
-13.4615,32.6923,15,-0.732341,0,0,0.182669,0,0
-13.4615,36.5385,15,-0.0991523,0,0,0.236401,0,0
-13.4615,40.3846,15,0.089764,0,0,0.0562437,0,0
-13.4615,44.2308,15,0.334426,0,0,-0.100614,0,0
-13.4615,48.0769,15,-0.489123,0,0,0.126974,0,0
-13.4615,51.9231,15,-0.253115,0,0,-0.545012,0,0
-13.4615,55.7692,15,-0.319688,0,0,-0.572648,0,0
-13.4615,59.6154,15,-0.666612,0,0,0.152643,0,0
-13.4615,63.4615,15,0.566694,0,0,0.401104,0,0
-13.4615,67.3077,15,-0.571615,0,0,-0.392304,0,0
-13.4615,71.1538,15,0.678208,0,0,-0.0961884,0,0
-13.4615,75,15,-0.0426564,0,0,0.670792,0,0
-9.61538,-75,15,0.624383,0,0,0.363837,0,0
-9.61538,-71.1538,15,0.746186,0,0,-0.0248453,0,0
-9.61538,-67.3077,15,0.35296,0,0,-0.683356,0,0
-9.61538,-63.4615,15,-0.725609,0,0,-0.308676,0,0
-9.61538,-59.6154,15,0.283748,0,0,0.75023,0,0
-9.61538,-55.7692,15,-0.294532,0,0,-0.74963,0,0
-9.61538,-51.9231,15,0.775803,0,0,0.156531,0,0
-9.61538,-48.0769,15,0.307095,0,0,0.682928,0,0
-9.61538,-44.2308,15,0.533066,0,0,0.387934,0,0
-9.61538,-40.3846,15,-0.0728856,0,0,-0.488738,0,0
-9.61538,-36.5385,15,0.208762,0,0,-0.0240672,0,0
-9.61538,-32.6923,15,-0.0649805,0,0,0.243288,0,0
-9.61538,-28.8462,15,-0.917571,0,0,0.201803,0,0
-9.61538,-25,15,0.902917,0,0,-1.54846,0,0
-9.61538,-21.1538,15,1.7901,0,0,1.4869,0,0
-9.61538,-17.3077,15,0.883129,0,0,-0.745539,0,0
-9.61538,-13.4615,15,1.99839,0,0,1.8725,0,0
-9.61538,-9.61538,15,2.00037,0,0,-0.00705881,0,0
-9.61538,-5.76923,15,-5.23367,0,0,-5.34978,0,0
-9.61538,-1.92308,15,-23.9418,0,0,-3.69795,0,0
-9.61538,1.92308,15,-23.9418,0,0,-3.69795,0,0
-9.61538,5.76923,15,-5.23367,0,0,-5.34978,0,0
-9.61538,9.61538,15,2.00037,0,0,-0.00705881,0,0
-9.61538,13.4615,15,1.99839,0,0,1.8725,0,0
-9.61538,17.3077,15,0.883129,0,0,-0.745539,0,0
-9.61538,21.1538,15,1.7901,0,0,1.4869,0,0
-9.61538,25,15,0.902917,0,0,-1.54846,0,0
-9.61538,28.8462,15,-0.917571,0,0,0.201803,0,0
-9.61538,32.6923,15,-0.0649805,0,0,0.243288,0,0
-9.61538,36.5385,15,0.208762,0,0,-0.0240672,0,0
-9.61538,40.3846,15,-0.0728856,0,0,-0.488738,0,0
-9.61538,44.2308,15,0.533066,0,0,0.387934,0,0
-9.61538,48.0769,15,0.307095,0,0,0.682928,0,0
-9.61538,51.9231,15,0.775803,0,0,0.156531,0,0
-9.61538,55.7692,15,-0.294532,0,0,-0.74963,0,0
-9.61538,59.6154,15,0.283748,0,0,0.75023,0,0
-9.61538,63.4615,15,-0.725609,0,0,-0.308676,0,0
-9.61538,67.3077,15,0.35296,0,0,-0.683356,0,0
-9.61538,71.1538,15,0.746186,0,0,-0.0248453,0,0
-9.61538,75,15,0.624383,0,0,0.363837,0,0
-5.76923,-75,15,-0.446546,0,0,-0.607391,0,0
-5.76923,-71.1538,15,-0.283286,0,0,-0.731881,0,0
-5.76923,-67.3077,15,-0.404338,0,0,-0.709201,0,0
-5.76923,-63.4615,15,-0.774237,0,0,-0.345053,0,0
-5.76923,-59.6154,15,-0.619347,0,0,0.620858,0,0
-5.76923,-55.7692,15,0.8051,0,0,0.405398,0,0
-5.76923,-51.9231,15,-0.57138,0,0,-0.71597,0,0
-5.76923,-48.0769,15,0.864139,0,0,0.292321,0,0
-5.76923,-44.2308,15,-0.0786392,0,0,0.871828,0,0
-5.76923,-40.3846,15,0.0950867,0,0,0.77423,0,0
-5.76923,-36.5385,15,0.433845,0,0,-0.389615,0,0
-5.76923,-32.6923,15,0.151405,0,0,0.151567,0,0
-5.76923,-28.8462,15,-0.286608,0,0,0.322164,0,0
-5.76923,-25,15,-0.951419,0,0,1.07865,0,0
-5.76923,-21.1538,15,-1.98912,0,0,1.71348,0,0
-5.76923,-17.3077,15,2.63068,0,0,0.549638,0,0
-5.76923,-13.4615,15,0.084389,0,0,1.50093,0,0
-5.76923,-9.61538,15,3.78265,0,0,3.91213,0,0
-5.76923,-5.76923,15,-7.52063,0,0,-10.0559,0,0
-5.76923,-1.92308,15,37.4894,0,0,24.5321,0,0
-5.76923,1.92308,15,37.4894,0,0,24.5321,0,0
-5.76923,5.76923,15,-7.52063,0,0,-10.0559,0,0
-5.76923,9.61538,15,3.78265,0,0,3.91213,0,0
-5.76923,13.4615,15,0.084389,0,0,1.50093,0,0
-5.76923,17.3077,15,2.63068,0,0,0.549638,0,0
-5.76923,21.1538,15,-1.98912,0,0,1.71348,0,0
-5.76923,25,15,-0.951419,0,0,1.07865,0,0
-5.76923,28.8462,15,-0.286608,0,0,0.322164,0,0
-5.76923,32.6923,15,0.151405,0,0,0.151567,0,0
-5.76923,36.5385,15,0.433845,0,0,-0.389615,0,0
-5.76923,40.3846,15,0.0950867,0,0,0.77423,0,0
-5.76923,44.2308,15,-0.0786392,0,0,0.871828,0,0
-5.76923,48.0769,15,0.864139,0,0,0.292321,0,0
-5.76923,51.9231,15,-0.57138,0,0,-0.71597,0,0
-5.76923,55.7692,15,0.8051,0,0,0.405398,0,0
-5.76923,59.6154,15,-0.619347,0,0,0.620858,0,0
-5.76923,63.4615,15,-0.774237,0,0,-0.345053,0,0
-5.76923,67.3077,15,-0.404338,0,0,-0.709201,0,0
-5.76923,71.1538,15,-0.283286,0,0,-0.731881,0,0
-5.76923,75,15,-0.446546,0,0,-0.607391,0,0
-1.92308,-75,15,0.70826,0,0,-0.298562,0,0
-1.92308,-71.1538,15,0.770814,0,0,0.224503,0,0
-1.92308,-67.3077,15,0.693868,0,0,0.471181,0,0
-1.92308,-63.4615,15,0.778111,0,0,0.401748,0,0
-1.92308,-59.6154,15,0.901631,0,0,-0.141376,0,0
-1.92308,-55.7692,15,0.16172,0,0,-0.933563,0,0
-1.92308,-51.9231,15,-0.948544,0,0,0.231406,0,0
-1.92308,-48.0769,15,0.992299,0,0,0.0199243,0,0
-1.92308,-44.2308,15,-0.660737,0,0,0.728603,0,0
-1.92308,-40.3846,15,-0.925996,0,0,-0.051666,0,0
-1.92308,-36.5385,15,-0.524843,0,0,0.582508,0,0
-1.92308,-32.6923,15,0.294576,0,0,-0.382333,0,0
-1.92308,-28.8462,15,-0.0825555,0,0,0.0550496,0,0
-1.92308,-25,15,-0.250399,0,0,-1.07899,0,0
-1.92308,-21.1538,15,1.63657,0,0,1.97651,0,0
-1.92308,-17.3077,15,-0.359231,0,0,3.44944,0,0
-1.92308,-13.4615,15,0.113624,0,0,0.177091,0,0
-1.92308,-9.61538,15,-7.78806,0,0,-0.581524,0,0
-1.92308,-5.76923,15,-15.1532,0,0,-8.59018,0,0
-1.92308,-1.92308,15,-77.3804,0,0,75.5537,0,0
-1.92308,1.92308,15,-77.3804,0,0,75.5537,0,0
-1.92308,5.76923,15,-15.1532,0,0,-8.59018,0,0
-1.92308,9.61538,15,-7.78806,0,0,-0.581524,0,0
-1.92308,13.4615,15,0.113624,0,0,0.177091,0,0
-1.92308,17.3077,15,-0.359231,0,0,3.44944,0,0
-1.92308,21.1538,15,1.63657,0,0,1.97651,0,0
-1.92308,25,15,-0.250399,0,0,-1.07899,0,0
-1.92308,28.8462,15,-0.0825555,0,0,0.0550496,0,0
-1.92308,32.6923,15,0.294576,0,0,-0.382333,0,0
-1.92308,36.5385,15,-0.524843,0,0,0.582508,0,0
-1.92308,40.3846,15,-0.925996,0,0,-0.051666,0,0
-1.92308,44.2308,15,-0.660737,0,0,0.728603,0,0
-1.92308,48.0769,15,0.992299,0,0,0.0199243,0,0
-1.92308,51.9231,15,-0.948544,0,0,0.231406,0,0
-1.92308,55.7692,15,0.16172,0,0,-0.933563,0,0
-1.92308,59.6154,15,0.901631,0,0,-0.141376,0,0
-1.92308,63.4615,15,0.778111,0,0,0.401748,0,0
-1.92308,67.3077,15,0.693868,0,0,0.471181,0,0
-1.92308,71.1538,15,0.770814,0,0,0.224503,0,0
-1.92308,75,15,0.70826,0,0,-0.298562,0,0
1.92308,-75,15,0.70826,0,0,-0.298562,0,0
1.92308,-71.1538,15,0.770814,0,0,0.224503,0,0
1.92308,-67.3077,15,0.693868,0,0,0.471181,0,0
1.92308,-63.4615,15,0.778111,0,0,0.401748,0,0
1.92308,-59.6154,15,0.901631,0,0,-0.141376,0,0
1.92308,-55.7692,15,0.16172,0,0,-0.933563,0,0
1.92308,-51.9231,15,-0.948544,0,0,0.231406,0,0
1.92308,-48.0769,15,0.992299,0,0,0.0199243,0,0
1.92308,-44.2308,15,-0.660737,0,0,0.728603,0,0
1.92308,-40.3846,15,-0.925996,0,0,-0.051666,0,0
1.92308,-36.5385,15,-0.524843,0,0,0.582508,0,0
1.92308,-32.6923,15,0.294576,0,0,-0.382333,0,0
1.92308,-28.8462,15,-0.0825555,0,0,0.0550496,0,0
1.92308,-25,15,-0.250399,0,0,-1.07899,0,0
1.92308,-21.1538,15,1.63657,0,0,1.97651,0,0
1.92308,-17.3077,15,-0.359231,0,0,3.44944,0,0
1.92308,-13.4615,15,0.113624,0,0,0.177091,0,0
1.92308,-9.61538,15,-7.78806,0,0,-0.581524,0,0
1.92308,-5.76923,15,-15.1532,0,0,-8.59018,0,0
1.92308,-1.92308,15,-77.3804,0,0,75.5537,0,0
1.92308,1.92308,15,-77.3804,0,0,75.5537,0,0
1.92308,5.76923,15,-15.1532,0,0,-8.59018,0,0
1.92308,9.61538,15,-7.78806,0,0,-0.581524,0,0
1.92308,13.4615,15,0.113624,0,0,0.177091,0,0
1.92308,17.3077,15,-0.359231,0,0,3.44944,0,0
1.92308,21.1538,15,1.63657,0,0,1.97651,0,0
1.92308,25,15,-0.250399,0,0,-1.07899,0,0
1.92308,28.8462,15,-0.0825555,0,0,0.0550496,0,0
1.92308,32.6923,15,0.294576,0,0,-0.382333,0,0
1.92308,36.5385,15,-0.524843,0,0,0.582508,0,0
1.92308,40.3846,15,-0.925996,0,0,-0.051666,0,0
1.92308,44.2308,15,-0.660737,0,0,0.728603,0,0
1.92308,48.0769,15,0.992299,0,0,0.0199243,0,0
1.92308,51.9231,15,-0.948544,0,0,0.231406,0,0
1.92308,55.7692,15,0.16172,0,0,-0.933563,0,0
1.92308,59.6154,15,0.901631,0,0,-0.141376,0,0
1.92308,63.4615,15,0.778111,0,0,0.401748,0,0
1.92308,67.3077,15,0.693868,0,0,0.471181,0,0
1.92308,71.1538,15,0.770814,0,0,0.224503,0,0
1.92308,75,15,0.70826,0,0,-0.298562,0,0
5.76923,-75,15,-0.446546,0,0,-0.607391,0,0
5.76923,-71.1538,15,-0.283286,0,0,-0.731881,0,0
5.76923,-67.3077,15,-0.404338,0,0,-0.709201,0,0
5.76923,-63.4615,15,-0.774237,0,0,-0.345053,0,0
5.76923,-59.6154,15,-0.619347,0,0,0.620858,0,0
5.76923,-55.7692,15,0.8051,0,0,0.405398,0,0
5.76923,-51.9231,15,-0.57138,0,0,-0.71597,0,0
5.76923,-48.0769,15,0.864139,0,0,0.292321,0,0
5.76923,-44.2308,15,-0.0786392,0,0,0.871828,0,0
5.76923,-40.3846,15,0.0950867,0,0,0.77423,0,0
5.76923,-36.5385,15,0.433845,0,0,-0.389615,0,0
5.76923,-32.6923,15,0.151405,0,0,0.151567,0,0
5.76923,-28.8462,15,-0.286608,0,0,0.322164,0,0
5.76923,-25,15,-0.951419,0,0,1.07865,0,0
5.76923,-21.1538,15,-1.98912,0,0,1.71348,0,0
5.76923,-17.3077,15,2.63068,0,0,0.549638,0,0
5.76923,-13.4615,15,0.084389,0,0,1.50093,0,0
5.76923,-9.61538,15,3.78265,0,0,3.91213,0,0
5.76923,-5.76923,15,-7.52063,0,0,-10.0559,0,0
5.76923,-1.92308,15,37.4894,0,0,24.5321,0,0
5.76923,1.92308,15,37.4894,0,0,24.5321,0,0
5.76923,5.76923,15,-7.52063,0,0,-10.0559,0,0
5.76923,9.61538,15,3.78265,0,0,3.91213,0,0
5.76923,13.4615,15,0.084389,0,0,1.50093,0,0
5.76923,17.3077,15,2.63068,0,0,0.549638,0,0
5.76923,21.1538,15,-1.98912,0,0,1.71348,0,0
5.76923,25,15,-0.951419,0,0,1.07865,0,0
5.76923,28.8462,15,-0.286608,0,0,0.322164,0,0
5.76923,32.6923,15,0.151405,0,0,0.151567,0,0
5.76923,36.5385,15,0.433845,0,0,-0.389615,0,0
5.76923,40.3846,15,0.0950867,0,0,0.77423,0,0
5.76923,44.2308,15,-0.0786392,0,0,0.871828,0,0
5.76923,48.0769,15,0.864139,0,0,0.292321,0,0
5.76923,51.9231,15,-0.57138,0,0,-0.71597,0,0
5.76923,55.7692,15,0.8051,0,0,0.405398,0,0
5.76923,59.6154,15,-0.619347,0,0,0.620858,0,0
5.76923,63.4615,15,-0.774237,0,0,-0.345053,0,0
5.76923,67.3077,15,-0.404338,0,0,-0.709201,0,0
5.76923,71.1538,15,-0.283286,0,0,-0.731881,0,0
5.76923,75,15,-0.446546,0,0,-0.607391,0,0
9.61538,-75,15,0.624383,0,0,0.363837,0,0
9.61538,-71.1538,15,0.746186,0,0,-0.0248453,0,0
9.61538,-67.3077,15,0.35296,0,0,-0.683356,0,0
9.61538,-63.4615,15,-0.725609,0,0,-0.308676,0,0
9.61538,-59.6154,15,0.283748,0,0,0.75023,0,0
9.61538,-55.7692,15,-0.294532,0,0,-0.74963,0,0
9.61538,-51.9231,15,0.775803,0,0,0.156531,0,0
9.61538,-48.0769,15,0.307095,0,0,0.682928,0,0
9.61538,-44.2308,15,0.533066,0,0,0.387934,0,0
9.61538,-40.3846,15,-0.0728856,0,0,-0.488738,0,0
9.61538,-36.5385,15,0.208762,0,0,-0.0240672,0,0
9.61538,-32.6923,15,-0.0649805,0,0,0.243288,0,0
9.61538,-28.8462,15,-0.917571,0,0,0.201803,0,0
9.61538,-25,15,0.902917,0,0,-1.54846,0,0
9.61538,-21.1538,15,1.7901,0,0,1.4869,0,0
9.61538,-17.3077,15,0.883129,0,0,-0.745539,0,0
9.61538,-13.4615,15,1.99839,0,0,1.8725,0,0
9.61538,-9.61538,15,2.00037,0,0,-0.00705881,0,0
9.61538,-5.76923,15,-5.23367,0,0,-5.34978,0,0
9.61538,-1.92308,15,-23.9418,0,0,-3.69795,0,0
9.61538,1.92308,15,-23.9418,0,0,-3.69795,0,0
9.61538,5.76923,15,-5.23367,0,0,-5.34978,0,0
9.61538,9.61538,15,2.00037,0,0,-0.00705881,0,0
9.61538,13.4615,15,1.99839,0,0,1.8725,0,0
9.61538,17.3077,15,0.883129,0,0,-0.745539,0,0
9.61538,21.1538,15,1.7901,0,0,1.4869,0,0
9.61538,25,15,0.902917,0,0,-1.54846,0,0
9.61538,28.8462,15,-0.917571,0,0,0.201803,0,0
9.61538,32.6923,15,-0.0649805,0,0,0.243288,0,0
9.61538,36.5385,15,0.208762,0,0,-0.0240672,0,0
9.61538,40.3846,15,-0.0728856,0,0,-0.488738,0,0
9.61538,44.2308,15,0.533066,0,0,0.387934,0,0
9.61538,48.0769,15,0.307095,0,0,0.682928,0,0
9.61538,51.9231,15,0.775803,0,0,0.156531,0,0
9.61538,55.7692,15,-0.294532,0,0,-0.74963,0,0
9.61538,59.6154,15,0.283748,0,0,0.75023,0,0
9.61538,63.4615,15,-0.725609,0,0,-0.308676,0,0
9.61538,67.3077,15,0.35296,0,0,-0.683356,0,0
9.61538,71.1538,15,0.746186,0,0,-0.0248453,0,0
9.61538,75,15,0.624383,0,0,0.363837,0,0
13.4615,-75,15,-0.0426564,0,0,0.670792,0,0
13.4615,-71.1538,15,0.678208,0,0,-0.0961884,0,0
13.4615,-67.3077,15,-0.571615,0,0,-0.392304,0,0
13.4615,-63.4615,15,0.566694,0,0,0.401104,0,0
13.4615,-59.6154,15,-0.666612,0,0,0.152643,0,0
13.4615,-55.7692,15,-0.319688,0,0,-0.572648,0,0
13.4615,-51.9231,15,-0.253115,0,0,-0.545012,0,0
13.4615,-48.0769,15,-0.489123,0,0,0.126974,0,0
13.4615,-44.2308,15,0.334426,0,0,-0.100614,0,0
13.4615,-40.3846,15,0.089764,0,0,0.0562437,0,0
13.4615,-36.5385,15,-0.0991523,0,0,0.236401,0,0
13.4615,-32.6923,15,-0.732341,0,0,0.182669,0,0
13.4615,-28.8462,15,1.08397,0,0,-0.792633,0,0
13.4615,-25,15,-1.51356,0,0,0.932768,0,0
13.4615,-21.1538,15,-0.399182,0,0,-1.37491,0,0
13.4615,-17.3077,15,0.373444,0,0,-0.300054,0,0
13.4615,-13.4615,15,-2.23833,0,0,1.41273,0,0
13.4615,-9.61538,15,-0.437188,0,0,-0.503066,0,0
13.4615,-5.76923,15,-0.771729,0,0,-3.484,0,0
13.4615,-1.92308,15,14.4013,0,0,1.86837,0,0
13.4615,1.92308,15,14.4013,0,0,1.86837,0,0
13.4615,5.76923,15,-0.771729,0,0,-3.484,0,0
13.4615,9.61538,15,-0.437188,0,0,-0.503066,0,0
13.4615,13.4615,15,-2.23833,0,0,1.41273,0,0
13.4615,17.3077,15,0.373444,0,0,-0.300054,0,0
13.4615,21.1538,15,-0.399182,0,0,-1.37491,0,0
13.4615,25,15,-1.51356,0,0,0.932768,0,0
13.4615,28.8462,15,1.08397,0,0,-0.792633,0,0
13.4615,32.6923,15,-0.732341,0,0,0.182669,0,0
13.4615,36.5385,15,-0.0991523,0,0,0.236401,0,0
13.4615,40.3846,15,0.089764,0,0,0.0562437,0,0
13.4615,44.2308,15,0.334426,0,0,-0.100614,0,0
13.4615,48.0769,15,-0.489123,0,0,0.126974,0,0
13.4615,51.9231,15,-0.253115,0,0,-0.545012,0,0
13.4615,55.7692,15,-0.319688,0,0,-0.572648,0,0
13.4615,59.6154,15,-0.666612,0,0,0.152643,0,0
13.4615,63.4615,15,0.566694,0,0,0.401104,0,0
13.4615,67.3077,15,-0.571615,0,0,-0.392304,0,0
13.4615,71.1538,15,0.678208,0,0,-0.0961884,0,0
13.4615,75,15,-0.0426564,0,0,0.670792,0,0
17.3077,-75,15,0.166828,0,0,0.575955,0,0
17.3077,-71.1538,15,-0.28181,0,0,-0.526478,0,0
17.3077,-67.3077,15,0.583813,0,0,0.0523901,0,0
17.3077,-63.4615,15,0.131927,0,0,0.54714,0,0
17.3077,-59.6154,15,0.0280481,0,0,0.520992,0,0
17.3077,-55.7692,15,0.410618,0,0,0.196917,0,0
17.3077,-51.9231,15,-0.182426,0,0,-0.302731,0,0
17.3077,-48.0769,15,0.199041,0,0,-0.0369686,0,0
17.3077,-44.2308,15,-0.0147395,0,0,-6.13892e-05,0,0
17.3077,-40.3846,15,0.308205,0,0,-0.0248359,0,0
17.3077,-36.5385,15,0.683105,0,0,0.0449533,0,0
17.3077,-32.6923,15,-0.827472,0,0,0.718863,0,0
17.3077,-28.8462,15,1.31035,0,0,-0.480887,0,0
17.3077,-25,15,-1.22077,0,0,0.310749,0,0
17.3077,-21.1538,15,-0.175667,0,0,-0.202921,0,0
17.3077,-17.3077,15,-1.06344,0,0,-0.885703,0,0
17.3077,-13.4615,15,1.11526,0,0,-1.05762,0,0
17.3077,-9.61538,15,1.38159,0,0,-1.09816,0,0
17.3077,-5.76923,15,1.11751,0,0,0.0402176,0,0
17.3077,-1.92308,15,1.17461,0,0,-9.12778,0,0
17.3077,1.92308,15,1.17461,0,0,-9.12778,0,0
17.3077,5.76923,15,1.11751,0,0,0.0402176,0,0
17.3077,9.61538,15,1.38159,0,0,-1.09816,0,0
17.3077,13.4615,15,1.11526,0,0,-1.05762,0,0
17.3077,17.3077,15,-1.06344,0,0,-0.885703,0,0
17.3077,21.1538,15,-0.175667,0,0,-0.202921,0,0
17.3077,25,15,-1.22077,0,0,0.310749,0,0
17.3077,28.8462,15,1.31035,0,0,-0.480887,0,0
17.3077,32.6923,15,-0.827472,0,0,0.718863,0,0
17.3077,36.5385,15,0.683105,0,0,0.0449533,0,0
17.3077,40.3846,15,0.308205,0,0,-0.0248359,0,0
17.3077,44.2308,15,-0.0147395,0,0,-6.13892e-05,0,0
17.3077,48.0769,15,0.199041,0,0,-0.0369686,0,0
17.3077,51.9231,15,-0.182426,0,0,-0.302731,0,0
17.3077,55.7692,15,0.410618,0,0,0.196917,0,0
17.3077,59.6154,15,0.0280481,0,0,0.520992,0,0
17.3077,63.4615,15,0.131927,0,0,0.54714,0,0
17.3077,67.3077,15,0.583813,0,0,0.0523901,0,0
17.3077,71.1538,15,-0.28181,0,0,-0.526478,0,0
17.3077,75,15,0.166828,0,0,0.575955,0,0
21.1538,-75,15,0.483256,0,0,-0.14265,0,0
21.1538,-71.1538,15,0.356028,0,0,0.325711,0,0
21.1538,-67.3077,15,0.310196,0,0,0.323956,0,0
21.1538,-63.4615,15,0.385853,0,0,-0.094597,0,0
21.1538,-59.6154,15,-0.27432,0,0,-0.170364,0,0
21.1538,-55.7692,15,0.214779,0,0,-0.0374187,0,0
21.1538,-51.9231,15,0.0676461,0,0,0.0299232,0,0
21.1538,-48.0769,15,-0.0618442,0,0,0.100478,0,0
21.1538,-44.2308,15,-0.144542,0,0,-0.331834,0,0
21.1538,-40.3846,15,-0.629222,0,0,-0.161728,0,0
21.1538,-36.5385,15,0.25362,0,0,-0.907038,0,0
21.1538,-32.6923,15,-0.394351,0,0,1.06903,0,0
21.1538,-28.8462,15,0.864027,0,0,-0.610346,0,0
21.1538,-25,15,-0.289993,0,0,0.370831,0,0
21.1538,-21.1538,15,0.469099,0,0,-0.396744,0,0
21.1538,-17.3077,15,0.876013,0,0,1.07586,0,0
21.1538,-13.4615,15,0.116036,0,0,0.326459,0,0
21.1538,-9.61538,15,1.38636,0,0,1.08373,0,0
21.1538,-5.76923,15,0.21372,0,0,-0.0344612,0,0
21.1538,-1.92308,15,-3.91096,0,0,-4.66492,0,0
21.1538,1.92308,15,-3.91096,0,0,-4.66492,0,0
21.1538,5.76923,15,0.21372,0,0,-0.0344612,0,0
21.1538,9.61538,15,1.38636,0,0,1.08373,0,0
21.1538,13.4615,15,0.116036,0,0,0.326459,0,0
21.1538,17.3077,15,0.876013,0,0,1.07586,0,0
21.1538,21.1538,15,0.469099,0,0,-0.396744,0,0
21.1538,25,15,-0.289993,0,0,0.370831,0,0
21.1538,28.8462,15,0.864027,0,0,-0.610346,0,0
21.1538,32.6923,15,-0.394351,0,0,1.06903,0,0
21.1538,36.5385,15,0.25362,0,0,-0.907038,0,0
21.1538,40.3846,15,-0.629222,0,0,-0.161728,0,0
21.1538,44.2308,15,-0.144542,0,0,-0.331834,0,0
21.1538,48.0769,15,-0.0618442,0,0,0.100478,0,0
21.1538,51.9231,15,0.0676461,0,0,0.0299232,0,0
21.1538,55.7692,15,0.214779,0,0,-0.0374187,0,0
21.1538,59.6154,15,-0.27432,0,0,-0.170364,0,0
21.1538,63.4615,15,0.385853,0,0,-0.094597,0,0
21.1538,67.3077,15,0.310196,0,0,0.323956,0,0
21.1538,71.1538,15,0.356028,0,0,0.325711,0,0
21.1538,75,15,0.483256,0,0,-0.14265,0,0
25,-75,15,-0.367851,0,0,-0.118121,0,0
25,-71.1538,15,-0.225828,0,0,0.259975,0,0
25,-67.3077,15,0.286058,0,0,-0.0119911,0,0
25,-63.4615,15,-0.175188,0,0,0.111751,0,0
25,-59.6154,15,-0.0916705,0,0,-0.0487343,0,0
25,-55.7692,15,0.0305158,0,0,-0.00429691,0,0
25,-51.9231,15,-0.198731,0,0,-0.0144876,0,0
25,-48.0769,15,-0.21986,0,0,-0.334911,0,0
25,-44.2308,15,-0.303574,0,0,0.543673,0,0
25,-40.3846,15,-0.77136,0,0,0.311285,0,0
25,-36.5385,15,0.639316,0,0,-0.71476,0,0
25,-32.6923,15,-0.87538,0,0,0.169019,0,0
25,-28.8462,15,0.451135,0,0,0.219312,0,0
25,-25,15,0.220638,0,0,-0.0601607,0,0
25,-21.1538,15,0.591354,0,0,-0.753326,0,0
25,-17.3077,15,0.853255,0,0,-0.234156,0,0
25,-13.4615,15,-0.348682,0,0,0.218929,0,0
25,-9.61538,15,0.600418,0,0,-1.16392,0,0
25,-5.76923,15,0.5241,0,0,-0.531186,0,0
25,-1.92308,15,1.0739,0,0,4.03936,0,0
25,1.92308,15,1.0739,0,0,4.03936,0,0
25,5.76923,15,0.5241,0,0,-0.531186,0,0
25,9.61538,15,0.600418,0,0,-1.16392,0,0
25,13.4615,15,-0.348682,0,0,0.218929,0,0
25,17.3077,15,0.853255,0,0,-0.234156,0,0
25,21.1538,15,0.591354,0,0,-0.753326,0,0
25,25,15,0.220638,0,0,-0.0601607,0,0
25,28.8462,15,0.451135,0,0,0.219312,0,0
25,32.6923,15,-0.87538,0,0,0.169019,0,0
25,36.5385,15,0.639316,0,0,-0.71476,0,0
25,40.3846,15,-0.77136,0,0,0.311285,0,0
25,44.2308,15,-0.303574,0,0,0.543673,0,0
25,48.0769,15,-0.21986,0,0,-0.334911,0,0
25,51.9231,15,-0.198731,0,0,-0.0144876,0,0
25,55.7692,15,0.0305158,0,0,-0.00429691,0,0
25,59.6154,15,-0.0916705,0,0,-0.0487343,0,0
25,63.4615,15,-0.175188,0,0,0.111751,0,0
25,67.3077,15,0.286058,0,0,-0.0119911,0,0
25,71.1538,15,-0.225828,0,0,0.259975,0,0
25,75,15,-0.367851,0,0,-0.118121,0,0
28.8462,-75,15,0.244981,0,0,0.0587824,0,0
28.8462,-71.1538,15,-0.185009,0,0,0.0440614,0,0
28.8462,-67.3077,15,-0.0539366,0,0,-0.0969055,0,0
28.8462,-63.4615,15,-0.00893494,0,0,-0.00666154,0,0
28.8462,-59.6154,15,0.0353743,0,0,-0.106242,0,0
28.8462,-55.7692,15,0.170757,0,0,0.193812,0,0
28.8462,-51.9231,15,0.36944,0,0,0.207703,0,0
28.8462,-48.0769,15,-0.533004,0,0,-0.265701,0,0
28.8462,-44.2308,15,-0.731563,0,0,-0.144559,0,0
28.8462,-40.3846,15,0.511904,0,0,-0.647037,0,0
28.8462,-36.5385,15,-0.692739,0,0,0.316525,0,0
28.8462,-32.6923,15,0.362941,0,0,0.313614,0,0
28.8462,-28.8462,15,0.00429673,0,0,0.0363001,0,0
28.8462,-25,15,-0.562086,0,0,-0.271159,0,0
28.8462,-21.1538,15,-0.696164,0,0,0.506263,0,0
28.8462,-17.3077,15,-0.289002,0,0,0.116764,0,0
28.8462,-13.4615,15,0.562811,0,0,-0.441409,0,0
28.8462,-9.61538,15,-0.778584,0,0,0.23124,0,0
28.8462,-5.76923,15,0.594017,0,0,-0.707978,0,0
28.8462,-1.92308,15,1.94261,0,0,-2.24157,0,0
28.8462,1.92308,15,1.94261,0,0,-2.24157,0,0
28.8462,5.76923,15,0.594017,0,0,-0.707978,0,0
28.8462,9.61538,15,-0.778584,0,0,0.23124,0,0
28.8462,13.4615,15,0.562811,0,0,-0.441409,0,0
28.8462,17.3077,15,-0.289002,0,0,0.116764,0,0
28.8462,21.1538,15,-0.696164,0,0,0.506263,0,0
28.8462,25,15,-0.562086,0,0,-0.271159,0,0
28.8462,28.8462,15,0.00429673,0,0,0.0363001,0,0
28.8462,32.6923,15,0.362941,0,0,0.313614,0,0
28.8462,36.5385,15,-0.692739,0,0,0.316525,0,0
28.8462,40.3846,15,0.511904,0,0,-0.647037,0,0
28.8462,44.2308,15,-0.731563,0,0,-0.144559,0,0
28.8462,48.0769,15,-0.533004,0,0,-0.265701,0,0
28.8462,51.9231,15,0.36944,0,0,0.207703,0,0
28.8462,55.7692,15,0.170757,0,0,0.193812,0,0
28.8462,59.6154,15,0.0353743,0,0,-0.106242,0,0
28.8462,63.4615,15,-0.00893494,0,0,-0.00666154,0,0
28.8462,67.3077,15,-0.0539366,0,0,-0.0969055,0,0
28.8462,71.1538,15,-0.185009,0,0,0.0440614,0,0
28.8462,75,15,0.244981,0,0,0.0587824,0,0
32.6923,-75,15,-0.106648,0,0,0.0211807,0,0
32.6923,-71.1538,15,-0.0306469,0,0,0.0063616,0,0
32.6923,-67.3077,15,-0.00778979,0,0,-0.0619223,0,0
32.6923,-63.4615,15,0.0618668,0,0,0.161427,0,0
32.6923,-59.6154,15,-0.136959,0,0,0.265356,0,0
32.6923,-55.7692,15,0.378499,0,0,0.212469,0,0
32.6923,-51.9231,15,-0.457682,0,0,0.334469,0,0
32.6923,-48.0769,15,0.166498,0,0,0.653673,0,0
32.6923,-44.2308,15,-0.653281,0,0,0.306109,0,0
32.6923,-40.3846,15,0.639242,0,0,-0.164154,0,0
32.6923,-36.5385,15,-0.185822,0,0,-0.402646,0,0
32.6923,-32.6923,15,-0.0587393,0,0,0.0174507,0,0
32.6923,-28.8462,15,-0.304156,0,0,-0.260035,0,0
32.6923,-25,15,0.693136,0,0,-0.142241,0,0
32.6923,-21.1538,15,0.181713,0,0,-0.525341,0,0
32.6923,-17.3077,15,-0.0817418,0,0,0.0743539,0,0
32.6923,-13.4615,15,-0.698602,0,0,0.209364,0,0
32.6923,-9.61538,15,-0.055253,0,0,0.411277,0,0
32.6923,-5.76923,15,0.594469,0,0,0.707869,0,0
32.6923,-1.92308,15,1.37246,0,0,-1.67721,0,0
32.6923,1.92308,15,1.37246,0,0,-1.67721,0,0
32.6923,5.76923,15,0.594469,0,0,0.707869,0,0
32.6923,9.61538,15,-0.055253,0,0,0.411277,0,0
32.6923,13.4615,15,-0.698602,0,0,0.209364,0,0
32.6923,17.3077,15,-0.0817418,0,0,0.0743539,0,0
32.6923,21.1538,15,0.181713,0,0,-0.525341,0,0
32.6923,25,15,0.693136,0,0,-0.142241,0,0
32.6923,28.8462,15,-0.304156,0,0,-0.260035,0,0
32.6923,32.6923,15,-0.0587393,0,0,0.0174507,0,0
32.6923,36.5385,15,-0.185822,0,0,-0.402646,0,0
32.6923,40.3846,15,0.639242,0,0,-0.164154,0,0
32.6923,44.2308,15,-0.653281,0,0,0.306109,0,0
32.6923,48.0769,15,0.166498,0,0,0.653673,0,0
32.6923,51.9231,15,-0.457682,0,0,0.334469,0,0
32.6923,55.7692,15,0.378499,0,0,0.212469,0,0
32.6923,59.6154,15,-0.136959,0,0,0.265356,0,0
32.6923,63.4615,15,0.0618668,0,0,0.161427,0,0
32.6923,67.3077,15,-0.00778979,0,0,-0.0619223,0,0
32.6923,71.1538,15,-0.0306469,0,0,0.0063616,0,0
32.6923,75,15,-0.106648,0,0,0.0211807,0,0
36.5385,-75,15,-0.0273872,0,0,0.0182952,0,0
36.5385,-71.1538,15,0.114939,0,0,-0.0311921,0,0
36.5385,-67.3077,15,0.0316343,0,0,0.214736,0,0
36.5385,-63.4615,15,0.153017,0,0,0.285817,0,0
36.5385,-59.6154,15,-0.00569651,0,0,-0.434549,0,0
36.5385,-55.7692,15,0.439774,0,0,-0.308465,0,0
36.5385,-51.9231,15,-0.547987,0,0,-0.276797,0,0
36.5385,-48.0769,15,-0.23114,0,0,-0.59546,0,0
36.5385,-44.2308,15,0.286154,0,0,0.503687,0,0
36.5385,-40.3846,15,0.336032,0,0,-0.227514,0,0
36.5385,-36.5385,15,0.0265323,0,0,-0.108517,0,0
36.5385,-32.6923,15,0.107665,0,0,0.228995,0,0
36.5385,-28.8462,15,0.499827,0,0,-0.234772,0,0
36.5385,-25,15,-0.383414,0,0,0.442961,0,0
36.5385,-21.1538,15,-0.0566746,0,0,0.22215,0,0
36.5385,-17.3077,15,0.342152,0,0,0.0096191,0,0
36.5385,-13.4615,15,-0.194264,0,0,0.57765,0,0
36.5385,-9.61538,15,-0.137765,0,0,0.0247637,0,0
36.5385,-5.76923,15,0.643121,0,0,-0.556405,0,0
36.5385,-1.92308,15,-1.09486,0,0,1.19981,0,0
36.5385,1.92308,15,-1.09486,0,0,1.19981,0,0
36.5385,5.76923,15,0.643121,0,0,-0.556405,0,0
36.5385,9.61538,15,-0.137765,0,0,0.0247637,0,0
36.5385,13.4615,15,-0.194264,0,0,0.57765,0,0
36.5385,17.3077,15,0.342152,0,0,0.0096191,0,0
36.5385,21.1538,15,-0.0566746,0,0,0.22215,0,0
36.5385,25,15,-0.383414,0,0,0.442961,0,0
36.5385,28.8462,15,0.499827,0,0,-0.234772,0,0
36.5385,32.6923,15,0.107665,0,0,0.228995,0,0
36.5385,36.5385,15,0.0265323,0,0,-0.108517,0,0
36.5385,40.3846,15,0.336032,0,0,-0.227514,0,0
36.5385,44.2308,15,0.286154,0,0,0.503687,0,0
36.5385,48.0769,15,-0.23114,0,0,-0.59546,0,0
36.5385,51.9231,15,-0.547987,0,0,-0.276797,0,0
36.5385,55.7692,15,0.439774,0,0,-0.308465,0,0
36.5385,59.6154,15,-0.00569651,0,0,-0.434549,0,0
36.5385,63.4615,15,0.153017,0,0,0.285817,0,0
36.5385,67.3077,15,0.0316343,0,0,0.214736,0,0
36.5385,71.1538,15,0.114939,0,0,-0.0311921,0,0
36.5385,75,15,-0.0273872,0,0,0.0182952,0,0
40.3846,-75,15,0.121101,0,0,-0.107556,0,0
40.3846,-71.1538,15,0.243827,0,0,-0.0450188,0,0
40.3846,-67.3077,15,-0.023154,0,0,-0.33787,0,0
40.3846,-63.4615,15,0.255758,0,0,0.343583,0,0
40.3846,-59.6154,15,0.295631,0,0,0.412334,0,0
40.3846,-55.7692,15,-0.196319,0,0,-0.52599,0,0
40.3846,-51.9231,15,-0.13698,0,0,-0.554522,0,0
40.3846,-48.0769,15,0.345239,0,0,0.381019,0,0
40.3846,-44.2308,15,0.2586,0,0,-0.26581,0,0
40.3846,-40.3846,15,0.0694852,0,0,-0.118472,0,0
40.3846,-36.5385,15,-0.127851,0,0,0.0883263,0,0
40.3846,-32.6923,15,-0.409212,0,0,0.109409,0,0
40.3846,-28.8462,15,-0.326992,0,0,0.425287,0,0
40.3846,-25,15,0.348452,0,0,-0.148216,0,0
40.3846,-21.1538,15,-0.02607,0,0,-0.00484721,0,0
40.3846,-17.3077,15,0.422016,0,0,-0.0554525,0,0
40.3846,-13.4615,15,-0.37379,0,0,-0.254004,0,0
40.3846,-9.61538,15,0.00331237,0,0,-0.0363163,0,0
40.3846,-5.76923,15,0.0888012,0,0,0.747422,0,0
40.3846,-1.92308,15,-1.24294,0,0,-0.0680991,0,0
40.3846,1.92308,15,-1.24294,0,0,-0.0680991,0,0
40.3846,5.76923,15,0.0888012,0,0,0.747422,0,0
40.3846,9.61538,15,0.00331237,0,0,-0.0363163,0,0
40.3846,13.4615,15,-0.37379,0,0,-0.254004,0,0
40.3846,17.3077,15,0.422016,0,0,-0.0554525,0,0
40.3846,21.1538,15,-0.02607,0,0,-0.00484721,0,0
40.3846,25,15,0.348452,0,0,-0.148216,0,0
40.3846,28.8462,15,-0.326992,0,0,0.425287,0,0
40.3846,32.6923,15,-0.409212,0,0,0.109409,0,0
40.3846,36.5385,15,-0.127851,0,0,0.0883263,0,0
40.3846,40.3846,15,0.0694852,0,0,-0.118472,0,0
40.3846,44.2308,15,0.2586,0,0,-0.26581,0,0
40.3846,48.0769,15,0.345239,0,0,0.381019,0,0
40.3846,51.9231,15,-0.13698,0,0,-0.554522,0,0
40.3846,55.7692,15,-0.196319,0,0,-0.52599,0,0
40.3846,59.6154,15,0.295631,0,0,0.412334,0,0
40.3846,63.4615,15,0.255758,0,0,0.343583,0,0
40.3846,67.3077,15,-0.023154,0,0,-0.33787,0,0
40.3846,71.1538,15,0.243827,0,0,-0.0450188,0,0
40.3846,75,15,0.121101,0,0,-0.107556,0,0
44.2308,-75,15,-0.265238,0,0,0.0419574,0,0
44.2308,-71.1538,15,0.303796,0,0,0.16341,0,0
44.2308,-67.3077,15,-0.207409,0,0,0.362409,0,0
44.2308,-63.4615,15,0.161517,0,0,0.450117,0,0
44.2308,-59.6154,15,-0.381775,0,0,-0.346434,0,0
44.2308,-55.7692,15,-0.495944,0,0,-0.138833,0,0
44.2308,-51.9231,15,0.388976,0,0,-0.246953,0,0
44.2308,-48.0769,15,-0.209626,0,0,-0.267246,0,0
44.2308,-44.2308,15,-0.0774428,0,0,-0.127891,0,0
44.2308,-40.3846,15,-0.061486,0,0,0.0648843,0,0
44.2308,-36.5385,15,-0.162306,0,0,-0.279414,0,0
44.2308,-32.6923,15,0.418374,0,0,-0.202312,0,0
44.2308,-28.8462,15,0.416386,0,0,0.0754429,0,0
44.2308,-25,15,0.0802275,0,0,-0.149636,0,0
44.2308,-21.1538,15,-0.0827303,0,0,-0.169924,0,0
44.2308,-17.3077,15,-0.382728,0,0,0.166636,0,0
44.2308,-13.4615,15,-0.288653,0,0,0.093366,0,0
44.2308,-9.61538,15,0.109607,0,0,0.084761,0,0
44.2308,-5.76923,15,-0.0569614,0,0,0.651496,0,0
44.2308,-1.92308,15,-0.650248,0,0,0.723514,0,0
44.2308,1.92308,15,-0.650248,0,0,0.723514,0,0
44.2308,5.76923,15,-0.0569614,0,0,0.651496,0,0
44.2308,9.61538,15,0.109607,0,0,0.084761,0,0
44.2308,13.4615,15,-0.288653,0,0,0.093366,0,0
44.2308,17.3077,15,-0.382728,0,0,0.166636,0,0
44.2308,21.1538,15,-0.0827303,0,0,-0.169924,0,0
44.2308,25,15,0.0802275,0,0,-0.149636,0,0
44.2308,28.8462,15,0.416386,0,0,0.0754429,0,0
44.2308,32.6923,15,0.418374,0,0,-0.202312,0,0
44.2308,36.5385,15,-0.162306,0,0,-0.279414,0,0
44.2308,40.3846,15,-0.061486,0,0,0.0648843,0,0
44.2308,44.2308,15,-0.0774428,0,0,-0.127891,0,0
44.2308,48.0769,15,-0.209626,0,0,-0.267246,0,0
44.2308,51.9231,15,0.388976,0,0,-0.246953,0,0
44.2308,55.7692,15,-0.495944,0,0,-0.138833,0,0
44.2308,59.6154,15,-0.381775,0,0,-0.346434,0,0
44.2308,63.4615,15,0.161517,0,0,0.450117,0,0
44.2308,67.3077,15,-0.207409,0,0,0.362409,0,0
44.2308,71.1538,15,0.303796,0,0,0.16341,0,0
44.2308,75,15,-0.265238,0,0,0.0419574,0,0
48.0769,-75,15,0.0445746,0,0,0.342495,0,0
48.0769,-71.1538,15,-0.2173,0,0,0.340583,0,0
48.0769,-67.3077,15,0.40329,0,0,0.200244,0,0
48.0769,-63.4615,15,-0.35591,0,0,0.314755,0,0
48.0769,-59.6154,15,0.0724944,0,0,0.461973,0,0
48.0769,-55.7692,15,-0.403986,0,0,-0.100538,0,0
48.0769,-51.9231,15,-0.0240227,0,0,0.311283,0,0
48.0769,-48.0769,15,-0.0694264,0,0,0.137642,0,0
48.0769,-44.2308,15,0.0278526,0,0,0.0339703,0,0
48.0769,-40.3846,15,-0.166896,0,0,-0.180689,0,0
48.0769,-36.5385,15,0.146172,0,0,0.364537,0,0
48.0769,-32.6923,15,-0.108235,0,0,-0.4016,0,0
48.0769,-28.8462,15,0.247211,0,0,0.118229,0,0
48.0769,-25,15,-0.000572825,0,0,0.00161521,0,0
48.0769,-21.1538,15,-0.127223,0,0,0.238871,0,0
48.0769,-17.3077,15,-0.356447,0,0,0.0688318,0,0
48.0769,-13.4615,15,0.173642,0,0,-0.0508392,0,0
48.0769,-9.61538,15,0.078834,0,0,0.177208,0,0
48.0769,-5.76923,15,0.535015,0,0,0.177167,0,0
48.0769,-1.92308,15,0.773255,0,0,0.0106179,0,0
48.0769,1.92308,15,0.773255,0,0,0.0106179,0,0
48.0769,5.76923,15,0.535015,0,0,0.177167,0,0
48.0769,9.61538,15,0.078834,0,0,0.177208,0,0
48.0769,13.4615,15,0.173642,0,0,-0.0508392,0,0
48.0769,17.3077,15,-0.356447,0,0,0.0688318,0,0
48.0769,21.1538,15,-0.127223,0,0,0.238871,0,0
48.0769,25,15,-0.000572825,0,0,0.00161521,0,0
48.0769,28.8462,15,0.247211,0,0,0.118229,0,0
48.0769,32.6923,15,-0.108235,0,0,-0.4016,0,0
48.0769,36.5385,15,0.146172,0,0,0.364537,0,0
48.0769,40.3846,15,-0.166896,0,0,-0.180689,0,0
48.0769,44.2308,15,0.0278526,0,0,0.0339703,0,0
48.0769,48.0769,15,-0.0694264,0,0,0.137642,0,0
48.0769,51.9231,15,-0.0240227,0,0,0.311283,0,0
48.0769,55.7692,15,-0.403986,0,0,-0.100538,0,0
48.0769,59.6154,15,0.0724944,0,0,0.461973,0,0
48.0769,63.4615,15,-0.35591,0,0,0.314755,0,0
48.0769,67.3077,15,0.40329,0,0,0.200244,0,0
48.0769,71.1538,15,-0.2173,0,0,0.340583,0,0
48.0769,75,15,0.0445746,0,0,0.342495,0,0
51.9231,-75,15,0.117241,0,0,0.370752,0,0
51.9231,-71.1538,15,0.168082,0,0,-0.389066,0,0
51.9231,-67.3077,15,0.434262,0,0,0.0669199,0,0
51.9231,-63.4615,15,0.0943693,0,0,-0.416645,0,0
51.9231,-59.6154,15,0.36126,0,0,0.11416,0,0
51.9231,-55.7692,15,0.0155362,0,0,-0.287742,0,0
51.9231,-51.9231,15,0.0932397,0,0,-0.123248,0,0
51.9231,-48.0769,15,0.000156643,0,0,-0.0120985,0,0
51.9231,-44.2308,15,-0.156673,0,0,0.101632,0,0
51.9231,-40.3846,15,0.0819672,0,0,0.317765,0,0
51.9231,-36.5385,15,0.346379,0,0,0.16963,0,0
51.9231,-32.6923,15,0.254913,0,0,-0.192082,0,0
51.9231,-28.8462,15,-0.113849,0,0,-0.0620615,0,0
51.9231,-25,15,-0.115784,0,0,-0.00289578,0,0
51.9231,-21.1538,15,-0.266917,0,0,-0.124317,0,0
51.9231,-17.3077,15,0.15518,0,0,0.247035,0,0
51.9231,-13.4615,15,0.0398501,0,0,0.0775962,0,0
51.9231,-9.61538,15,0.21514,0,0,0.0421771,0,0
51.9231,-5.76923,15,-0.305403,0,0,-0.376035,0,0
51.9231,-1.92308,15,-0.605232,0,0,0.152406,0,0
51.9231,1.92308,15,-0.605232,0,0,0.152406,0,0
51.9231,5.76923,15,-0.305403,0,0,-0.376035,0,0
51.9231,9.61538,15,0.21514,0,0,0.0421771,0,0
51.9231,13.4615,15,0.0398501,0,0,0.0775962,0,0
51.9231,17.3077,15,0.15518,0,0,0.247035,0,0
51.9231,21.1538,15,-0.266917,0,0,-0.124317,0,0
51.9231,25,15,-0.115784,0,0,-0.00289578,0,0
51.9231,28.8462,15,-0.113849,0,0,-0.0620615,0,0
51.9231,32.6923,15,0.254913,0,0,-0.192082,0,0
51.9231,36.5385,15,0.346379,0,0,0.16963,0,0
51.9231,40.3846,15,0.0819672,0,0,0.317765,0,0
51.9231,44.2308,15,-0.156673,0,0,0.101632,0,0
51.9231,48.0769,15,0.000156643,0,0,-0.0120985,0,0
51.9231,51.9231,15,0.0932397,0,0,-0.123248,0,0
51.9231,55.7692,15,0.0155362,0,0,-0.287742,0,0
51.9231,59.6154,15,0.36126,0,0,0.11416,0,0
51.9231,63.4615,15,0.0943693,0,0,-0.416645,0,0
51.9231,67.3077,15,0.434262,0,0,0.0669199,0,0
51.9231,71.1538,15,0.168082,0,0,-0.389066,0,0
51.9231,75,15,0.117241,0,0,0.370752,0,0
55.7692,-75,15,-0.373477,0,0,0.140514,0,0
55.7692,-71.1538,15,-0.380671,0,0,-0.145837,0,0
55.7692,-67.3077,15,0.00993575,0,0,0.392242,0,0
55.7692,-63.4615,15,-0.337025,0,0,0.0824978,0,0
55.7692,-59.6154,15,0.147938,0,0,0.222349,0,0
55.7692,-55.7692,15,-0.02464,0,0,0.150494,0,0
55.7692,-51.9231,15,0.00120624,0,0,-0.0104901,0,0
55.7692,-48.0769,15,0.13721,0,0,0.0326554,0,0
55.7692,-44.2308,15,0.26338,0,0,0.0709827,0,0
55.7692,-40.3846,15,0.124993,0,0,0.323792,0,0
55.7692,-36.5385,15,-0.267215,0,0,0.192716,0,0
55.7692,-32.6923,15,-0.182367,0,0,-0.0989848,0,0
55.7692,-28.8462,15,-0.00625227,0,0,-0.00872281,0,0
55.7692,-25,15,0.178866,0,0,-0.0465273,0,0
55.7692,-21.1538,15,-0.277363,0,0,0.0520752,0,0
55.7692,-17.3077,15,-0.200262,0,0,-0.0908078,0,0
55.7692,-13.4615,15,0.0105912,0,0,0.0157787,0,0
55.7692,-9.61538,15,-0.0848083,0,0,-0.209567,0,0
55.7692,-5.76923,15,0.373949,0,0,0.183705,0,0
55.7692,-1.92308,15,0.0831133,0,0,-0.503684,0,0
55.7692,1.92308,15,0.0831133,0,0,-0.503684,0,0
55.7692,5.76923,15,0.373949,0,0,0.183705,0,0
55.7692,9.61538,15,-0.0848083,0,0,-0.209567,0,0
55.7692,13.4615,15,0.0105912,0,0,0.0157787,0,0
55.7692,17.3077,15,-0.200262,0,0,-0.0908078,0,0
55.7692,21.1538,15,-0.277363,0,0,0.0520752,0,0
55.7692,25,15,0.178866,0,0,-0.0465273,0,0
55.7692,28.8462,15,-0.00625227,0,0,-0.00872281,0,0
55.7692,32.6923,15,-0.182367,0,0,-0.0989848,0,0
55.7692,36.5385,15,-0.267215,0,0,0.192716,0,0
55.7692,40.3846,15,0.124993,0,0,0.323792,0,0
55.7692,44.2308,15,0.26338,0,0,0.0709827,0,0
55.7692,48.0769,15,0.13721,0,0,0.0326554,0,0
55.7692,51.9231,15,0.00120624,0,0,-0.0104901,0,0
55.7692,55.7692,15,-0.02464,0,0,0.150494,0,0
55.7692,59.6154,15,0.147938,0,0,0.222349,0,0
55.7692,63.4615,15,-0.337025,0,0,0.0824978,0,0
55.7692,67.3077,15,0.00993575,0,0,0.392242,0,0
55.7692,71.1538,15,-0.380671,0,0,-0.145837,0,0
55.7692,75,15,-0.373477,0,0,0.140514,0,0
59.6154,-75,15,0.379248,0,0,0.00912401,0,0
59.6154,-71.1538,15,-0.258063,0,0,-0.254014,0,0
59.6154,-67.3077,15,0.0892748,0,0,-0.306812,0,0
59.6154,-63.4615,15,-0.245203,0,0,0.040376,0,0
59.6154,-59.6154,15,-0.11342,0,0,-0.0967668,0,0
59.6154,-55.7692,15,0.0143852,0,0,0.022582,0,0
59.6154,-51.9231,15,-0.100928,0,0,-0.0306699,0,0
59.6154,-48.0769,15,-0.0371452,0,0,-0.223129,0,0
59.6154,-44.2308,15,0.229656,0,0,0.204132,0,0
59.6154,-40.3846,15,-0.189771,0,0,-0.258156,0,0
59.6154,-36.5385,15,0.00657759,0,0,0.248859,0,0
59.6154,-32.6923,15,0.0458933,0,0,-0.0911754,0,0
59.6154,-28.8462,15,0.0201882,0,0,-0.0738058,0,0
59.6154,-25,15,0.191421,0,0,0.100916,0,0
59.6154,-21.1538,15,0.21515,0,0,0.128344,0,0
59.6154,-17.3077,15,-0.0117607,0,0,-0.154913,0,0
59.6154,-13.4615,15,-0.0281164,0,0,0.00630097,0,0
59.6154,-9.61538,15,0.0811879,0,0,0.206696,0,0
59.6154,-5.76923,15,-0.250967,0,0,0.256967,0,0
59.6154,-1.92308,15,0.416897,0,0,-0.0689176,0,0
59.6154,1.92308,15,0.416897,0,0,-0.0689176,0,0
59.6154,5.76923,15,-0.250967,0,0,0.256967,0,0
59.6154,9.61538,15,0.0811879,0,0,0.206696,0,0
59.6154,13.4615,15,-0.0281164,0,0,0.00630097,0,0
59.6154,17.3077,15,-0.0117607,0,0,-0.154913,0,0
59.6154,21.1538,15,0.21515,0,0,0.128344,0,0
59.6154,25,15,0.191421,0,0,0.100916,0,0
59.6154,28.8462,15,0.0201882,0,0,-0.0738058,0,0
59.6154,32.6923,15,0.0458933,0,0,-0.0911754,0,0
59.6154,36.5385,15,0.00657759,0,0,0.248859,0,0
59.6154,40.3846,15,-0.189771,0,0,-0.258156,0,0
59.6154,44.2308,15,0.229656,0,0,0.204132,0,0
59.6154,48.0769,15,-0.0371452,0,0,-0.223129,0,0
59.6154,51.9231,15,-0.100928,0,0,-0.0306699,0,0
59.6154,55.7692,15,0.0143852,0,0,0.022582,0,0
59.6154,59.6154,15,-0.11342,0,0,-0.0967668,0,0
59.6154,63.4615,15,-0.245203,0,0,0.040376,0,0
59.6154,67.3077,15,0.0892748,0,0,-0.306812,0,0
59.6154,71.1538,15,-0.258063,0,0,-0.254014,0,0
59.6154,75,15,0.379248,0,0,0.00912401,0,0
63.4615,-75,15,0.305544,0,0,-0.138854,0,0
63.4615,-71.1538,15,0.273707,0,0,0.111973,0,0
63.4615,-67.3077,15,-0.0366398,0,0,-0.22919,0,0
63.4615,-63.4615,15,0.104435,0,0,-0.100521,0,0
63.4615,-59.6154,15,-0.0380588,0,0,0.00581291,0,0
63.4615,-55.7692,15,0.0751257,0,0,-0.0193737,0,0
63.4615,-51.9231,15,-0.0397249,0,0,0.18308,0,0
63.4615,-48.0769,15,0.200181,0,0,-0.180477,0,0
63.4615,-44.2308,15,-0.104871,0,0,-0.282582,0,0
63.4615,-40.3846,15,-0.161531,0,0,-0.211553,0,0
63.4615,-36.5385,15,-0.0785554,0,0,-0.142461,0,0
63.4615,-32.6923,15,-0.00416067,0,0,-0.0132653,0,0
63.4615,-28.8462,15,0.0945241,0,0,0.0940182,0,0
63.4615,-25,15,0.1851,0,0,-0.121992,0,0
63.4615,-21.1538,15,-0.20353,0,0,0.0540317,0,0
63.4615,-17.3077,15,-0.0257545,0,0,-0.0976951,0,0
63.4615,-13.4615,15,0.0502412,0,0,0.0345302,0,0
63.4615,-9.61538,15,-0.196251,0,0,-0.0802377,0,0
63.4615,-5.76923,15,-0.285188,0,0,-0.123356,0,0
63.4615,-1.92308,15,0.315466,0,0,0.159529,0,0
63.4615,1.92308,15,0.315466,0,0,0.159529,0,0
63.4615,5.76923,15,-0.285188,0,0,-0.123356,0,0
63.4615,9.61538,15,-0.196251,0,0,-0.0802377,0,0
63.4615,13.4615,15,0.0502412,0,0,0.0345302,0,0
63.4615,17.3077,15,-0.0257545,0,0,-0.0976951,0,0
63.4615,21.1538,15,-0.20353,0,0,0.0540317,0,0
63.4615,25,15,0.1851,0,0,-0.121992,0,0
63.4615,28.8462,15,0.0945241,0,0,0.0940182,0,0
63.4615,32.6923,15,-0.00416067,0,0,-0.0132653,0,0
63.4615,36.5385,15,-0.0785554,0,0,-0.142461,0,0
63.4615,40.3846,15,-0.161531,0,0,-0.211553,0,0
63.4615,44.2308,15,-0.104871,0,0,-0.282582,0,0
63.4615,48.0769,15,0.200181,0,0,-0.180477,0,0
63.4615,51.9231,15,-0.0397249,0,0,0.18308,0,0
63.4615,55.7692,15,0.0751257,0,0,-0.0193737,0,0
63.4615,59.6154,15,-0.0380588,0,0,0.00581291,0,0
63.4615,63.4615,15,0.104435,0,0,-0.100521,0,0
63.4615,67.3077,15,-0.0366398,0,0,-0.22919,0,0
63.4615,71.1538,15,0.273707,0,0,0.111973,0,0
63.4615,75,15,0.305544,0,0,-0.138854,0,0
67.3077,-75,15,-0.0387459,0,0,0.272155,0,0
67.3077,-71.1538,15,0.190381,0,0,-0.105244,0,0
67.3077,-67.3077,15,0.121113,0,0,0.0711529,0,0
67.3077,-63.4615,15,-0.00704381,0,0,-0.04647,0,0
67.3077,-59.6154,15,-0.0147431,0,0,0.0535091,0,0
67.3077,-55.7692,15,-0.00531334,0,0,-0.15489,0,0
67.3077,-51.9231,15,-0.232763,0,0,-0.0337234,0,0
67.3077,-48.0769,15,-0.250217,0,0,-0.12114,0,0
67.3077,-44.2308,15,0.130525,0,0,-0.234114,0,0
67.3077,-40.3846,15,0.0160285,0,0,0.198785,0,0
67.3077,-36.5385,15,-0.0126697,0,0,-0.0814935,0,0
67.3077,-32.6923,15,-0.0100046,0,0,-0.0524783,0,0
67.3077,-28.8462,15,0.0816162,0,0,0.143309,0,0
67.3077,-25,15,-0.209837,0,0,0.0124449,0,0
67.3077,-21.1538,15,-0.119339,0,0,-0.120006,0,0
67.3077,-17.3077,15,-0.0570389,0,0,-0.00405331,0,0
67.3077,-13.4615,15,-0.0680941,0,0,-0.0449597,0,0
67.3077,-9.61538,15,0.0886476,0,0,-0.178073,0,0
67.3077,-5.76923,15,-0.136278,0,0,-0.232929,0,0
67.3077,-1.92308,15,0.248425,0,0,0.165653,0,0
67.3077,1.92308,15,0.248425,0,0,0.165653,0,0
67.3077,5.76923,15,-0.136278,0,0,-0.232929,0,0
67.3077,9.61538,15,0.0886476,0,0,-0.178073,0,0
67.3077,13.4615,15,-0.0680941,0,0,-0.0449597,0,0
67.3077,17.3077,15,-0.0570389,0,0,-0.00405331,0,0
67.3077,21.1538,15,-0.119339,0,0,-0.120006,0,0
67.3077,25,15,-0.209837,0,0,0.0124449,0,0
67.3077,28.8462,15,0.0816162,0,0,0.143309,0,0
67.3077,32.6923,15,-0.0100046,0,0,-0.0524783,0,0
67.3077,36.5385,15,-0.0126697,0,0,-0.0814935,0,0
67.3077,40.3846,15,0.0160285,0,0,0.198785,0,0
67.3077,44.2308,15,0.130525,0,0,-0.234114,0,0
67.3077,48.0769,15,-0.250217,0,0,-0.12114,0,0
67.3077,51.9231,15,-0.232763,0,0,-0.0337234,0,0
67.3077,55.7692,15,-0.00531334,0,0,-0.15489,0,0
67.3077,59.6154,15,-0.0147431,0,0,0.0535091,0,0
67.3077,63.4615,15,-0.00704381,0,0,-0.04647,0,0
67.3077,67.3077,15,0.121113,0,0,0.0711529,0,0
67.3077,71.1538,15,0.190381,0,0,-0.105244,0,0
67.3077,75,15,-0.0387459,0,0,0.272155,0,0
71.1538,-75,15,0.186569,0,0,0.0838412,0,0
71.1538,-71.1538,15,0.00744353,0,0,0.13566,0,0
71.1538,-67.3077,15,0.0466766,0,0,-0.0254312,0,0
71.1538,-63.4615,15,-0.0353158,0,0,-0.0137268,0,0
71.1538,-59.6154,15,0.0920281,0,0,0.0889706,0,0
71.1538,-55.7692,15,0.191706,0,0,0.0715624,0,0
71.1538,-51.9231,15,-0.0982872,0,0,0.233439,0,0
71.1538,-48.0769,15,0.137902,0,0,-0.22114,0,0
71.1538,-44.2308,15,-0.193918,0,0,-0.101506,0,0
71.1538,-40.3846,15,-0.128646,0,0,0.0251979,0,0
71.1538,-36.5385,15,-0.0142225,0,0,0.00313668,0,0
71.1538,-32.6923,15,0.0985289,0,0,-0.0187095,0,0
71.1538,-28.8462,15,0.171907,0,0,-0.0437649,0,0
71.1538,-25,15,0.121493,0,0,-0.145012,0,0
71.1538,-21.1538,15,-0.0977215,0,0,-0.0862361,0,0
71.1538,-17.3077,15,0.0109824,0,0,0.0200454,0,0
71.1538,-13.4615,15,0.092723,0,0,-0.014994,0,0
71.1538,-9.61538,15,0.184366,0,0,-0.00895481,0,0
71.1538,-5.76923,15,-0.087424,0,0,-0.218536,0,0
71.1538,-1.92308,15,0.244829,0,0,0.0690905,0,0
71.1538,1.92308,15,0.244829,0,0,0.0690905,0,0
71.1538,5.76923,15,-0.087424,0,0,-0.218536,0,0
71.1538,9.61538,15,0.184366,0,0,-0.00895481,0,0
71.1538,13.4615,15,0.092723,0,0,-0.014994,0,0
71.1538,17.3077,15,0.0109824,0,0,0.0200454,0,0
71.1538,21.1538,15,-0.0977215,0,0,-0.0862361,0,0
71.1538,25,15,0.121493,0,0,-0.145012,0,0
71.1538,28.8462,15,0.171907,0,0,-0.0437649,0,0
71.1538,32.6923,15,0.0985289,0,0,-0.0187095,0,0
71.1538,36.5385,15,-0.0142225,0,0,0.00313668,0,0
71.1538,40.3846,15,-0.128646,0,0,0.0251979,0,0
71.1538,44.2308,15,-0.193918,0,0,-0.101506,0,0
71.1538,48.0769,15,0.137902,0,0,-0.22114,0,0
71.1538,51.9231,15,-0.0982872,0,0,0.233439,0,0
71.1538,55.7692,15,0.191706,0,0,0.0715624,0,0
71.1538,59.6154,15,0.0920281,0,0,0.0889706,0,0
71.1538,63.4615,15,-0.0353158,0,0,-0.0137268,0,0
71.1538,67.3077,15,0.0466766,0,0,-0.0254312,0,0
71.1538,71.1538,15,0.00744353,0,0,0.13566,0,0
71.1538,75,15,0.186569,0,0,0.0838412,0,0
75,-75,15,-0.0809487,0,0,0.103357,0,0
75,-71.1538,15,0.052405,0,0,0.023858,0,0
75,-67.3077,15,0.00278396,0,0,-0.0235746,0,0
75,-63.4615,15,-0.095598,0,0,0.0445015,0,0
75,-59.6154,15,-0.177706,0,0,-0.00280761,0,0
75,-55.7692,15,0.213617,0,0,-0.0824994,0,0
75,-51.9231,15,-0.0769946,0,0,-0.235618,0,0
75,-48.0769,15,-0.0315577,0,0,-0.224103,0,0
75,-44.2308,15,0.161,0,0,-0.0272667,0,0
75,-40.3846,15,-0.0506275,0,0,0.0455429,0,0
75,-36.5385,15,-0.0305767,0,0,0.0240252,0,0
75,-32.6923,15,0.126707,0,0,-0.0268154,0,0
75,-28.8462,15,-0.172173,0,0,-0.0382662,0,0
75,-25,15,0.156683,0,0,0.0472994,0,0
75,-21.1538,15,-0.0913259,0,0,0.0285653,0,0
75,-17.3077,15,0.0013118,0,0,0.00310232,0,0
75,-13.4615,15,-0.0043667,0,0,0.100287,0,0
75,-9.61538,15,0.148269,0,0,0.0833704,0,0
75,-5.76923,15,-0.123976,0,0,-0.164739,0,0
75,-1.92308,15,0.200578,0,0,-0.0865089,0,0
75,1.92308,15,0.200578,0,0,-0.0865089,0,0
75,5.76923,15,-0.123976,0,0,-0.164739,0,0
75,9.61538,15,0.148269,0,0,0.0833704,0,0
75,13.4615,15,-0.0043667,0,0,0.100287,0,0
75,17.3077,15,0.0013118,0,0,0.00310232,0,0
75,21.1538,15,-0.0913259,0,0,0.0285653,0,0
75,25,15,0.156683,0,0,0.0472994,0,0
75,28.8462,15,-0.172173,0,0,-0.0382662,0,0
75,32.6923,15,0.126707,0,0,-0.0268154,0,0
75,36.5385,15,-0.0305767,0,0,0.0240252,0,0
75,40.3846,15,-0.0506275,0,0,0.0455429,0,0
75,44.2308,15,0.161,0,0,-0.0272667,0,0
75,48.0769,15,-0.0315577,0,0,-0.224103,0,0
75,51.9231,15,-0.0769946,0,0,-0.235618,0,0
75,55.7692,15,0.213617,0,0,-0.0824994,0,0
75,59.6154,15,-0.177706,0,0,-0.00280761,0,0
75,63.4615,15,-0.095598,0,0,0.0445015,0,0
75,67.3077,15,0.00278396,0,0,-0.0235746,0,0
75,71.1538,15,0.052405,0,0,0.023858,0,0
75,75,15,-0.0809487,0,0,0.103357,0,0
