antenna name=nine-dipole
antenna size=0.675
freq=2e+09
sampling point=1600
sampling space=0.0769231
#data
x,y,z,realEx,realEy,realEz,imgEx,imgEy,imgEz
-1.5,-1.5,0.3,3.31261,0,0,4.55906,0,0
-1.5,-1.42308,0.3,-1.99313,0,0,-0.746953,0,0
-1.5,-1.34615,0.3,0.353201,0,0,2.48342,0,0
-1.5,-1.26923,0.3,-5.00662,0,0,-3.72554,0,0
-1.5,-1.19231,0.3,8.56216,0,0,-4.12556,0,0
-1.5,-1.11538,0.3,0.939491,0,0,11.5885,0,0
-1.5,-1.03846,0.3,-11.8469,0,0,-2.39137,0,0
-1.5,-0.961538,0.3,4.18799,0,0,-9.72291,0,0
-1.5,-0.884615,0.3,6.03744,0,0,4.02034,0,0
-1.5,-0.807692,0.3,-2.73362,0,0,1.46544,0,0
-1.5,-0.730769,0.3,3.27804,0,0,-1.97377,0,0
-1.5,-0.653846,0.3,3.16347,0,0,6.81987,0,0
-1.5,-0.576923,0.3,-7.2319,0,0,5.98847,0,0
-1.5,-0.5,0.3,-7.72289,0,0,-3.91365,0,0
-1.5,-0.423077,0.3,-0.204896,0,0,-5.61788,0,0
-1.5,-0.346154,0.3,1.28405,0,0,-0.423945,0,0
-1.5,-0.269231,0.3,-3.48495,0,0,0.731138,0,0
-1.5,-0.192308,0.3,-6.7609,0,0,-3.98355,0,0
-1.5,-0.115385,0.3,-6.01365,0,0,-9.58919,0,0
-1.5,-0.0384615,0.3,-4.16613,0,0,-12.6712,0,0
-1.5,0.0384615,0.3,-4.16613,0,0,-12.6712,0,0
-1.5,0.115385,0.3,-6.01365,0,0,-9.58919,0,0
-1.5,0.192308,0.3,-6.7609,0,0,-3.98355,0,0
-1.5,0.269231,0.3,-3.48495,0,0,0.731138,0,0
-1.5,0.346154,0.3,1.28405,0,0,-0.423945,0,0
-1.5,0.423077,0.3,-0.204896,0,0,-5.61788,0,0
-1.5,0.5,0.3,-7.72289,0,0,-3.91365,0,0
-1.5,0.576923,0.3,-7.2319,0,0,5.98847,0,0
-1.5,0.653846,0.3,3.16347,0,0,6.81987,0,0
-1.5,0.730769,0.3,3.27804,0,0,-1.97377,0,0
-1.5,0.807692,0.3,-2.73362,0,0,1.46544,0,0
-1.5,0.884615,0.3,6.03744,0,0,4.02034,0,0
-1.5,0.961538,0.3,4.18799,0,0,-9.72291,0,0
-1.5,1.03846,0.3,-11.8469,0,0,-2.39137,0,0
-1.5,1.11538,0.3,0.939491,0,0,11.5885,0,0
-1.5,1.19231,0.3,8.56216,0,0,-4.12556,0,0
-1.5,1.26923,0.3,-5.00662,0,0,-3.72554,0,0
-1.5,1.34615,0.3,0.353201,0,0,2.48342,0,0
-1.5,1.42308,0.3,-1.99313,0,0,-0.746953,0,0
-1.5,1.5,0.3,3.31261,0,0,4.55906,0,0
-1.42308,-1.5,0.3,-9.21833,0,0,0.356208,0,0
-1.42308,-1.42308,0.3,3.76191,0,0,-4.29368,0,0
-1.42308,-1.34615,0.3,-0.497654,0,0,1.7963,0,0
-1.42308,-1.26923,0.3,3.1745,0,0,-0.985756,0,0
-1.42308,-1.19231,0.3,-2.80938,0,0,6.89877,0,0
-1.42308,-1.11538,0.3,-7.25248,0,0,-8.04716,0,0
-1.42308,-1.03846,0.3,11.7377,0,0,-4.87172,0,0
-1.42308,-0.961538,0.3,1.757,0,0,12.3705,0,0
-1.42308,-0.884615,0.3,-9.96135,0,0,-0.471302,0,0
-1.42308,-0.807692,0.3,1.55462,0,0,-5.3726,0,0
-1.42308,-0.730769,0.3,-0.0711684,0,0,2.54295,0,0
-1.42308,-0.653846,0.3,-4.75186,0,0,-4.44145,0,0
-1.42308,-0.576923,0.3,5.458,0,0,-8.03188,0,0
-1.42308,-0.5,0.3,9.79585,0,0,2.33441,0,0
-1.42308,-0.423077,0.3,1.91227,0,0,7.21782,0,0
-1.42308,-0.346154,0.3,-1.91509,0,0,2.04743,0,0
-1.42308,-0.269231,0.3,2.67449,0,0,-0.595469,0,0
-1.42308,-0.192308,0.3,7.07308,0,0,3.9977,0,0
-1.42308,-0.115385,0.3,6.89348,0,0,10.5874,0,0
-1.42308,-0.0384615,0.3,5.00342,0,0,14.4603,0,0
-1.42308,0.0384615,0.3,5.00342,0,0,14.4603,0,0
-1.42308,0.115385,0.3,6.89348,0,0,10.5874,0,0
-1.42308,0.192308,0.3,7.07308,0,0,3.9977,0,0
-1.42308,0.269231,0.3,2.67449,0,0,-0.595469,0,0
-1.42308,0.346154,0.3,-1.91509,0,0,2.04743,0,0
-1.42308,0.423077,0.3,1.91227,0,0,7.21782,0,0
-1.42308,0.5,0.3,9.79585,0,0,2.33441,0,0
-1.42308,0.576923,0.3,5.458,0,0,-8.03188,0,0
-1.42308,0.653846,0.3,-4.75186,0,0,-4.44145,0,0
-1.42308,0.730769,0.3,-0.0711684,0,0,2.54295,0,0
-1.42308,0.807692,0.3,1.55462,0,0,-5.3726,0,0
-1.42308,0.884615,0.3,-9.96135,0,0,-0.471302,0,0
-1.42308,0.961538,0.3,1.757,0,0,12.3705,0,0
-1.42308,1.03846,0.3,11.7377,0,0,-4.87172,0,0
-1.42308,1.11538,0.3,-7.25248,0,0,-8.04716,0,0
-1.42308,1.19231,0.3,-2.80938,0,0,6.89877,0,0
-1.42308,1.26923,0.3,3.1745,0,0,-0.985756,0,0
-1.42308,1.34615,0.3,-0.497654,0,0,1.7963,0,0
-1.42308,1.42308,0.3,3.76191,0,0,-4.29368,0,0
-1.42308,1.5,0.3,-9.21833,0,0,0.356208,0,0
-1.34615,-1.5,0.3,6.48615,0,0,-11.0084,0,0
-1.34615,-1.42308,0.3,2.6309,0,0,9.33807,0,0
-1.34615,-1.34615,0.3,-5.07073,0,0,-2.70285,0,0
-1.34615,-1.26923,0.3,1.5285,0,0,0.441917,0,0
-1.34615,-1.19231,0.3,-2.0756,0,0,-3.82079,0,0
-1.34615,-1.11538,0.3,8.81534,0,0,1.03991,0,0
-1.34615,-1.03846,0.3,-6.27882,0,0,10.5852,0,0
-1.34615,-0.961538,0.3,-9.12107,0,0,-10.2801,0,0
-1.34615,-0.884615,0.3,11.0185,0,0,-6.0451,0,0
-1.34615,-0.807692,0.3,2.74398,0,0,8.309,0,0
-1.34615,-0.730769,0.3,-3.45783,0,0,-0.632782,0,0
-1.34615,-0.653846,0.3,4.69347,0,0,1.11667,0,0
-1.34615,-0.576923,0.3,-2.58175,0,0,9.1068,0,0
-1.34615,-0.5,0.3,-11.3205,0,0,0.263477,0,0
-1.34615,-0.423077,0.3,-4.46561,0,0,-8.45346,0,0
-1.34615,-0.346154,0.3,2.19756,0,0,-4.2889,0,0
-1.34615,-0.269231,0.3,-1.56224,0,0,0.115475,0,0
-1.34615,-0.192308,0.3,-7.25064,0,0,-3.96221,0,0
-1.34615,-0.115385,0.3,-7.98887,0,0,-11.6354,0,0
-1.34615,-0.0384615,0.3,-6.19186,0,0,-16.5263,0,0
-1.34615,0.0384615,0.3,-6.19186,0,0,-16.5263,0,0
-1.34615,0.115385,0.3,-7.98887,0,0,-11.6354,0,0
-1.34615,0.192308,0.3,-7.25064,0,0,-3.96221,0,0
-1.34615,0.269231,0.3,-1.56224,0,0,0.115475,0,0
-1.34615,0.346154,0.3,2.19756,0,0,-4.2889,0,0
-1.34615,0.423077,0.3,-4.46561,0,0,-8.45346,0,0
-1.34615,0.5,0.3,-11.3205,0,0,0.263477,0,0
-1.34615,0.576923,0.3,-2.58175,0,0,9.1068,0,0
-1.34615,0.653846,0.3,4.69347,0,0,1.11667,0,0
-1.34615,0.730769,0.3,-3.45783,0,0,-0.632782,0,0
-1.34615,0.807692,0.3,2.74398,0,0,8.309,0,0
-1.34615,0.884615,0.3,11.0185,0,0,-6.0451,0,0
-1.34615,0.961538,0.3,-9.12107,0,0,-10.2801,0,0
-1.34615,1.03846,0.3,-6.27882,0,0,10.5852,0,0
-1.34615,1.11538,0.3,8.81534,0,0,1.03991,0,0
-1.34615,1.19231,0.3,-2.0756,0,0,-3.82079,0,0
-1.34615,1.26923,0.3,1.5285,0,0,0.441917,0,0
-1.34615,1.34615,0.3,-5.07073,0,0,-2.70285,0,0
-1.34615,1.42308,0.3,2.6309,0,0,9.33807,0,0
-1.34615,1.5,0.3,6.48615,0,0,-11.0084,0,0
-1.26923,-1.5,0.3,7.87288,0,0,13.8783,0,0
-1.26923,-1.42308,0.3,-13.0982,0,0,-3.87617,0,0
-1.26923,-1.34615,0.3,8.8625,0,0,-5.07809,0,0
-1.26923,-1.26923,0.3,-1.43058,0,0,5.54835,0,0
-1.26923,-1.19231,0.3,0.649934,0,0,-1.28596,0,0
-1.26923,-1.11538,0.3,-4.21578,0,0,3.73176,0,0
-1.26923,-1.03846,0.3,-1.79188,0,0,-10.4087,0,0
-1.26923,-0.961538,0.3,13.5956,0,0,2.93882,0,0
-1.26923,-0.884615,0.3,-6.87448,0,0,12.9022,0,0
-1.26923,-0.807692,0.3,-9.35833,0,0,-7.67474,0,0
-1.26923,-0.730769,0.3,5.32275,0,0,-4.13197,0,0
-1.26923,-0.653846,0.3,-2.14801,0,0,1.97378,0,0
-1.26923,-0.576923,0.3,-0.846128,0,0,-8.36262,0,0
-1.26923,-0.5,0.3,11.6161,0,0,-3.70135,0,0
-1.26923,-0.423077,0.3,7.85311,0,0,8.82788,0,0
-1.26923,-0.346154,0.3,-1.77289,0,0,7.17021,0,0
-1.26923,-0.269231,0.3,0.171165,0,0,0.951654,0,0
-1.26923,-0.192308,0.3,7.19584,0,0,3.92909,0,0
-1.26923,-0.115385,0.3,9.34208,0,0,12.7066,0,0
-1.26923,-0.0384615,0.3,7.88231,0,0,18.8917,0,0
-1.26923,0.0384615,0.3,7.88231,0,0,18.8917,0,0
-1.26923,0.115385,0.3,9.34208,0,0,12.7066,0,0
-1.26923,0.192308,0.3,7.19584,0,0,3.92909,0,0
-1.26923,0.269231,0.3,0.171165,0,0,0.951654,0,0
-1.26923,0.346154,0.3,-1.77289,0,0,7.17021,0,0
-1.26923,0.423077,0.3,7.85311,0,0,8.82788,0,0
-1.26923,0.5,0.3,11.6161,0,0,-3.70135,0,0
-1.26923,0.576923,0.3,-0.846128,0,0,-8.36262,0,0
-1.26923,0.653846,0.3,-2.14801,0,0,1.97378,0,0
-1.26923,0.730769,0.3,5.32275,0,0,-4.13197,0,0
-1.26923,0.807692,0.3,-9.35833,0,0,-7.67474,0,0
-1.26923,0.884615,0.3,-6.87448,0,0,12.9022,0,0
-1.26923,0.961538,0.3,13.5956,0,0,2.93882,0,0
-1.26923,1.03846,0.3,-1.79188,0,0,-10.4087,0,0
-1.26923,1.11538,0.3,-4.21578,0,0,3.73176,0,0
-1.26923,1.19231,0.3,0.649934,0,0,-1.28596,0,0
-1.26923,1.26923,0.3,-1.43058,0,0,5.54835,0,0
-1.26923,1.34615,0.3,8.8625,0,0,-5.07809,0,0
-1.26923,1.42308,0.3,-13.0982,0,0,-3.87617,0,0
-1.26923,1.5,0.3,7.87288,0,0,13.8783,0,0
-1.19231,-1.5,0.3,-18.3677,0,0,1.00349,0,0
-1.19231,-1.42308,0.3,12.3109,0,0,-11.9666,0,0
-1.19231,-1.34615,0.3,-0.472782,0,0,14.6479,0,0
-1.19231,-1.26923,0.3,-7.55111,0,0,-7.66921,0,0
-1.19231,-1.19231,0.3,5.63238,0,0,0.0373743,0,0
-1.19231,-1.11538,0.3,-1.22732,0,0,-1.16754,0,0
-1.19231,-1.03846,0.3,6.00839,0,0,4.03455,0,0
-1.19231,-0.961538,0.3,-11.1257,0,0,5.7941,0,0
-1.19231,-0.884615,0.3,-2.08658,0,0,-15.4489,0,0
-1.19231,-0.807692,0.3,15.0667,0,0,1.61546,0,0
-1.19231,-0.730769,0.3,-3.05544,0,0,10.3758,0,0
-1.19231,-0.653846,0.3,-2.82911,0,0,-2.77346,0,0
-1.19231,-0.576923,0.3,3.49368,0,0,5.23554,0,0
-1.19231,-0.5,0.3,-9.98334,0,0,7.26479,0,0
-1.19231,-0.423077,0.3,-11.7435,0,0,-7.72207,0,0
-1.19231,-0.346154,0.3,0.154154,0,0,-10.5277,0,0
-1.19231,-0.269231,0.3,1.35289,0,0,-2.93911,0,0
-1.19231,-0.192308,0.3,-6.78392,0,0,-4.02716,0,0
-1.19231,-0.115385,0.3,-10.9914,0,0,-13.763,0,0
-1.19231,-0.0384615,0.3,-10.2886,0,0,-21.5539,0,0
-1.19231,0.0384615,0.3,-10.2886,0,0,-21.5539,0,0
-1.19231,0.115385,0.3,-10.9914,0,0,-13.763,0,0
-1.19231,0.192308,0.3,-6.78392,0,0,-4.02716,0,0
-1.19231,0.269231,0.3,1.35289,0,0,-2.93911,0,0
-1.19231,0.346154,0.3,0.154154,0,0,-10.5277,0,0
-1.19231,0.423077,0.3,-11.7435,0,0,-7.72207,0,0
-1.19231,0.5,0.3,-9.98334,0,0,7.26479,0,0
-1.19231,0.576923,0.3,3.49368,0,0,5.23554,0,0
-1.19231,0.653846,0.3,-2.82911,0,0,-2.77346,0,0
-1.19231,0.730769,0.3,-3.05544,0,0,10.3758,0,0
-1.19231,0.807692,0.3,15.0667,0,0,1.61546,0,0
-1.19231,0.884615,0.3,-2.08658,0,0,-15.4489,0,0
-1.19231,0.961538,0.3,-11.1257,0,0,5.7941,0,0
-1.19231,1.03846,0.3,6.00839,0,0,4.03455,0,0
-1.19231,1.11538,0.3,-1.22732,0,0,-1.16754,0,0
-1.19231,1.19231,0.3,5.63238,0,0,0.0373743,0,0
-1.19231,1.26923,0.3,-7.55111,0,0,-7.66921,0,0
-1.19231,1.34615,0.3,-0.472782,0,0,14.6479,0,0
-1.19231,1.42308,0.3,12.3109,0,0,-11.9666,0,0
-1.19231,1.5,0.3,-18.3677,0,0,1.00349,0,0
-1.11538,-1.5,0.3,6.55183,0,0,-18.609,0,0
-1.11538,-1.42308,0.3,6.28691,0,0,18.7505,0,0
-1.11538,-1.34615,0.3,-15.9833,0,0,-9.41945,0,0
-1.11538,-1.26923,0.3,15.3484,0,0,-3.69113,0,0
-1.11538,-1.19231,0.3,-5.65326,0,0,9.83422,0,0
-1.11538,-1.11538,0.3,-1.32665,0,0,-5.24808,0,0
-1.11538,-1.03846,0.3,-1.97661,0,0,1.58953,0,0
-1.11538,-0.961538,0.3,2.80823,0,0,-8.8226,0,0
-1.11538,-0.884615,0.3,10.8185,0,0,10.18,0,0
-1.11538,-0.807692,0.3,-15.0294,0,0,8.43267,0,0
-1.11538,-0.730769,0.3,-4.5582,0,0,-14.3393,0,0
-1.11538,-0.653846,0.3,8.29113,0,0,-0.923492,0,0
-1.11538,-0.576923,0.3,-3.32938,0,0,-0.234514,0,0
-1.11538,-0.5,0.3,6.15954,0,0,-9.53217,0,0
-1.11538,-0.423077,0.3,15.2846,0,0,4.60412,0,0
-1.11538,-0.346154,0.3,3.19786,0,0,13.855,0,0
-1.11538,-0.269231,0.3,-2.63192,0,0,6.24334,0,0
-1.11538,-0.192308,0.3,5.88825,0,0,4.52301,0,0
-1.11538,-0.115385,0.3,12.9614,0,0,14.7608,0,0
-1.11538,-0.0384615,0.3,13.7097,0,0,24.4554,0,0
-1.11538,0.0384615,0.3,13.7097,0,0,24.4554,0,0
-1.11538,0.115385,0.3,12.9614,0,0,14.7608,0,0
-1.11538,0.192308,0.3,5.88825,0,0,4.52301,0,0
-1.11538,0.269231,0.3,-2.63192,0,0,6.24334,0,0
-1.11538,0.346154,0.3,3.19786,0,0,13.855,0,0
-1.11538,0.423077,0.3,15.2846,0,0,4.60412,0,0
-1.11538,0.5,0.3,6.15954,0,0,-9.53217,0,0
-1.11538,0.576923,0.3,-3.32938,0,0,-0.234514,0,0
-1.11538,0.653846,0.3,8.29113,0,0,-0.923492,0,0
-1.11538,0.730769,0.3,-4.5582,0,0,-14.3393,0,0
-1.11538,0.807692,0.3,-15.0294,0,0,8.43267,0,0
-1.11538,0.884615,0.3,10.8185,0,0,10.18,0,0
-1.11538,0.961538,0.3,2.80823,0,0,-8.8226,0,0
-1.11538,1.03846,0.3,-1.97661,0,0,1.58953,0,0
-1.11538,1.11538,0.3,-1.32665,0,0,-5.24808,0,0
-1.11538,1.19231,0.3,-5.65326,0,0,9.83422,0,0
-1.11538,1.26923,0.3,15.3484,0,0,-3.69113,0,0
-1.11538,1.34615,0.3,-15.9833,0,0,-9.41945,0,0
-1.11538,1.42308,0.3,6.28691,0,0,18.7505,0,0
-1.11538,1.5,0.3,6.55183,0,0,-18.609,0,0
-1.03846,-1.5,0.3,15.5367,0,0,12.0127,0,0
-1.03846,-1.42308,0.3,-21.009,0,0,-1.09409,0,0
-1.03846,-1.34615,0.3,17.5452,0,0,-12.1515,0,0
-1.03846,-1.26923,0.3,-5.01143,0,0,19.5121,0,0
-1.03846,-1.19231,0.3,-8.48231,0,0,-14.8225,0,0
-1.03846,-1.11538,0.3,11.6239,0,0,2.7568,0,0
-1.03846,-1.03846,0.3,-4.37462,0,0,2.44006,0,0
-1.03846,-0.961538,0.3,2.69316,0,0,2.92401,0,0
-1.03846,-0.884615,0.3,-11.8106,0,0,0.0695262,0,0
-1.03846,-0.807692,0.3,6.61448,0,0,-16.2041,0,0
-1.03846,-0.730769,0.3,14.875,0,0,11.199,0,0
-1.03846,-0.653846,0.3,-10.0351,0,0,9.51656,0,0
-1.03846,-0.576923,0.3,-1.44416,0,0,-4.15172,0,0
-1.03846,-0.5,0.3,-1.10241,0,0,8.60007,0,0
-1.03846,-0.423077,0.3,-17.015,0,0,0.489456,0,0
-1.03846,-0.346154,0.3,-8.63396,0,0,-16.1389,0,0
-1.03846,-0.269231,0.3,2.90751,0,0,-11.2062,0,0
-1.03846,-0.192308,0.3,-4.46079,0,0,-5.90712,0,0
-1.03846,-0.115385,0.3,-15.2512,0,0,-15.6726,0,0
-1.03846,-0.0384615,0.3,-18.5538,0,0,-27.4281,0,0
-1.03846,0.0384615,0.3,-18.5538,0,0,-27.4281,0,0
-1.03846,0.115385,0.3,-15.2512,0,0,-15.6726,0,0
-1.03846,0.192308,0.3,-4.46079,0,0,-5.90712,0,0
-1.03846,0.269231,0.3,2.90751,0,0,-11.2062,0,0
-1.03846,0.346154,0.3,-8.63396,0,0,-16.1389,0,0
-1.03846,0.423077,0.3,-17.015,0,0,0.489456,0,0
-1.03846,0.5,0.3,-1.10241,0,0,8.60007,0,0
-1.03846,0.576923,0.3,-1.44416,0,0,-4.15172,0,0
-1.03846,0.653846,0.3,-10.0351,0,0,9.51656,0,0
-1.03846,0.730769,0.3,14.875,0,0,11.199,0,0
-1.03846,0.807692,0.3,6.61448,0,0,-16.2041,0,0
-1.03846,0.884615,0.3,-11.8106,0,0,0.0695262,0,0
-1.03846,0.961538,0.3,2.69316,0,0,2.92401,0,0
-1.03846,1.03846,0.3,-4.37462,0,0,2.44006,0,0
-1.03846,1.11538,0.3,11.6239,0,0,2.7568,0,0
-1.03846,1.19231,0.3,-8.48231,0,0,-14.8225,0,0
-1.03846,1.26923,0.3,-5.01143,0,0,19.5121,0,0
-1.03846,1.34615,0.3,17.5452,0,0,-12.1515,0,0
-1.03846,1.42308,0.3,-21.009,0,0,-1.09409,0,0
-1.03846,1.5,0.3,15.5367,0,0,12.0127,0,0
-0.961538,-1.5,0.3,-14.057,0,0,11.1072,0,0
-0.961538,-1.42308,0.3,7.06382,0,0,-19.3296,0,0
-0.961538,-1.34615,0.3,5.55018,0,0,21.7821,0,0
-0.961538,-1.26923,0.3,-18.1726,0,0,-14.3124,0,0
-0.961538,-1.19231,0.3,21.9741,0,0,-1.02633,0,0
-0.961538,-1.11538,0.3,-12.6313,0,0,13.6059,0,0
-0.961538,-1.03846,0.3,-0.97791,0,0,-12.5126,0,0
-0.961538,-0.961538,0.3,3.00678,0,0,3.10718,0,0
-0.961538,-0.884615,0.3,3.60141,0,0,-4.91039,0,0
-0.961538,-0.807692,0.3,5.23878,0,0,14.0992,0,0
-0.961538,-0.730769,0.3,-20.4259,0,0,0.404898,0,0
-0.961538,-0.653846,0.3,3.52926,0,0,-19.0025,0,0
-0.961538,-0.576923,0.3,10.2226,0,0,3.42675,0,0
-0.961538,-0.5,0.3,-2.23473,0,0,-3.23367,0,0
-0.961538,-0.423077,0.3,15.2404,0,0,-6.19851,0,0
-0.961538,-0.346154,0.3,15.8181,0,0,15.8496,0,0
-0.961538,-0.269231,0.3,-0.908867,0,0,17.8197,0,0
-0.961538,-0.192308,0.3,2.72782,0,0,8.98309,0,0
-0.961538,-0.115385,0.3,17.8359,0,0,16.5429,0,0
-0.961538,-0.0384615,0.3,25.3519,0,0,30.0968,0,0
-0.961538,0.0384615,0.3,25.3519,0,0,30.0968,0,0
-0.961538,0.115385,0.3,17.8359,0,0,16.5429,0,0
-0.961538,0.192308,0.3,2.72782,0,0,8.98309,0,0
-0.961538,0.269231,0.3,-0.908867,0,0,17.8197,0,0
-0.961538,0.346154,0.3,15.8181,0,0,15.8496,0,0
-0.961538,0.423077,0.3,15.2404,0,0,-6.19851,0,0
-0.961538,0.5,0.3,-2.23473,0,0,-3.23367,0,0
-0.961538,0.576923,0.3,10.2226,0,0,3.42675,0,0
-0.961538,0.653846,0.3,3.52926,0,0,-19.0025,0,0
-0.961538,0.730769,0.3,-20.4259,0,0,0.404898,0,0
-0.961538,0.807692,0.3,5.23878,0,0,14.0992,0,0
-0.961538,0.884615,0.3,3.60141,0,0,-4.91039,0,0
-0.961538,0.961538,0.3,3.00678,0,0,3.10718,0,0
-0.961538,1.03846,0.3,-0.97791,0,0,-12.5126,0,0
-0.961538,1.11538,0.3,-12.6313,0,0,13.6059,0,0
-0.961538,1.19231,0.3,21.9741,0,0,-1.02633,0,0
-0.961538,1.26923,0.3,-18.1726,0,0,-14.3124,0,0
-0.961538,1.34615,0.3,5.55018,0,0,21.7821,0,0
-0.961538,1.42308,0.3,7.06382,0,0,-19.3296,0,0
-0.961538,1.5,0.3,-14.057,0,0,11.1072,0,0
-0.884615,-1.5,0.3,-6.89681,0,0,-12.769,0,0
-0.884615,-1.42308,0.3,15.3021,0,0,9.82593,0,0
-0.884615,-1.34615,0.3,-21.5186,0,0,-0.555597,0,0
-0.884615,-1.26923,0.3,20.2816,0,0,-12.9617,0,0
-0.884615,-1.19231,0.3,-8.64979,0,0,23.668,0,0
-0.884615,-1.11538,0.3,-8.63953,0,0,-22.5836,0,0
-0.884615,-1.03846,0.3,18.5129,0,0,8.30821,0,0
-0.884615,-0.961538,0.3,-11.9878,0,0,5.31643,0,0
-0.884615,-0.884615,0.3,1.76314,0,0,-2.68862,0,0
-0.884615,-0.807692,0.3,-8.53134,0,0,-3.16039,0,0
-0.884615,-0.730769,0.3,14.0031,0,0,-13.0286,0,0
-0.884615,-0.653846,0.3,10.8086,0,0,20.801,0,0
-0.884615,-0.576923,0.3,-17.5041,0,0,6.26339,0,0
-0.884615,-0.5,0.3,-0.693871,0,0,-4.77194,0,0
-0.884615,-0.423077,0.3,-9.39989,0,0,9.25347,0,0
-0.884615,-0.346154,0.3,-23.019,0,0,-11.4566,0,0
-0.884615,-0.269231,0.3,-5.07987,0,0,-25.1685,0,0
-0.884615,-0.192308,0.3,-1.59108,0,0,-14.8657,0,0
-0.884615,-0.115385,0.3,-20.7257,0,0,-17.6021,0,0
-0.884615,-0.0384615,0.3,-34.7341,0,0,-31.7175,0,0
-0.884615,0.0384615,0.3,-34.7341,0,0,-31.7175,0,0
-0.884615,0.115385,0.3,-20.7257,0,0,-17.6021,0,0
-0.884615,0.192308,0.3,-1.59108,0,0,-14.8657,0,0
-0.884615,0.269231,0.3,-5.07987,0,0,-25.1685,0,0
-0.884615,0.346154,0.3,-23.019,0,0,-11.4566,0,0
-0.884615,0.423077,0.3,-9.39989,0,0,9.25347,0,0
-0.884615,0.5,0.3,-0.693871,0,0,-4.77194,0,0
-0.884615,0.576923,0.3,-17.5041,0,0,6.26339,0,0
-0.884615,0.653846,0.3,10.8086,0,0,20.801,0,0
-0.884615,0.730769,0.3,14.0031,0,0,-13.0286,0,0
-0.884615,0.807692,0.3,-8.53134,0,0,-3.16039,0,0
-0.884615,0.884615,0.3,1.76314,0,0,-2.68862,0,0
-0.884615,0.961538,0.3,-11.9878,0,0,5.31643,0,0
-0.884615,1.03846,0.3,18.5129,0,0,8.30821,0,0
-0.884615,1.11538,0.3,-8.63953,0,0,-22.5836,0,0
-0.884615,1.19231,0.3,-8.64979,0,0,23.668,0,0
-0.884615,1.26923,0.3,20.2816,0,0,-12.9617,0,0
-0.884615,1.34615,0.3,-21.5186,0,0,-0.555597,0,0
-0.884615,1.42308,0.3,15.3021,0,0,9.82593,0,0
-0.884615,1.5,0.3,-6.89681,0,0,-12.769,0,0
-0.807692,-1.5,0.3,9.02355,0,0,-3.34028,0,0
-0.807692,-1.42308,0.3,-9.21425,0,0,10.3687,0,0
-0.807692,-1.34615,0.3,4.03627,0,0,-17.8246,0,0
-0.807692,-1.26923,0.3,7.02009,0,0,21.3309,0,0
-0.807692,-1.19231,0.3,-20.3797,0,0,-15.8857,0,0
-0.807692,-1.11538,0.3,27.6184,0,0,0.301386,0,0
-0.807692,-1.03846,0.3,-20.3233,0,0,17.4545,0,0
-0.807692,-0.961538,0.3,1.45517,0,0,-22.2661,0,0
-0.807692,-0.884615,0.3,9.6794,0,0,9.48546,0,0
-0.807692,-0.807692,0.3,-1.23838,0,0,-1.04604,0,0
-0.807692,-0.730769,0.3,-0.0844598,0,0,13.3833,0,0
-0.807692,-0.653846,0.3,-22.5986,0,0,-8.80942,0,0
-0.807692,-0.576923,0.3,13.8294,0,0,-22.0569,0,0
-0.807692,-0.5,0.3,12.4965,0,0,8.34975,0,0
-0.807692,-0.423077,0.3,2.56677,0,0,-5.43986,0,0
-0.807692,-0.346154,0.3,26.7625,0,0,2.97757,0,0
-0.807692,-0.269231,0.3,16.5547,0,0,30.6968,0,0
-0.807692,-0.192308,0.3,3.30194,0,0,24.6243,0,0
-0.807692,-0.115385,0.3,24.2105,0,0,19.4368,0,0
-0.807692,-0.0384615,0.3,47.3021,0,0,30.9322,0,0
-0.807692,0.0384615,0.3,47.3021,0,0,30.9322,0,0
-0.807692,0.115385,0.3,24.2105,0,0,19.4368,0,0
-0.807692,0.192308,0.3,3.30194,0,0,24.6243,0,0
-0.807692,0.269231,0.3,16.5547,0,0,30.6968,0,0
-0.807692,0.346154,0.3,26.7625,0,0,2.97757,0,0
-0.807692,0.423077,0.3,2.56677,0,0,-5.43986,0,0
-0.807692,0.5,0.3,12.4965,0,0,8.34975,0,0
-0.807692,0.576923,0.3,13.8294,0,0,-22.0569,0,0
-0.807692,0.653846,0.3,-22.5986,0,0,-8.80942,0,0
-0.807692,0.730769,0.3,-0.0844598,0,0,13.3833,0,0
-0.807692,0.807692,0.3,-1.23838,0,0,-1.04604,0,0
-0.807692,0.884615,0.3,9.6794,0,0,9.48546,0,0
-0.807692,0.961538,0.3,1.45517,0,0,-22.2661,0,0
-0.807692,1.03846,0.3,-20.3233,0,0,17.4545,0,0
-0.807692,1.11538,0.3,27.6184,0,0,0.301386,0,0
-0.807692,1.19231,0.3,-20.3797,0,0,-15.8857,0,0
-0.807692,1.26923,0.3,7.02009,0,0,21.3309,0,0
-0.807692,1.34615,0.3,4.03627,0,0,-17.8246,0,0
-0.807692,1.42308,0.3,-9.21425,0,0,10.3687,0,0
-0.807692,1.5,0.3,9.02355,0,0,-3.34028,0,0
-0.730769,-1.5,0.3,-0.294728,0,0,4.10186,0,0
-0.730769,-1.42308,0.3,-4.96678,0,0,-6.32136,0,0
-0.730769,-1.34615,0.3,11.9948,0,0,4.65905,0,0
-0.730769,-1.26923,0.3,-17.94,0,0,2.58012,0,0
-0.730769,-1.19231,0.3,18.102,0,0,-14.7475,0,0
-0.730769,-1.11538,0.3,-8.15063,0,0,26.6112,0,0
-0.730769,-1.03846,0.3,-10.6461,0,0,-28.5928,0,0
-0.730769,-0.961538,0.3,26.5223,0,0,13.9709,0,0
-0.730769,-0.884615,0.3,-23.366,0,0,8.02218,0,0
-0.730769,-0.807692,0.3,4.5874,0,0,-12.9131,0,0
-0.730769,-0.730769,0.3,-2.23978,0,0,-1.11204,0,0
-0.730769,-0.653846,0.3,17.9091,0,0,-7.89056,0,0
-0.730769,-0.576923,0.3,4.69947,0,0,30.1836,0,0
-0.730769,-0.5,0.3,-26.9552,0,0,2.28732,0,0
-0.730769,-0.423077,0.3,-3.14375,0,0,-5.7937,0,0
-0.730769,-0.346154,0.3,-23.4685,0,0,5.53247,0,0
-0.730769,-0.269231,0.3,-33.0285,0,0,-29.9893,0,0
-0.730769,-0.192308,0.3,-12.2262,0,0,-38.0237,0,0
-0.730769,-0.115385,0.3,-29.5563,0,0,-23.0662,0,0
-0.730769,-0.0384615,0.3,-63.2728,0,0,-25.4582,0,0
-0.730769,0.0384615,0.3,-63.2728,0,0,-25.4582,0,0
-0.730769,0.115385,0.3,-29.5563,0,0,-23.0662,0,0
-0.730769,0.192308,0.3,-12.2262,0,0,-38.0237,0,0
-0.730769,0.269231,0.3,-33.0285,0,0,-29.9893,0,0
-0.730769,0.346154,0.3,-23.4685,0,0,5.53247,0,0
-0.730769,0.423077,0.3,-3.14375,0,0,-5.7937,0,0
-0.730769,0.5,0.3,-26.9552,0,0,2.28732,0,0
-0.730769,0.576923,0.3,4.69947,0,0,30.1836,0,0
-0.730769,0.653846,0.3,17.9091,0,0,-7.89056,0,0
-0.730769,0.730769,0.3,-2.23978,0,0,-1.11204,0,0
-0.730769,0.807692,0.3,4.5874,0,0,-12.9131,0,0
-0.730769,0.884615,0.3,-23.366,0,0,8.02218,0,0
-0.730769,0.961538,0.3,26.5223,0,0,13.9709,0,0
-0.730769,1.03846,0.3,-10.6461,0,0,-28.5928,0,0
-0.730769,1.11538,0.3,-8.15063,0,0,26.6112,0,0
-0.730769,1.19231,0.3,18.102,0,0,-14.7475,0,0
-0.730769,1.26923,0.3,-17.94,0,0,2.58012,0,0
-0.730769,1.34615,0.3,11.9948,0,0,4.65905,0,0
-0.730769,1.42308,0.3,-4.96678,0,0,-6.32136,0,0
-0.730769,1.5,0.3,-0.294728,0,0,4.10186,0,0
-0.653846,-1.5,0.3,0.110426,0,0,-5.29411,0,0
-0.653846,-1.42308,0.3,3.2246,0,0,1.32367,0,0
-0.653846,-1.34615,0.3,-3.96792,0,0,4.77693,0,0
-0.653846,-1.26923,0.3,0.254936,0,0,-11.4549,0,0
-0.653846,-1.19231,0.3,8.84501,0,0,15.2959,0,0
-0.653846,-1.11538,0.3,-21.266,0,0,-11.5252,0,0
-0.653846,-1.03846,0.3,29.9799,0,0,-2.93598,0,0
-0.653846,-0.961538,0.3,-24.7201,0,0,23.427,0,0
-0.653846,-0.884615,0.3,2.27552,0,0,-33.8986,0,0
-0.653846,-0.807692,0.3,19.3839,0,0,19.5936,0,0
-0.653846,-0.730769,0.3,-13.0367,0,0,2.41296,0,0
-0.653846,-0.653846,0.3,-2.67546,0,0,7.19695,0,0
-0.653846,-0.576923,0.3,-22.9009,0,0,-17.256,0,0
-0.653846,-0.5,0.3,26.5112,0,0,-26.9811,0,0
-0.653846,-0.423077,0.3,19.8466,0,0,13.755,0,0
-0.653846,-0.346154,0.3,15.1984,0,0,-5.40014,0,0
-0.653846,-0.269231,0.3,49.5423,0,0,18.8919,0,0
-0.653846,-0.192308,0.3,34.6642,0,0,50.654,0,0
-0.653846,-0.115385,0.3,40.536,0,0,29.2208,0,0
-0.653846,-0.0384615,0.3,81.7075,0,0,11.8562,0,0
-0.653846,0.0384615,0.3,81.7075,0,0,11.8562,0,0
-0.653846,0.115385,0.3,40.536,0,0,29.2208,0,0
-0.653846,0.192308,0.3,34.6642,0,0,50.654,0,0
-0.653846,0.269231,0.3,49.5423,0,0,18.8919,0,0
-0.653846,0.346154,0.3,15.1984,0,0,-5.40014,0,0
-0.653846,0.423077,0.3,19.8466,0,0,13.755,0,0
-0.653846,0.5,0.3,26.5112,0,0,-26.9811,0,0
-0.653846,0.576923,0.3,-22.9009,0,0,-17.256,0,0
-0.653846,0.653846,0.3,-2.67546,0,0,7.19695,0,0
-0.653846,0.730769,0.3,-13.0367,0,0,2.41296,0,0
-0.653846,0.807692,0.3,19.3839,0,0,19.5936,0,0
-0.653846,0.884615,0.3,2.27552,0,0,-33.8986,0,0
-0.653846,0.961538,0.3,-24.7201,0,0,23.427,0,0
-0.653846,1.03846,0.3,29.9799,0,0,-2.93598,0,0
-0.653846,1.11538,0.3,-21.266,0,0,-11.5252,0,0
-0.653846,1.19231,0.3,8.84501,0,0,15.2959,0,0
-0.653846,1.26923,0.3,0.254936,0,0,-11.4549,0,0
-0.653846,1.34615,0.3,-3.96792,0,0,4.77693,0,0
-0.653846,1.42308,0.3,3.2246,0,0,1.32367,0,0
-0.653846,1.5,0.3,0.110426,0,0,-5.29411,0,0
-0.576923,-1.5,0.3,12.1242,0,0,0.701643,0,0
-0.576923,-1.42308,0.3,-8.57795,0,0,2.94277,0,0
-0.576923,-1.34615,0.3,3.08015,0,0,-4.84657,0,0
-0.576923,-1.26923,0.3,3.61607,0,0,3.44228,0,0
-0.576923,-1.19231,0.3,-9.35739,0,0,2.67286,0,0
-0.576923,-1.11538,0.3,10.2909,0,0,-13.3895,0,0
-0.576923,-1.03846,0.3,-1.95987,0,0,24.9199,0,0
-0.576923,-0.961538,0.3,-16.5909,0,0,-28.3791,0,0
-0.576923,-0.884615,0.3,36.0357,0,0,13.801,0,0
-0.576923,-0.807692,0.3,-35.9958,0,0,15.4656,0,0
-0.576923,-0.730769,0.3,8.14652,0,0,-29.9231,0,0
-0.576923,-0.653846,0.3,9.10992,0,0,7.36435,0,0
-0.576923,-0.576923,0.3,17.0416,0,0,-1.77493,0,0
-0.576923,-0.5,0.3,-0.528549,0,0,42.3506,0,0
-0.576923,-0.423077,0.3,-44.9036,0,0,2.60704,0,0
-0.576923,-0.346154,0.3,-17.0166,0,0,-7.79975,0,0
-0.576923,-0.269231,0.3,-57.3378,0,0,0.240689,0,0
-0.576923,-0.192308,0.3,-75.0263,0,0,-49.8564,0,0
-0.576923,-0.115385,0.3,-65.4971,0,0,-34.7096,0,0
-0.576923,-0.0384615,0.3,-99.2159,0,0,14.2278,0,0
-0.576923,0.0384615,0.3,-99.2159,0,0,14.2278,0,0
-0.576923,0.115385,0.3,-65.4971,0,0,-34.7096,0,0
-0.576923,0.192308,0.3,-75.0263,0,0,-49.8564,0,0
-0.576923,0.269231,0.3,-57.3378,0,0,0.240689,0,0
-0.576923,0.346154,0.3,-17.0166,0,0,-7.79975,0,0
-0.576923,0.423077,0.3,-44.9036,0,0,2.60704,0,0
-0.576923,0.5,0.3,-0.528549,0,0,42.3506,0,0
-0.576923,0.576923,0.3,17.0416,0,0,-1.77493,0,0
-0.576923,0.653846,0.3,9.10992,0,0,7.36435,0,0
-0.576923,0.730769,0.3,8.14652,0,0,-29.9231,0,0
-0.576923,0.807692,0.3,-35.9958,0,0,15.4656,0,0
-0.576923,0.884615,0.3,36.0357,0,0,13.801,0,0
-0.576923,0.961538,0.3,-16.5909,0,0,-28.3791,0,0
-0.576923,1.03846,0.3,-1.95987,0,0,24.9199,0,0
-0.576923,1.11538,0.3,10.2909,0,0,-13.3895,0,0
-0.576923,1.19231,0.3,-9.35739,0,0,2.67286,0,0
-0.576923,1.26923,0.3,3.61607,0,0,3.44228,0,0
-0.576923,1.34615,0.3,3.08015,0,0,-4.84657,0,0
-0.576923,1.42308,0.3,-8.57795,0,0,2.94277,0,0
-0.576923,1.5,0.3,12.1242,0,0,0.701643,0,0
-0.5,-1.5,0.3,5.63468,0,0,18.2713,0,0
-0.5,-1.42308,0.3,-8.67253,0,0,-14.4591,0,0
-0.5,-1.34615,0.3,10.4276,0,0,9.08985,0,0
-0.5,-1.26923,0.3,-9.72964,0,0,-2.53901,0,0
-0.5,-1.19231,0.3,5.28934,0,0,-3.89205,0,0
-0.5,-1.11538,0.3,3.56934,0,0,7.4999,0,0
-0.5,-1.03846,0.3,-15.3387,0,0,-4.23565,0,0
-0.5,-0.961538,0.3,24.1615,0,0,-9.37281,0,0
-0.5,-0.884615,0.3,-19.4859,0,0,30.7725,0,0
-0.5,-0.807692,0.3,-6.20913,0,0,-44.2912,0,0
-0.5,-0.730769,0.3,37.7864,0,0,26.752,0,0
-0.5,-0.653846,0.3,-32.8023,0,0,12.88,0,0
-0.5,-0.576923,0.3,-5.17319,0,0,-8.16384,0,0
-0.5,-0.5,0.3,-23.5469,0,0,-25.5391,0,0
-0.5,-0.423077,0.3,43.322,0,0,-45.9636,0,0
-0.5,-0.346154,0.3,48.2921,0,0,12.6209,0,0
-0.5,-0.269231,0.3,56.1503,0,0,-14.217,0,0
-0.5,-0.192308,0.3,125.316,0,0,14.4494,0,0
-0.5,-0.115385,0.3,115.505,0,0,21.9698,0,0
-0.5,-0.0384615,0.3,108.494,0,0,-56.8744,0,0
-0.5,0.0384615,0.3,108.494,0,0,-56.8744,0,0
-0.5,0.115385,0.3,115.505,0,0,21.9698,0,0
-0.5,0.192308,0.3,125.316,0,0,14.4494,0,0
-0.5,0.269231,0.3,56.1503,0,0,-14.217,0,0
-0.5,0.346154,0.3,48.2921,0,0,12.6209,0,0
-0.5,0.423077,0.3,43.322,0,0,-45.9636,0,0
-0.5,0.5,0.3,-23.5469,0,0,-25.5391,0,0
-0.5,0.576923,0.3,-5.17319,0,0,-8.16384,0,0
-0.5,0.653846,0.3,-32.8023,0,0,12.88,0,0
-0.5,0.730769,0.3,37.7864,0,0,26.752,0,0
-0.5,0.807692,0.3,-6.20913,0,0,-44.2912,0,0
-0.5,0.884615,0.3,-19.4859,0,0,30.7725,0,0
-0.5,0.961538,0.3,24.1615,0,0,-9.37281,0,0
-0.5,1.03846,0.3,-15.3387,0,0,-4.23565,0,0
-0.5,1.11538,0.3,3.56934,0,0,7.4999,0,0
-0.5,1.19231,0.3,5.28934,0,0,-3.89205,0,0
-0.5,1.26923,0.3,-9.72964,0,0,-2.53901,0,0
-0.5,1.34615,0.3,10.4276,0,0,9.08985,0,0
-0.5,1.42308,0.3,-8.67253,0,0,-14.4591,0,0
-0.5,1.5,0.3,5.63468,0,0,18.2713,0,0
-0.423077,-1.5,0.3,-16.8011,0,0,19.0798,0,0
-0.423077,-1.42308,0.3,12.7511,0,0,-20.5928,0,0
-0.423077,-1.34615,0.3,-7.58483,0,0,21.0126,0,0
-0.423077,-1.26923,0.3,1.55685,0,0,-19.5161,0,0
-0.423077,-1.19231,0.3,4.48597,0,0,15.1271,0,0
-0.423077,-1.11538,0.3,-8.70742,0,0,-7.08872,0,0
-0.423077,-1.03846,0.3,8.00808,0,0,-4.17719,0,0
-0.423077,-0.961538,0.3,1.36248,0,0,15.2911,0,0
-0.423077,-0.884615,0.3,-20.668,0,0,-18.0156,0,0
-0.423077,-0.807692,0.3,41.5545,0,0,1.10628,0,0
-0.423077,-0.730769,0.3,-40.2233,0,0,35.6623,0,0
-0.423077,-0.653846,0.3,-2.50455,0,0,-56.6865,0,0
-0.423077,-0.576923,0.3,38.0277,0,0,14.4802,0,0
-0.423077,-0.5,0.3,14.3451,0,0,12.902,0,0
-0.423077,-0.423077,0.3,2.85076,0,0,69.406,0,0
-0.423077,-0.346154,0.3,-86.0934,0,0,38.6082,0,0
-0.423077,-0.269231,0.3,-72.4827,0,0,22.71,0,0
-0.423077,-0.192308,0.3,-153.793,0,0,71.3861,0,0
-0.423077,-0.115385,0.3,-181.594,0,0,56.6274,0,0
-0.423077,-0.0384615,0.3,-97.1379,0,0,118.715,0,0
-0.423077,0.0384615,0.3,-97.1379,0,0,118.715,0,0
-0.423077,0.115385,0.3,-181.594,0,0,56.6274,0,0
-0.423077,0.192308,0.3,-153.793,0,0,71.3861,0,0
-0.423077,0.269231,0.3,-72.4827,0,0,22.71,0,0
-0.423077,0.346154,0.3,-86.0934,0,0,38.6082,0,0
-0.423077,0.423077,0.3,2.85076,0,0,69.406,0,0
-0.423077,0.5,0.3,14.3451,0,0,12.902,0,0
-0.423077,0.576923,0.3,38.0277,0,0,14.4802,0,0
-0.423077,0.653846,0.3,-2.50455,0,0,-56.6865,0,0
-0.423077,0.730769,0.3,-40.2233,0,0,35.6623,0,0
-0.423077,0.807692,0.3,41.5545,0,0,1.10628,0,0
-0.423077,0.884615,0.3,-20.668,0,0,-18.0156,0,0
-0.423077,0.961538,0.3,1.36248,0,0,15.2911,0,0
-0.423077,1.03846,0.3,8.00808,0,0,-4.17719,0,0
-0.423077,1.11538,0.3,-8.70742,0,0,-7.08872,0,0
-0.423077,1.19231,0.3,4.48597,0,0,15.1271,0,0
-0.423077,1.26923,0.3,1.55685,0,0,-19.5161,0,0
-0.423077,1.34615,0.3,-7.58483,0,0,21.0126,0,0
-0.423077,1.42308,0.3,12.7511,0,0,-20.5928,0,0
-0.423077,1.5,0.3,-16.8011,0,0,19.0798,0,0
-0.346154,-1.5,0.3,-30.6906,0,0,-0.174538,0,0
-0.346154,-1.42308,0.3,30.3468,0,0,-3.309,0,0
-0.346154,-1.34615,0.3,-28.9473,0,0,7.44484,0,0
-0.346154,-1.26923,0.3,25.9433,0,0,-11.9786,0,0
-0.346154,-1.19231,0.3,-20.6919,0,0,16.2638,0,0
-0.346154,-1.11538,0.3,12.665,0,0,-18.9918,0,0
-0.346154,-1.03846,0.3,-2.01744,0,0,17.9188,0,0
-0.346154,-0.961538,0.3,-9.20378,0,0,-9.9659,0,0
-0.346154,-0.884615,0.3,15.1881,0,0,-7.23098,0,0
-0.346154,-0.807692,0.3,-5.48057,0,0,30.3265,0,0
-0.346154,-0.730769,0.3,-28.3612,0,0,-41.4767,0,0
-0.346154,-0.653846,0.3,67.9474,0,0,9.48624,0,0
-0.346154,-0.576923,0.3,-46.8861,0,0,56.7248,0,0
-0.346154,-0.5,0.3,-36.9872,0,0,-33.8693,0,0
-0.346154,-0.423077,0.3,-38.2221,0,0,-48.5261,0,0
-0.346154,-0.346154,0.3,40.8038,0,0,-134.946,0,0
-0.346154,-0.269231,0.3,112.803,0,0,-96.522,0,0
-0.346154,-0.192308,0.3,113.161,0,0,-198.014,0,0
-0.346154,-0.115385,0.3,164.556,0,0,-257.072,0,0
-0.346154,-0.0384615,0.3,39.381,0,0,-202.379,0,0
-0.346154,0.0384615,0.3,39.381,0,0,-202.379,0,0
-0.346154,0.115385,0.3,164.556,0,0,-257.072,0,0
-0.346154,0.192308,0.3,113.161,0,0,-198.014,0,0
-0.346154,0.269231,0.3,112.803,0,0,-96.522,0,0
-0.346154,0.346154,0.3,40.8038,0,0,-134.946,0,0
-0.346154,0.423077,0.3,-38.2221,0,0,-48.5261,0,0
-0.346154,0.5,0.3,-36.9872,0,0,-33.8693,0,0
-0.346154,0.576923,0.3,-46.8861,0,0,56.7248,0,0
-0.346154,0.653846,0.3,67.9474,0,0,9.48624,0,0
-0.346154,0.730769,0.3,-28.3612,0,0,-41.4767,0,0
-0.346154,0.807692,0.3,-5.48057,0,0,30.3265,0,0
-0.346154,0.884615,0.3,15.1881,0,0,-7.23098,0,0
-0.346154,0.961538,0.3,-9.20378,0,0,-9.9659,0,0
-0.346154,1.03846,0.3,-2.01744,0,0,17.9188,0,0
-0.346154,1.11538,0.3,12.665,0,0,-18.9918,0,0
-0.346154,1.19231,0.3,-20.6919,0,0,16.2638,0,0
-0.346154,1.26923,0.3,25.9433,0,0,-11.9786,0,0
-0.346154,1.34615,0.3,-28.9473,0,0,7.44484,0,0
-0.346154,1.42308,0.3,30.3468,0,0,-3.309,0,0
-0.346154,1.5,0.3,-30.6906,0,0,-0.174538,0,0
-0.269231,-1.5,0.3,-26.6863,0,0,-22.2973,0,0
-0.269231,-1.42308,0.3,28.82,0,0,20.7193,0,0
-0.269231,-1.34615,0.3,-31.0612,0,0,-18.1352,0,0
-0.269231,-1.26923,0.3,33.1177,0,0,14.2214,0,0
-0.269231,-1.19231,0.3,-34.4243,0,0,-8.6444,0,0
-0.269231,-1.11538,0.3,33.9809,0,0,1.20811,0,0
-0.269231,-1.03846,0.3,-30.181,0,0,7.77406,0,0
-0.269231,-0.961538,0.3,20.8299,0,0,-16.6833,0,0
-0.269231,-0.884615,0.3,-3.99377,0,0,21.2062,0,0
-0.269231,-0.807692,0.3,-18.7833,0,0,-12.9365,0,0
-0.269231,-0.730769,0.3,34.8781,0,0,-18.167,0,0
-0.269231,-0.653846,0.3,-13.1695,0,0,66.0523,0,0
-0.269231,-0.576923,0.3,-66.8482,0,0,-69.6385,0,0
-0.269231,-0.5,0.3,94.447,0,0,-45.6413,0,0
-0.269231,-0.423077,0.3,74.3883,0,0,44.1176,0,0
-0.269231,-0.346154,0.3,111.351,0,0,147.631,0,0
-0.269231,-0.269231,0.3,6.5591,0,0,286.584,0,0
-0.269231,-0.192308,0.3,76.2182,0,0,334.277,0,0
-0.269231,-0.115385,0.3,173.223,0,0,450.655,0,0
-0.269231,-0.0384615,0.3,149.569,0,0,279.293,0,0
-0.269231,0.0384615,0.3,149.569,0,0,279.293,0,0
-0.269231,0.115385,0.3,173.223,0,0,450.655,0,0
-0.269231,0.192308,0.3,76.2182,0,0,334.277,0,0
-0.269231,0.269231,0.3,6.5591,0,0,286.584,0,0
-0.269231,0.346154,0.3,111.351,0,0,147.631,0,0
-0.269231,0.423077,0.3,74.3883,0,0,44.1176,0,0
-0.269231,0.5,0.3,94.447,0,0,-45.6413,0,0
-0.269231,0.576923,0.3,-66.8482,0,0,-69.6385,0,0
-0.269231,0.653846,0.3,-13.1695,0,0,66.0523,0,0
-0.269231,0.730769,0.3,34.8781,0,0,-18.167,0,0
-0.269231,0.807692,0.3,-18.7833,0,0,-12.9365,0,0
-0.269231,0.884615,0.3,-3.99377,0,0,21.2062,0,0
-0.269231,0.961538,0.3,20.8299,0,0,-16.6833,0,0
-0.269231,1.03846,0.3,-30.181,0,0,7.77406,0,0
-0.269231,1.11538,0.3,33.9809,0,0,1.20811,0,0
-0.269231,1.19231,0.3,-34.4243,0,0,-8.6444,0,0
-0.269231,1.26923,0.3,33.1177,0,0,14.2214,0,0
-0.269231,1.34615,0.3,-31.0612,0,0,-18.1352,0,0
-0.269231,1.42308,0.3,28.82,0,0,20.7193,0,0
-0.269231,1.5,0.3,-26.6863,0,0,-22.2973,0,0
-0.192308,-1.5,0.3,-12.9789,0,0,-35.3777,0,0
-0.192308,-1.42308,0.3,14.9552,0,0,36.0929,0,0
-0.192308,-1.34615,0.3,-17.6311,0,0,-36.3512,0,0
-0.192308,-1.26923,0.3,21.1117,0,0,35.8354,0,0
-0.192308,-1.19231,0.3,-25.4286,0,0,-34.0475,0,0
-0.192308,-1.11538,0.3,30.4077,0,0,30.2344,0,0
-0.192308,-1.03846,0.3,-35.3924,0,0,-23.3405,0,0
-0.192308,-0.961538,0.3,38.7043,0,0,12.1263,0,0
-0.192308,-0.884615,0.3,-36.7425,0,0,4.12355,0,0
-0.192308,-0.807692,0.3,23.0543,0,0,-23.2506,0,0
-0.192308,-0.730769,0.3,10.1839,0,0,34.4339,0,0
-0.192308,-0.653846,0.3,-59.2977,0,0,-10.0761,0,0
-0.192308,-0.576923,0.3,70.0945,0,0,-79.2419,0,0
-0.192308,-0.5,0.3,68.3971,0,0,141.947,0,0
-0.192308,-0.423077,0.3,-151.678,0,0,100.243,0,0
-0.192308,-0.346154,0.3,-265.868,0,0,30.1206,0,0
-0.192308,-0.269231,0.3,-492.984,0,0,-152.026,0,0
-0.192308,-0.192308,0.3,-594.328,0,0,-159.906,0,0
-0.192308,-0.115385,0.3,-769.448,0,0,17.5413,0,0
-0.192308,-0.0384615,0.3,-562.546,0,0,-20.0186,0,0
-0.192308,0.0384615,0.3,-562.546,0,0,-20.0186,0,0
-0.192308,0.115385,0.3,-769.448,0,0,17.5413,0,0
-0.192308,0.192308,0.3,-594.328,0,0,-159.906,0,0
-0.192308,0.269231,0.3,-492.984,0,0,-152.026,0,0
-0.192308,0.346154,0.3,-265.868,0,0,30.1206,0,0
-0.192308,0.423077,0.3,-151.678,0,0,100.243,0,0
-0.192308,0.5,0.3,68.3971,0,0,141.947,0,0
-0.192308,0.576923,0.3,70.0945,0,0,-79.2419,0,0
-0.192308,0.653846,0.3,-59.2977,0,0,-10.0761,0,0
-0.192308,0.730769,0.3,10.1839,0,0,34.4339,0,0
-0.192308,0.807692,0.3,23.0543,0,0,-23.2506,0,0
-0.192308,0.884615,0.3,-36.7425,0,0,4.12355,0,0
-0.192308,0.961538,0.3,38.7043,0,0,12.1263,0,0
-0.192308,1.03846,0.3,-35.3924,0,0,-23.3405,0,0
-0.192308,1.11538,0.3,30.4077,0,0,30.2344,0,0
-0.192308,1.19231,0.3,-25.4286,0,0,-34.0475,0,0
-0.192308,1.26923,0.3,21.1117,0,0,35.8354,0,0
-0.192308,1.34615,0.3,-17.6311,0,0,-36.3512,0,0
-0.192308,1.42308,0.3,14.9552,0,0,36.0929,0,0
-0.192308,1.5,0.3,-12.9789,0,0,-35.3777,0,0
-0.115385,-1.5,0.3,0.00620742,0,0,-39.5155,0,0
-0.115385,-1.42308,0.3,0.810678,0,0,41.3255,0,0
-0.115385,-1.34615,0.3,-2.33225,0,0,-43.171,0,0
-0.115385,-1.26923,0.3,4.80472,0,0,44.9222,0,0
-0.115385,-1.19231,0.3,-8.54275,0,0,-46.3115,0,0
-0.115385,-1.11538,0.3,13.9142,0,0,46.8202,0,0
-0.115385,-1.03846,0.3,-21.2519,0,0,-45.4837,0,0
-0.115385,-0.961538,0.3,30.5631,0,0,40.5852,0,0
-0.115385,-0.884615,0.3,-40.7243,0,0,-29.2954,0,0
-0.115385,-0.807692,0.3,47.5034,0,0,7.74469,0,0
-0.115385,-0.730769,0.3,-39.5523,0,0,26.3244,0,0
-0.115385,-0.653846,0.3,-5.5941,0,0,-61.4327,0,0
-0.115385,-0.576923,0.3,103.265,0,0,39.6778,0,0
-0.115385,-0.5,0.3,-140.119,0,0,144.998,0,0
-0.115385,-0.423077,0.3,-227.12,0,0,-227.693,0,0
-0.115385,-0.346154,0.3,-6.44938,0,0,-509.477,0,0
-0.115385,-0.269231,0.3,214.905,0,0,-950.226,0,0
-0.115385,-0.192308,0.3,258.257,0,0,-1205.72,0,0
-0.115385,-0.115385,0.3,-83.7159,0,0,-1314.43,0,0
-0.115385,-0.0384615,0.3,59.0356,0,0,-1117.7,0,0
-0.115385,0.0384615,0.3,59.0356,0,0,-1117.7,0,0
-0.115385,0.115385,0.3,-83.7159,0,0,-1314.43,0,0
-0.115385,0.192308,0.3,258.257,0,0,-1205.72,0,0
-0.115385,0.269231,0.3,214.905,0,0,-950.226,0,0
-0.115385,0.346154,0.3,-6.44938,0,0,-509.477,0,0
-0.115385,0.423077,0.3,-227.12,0,0,-227.693,0,0
-0.115385,0.5,0.3,-140.119,0,0,144.998,0,0
-0.115385,0.576923,0.3,103.265,0,0,39.6778,0,0
-0.115385,0.653846,0.3,-5.5941,0,0,-61.4327,0,0
-0.115385,0.730769,0.3,-39.5523,0,0,26.3244,0,0
-0.115385,0.807692,0.3,47.5034,0,0,7.74469,0,0
-0.115385,0.884615,0.3,-40.7243,0,0,-29.2954,0,0
-0.115385,0.961538,0.3,30.5631,0,0,40.5852,0,0
-0.115385,1.03846,0.3,-21.2519,0,0,-45.4837,0,0
-0.115385,1.11538,0.3,13.9142,0,0,46.8202,0,0
-0.115385,1.19231,0.3,-8.54275,0,0,-46.3115,0,0
-0.115385,1.26923,0.3,4.80472,0,0,44.9222,0,0
-0.115385,1.34615,0.3,-2.33225,0,0,-43.171,0,0
-0.115385,1.42308,0.3,0.810678,0,0,41.3255,0,0
-0.115385,1.5,0.3,0.00620742,0,0,-39.5155,0,0
-0.0384615,-1.5,0.3,7.11394,0,0,-39.7611,0,0
-0.0384615,-1.42308,0.3,-7.09933,0,0,41.8224,0,0
-0.0384615,-1.34615,0.3,6.49631,0,0,-44.1236,0,0
-0.0384615,-1.26923,0.3,-5.05187,0,0,46.6444,0,0
-0.0384615,-1.19231,0.3,2.40497,0,0,-49.2818,0,0
-0.0384615,-1.11538,0.3,1.94932,0,0,51.758,0,0
-0.0384615,-1.03846,0.3,-8.67922,0,0,-53.4359,0,0
-0.0384615,-0.961538,0.3,18.5433,0,0,52.9595,0,0
-0.0384615,-0.884615,0.3,-31.9847,0,0,-47.6003,0,0
-0.0384615,-0.807692,0.3,47.6919,0,0,32.2758,0,0
-0.0384615,-0.730769,0.3,-58.3283,0,0,0.868116,0,0
-0.0384615,-0.653846,0.3,40.3737,0,0,-56.7266,0,0
-0.0384615,-0.576923,0.3,56.2333,0,0,103.316,0,0
-0.0384615,-0.5,0.3,-232.585,0,0,23.8786,0,0
-0.0384615,-0.423077,0.3,-7.149,0,0,-466.383,0,0
-0.0384615,-0.346154,0.3,939.014,0,0,-635.943,0,0
-0.0384615,-0.269231,0.3,2156.45,0,0,-932.388,0,0
-0.0384615,-0.192308,0.3,2522.27,0,0,-1236.58,0,0
-0.0384615,-0.115385,0.3,2246.15,0,0,-1586.43,0,0
-0.0384615,-0.0384615,0.3,2249.81,0,0,-1322.83,0,0
-0.0384615,0.0384615,0.3,2249.81,0,0,-1322.83,0,0
-0.0384615,0.115385,0.3,2246.15,0,0,-1586.43,0,0
-0.0384615,0.192308,0.3,2522.27,0,0,-1236.58,0,0
-0.0384615,0.269231,0.3,2156.45,0,0,-932.388,0,0
-0.0384615,0.346154,0.3,939.014,0,0,-635.943,0,0
-0.0384615,0.423077,0.3,-7.149,0,0,-466.383,0,0
-0.0384615,0.5,0.3,-232.585,0,0,23.8786,0,0
-0.0384615,0.576923,0.3,56.2333,0,0,103.316,0,0
-0.0384615,0.653846,0.3,40.3737,0,0,-56.7266,0,0
-0.0384615,0.730769,0.3,-58.3283,0,0,0.868116,0,0
-0.0384615,0.807692,0.3,47.6919,0,0,32.2758,0,0
-0.0384615,0.884615,0.3,-31.9847,0,0,-47.6003,0,0
-0.0384615,0.961538,0.3,18.5433,0,0,52.9595,0,0
-0.0384615,1.03846,0.3,-8.67922,0,0,-53.4359,0,0
-0.0384615,1.11538,0.3,1.94932,0,0,51.758,0,0
-0.0384615,1.19231,0.3,2.40497,0,0,-49.2818,0,0
-0.0384615,1.26923,0.3,-5.05187,0,0,46.6444,0,0
-0.0384615,1.34615,0.3,6.49631,0,0,-44.1236,0,0
-0.0384615,1.42308,0.3,-7.09933,0,0,41.8224,0,0
-0.0384615,1.5,0.3,7.11394,0,0,-39.7611,0,0
0.0384615,-1.5,0.3,7.11394,0,0,-39.7611,0,0
0.0384615,-1.42308,0.3,-7.09933,0,0,41.8224,0,0
0.0384615,-1.34615,0.3,6.49631,0,0,-44.1236,0,0
0.0384615,-1.26923,0.3,-5.05187,0,0,46.6444,0,0
0.0384615,-1.19231,0.3,2.40497,0,0,-49.2818,0,0
0.0384615,-1.11538,0.3,1.94932,0,0,51.758,0,0
0.0384615,-1.03846,0.3,-8.67922,0,0,-53.4359,0,0
0.0384615,-0.961538,0.3,18.5433,0,0,52.9595,0,0
0.0384615,-0.884615,0.3,-31.9847,0,0,-47.6003,0,0
0.0384615,-0.807692,0.3,47.6919,0,0,32.2758,0,0
0.0384615,-0.730769,0.3,-58.3283,0,0,0.868116,0,0
0.0384615,-0.653846,0.3,40.3737,0,0,-56.7266,0,0
0.0384615,-0.576923,0.3,56.2333,0,0,103.316,0,0
0.0384615,-0.5,0.3,-232.585,0,0,23.8786,0,0
0.0384615,-0.423077,0.3,-7.149,0,0,-466.383,0,0
0.0384615,-0.346154,0.3,939.014,0,0,-635.943,0,0
0.0384615,-0.269231,0.3,2156.45,0,0,-932.388,0,0
0.0384615,-0.192308,0.3,2522.27,0,0,-1236.58,0,0
0.0384615,-0.115385,0.3,2246.15,0,0,-1586.43,0,0
0.0384615,-0.0384615,0.3,2249.81,0,0,-1322.83,0,0
0.0384615,0.0384615,0.3,2249.81,0,0,-1322.83,0,0
0.0384615,0.115385,0.3,2246.15,0,0,-1586.43,0,0
0.0384615,0.192308,0.3,2522.27,0,0,-1236.58,0,0
0.0384615,0.269231,0.3,2156.45,0,0,-932.388,0,0
0.0384615,0.346154,0.3,939.014,0,0,-635.943,0,0
0.0384615,0.423077,0.3,-7.149,0,0,-466.383,0,0
0.0384615,0.5,0.3,-232.585,0,0,23.8786,0,0
0.0384615,0.576923,0.3,56.2333,0,0,103.316,0,0
0.0384615,0.653846,0.3,40.3737,0,0,-56.7266,0,0
0.0384615,0.730769,0.3,-58.3283,0,0,0.868116,0,0
0.0384615,0.807692,0.3,47.6919,0,0,32.2758,0,0
0.0384615,0.884615,0.3,-31.9847,0,0,-47.6003,0,0
0.0384615,0.961538,0.3,18.5433,0,0,52.9595,0,0
0.0384615,1.03846,0.3,-8.67922,0,0,-53.4359,0,0
0.0384615,1.11538,0.3,1.94932,0,0,51.758,0,0
0.0384615,1.19231,0.3,2.40497,0,0,-49.2818,0,0
0.0384615,1.26923,0.3,-5.05187,0,0,46.6444,0,0
0.0384615,1.34615,0.3,6.49631,0,0,-44.1236,0,0
0.0384615,1.42308,0.3,-7.09933,0,0,41.8224,0,0
0.0384615,1.5,0.3,7.11394,0,0,-39.7611,0,0
0.115385,-1.5,0.3,0.00620742,0,0,-39.5155,0,0
0.115385,-1.42308,0.3,0.810678,0,0,41.3255,0,0
0.115385,-1.34615,0.3,-2.33225,0,0,-43.171,0,0
0.115385,-1.26923,0.3,4.80472,0,0,44.9222,0,0
0.115385,-1.19231,0.3,-8.54275,0,0,-46.3115,0,0
0.115385,-1.11538,0.3,13.9142,0,0,46.8202,0,0
0.115385,-1.03846,0.3,-21.2519,0,0,-45.4837,0,0
0.115385,-0.961538,0.3,30.5631,0,0,40.5852,0,0
0.115385,-0.884615,0.3,-40.7243,0,0,-29.2954,0,0
0.115385,-0.807692,0.3,47.5034,0,0,7.74469,0,0
0.115385,-0.730769,0.3,-39.5523,0,0,26.3244,0,0
0.115385,-0.653846,0.3,-5.5941,0,0,-61.4327,0,0
0.115385,-0.576923,0.3,103.265,0,0,39.6778,0,0
0.115385,-0.5,0.3,-140.119,0,0,144.998,0,0
0.115385,-0.423077,0.3,-227.12,0,0,-227.693,0,0
0.115385,-0.346154,0.3,-6.44938,0,0,-509.477,0,0
0.115385,-0.269231,0.3,214.905,0,0,-950.226,0,0
0.115385,-0.192308,0.3,258.257,0,0,-1205.72,0,0
0.115385,-0.115385,0.3,-83.7159,0,0,-1314.43,0,0
0.115385,-0.0384615,0.3,59.0356,0,0,-1117.7,0,0
0.115385,0.0384615,0.3,59.0356,0,0,-1117.7,0,0
0.115385,0.115385,0.3,-83.7159,0,0,-1314.43,0,0
0.115385,0.192308,0.3,258.257,0,0,-1205.72,0,0
0.115385,0.269231,0.3,214.905,0,0,-950.226,0,0
0.115385,0.346154,0.3,-6.44938,0,0,-509.477,0,0
0.115385,0.423077,0.3,-227.12,0,0,-227.693,0,0
0.115385,0.5,0.3,-140.119,0,0,144.998,0,0
0.115385,0.576923,0.3,103.265,0,0,39.6778,0,0
0.115385,0.653846,0.3,-5.5941,0,0,-61.4327,0,0
0.115385,0.730769,0.3,-39.5523,0,0,26.3244,0,0
0.115385,0.807692,0.3,47.5034,0,0,7.74469,0,0
0.115385,0.884615,0.3,-40.7243,0,0,-29.2954,0,0
0.115385,0.961538,0.3,30.5631,0,0,40.5852,0,0
0.115385,1.03846,0.3,-21.2519,0,0,-45.4837,0,0
0.115385,1.11538,0.3,13.9142,0,0,46.8202,0,0
0.115385,1.19231,0.3,-8.54275,0,0,-46.3115,0,0
0.115385,1.26923,0.3,4.80472,0,0,44.9222,0,0
0.115385,1.34615,0.3,-2.33225,0,0,-43.171,0,0
0.115385,1.42308,0.3,0.810678,0,0,41.3255,0,0
0.115385,1.5,0.3,0.00620742,0,0,-39.5155,0,0
0.192308,-1.5,0.3,-12.9789,0,0,-35.3777,0,0
0.192308,-1.42308,0.3,14.9552,0,0,36.0929,0,0
0.192308,-1.34615,0.3,-17.6311,0,0,-36.3512,0,0
0.192308,-1.26923,0.3,21.1117,0,0,35.8354,0,0
0.192308,-1.19231,0.3,-25.4286,0,0,-34.0475,0,0
0.192308,-1.11538,0.3,30.4077,0,0,30.2344,0,0
0.192308,-1.03846,0.3,-35.3924,0,0,-23.3405,0,0
0.192308,-0.961538,0.3,38.7043,0,0,12.1263,0,0
0.192308,-0.884615,0.3,-36.7425,0,0,4.12355,0,0
0.192308,-0.807692,0.3,23.0543,0,0,-23.2506,0,0
0.192308,-0.730769,0.3,10.1839,0,0,34.4339,0,0
0.192308,-0.653846,0.3,-59.2977,0,0,-10.0761,0,0
0.192308,-0.576923,0.3,70.0945,0,0,-79.2419,0,0
0.192308,-0.5,0.3,68.3971,0,0,141.947,0,0
0.192308,-0.423077,0.3,-151.678,0,0,100.243,0,0
0.192308,-0.346154,0.3,-265.868,0,0,30.1206,0,0
0.192308,-0.269231,0.3,-492.984,0,0,-152.026,0,0
0.192308,-0.192308,0.3,-594.328,0,0,-159.906,0,0
0.192308,-0.115385,0.3,-769.448,0,0,17.5413,0,0
0.192308,-0.0384615,0.3,-562.546,0,0,-20.0186,0,0
0.192308,0.0384615,0.3,-562.546,0,0,-20.0186,0,0
0.192308,0.115385,0.3,-769.448,0,0,17.5413,0,0
0.192308,0.192308,0.3,-594.328,0,0,-159.906,0,0
0.192308,0.269231,0.3,-492.984,0,0,-152.026,0,0
0.192308,0.346154,0.3,-265.868,0,0,30.1206,0,0
0.192308,0.423077,0.3,-151.678,0,0,100.243,0,0
0.192308,0.5,0.3,68.3971,0,0,141.947,0,0
0.192308,0.576923,0.3,70.0945,0,0,-79.2419,0,0
0.192308,0.653846,0.3,-59.2977,0,0,-10.0761,0,0
0.192308,0.730769,0.3,10.1839,0,0,34.4339,0,0
0.192308,0.807692,0.3,23.0543,0,0,-23.2506,0,0
0.192308,0.884615,0.3,-36.7425,0,0,4.12355,0,0
0.192308,0.961538,0.3,38.7043,0,0,12.1263,0,0
0.192308,1.03846,0.3,-35.3924,0,0,-23.3405,0,0
0.192308,1.11538,0.3,30.4077,0,0,30.2344,0,0
0.192308,1.19231,0.3,-25.4286,0,0,-34.0475,0,0
0.192308,1.26923,0.3,21.1117,0,0,35.8354,0,0
0.192308,1.34615,0.3,-17.6311,0,0,-36.3512,0,0
0.192308,1.42308,0.3,14.9552,0,0,36.0929,0,0
0.192308,1.5,0.3,-12.9789,0,0,-35.3777,0,0
0.269231,-1.5,0.3,-26.6863,0,0,-22.2973,0,0
0.269231,-1.42308,0.3,28.82,0,0,20.7193,0,0
0.269231,-1.34615,0.3,-31.0612,0,0,-18.1352,0,0
0.269231,-1.26923,0.3,33.1177,0,0,14.2214,0,0
0.269231,-1.19231,0.3,-34.4243,0,0,-8.6444,0,0
0.269231,-1.11538,0.3,33.9809,0,0,1.20811,0,0
0.269231,-1.03846,0.3,-30.181,0,0,7.77406,0,0
0.269231,-0.961538,0.3,20.8299,0,0,-16.6833,0,0
0.269231,-0.884615,0.3,-3.99377,0,0,21.2062,0,0
0.269231,-0.807692,0.3,-18.7833,0,0,-12.9365,0,0
0.269231,-0.730769,0.3,34.8781,0,0,-18.167,0,0
0.269231,-0.653846,0.3,-13.1695,0,0,66.0523,0,0
0.269231,-0.576923,0.3,-66.8482,0,0,-69.6385,0,0
0.269231,-0.5,0.3,94.447,0,0,-45.6413,0,0
0.269231,-0.423077,0.3,74.3883,0,0,44.1176,0,0
0.269231,-0.346154,0.3,111.351,0,0,147.631,0,0
0.269231,-0.269231,0.3,6.5591,0,0,286.584,0,0
0.269231,-0.192308,0.3,76.2182,0,0,334.277,0,0
0.269231,-0.115385,0.3,173.223,0,0,450.655,0,0
0.269231,-0.0384615,0.3,149.569,0,0,279.293,0,0
0.269231,0.0384615,0.3,149.569,0,0,279.293,0,0
0.269231,0.115385,0.3,173.223,0,0,450.655,0,0
0.269231,0.192308,0.3,76.2182,0,0,334.277,0,0
0.269231,0.269231,0.3,6.5591,0,0,286.584,0,0
0.269231,0.346154,0.3,111.351,0,0,147.631,0,0
0.269231,0.423077,0.3,74.3883,0,0,44.1176,0,0
0.269231,0.5,0.3,94.447,0,0,-45.6413,0,0
0.269231,0.576923,0.3,-66.8482,0,0,-69.6385,0,0
0.269231,0.653846,0.3,-13.1695,0,0,66.0523,0,0
0.269231,0.730769,0.3,34.8781,0,0,-18.167,0,0
0.269231,0.807692,0.3,-18.7833,0,0,-12.9365,0,0
0.269231,0.884615,0.3,-3.99377,0,0,21.2062,0,0
0.269231,0.961538,0.3,20.8299,0,0,-16.6833,0,0
0.269231,1.03846,0.3,-30.181,0,0,7.77406,0,0
0.269231,1.11538,0.3,33.9809,0,0,1.20811,0,0
0.269231,1.19231,0.3,-34.4243,0,0,-8.6444,0,0
0.269231,1.26923,0.3,33.1177,0,0,14.2214,0,0
0.269231,1.34615,0.3,-31.0612,0,0,-18.1352,0,0
0.269231,1.42308,0.3,28.82,0,0,20.7193,0,0
0.269231,1.5,0.3,-26.6863,0,0,-22.2973,0,0
0.346154,-1.5,0.3,-30.6906,0,0,-0.174538,0,0
0.346154,-1.42308,0.3,30.3468,0,0,-3.309,0,0
0.346154,-1.34615,0.3,-28.9473,0,0,7.44484,0,0
0.346154,-1.26923,0.3,25.9433,0,0,-11.9786,0,0
0.346154,-1.19231,0.3,-20.6919,0,0,16.2638,0,0
0.346154,-1.11538,0.3,12.665,0,0,-18.9918,0,0
0.346154,-1.03846,0.3,-2.01744,0,0,17.9188,0,0
0.346154,-0.961538,0.3,-9.20378,0,0,-9.9659,0,0
0.346154,-0.884615,0.3,15.1881,0,0,-7.23098,0,0
0.346154,-0.807692,0.3,-5.48057,0,0,30.3265,0,0
0.346154,-0.730769,0.3,-28.3612,0,0,-41.4767,0,0
0.346154,-0.653846,0.3,67.9474,0,0,9.48624,0,0
0.346154,-0.576923,0.3,-46.8861,0,0,56.7248,0,0
0.346154,-0.5,0.3,-36.9872,0,0,-33.8693,0,0
0.346154,-0.423077,0.3,-38.2221,0,0,-48.5261,0,0
0.346154,-0.346154,0.3,40.8038,0,0,-134.946,0,0
0.346154,-0.269231,0.3,112.803,0,0,-96.522,0,0
0.346154,-0.192308,0.3,113.161,0,0,-198.014,0,0
0.346154,-0.115385,0.3,164.556,0,0,-257.072,0,0
0.346154,-0.0384615,0.3,39.381,0,0,-202.379,0,0
0.346154,0.0384615,0.3,39.381,0,0,-202.379,0,0
0.346154,0.115385,0.3,164.556,0,0,-257.072,0,0
0.346154,0.192308,0.3,113.161,0,0,-198.014,0,0
0.346154,0.269231,0.3,112.803,0,0,-96.522,0,0
0.346154,0.346154,0.3,40.8038,0,0,-134.946,0,0
0.346154,0.423077,0.3,-38.2221,0,0,-48.5261,0,0
0.346154,0.5,0.3,-36.9872,0,0,-33.8693,0,0
0.346154,0.576923,0.3,-46.8861,0,0,56.7248,0,0
0.346154,0.653846,0.3,67.9474,0,0,9.48624,0,0
0.346154,0.730769,0.3,-28.3612,0,0,-41.4767,0,0
0.346154,0.807692,0.3,-5.48057,0,0,30.3265,0,0
0.346154,0.884615,0.3,15.1881,0,0,-7.23098,0,0
0.346154,0.961538,0.3,-9.20378,0,0,-9.9659,0,0
0.346154,1.03846,0.3,-2.01744,0,0,17.9188,0,0
0.346154,1.11538,0.3,12.665,0,0,-18.9918,0,0
0.346154,1.19231,0.3,-20.6919,0,0,16.2638,0,0
0.346154,1.26923,0.3,25.9433,0,0,-11.9786,0,0
0.346154,1.34615,0.3,-28.9473,0,0,7.44484,0,0
0.346154,1.42308,0.3,30.3468,0,0,-3.309,0,0
0.346154,1.5,0.3,-30.6906,0,0,-0.174538,0,0
0.423077,-1.5,0.3,-16.8011,0,0,19.0798,0,0
0.423077,-1.42308,0.3,12.7511,0,0,-20.5928,0,0
0.423077,-1.34615,0.3,-7.58483,0,0,21.0126,0,0
0.423077,-1.26923,0.3,1.55685,0,0,-19.5161,0,0
0.423077,-1.19231,0.3,4.48597,0,0,15.1271,0,0
0.423077,-1.11538,0.3,-8.70742,0,0,-7.08872,0,0
0.423077,-1.03846,0.3,8.00808,0,0,-4.17719,0,0
0.423077,-0.961538,0.3,1.36248,0,0,15.2911,0,0
0.423077,-0.884615,0.3,-20.668,0,0,-18.0156,0,0
0.423077,-0.807692,0.3,41.5545,0,0,1.10628,0,0
0.423077,-0.730769,0.3,-40.2233,0,0,35.6623,0,0
0.423077,-0.653846,0.3,-2.50455,0,0,-56.6865,0,0
0.423077,-0.576923,0.3,38.0277,0,0,14.4802,0,0
0.423077,-0.5,0.3,14.3451,0,0,12.902,0,0
0.423077,-0.423077,0.3,2.85076,0,0,69.406,0,0
0.423077,-0.346154,0.3,-86.0934,0,0,38.6082,0,0
0.423077,-0.269231,0.3,-72.4827,0,0,22.71,0,0
0.423077,-0.192308,0.3,-153.793,0,0,71.3861,0,0
0.423077,-0.115385,0.3,-181.594,0,0,56.6274,0,0
0.423077,-0.0384615,0.3,-97.1379,0,0,118.715,0,0
0.423077,0.0384615,0.3,-97.1379,0,0,118.715,0,0
0.423077,0.115385,0.3,-181.594,0,0,56.6274,0,0
0.423077,0.192308,0.3,-153.793,0,0,71.3861,0,0
0.423077,0.269231,0.3,-72.4827,0,0,22.71,0,0
0.423077,0.346154,0.3,-86.0934,0,0,38.6082,0,0
0.423077,0.423077,0.3,2.85076,0,0,69.406,0,0
0.423077,0.5,0.3,14.3451,0,0,12.902,0,0
0.423077,0.576923,0.3,38.0277,0,0,14.4802,0,0
0.423077,0.653846,0.3,-2.50455,0,0,-56.6865,0,0
0.423077,0.730769,0.3,-40.2233,0,0,35.6623,0,0
0.423077,0.807692,0.3,41.5545,0,0,1.10628,0,0
0.423077,0.884615,0.3,-20.668,0,0,-18.0156,0,0
0.423077,0.961538,0.3,1.36248,0,0,15.2911,0,0
0.423077,1.03846,0.3,8.00808,0,0,-4.17719,0,0
0.423077,1.11538,0.3,-8.70742,0,0,-7.08872,0,0
0.423077,1.19231,0.3,4.48597,0,0,15.1271,0,0
0.423077,1.26923,0.3,1.55685,0,0,-19.5161,0,0
0.423077,1.34615,0.3,-7.58483,0,0,21.0126,0,0
0.423077,1.42308,0.3,12.7511,0,0,-20.5928,0,0
0.423077,1.5,0.3,-16.8011,0,0,19.0798,0,0
0.5,-1.5,0.3,5.63468,0,0,18.2713,0,0
0.5,-1.42308,0.3,-8.67253,0,0,-14.4591,0,0
0.5,-1.34615,0.3,10.4276,0,0,9.08985,0,0
0.5,-1.26923,0.3,-9.72964,0,0,-2.53901,0,0
0.5,-1.19231,0.3,5.28934,0,0,-3.89205,0,0
0.5,-1.11538,0.3,3.56934,0,0,7.4999,0,0
0.5,-1.03846,0.3,-15.3387,0,0,-4.23565,0,0
0.5,-0.961538,0.3,24.1615,0,0,-9.37281,0,0
0.5,-0.884615,0.3,-19.4859,0,0,30.7725,0,0
0.5,-0.807692,0.3,-6.20913,0,0,-44.2912,0,0
0.5,-0.730769,0.3,37.7864,0,0,26.752,0,0
0.5,-0.653846,0.3,-32.8023,0,0,12.88,0,0
0.5,-0.576923,0.3,-5.17319,0,0,-8.16384,0,0
0.5,-0.5,0.3,-23.5469,0,0,-25.5391,0,0
0.5,-0.423077,0.3,43.322,0,0,-45.9636,0,0
0.5,-0.346154,0.3,48.2921,0,0,12.6209,0,0
0.5,-0.269231,0.3,56.1503,0,0,-14.217,0,0
0.5,-0.192308,0.3,125.316,0,0,14.4494,0,0
0.5,-0.115385,0.3,115.505,0,0,21.9698,0,0
0.5,-0.0384615,0.3,108.494,0,0,-56.8744,0,0
0.5,0.0384615,0.3,108.494,0,0,-56.8744,0,0
0.5,0.115385,0.3,115.505,0,0,21.9698,0,0
0.5,0.192308,0.3,125.316,0,0,14.4494,0,0
0.5,0.269231,0.3,56.1503,0,0,-14.217,0,0
0.5,0.346154,0.3,48.2921,0,0,12.6209,0,0
0.5,0.423077,0.3,43.322,0,0,-45.9636,0,0
0.5,0.5,0.3,-23.5469,0,0,-25.5391,0,0
0.5,0.576923,0.3,-5.17319,0,0,-8.16384,0,0
0.5,0.653846,0.3,-32.8023,0,0,12.88,0,0
0.5,0.730769,0.3,37.7864,0,0,26.752,0,0
0.5,0.807692,0.3,-6.20913,0,0,-44.2912,0,0
0.5,0.884615,0.3,-19.4859,0,0,30.7725,0,0
0.5,0.961538,0.3,24.1615,0,0,-9.37281,0,0
0.5,1.03846,0.3,-15.3387,0,0,-4.23565,0,0
0.5,1.11538,0.3,3.56934,0,0,7.4999,0,0
0.5,1.19231,0.3,5.28934,0,0,-3.89205,0,0
0.5,1.26923,0.3,-9.72964,0,0,-2.53901,0,0
0.5,1.34615,0.3,10.4276,0,0,9.08985,0,0
0.5,1.42308,0.3,-8.67253,0,0,-14.4591,0,0
0.5,1.5,0.3,5.63468,0,0,18.2713,0,0
0.576923,-1.5,0.3,12.1242,0,0,0.701643,0,0
0.576923,-1.42308,0.3,-8.57795,0,0,2.94277,0,0
0.576923,-1.34615,0.3,3.08015,0,0,-4.84657,0,0
0.576923,-1.26923,0.3,3.61607,0,0,3.44228,0,0
0.576923,-1.19231,0.3,-9.35739,0,0,2.67286,0,0
0.576923,-1.11538,0.3,10.2909,0,0,-13.3895,0,0
0.576923,-1.03846,0.3,-1.95987,0,0,24.9199,0,0
0.576923,-0.961538,0.3,-16.5909,0,0,-28.3791,0,0
0.576923,-0.884615,0.3,36.0357,0,0,13.801,0,0
0.576923,-0.807692,0.3,-35.9958,0,0,15.4656,0,0
0.576923,-0.730769,0.3,8.14652,0,0,-29.9231,0,0
0.576923,-0.653846,0.3,9.10992,0,0,7.36435,0,0
0.576923,-0.576923,0.3,17.0416,0,0,-1.77493,0,0
0.576923,-0.5,0.3,-0.528549,0,0,42.3506,0,0
0.576923,-0.423077,0.3,-44.9036,0,0,2.60704,0,0
0.576923,-0.346154,0.3,-17.0166,0,0,-7.79975,0,0
0.576923,-0.269231,0.3,-57.3378,0,0,0.240689,0,0
0.576923,-0.192308,0.3,-75.0263,0,0,-49.8564,0,0
0.576923,-0.115385,0.3,-65.4971,0,0,-34.7096,0,0
0.576923,-0.0384615,0.3,-99.2159,0,0,14.2278,0,0
0.576923,0.0384615,0.3,-99.2159,0,0,14.2278,0,0
0.576923,0.115385,0.3,-65.4971,0,0,-34.7096,0,0
0.576923,0.192308,0.3,-75.0263,0,0,-49.8564,0,0
0.576923,0.269231,0.3,-57.3378,0,0,0.240689,0,0
0.576923,0.346154,0.3,-17.0166,0,0,-7.79975,0,0
0.576923,0.423077,0.3,-44.9036,0,0,2.60704,0,0
0.576923,0.5,0.3,-0.528549,0,0,42.3506,0,0
0.576923,0.576923,0.3,17.0416,0,0,-1.77493,0,0
0.576923,0.653846,0.3,9.10992,0,0,7.36435,0,0
0.576923,0.730769,0.3,8.14652,0,0,-29.9231,0,0
0.576923,0.807692,0.3,-35.9958,0,0,15.4656,0,0
0.576923,0.884615,0.3,36.0357,0,0,13.801,0,0
0.576923,0.961538,0.3,-16.5909,0,0,-28.3791,0,0
0.576923,1.03846,0.3,-1.95987,0,0,24.9199,0,0
0.576923,1.11538,0.3,10.2909,0,0,-13.3895,0,0
0.576923,1.19231,0.3,-9.35739,0,0,2.67286,0,0
0.576923,1.26923,0.3,3.61607,0,0,3.44228,0,0
0.576923,1.34615,0.3,3.08015,0,0,-4.84657,0,0
0.576923,1.42308,0.3,-8.57795,0,0,2.94277,0,0
0.576923,1.5,0.3,12.1242,0,0,0.701643,0,0
0.653846,-1.5,0.3,0.110426,0,0,-5.29411,0,0
0.653846,-1.42308,0.3,3.2246,0,0,1.32367,0,0
0.653846,-1.34615,0.3,-3.96792,0,0,4.77693,0,0
0.653846,-1.26923,0.3,0.254936,0,0,-11.4549,0,0
0.653846,-1.19231,0.3,8.84501,0,0,15.2959,0,0
0.653846,-1.11538,0.3,-21.266,0,0,-11.5252,0,0
0.653846,-1.03846,0.3,29.9799,0,0,-2.93598,0,0
0.653846,-0.961538,0.3,-24.7201,0,0,23.427,0,0
0.653846,-0.884615,0.3,2.27552,0,0,-33.8986,0,0
0.653846,-0.807692,0.3,19.3839,0,0,19.5936,0,0
0.653846,-0.730769,0.3,-13.0367,0,0,2.41296,0,0
0.653846,-0.653846,0.3,-2.67546,0,0,7.19695,0,0
0.653846,-0.576923,0.3,-22.9009,0,0,-17.256,0,0
0.653846,-0.5,0.3,26.5112,0,0,-26.9811,0,0
0.653846,-0.423077,0.3,19.8466,0,0,13.755,0,0
0.653846,-0.346154,0.3,15.1984,0,0,-5.40014,0,0
0.653846,-0.269231,0.3,49.5423,0,0,18.8919,0,0
0.653846,-0.192308,0.3,34.6642,0,0,50.654,0,0
0.653846,-0.115385,0.3,40.536,0,0,29.2208,0,0
0.653846,-0.0384615,0.3,81.7075,0,0,11.8562,0,0
0.653846,0.0384615,0.3,81.7075,0,0,11.8562,0,0
0.653846,0.115385,0.3,40.536,0,0,29.2208,0,0
0.653846,0.192308,0.3,34.6642,0,0,50.654,0,0
0.653846,0.269231,0.3,49.5423,0,0,18.8919,0,0
0.653846,0.346154,0.3,15.1984,0,0,-5.40014,0,0
0.653846,0.423077,0.3,19.8466,0,0,13.755,0,0
0.653846,0.5,0.3,26.5112,0,0,-26.9811,0,0
0.653846,0.576923,0.3,-22.9009,0,0,-17.256,0,0
0.653846,0.653846,0.3,-2.67546,0,0,7.19695,0,0
0.653846,0.730769,0.3,-13.0367,0,0,2.41296,0,0
0.653846,0.807692,0.3,19.3839,0,0,19.5936,0,0
0.653846,0.884615,0.3,2.27552,0,0,-33.8986,0,0
0.653846,0.961538,0.3,-24.7201,0,0,23.427,0,0
0.653846,1.03846,0.3,29.9799,0,0,-2.93598,0,0
0.653846,1.11538,0.3,-21.266,0,0,-11.5252,0,0
0.653846,1.19231,0.3,8.84501,0,0,15.2959,0,0
0.653846,1.26923,0.3,0.254936,0,0,-11.4549,0,0
0.653846,1.34615,0.3,-3.96792,0,0,4.77693,0,0
0.653846,1.42308,0.3,3.2246,0,0,1.32367,0,0
0.653846,1.5,0.3,0.110426,0,0,-5.29411,0,0
0.730769,-1.5,0.3,-0.294728,0,0,4.10186,0,0
0.730769,-1.42308,0.3,-4.96678,0,0,-6.32136,0,0
0.730769,-1.34615,0.3,11.9948,0,0,4.65905,0,0
0.730769,-1.26923,0.3,-17.94,0,0,2.58012,0,0
0.730769,-1.19231,0.3,18.102,0,0,-14.7475,0,0
0.730769,-1.11538,0.3,-8.15063,0,0,26.6112,0,0
0.730769,-1.03846,0.3,-10.6461,0,0,-28.5928,0,0
0.730769,-0.961538,0.3,26.5223,0,0,13.9709,0,0
0.730769,-0.884615,0.3,-23.366,0,0,8.02218,0,0
0.730769,-0.807692,0.3,4.5874,0,0,-12.9131,0,0
0.730769,-0.730769,0.3,-2.23978,0,0,-1.11204,0,0
0.730769,-0.653846,0.3,17.9091,0,0,-7.89056,0,0
0.730769,-0.576923,0.3,4.69947,0,0,30.1836,0,0
0.730769,-0.5,0.3,-26.9552,0,0,2.28732,0,0
0.730769,-0.423077,0.3,-3.14375,0,0,-5.7937,0,0
0.730769,-0.346154,0.3,-23.4685,0,0,5.53247,0,0
0.730769,-0.269231,0.3,-33.0285,0,0,-29.9893,0,0
0.730769,-0.192308,0.3,-12.2262,0,0,-38.0237,0,0
0.730769,-0.115385,0.3,-29.5563,0,0,-23.0662,0,0
0.730769,-0.0384615,0.3,-63.2728,0,0,-25.4582,0,0
0.730769,0.0384615,0.3,-63.2728,0,0,-25.4582,0,0
0.730769,0.115385,0.3,-29.5563,0,0,-23.0662,0,0
0.730769,0.192308,0.3,-12.2262,0,0,-38.0237,0,0
0.730769,0.269231,0.3,-33.0285,0,0,-29.9893,0,0
0.730769,0.346154,0.3,-23.4685,0,0,5.53247,0,0
0.730769,0.423077,0.3,-3.14375,0,0,-5.7937,0,0
0.730769,0.5,0.3,-26.9552,0,0,2.28732,0,0
0.730769,0.576923,0.3,4.69947,0,0,30.1836,0,0
0.730769,0.653846,0.3,17.9091,0,0,-7.89056,0,0
0.730769,0.730769,0.3,-2.23978,0,0,-1.11204,0,0
0.730769,0.807692,0.3,4.5874,0,0,-12.9131,0,0
0.730769,0.884615,0.3,-23.366,0,0,8.02218,0,0
0.730769,0.961538,0.3,26.5223,0,0,13.9709,0,0
0.730769,1.03846,0.3,-10.6461,0,0,-28.5928,0,0
0.730769,1.11538,0.3,-8.15063,0,0,26.6112,0,0
0.730769,1.19231,0.3,18.102,0,0,-14.7475,0,0
0.730769,1.26923,0.3,-17.94,0,0,2.58012,0,0
0.730769,1.34615,0.3,11.9948,0,0,4.65905,0,0
0.730769,1.42308,0.3,-4.96678,0,0,-6.32136,0,0
0.730769,1.5,0.3,-0.294728,0,0,4.10186,0,0
0.807692,-1.5,0.3,9.02355,0,0,-3.34028,0,0
0.807692,-1.42308,0.3,-9.21425,0,0,10.3687,0,0
0.807692,-1.34615,0.3,4.03627,0,0,-17.8246,0,0
0.807692,-1.26923,0.3,7.02009,0,0,21.3309,0,0
0.807692,-1.19231,0.3,-20.3797,0,0,-15.8857,0,0
0.807692,-1.11538,0.3,27.6184,0,0,0.301386,0,0
0.807692,-1.03846,0.3,-20.3233,0,0,17.4545,0,0
0.807692,-0.961538,0.3,1.45517,0,0,-22.2661,0,0
0.807692,-0.884615,0.3,9.6794,0,0,9.48546,0,0
0.807692,-0.807692,0.3,-1.23838,0,0,-1.04604,0,0
0.807692,-0.730769,0.3,-0.0844598,0,0,13.3833,0,0
0.807692,-0.653846,0.3,-22.5986,0,0,-8.80942,0,0
0.807692,-0.576923,0.3,13.8294,0,0,-22.0569,0,0
0.807692,-0.5,0.3,12.4965,0,0,8.34975,0,0
0.807692,-0.423077,0.3,2.56677,0,0,-5.43986,0,0
0.807692,-0.346154,0.3,26.7625,0,0,2.97757,0,0
0.807692,-0.269231,0.3,16.5547,0,0,30.6968,0,0
0.807692,-0.192308,0.3,3.30194,0,0,24.6243,0,0
0.807692,-0.115385,0.3,24.2105,0,0,19.4368,0,0
0.807692,-0.0384615,0.3,47.3021,0,0,30.9322,0,0
0.807692,0.0384615,0.3,47.3021,0,0,30.9322,0,0
0.807692,0.115385,0.3,24.2105,0,0,19.4368,0,0
0.807692,0.192308,0.3,3.30194,0,0,24.6243,0,0
0.807692,0.269231,0.3,16.5547,0,0,30.6968,0,0
0.807692,0.346154,0.3,26.7625,0,0,2.97757,0,0
0.807692,0.423077,0.3,2.56677,0,0,-5.43986,0,0
0.807692,0.5,0.3,12.4965,0,0,8.34975,0,0
0.807692,0.576923,0.3,13.8294,0,0,-22.0569,0,0
0.807692,0.653846,0.3,-22.5986,0,0,-8.80942,0,0
0.807692,0.730769,0.3,-0.0844598,0,0,13.3833,0,0
0.807692,0.807692,0.3,-1.23838,0,0,-1.04604,0,0
0.807692,0.884615,0.3,9.6794,0,0,9.48546,0,0
0.807692,0.961538,0.3,1.45517,0,0,-22.2661,0,0
0.807692,1.03846,0.3,-20.3233,0,0,17.4545,0,0
0.807692,1.11538,0.3,27.6184,0,0,0.301386,0,0
0.807692,1.19231,0.3,-20.3797,0,0,-15.8857,0,0
0.807692,1.26923,0.3,7.02009,0,0,21.3309,0,0
0.807692,1.34615,0.3,4.03627,0,0,-17.8246,0,0
0.807692,1.42308,0.3,-9.21425,0,0,10.3687,0,0
0.807692,1.5,0.3,9.02355,0,0,-3.34028,0,0
0.884615,-1.5,0.3,-6.89681,0,0,-12.769,0,0
0.884615,-1.42308,0.3,15.3021,0,0,9.82593,0,0
0.884615,-1.34615,0.3,-21.5186,0,0,-0.555597,0,0
0.884615,-1.26923,0.3,20.2816,0,0,-12.9617,0,0
0.884615,-1.19231,0.3,-8.64979,0,0,23.668,0,0
0.884615,-1.11538,0.3,-8.63953,0,0,-22.5836,0,0
0.884615,-1.03846,0.3,18.5129,0,0,8.30821,0,0
0.884615,-0.961538,0.3,-11.9878,0,0,5.31643,0,0
0.884615,-0.884615,0.3,1.76314,0,0,-2.68862,0,0
0.884615,-0.807692,0.3,-8.53134,0,0,-3.16039,0,0
0.884615,-0.730769,0.3,14.0031,0,0,-13.0286,0,0
0.884615,-0.653846,0.3,10.8086,0,0,20.801,0,0
0.884615,-0.576923,0.3,-17.5041,0,0,6.26339,0,0
0.884615,-0.5,0.3,-0.693871,0,0,-4.77194,0,0
0.884615,-0.423077,0.3,-9.39989,0,0,9.25347,0,0
0.884615,-0.346154,0.3,-23.019,0,0,-11.4566,0,0
0.884615,-0.269231,0.3,-5.07987,0,0,-25.1685,0,0
0.884615,-0.192308,0.3,-1.59108,0,0,-14.8657,0,0
0.884615,-0.115385,0.3,-20.7257,0,0,-17.6021,0,0
0.884615,-0.0384615,0.3,-34.7341,0,0,-31.7175,0,0
0.884615,0.0384615,0.3,-34.7341,0,0,-31.7175,0,0
0.884615,0.115385,0.3,-20.7257,0,0,-17.6021,0,0
0.884615,0.192308,0.3,-1.59108,0,0,-14.8657,0,0
0.884615,0.269231,0.3,-5.07987,0,0,-25.1685,0,0
0.884615,0.346154,0.3,-23.019,0,0,-11.4566,0,0
0.884615,0.423077,0.3,-9.39989,0,0,9.25347,0,0
0.884615,0.5,0.3,-0.693871,0,0,-4.77194,0,0
0.884615,0.576923,0.3,-17.5041,0,0,6.26339,0,0
0.884615,0.653846,0.3,10.8086,0,0,20.801,0,0
0.884615,0.730769,0.3,14.0031,0,0,-13.0286,0,0
0.884615,0.807692,0.3,-8.53134,0,0,-3.16039,0,0
0.884615,0.884615,0.3,1.76314,0,0,-2.68862,0,0
0.884615,0.961538,0.3,-11.9878,0,0,5.31643,0,0
0.884615,1.03846,0.3,18.5129,0,0,8.30821,0,0
0.884615,1.11538,0.3,-8.63953,0,0,-22.5836,0,0
0.884615,1.19231,0.3,-8.64979,0,0,23.668,0,0
0.884615,1.26923,0.3,20.2816,0,0,-12.9617,0,0
0.884615,1.34615,0.3,-21.5186,0,0,-0.555597,0,0
0.884615,1.42308,0.3,15.3021,0,0,9.82593,0,0
0.884615,1.5,0.3,-6.89681,0,0,-12.769,0,0
0.961538,-1.5,0.3,-14.057,0,0,11.1072,0,0
0.961538,-1.42308,0.3,7.06382,0,0,-19.3296,0,0
0.961538,-1.34615,0.3,5.55018,0,0,21.7821,0,0
0.961538,-1.26923,0.3,-18.1726,0,0,-14.3124,0,0
0.961538,-1.19231,0.3,21.9741,0,0,-1.02633,0,0
0.961538,-1.11538,0.3,-12.6313,0,0,13.6059,0,0
0.961538,-1.03846,0.3,-0.97791,0,0,-12.5126,0,0
0.961538,-0.961538,0.3,3.00678,0,0,3.10718,0,0
0.961538,-0.884615,0.3,3.60141,0,0,-4.91039,0,0
0.961538,-0.807692,0.3,5.23878,0,0,14.0992,0,0
0.961538,-0.730769,0.3,-20.4259,0,0,0.404898,0,0
0.961538,-0.653846,0.3,3.52926,0,0,-19.0025,0,0
0.961538,-0.576923,0.3,10.2226,0,0,3.42675,0,0
0.961538,-0.5,0.3,-2.23473,0,0,-3.23367,0,0
0.961538,-0.423077,0.3,15.2404,0,0,-6.19851,0,0
0.961538,-0.346154,0.3,15.8181,0,0,15.8496,0,0
0.961538,-0.269231,0.3,-0.908867,0,0,17.8197,0,0
0.961538,-0.192308,0.3,2.72782,0,0,8.98309,0,0
0.961538,-0.115385,0.3,17.8359,0,0,16.5429,0,0
0.961538,-0.0384615,0.3,25.3519,0,0,30.0968,0,0
0.961538,0.0384615,0.3,25.3519,0,0,30.0968,0,0
0.961538,0.115385,0.3,17.8359,0,0,16.5429,0,0
0.961538,0.192308,0.3,2.72782,0,0,8.98309,0,0
0.961538,0.269231,0.3,-0.908867,0,0,17.8197,0,0
0.961538,0.346154,0.3,15.8181,0,0,15.8496,0,0
0.961538,0.423077,0.3,15.2404,0,0,-6.19851,0,0
0.961538,0.5,0.3,-2.23473,0,0,-3.23367,0,0
0.961538,0.576923,0.3,10.2226,0,0,3.42675,0,0
0.961538,0.653846,0.3,3.52926,0,0,-19.0025,0,0
0.961538,0.730769,0.3,-20.4259,0,0,0.404898,0,0
0.961538,0.807692,0.3,5.23878,0,0,14.0992,0,0
0.961538,0.884615,0.3,3.60141,0,0,-4.91039,0,0
0.961538,0.961538,0.3,3.00678,0,0,3.10718,0,0
0.961538,1.03846,0.3,-0.97791,0,0,-12.5126,0,0
0.961538,1.11538,0.3,-12.6313,0,0,13.6059,0,0
0.961538,1.19231,0.3,21.9741,0,0,-1.02633,0,0
0.961538,1.26923,0.3,-18.1726,0,0,-14.3124,0,0
0.961538,1.34615,0.3,5.55018,0,0,21.7821,0,0
0.961538,1.42308,0.3,7.06382,0,0,-19.3296,0,0
0.961538,1.5,0.3,-14.057,0,0,11.1072,0,0
1.03846,-1.5,0.3,15.5367,0,0,12.0127,0,0
1.03846,-1.42308,0.3,-21.009,0,0,-1.09409,0,0
1.03846,-1.34615,0.3,17.5452,0,0,-12.1515,0,0
1.03846,-1.26923,0.3,-5.01143,0,0,19.5121,0,0
1.03846,-1.19231,0.3,-8.48231,0,0,-14.8225,0,0
1.03846,-1.11538,0.3,11.6239,0,0,2.7568,0,0
1.03846,-1.03846,0.3,-4.37462,0,0,2.44006,0,0
1.03846,-0.961538,0.3,2.69316,0,0,2.92401,0,0
1.03846,-0.884615,0.3,-11.8106,0,0,0.0695262,0,0
1.03846,-0.807692,0.3,6.61448,0,0,-16.2041,0,0
1.03846,-0.730769,0.3,14.875,0,0,11.199,0,0
1.03846,-0.653846,0.3,-10.0351,0,0,9.51656,0,0
1.03846,-0.576923,0.3,-1.44416,0,0,-4.15172,0,0
1.03846,-0.5,0.3,-1.10241,0,0,8.60007,0,0
1.03846,-0.423077,0.3,-17.015,0,0,0.489456,0,0
1.03846,-0.346154,0.3,-8.63396,0,0,-16.1389,0,0
1.03846,-0.269231,0.3,2.90751,0,0,-11.2062,0,0
1.03846,-0.192308,0.3,-4.46079,0,0,-5.90712,0,0
1.03846,-0.115385,0.3,-15.2512,0,0,-15.6726,0,0
1.03846,-0.0384615,0.3,-18.5538,0,0,-27.4281,0,0
1.03846,0.0384615,0.3,-18.5538,0,0,-27.4281,0,0
1.03846,0.115385,0.3,-15.2512,0,0,-15.6726,0,0
1.03846,0.192308,0.3,-4.46079,0,0,-5.90712,0,0
1.03846,0.269231,0.3,2.90751,0,0,-11.2062,0,0
1.03846,0.346154,0.3,-8.63396,0,0,-16.1389,0,0
1.03846,0.423077,0.3,-17.015,0,0,0.489456,0,0
1.03846,0.5,0.3,-1.10241,0,0,8.60007,0,0
1.03846,0.576923,0.3,-1.44416,0,0,-4.15172,0,0
1.03846,0.653846,0.3,-10.0351,0,0,9.51656,0,0
1.03846,0.730769,0.3,14.875,0,0,11.199,0,0
1.03846,0.807692,0.3,6.61448,0,0,-16.2041,0,0
1.03846,0.884615,0.3,-11.8106,0,0,0.0695262,0,0
1.03846,0.961538,0.3,2.69316,0,0,2.92401,0,0
1.03846,1.03846,0.3,-4.37462,0,0,2.44006,0,0
1.03846,1.11538,0.3,11.6239,0,0,2.7568,0,0
1.03846,1.19231,0.3,-8.48231,0,0,-14.8225,0,0
1.03846,1.26923,0.3,-5.01143,0,0,19.5121,0,0
1.03846,1.34615,0.3,17.5452,0,0,-12.1515,0,0
1.03846,1.42308,0.3,-21.009,0,0,-1.09409,0,0
1.03846,1.5,0.3,15.5367,0,0,12.0127,0,0
1.11538,-1.5,0.3,6.55183,0,0,-18.609,0,0
1.11538,-1.42308,0.3,6.28691,0,0,18.7505,0,0
1.11538,-1.34615,0.3,-15.9833,0,0,-9.41945,0,0
1.11538,-1.26923,0.3,15.3484,0,0,-3.69113,0,0
1.11538,-1.19231,0.3,-5.65326,0,0,9.83422,0,0
1.11538,-1.11538,0.3,-1.32665,0,0,-5.24808,0,0
1.11538,-1.03846,0.3,-1.97661,0,0,1.58953,0,0
1.11538,-0.961538,0.3,2.80823,0,0,-8.8226,0,0
1.11538,-0.884615,0.3,10.8185,0,0,10.18,0,0
1.11538,-0.807692,0.3,-15.0294,0,0,8.43267,0,0
1.11538,-0.730769,0.3,-4.5582,0,0,-14.3393,0,0
1.11538,-0.653846,0.3,8.29113,0,0,-0.923492,0,0
1.11538,-0.576923,0.3,-3.32938,0,0,-0.234514,0,0
1.11538,-0.5,0.3,6.15954,0,0,-9.53217,0,0
1.11538,-0.423077,0.3,15.2846,0,0,4.60412,0,0
1.11538,-0.346154,0.3,3.19786,0,0,13.855,0,0
1.11538,-0.269231,0.3,-2.63192,0,0,6.24334,0,0
1.11538,-0.192308,0.3,5.88825,0,0,4.52301,0,0
1.11538,-0.115385,0.3,12.9614,0,0,14.7608,0,0
1.11538,-0.0384615,0.3,13.7097,0,0,24.4554,0,0
1.11538,0.0384615,0.3,13.7097,0,0,24.4554,0,0
1.11538,0.115385,0.3,12.9614,0,0,14.7608,0,0
1.11538,0.192308,0.3,5.88825,0,0,4.52301,0,0
1.11538,0.269231,0.3,-2.63192,0,0,6.24334,0,0
1.11538,0.346154,0.3,3.19786,0,0,13.855,0,0
1.11538,0.423077,0.3,15.2846,0,0,4.60412,0,0
1.11538,0.5,0.3,6.15954,0,0,-9.53217,0,0
1.11538,0.576923,0.3,-3.32938,0,0,-0.234514,0,0
1.11538,0.653846,0.3,8.29113,0,0,-0.923492,0,0
1.11538,0.730769,0.3,-4.5582,0,0,-14.3393,0,0
1.11538,0.807692,0.3,-15.0294,0,0,8.43267,0,0
1.11538,0.884615,0.3,10.8185,0,0,10.18,0,0
1.11538,0.961538,0.3,2.80823,0,0,-8.8226,0,0
1.11538,1.03846,0.3,-1.97661,0,0,1.58953,0,0
1.11538,1.11538,0.3,-1.32665,0,0,-5.24808,0,0
1.11538,1.19231,0.3,-5.65326,0,0,9.83422,0,0
1.11538,1.26923,0.3,15.3484,0,0,-3.69113,0,0
1.11538,1.34615,0.3,-15.9833,0,0,-9.41945,0,0
1.11538,1.42308,0.3,6.28691,0,0,18.7505,0,0
1.11538,1.5,0.3,6.55183,0,0,-18.609,0,0
1.19231,-1.5,0.3,-18.3677,0,0,1.00349,0,0
1.19231,-1.42308,0.3,12.3109,0,0,-11.9666,0,0
1.19231,-1.34615,0.3,-0.472782,0,0,14.6479,0,0
1.19231,-1.26923,0.3,-7.55111,0,0,-7.66921,0,0
1.19231,-1.19231,0.3,5.63238,0,0,0.0373743,0,0
1.19231,-1.11538,0.3,-1.22732,0,0,-1.16754,0,0
1.19231,-1.03846,0.3,6.00839,0,0,4.03455,0,0
1.19231,-0.961538,0.3,-11.1257,0,0,5.7941,0,0
1.19231,-0.884615,0.3,-2.08658,0,0,-15.4489,0,0
1.19231,-0.807692,0.3,15.0667,0,0,1.61546,0,0
1.19231,-0.730769,0.3,-3.05544,0,0,10.3758,0,0
1.19231,-0.653846,0.3,-2.82911,0,0,-2.77346,0,0
1.19231,-0.576923,0.3,3.49368,0,0,5.23554,0,0
1.19231,-0.5,0.3,-9.98334,0,0,7.26479,0,0
1.19231,-0.423077,0.3,-11.7435,0,0,-7.72207,0,0
1.19231,-0.346154,0.3,0.154154,0,0,-10.5277,0,0
1.19231,-0.269231,0.3,1.35289,0,0,-2.93911,0,0
1.19231,-0.192308,0.3,-6.78392,0,0,-4.02716,0,0
1.19231,-0.115385,0.3,-10.9914,0,0,-13.763,0,0
1.19231,-0.0384615,0.3,-10.2886,0,0,-21.5539,0,0
1.19231,0.0384615,0.3,-10.2886,0,0,-21.5539,0,0
1.19231,0.115385,0.3,-10.9914,0,0,-13.763,0,0
1.19231,0.192308,0.3,-6.78392,0,0,-4.02716,0,0
1.19231,0.269231,0.3,1.35289,0,0,-2.93911,0,0
1.19231,0.346154,0.3,0.154154,0,0,-10.5277,0,0
1.19231,0.423077,0.3,-11.7435,0,0,-7.72207,0,0
1.19231,0.5,0.3,-9.98334,0,0,7.26479,0,0
1.19231,0.576923,0.3,3.49368,0,0,5.23554,0,0
1.19231,0.653846,0.3,-2.82911,0,0,-2.77346,0,0
1.19231,0.730769,0.3,-3.05544,0,0,10.3758,0,0
1.19231,0.807692,0.3,15.0667,0,0,1.61546,0,0
1.19231,0.884615,0.3,-2.08658,0,0,-15.4489,0,0
1.19231,0.961538,0.3,-11.1257,0,0,5.7941,0,0
1.19231,1.03846,0.3,6.00839,0,0,4.03455,0,0
1.19231,1.11538,0.3,-1.22732,0,0,-1.16754,0,0
1.19231,1.19231,0.3,5.63238,0,0,0.0373743,0,0
1.19231,1.26923,0.3,-7.55111,0,0,-7.66921,0,0
1.19231,1.34615,0.3,-0.472782,0,0,14.6479,0,0
1.19231,1.42308,0.3,12.3109,0,0,-11.9666,0,0
1.19231,1.5,0.3,-18.3677,0,0,1.00349,0,0
1.26923,-1.5,0.3,7.87288,0,0,13.8783,0,0
1.26923,-1.42308,0.3,-13.0982,0,0,-3.87617,0,0
1.26923,-1.34615,0.3,8.8625,0,0,-5.07809,0,0
1.26923,-1.26923,0.3,-1.43058,0,0,5.54835,0,0
1.26923,-1.19231,0.3,0.649934,0,0,-1.28596,0,0
1.26923,-1.11538,0.3,-4.21578,0,0,3.73176,0,0
1.26923,-1.03846,0.3,-1.79188,0,0,-10.4087,0,0
1.26923,-0.961538,0.3,13.5956,0,0,2.93882,0,0
1.26923,-0.884615,0.3,-6.87448,0,0,12.9022,0,0
1.26923,-0.807692,0.3,-9.35833,0,0,-7.67474,0,0
1.26923,-0.730769,0.3,5.32275,0,0,-4.13197,0,0
1.26923,-0.653846,0.3,-2.14801,0,0,1.97378,0,0
1.26923,-0.576923,0.3,-0.846128,0,0,-8.36262,0,0
1.26923,-0.5,0.3,11.6161,0,0,-3.70135,0,0
1.26923,-0.423077,0.3,7.85311,0,0,8.82788,0,0
1.26923,-0.346154,0.3,-1.77289,0,0,7.17021,0,0
1.26923,-0.269231,0.3,0.171165,0,0,0.951654,0,0
1.26923,-0.192308,0.3,7.19584,0,0,3.92909,0,0
1.26923,-0.115385,0.3,9.34208,0,0,12.7066,0,0
1.26923,-0.0384615,0.3,7.88231,0,0,18.8917,0,0
1.26923,0.0384615,0.3,7.88231,0,0,18.8917,0,0
1.26923,0.115385,0.3,9.34208,0,0,12.7066,0,0
1.26923,0.192308,0.3,7.19584,0,0,3.92909,0,0
1.26923,0.269231,0.3,0.171165,0,0,0.951654,0,0
1.26923,0.346154,0.3,-1.77289,0,0,7.17021,0,0
1.26923,0.423077,0.3,7.85311,0,0,8.82788,0,0
1.26923,0.5,0.3,11.6161,0,0,-3.70135,0,0
1.26923,0.576923,0.3,-0.846128,0,0,-8.36262,0,0
1.26923,0.653846,0.3,-2.14801,0,0,1.97378,0,0
1.26923,0.730769,0.3,5.32275,0,0,-4.13197,0,0
1.26923,0.807692,0.3,-9.35833,0,0,-7.67474,0,0
1.26923,0.884615,0.3,-6.87448,0,0,12.9022,0,0
1.26923,0.961538,0.3,13.5956,0,0,2.93882,0,0
1.26923,1.03846,0.3,-1.79188,0,0,-10.4087,0,0
1.26923,1.11538,0.3,-4.21578,0,0,3.73176,0,0
1.26923,1.19231,0.3,0.649934,0,0,-1.28596,0,0
1.26923,1.26923,0.3,-1.43058,0,0,5.54835,0,0
1.26923,1.34615,0.3,8.8625,0,0,-5.07809,0,0
1.26923,1.42308,0.3,-13.0982,0,0,-3.87617,0,0
1.26923,1.5,0.3,7.87288,0,0,13.8783,0,0
1.34615,-1.5,0.3,6.48615,0,0,-11.0084,0,0
1.34615,-1.42308,0.3,2.6309,0,0,9.33807,0,0
1.34615,-1.34615,0.3,-5.07073,0,0,-2.70285,0,0
1.34615,-1.26923,0.3,1.5285,0,0,0.441917,0,0
1.34615,-1.19231,0.3,-2.0756,0,0,-3.82079,0,0
1.34615,-1.11538,0.3,8.81534,0,0,1.03991,0,0
1.34615,-1.03846,0.3,-6.27882,0,0,10.5852,0,0
1.34615,-0.961538,0.3,-9.12107,0,0,-10.2801,0,0
1.34615,-0.884615,0.3,11.0185,0,0,-6.0451,0,0
1.34615,-0.807692,0.3,2.74398,0,0,8.309,0,0
1.34615,-0.730769,0.3,-3.45783,0,0,-0.632782,0,0
1.34615,-0.653846,0.3,4.69347,0,0,1.11667,0,0
1.34615,-0.576923,0.3,-2.58175,0,0,9.1068,0,0
1.34615,-0.5,0.3,-11.3205,0,0,0.263477,0,0
1.34615,-0.423077,0.3,-4.46561,0,0,-8.45346,0,0
1.34615,-0.346154,0.3,2.19756,0,0,-4.2889,0,0
1.34615,-0.269231,0.3,-1.56224,0,0,0.115475,0,0
1.34615,-0.192308,0.3,-7.25064,0,0,-3.96221,0,0
1.34615,-0.115385,0.3,-7.98887,0,0,-11.6354,0,0
1.34615,-0.0384615,0.3,-6.19186,0,0,-16.5263,0,0
1.34615,0.0384615,0.3,-6.19186,0,0,-16.5263,0,0
1.34615,0.115385,0.3,-7.98887,0,0,-11.6354,0,0
1.34615,0.192308,0.3,-7.25064,0,0,-3.96221,0,0
1.34615,0.269231,0.3,-1.56224,0,0,0.115475,0,0
1.34615,0.346154,0.3,2.19756,0,0,-4.2889,0,0
1.34615,0.423077,0.3,-4.46561,0,0,-8.45346,0,0
1.34615,0.5,0.3,-11.3205,0,0,0.263477,0,0
1.34615,0.576923,0.3,-2.58175,0,0,9.1068,0,0
1.34615,0.653846,0.3,4.69347,0,0,1.11667,0,0
1.34615,0.730769,0.3,-3.45783,0,0,-0.632782,0,0
1.34615,0.807692,0.3,2.74398,0,0,8.309,0,0
1.34615,0.884615,0.3,11.0185,0,0,-6.0451,0,0
1.34615,0.961538,0.3,-9.12107,0,0,-10.2801,0,0
1.34615,1.03846,0.3,-6.27882,0,0,10.5852,0,0
1.34615,1.11538,0.3,8.81534,0,0,1.03991,0,0
1.34615,1.19231,0.3,-2.0756,0,0,-3.82079,0,0
1.34615,1.26923,0.3,1.5285,0,0,0.441917,0,0
1.34615,1.34615,0.3,-5.07073,0,0,-2.70285,0,0
1.34615,1.42308,0.3,2.6309,0,0,9.33807,0,0
1.34615,1.5,0.3,6.48615,0,0,-11.0084,0,0
1.42308,-1.5,0.3,-9.21833,0,0,0.356208,0,0
1.42308,-1.42308,0.3,3.76191,0,0,-4.29368,0,0
1.42308,-1.34615,0.3,-0.497654,0,0,1.7963,0,0
1.42308,-1.26923,0.3,3.1745,0,0,-0.985756,0,0
1.42308,-1.19231,0.3,-2.80938,0,0,6.89877,0,0
1.42308,-1.11538,0.3,-7.25248,0,0,-8.04716,0,0
1.42308,-1.03846,0.3,11.7377,0,0,-4.87172,0,0
1.42308,-0.961538,0.3,1.757,0,0,12.3705,0,0
1.42308,-0.884615,0.3,-9.96135,0,0,-0.471302,0,0
1.42308,-0.807692,0.3,1.55462,0,0,-5.3726,0,0
1.42308,-0.730769,0.3,-0.0711684,0,0,2.54295,0,0
1.42308,-0.653846,0.3,-4.75186,0,0,-4.44145,0,0
1.42308,-0.576923,0.3,5.458,0,0,-8.03188,0,0
1.42308,-0.5,0.3,9.79585,0,0,2.33441,0,0
1.42308,-0.423077,0.3,1.91227,0,0,7.21782,0,0
1.42308,-0.346154,0.3,-1.91509,0,0,2.04743,0,0
1.42308,-0.269231,0.3,2.67449,0,0,-0.595469,0,0
1.42308,-0.192308,0.3,7.07308,0,0,3.9977,0,0
1.42308,-0.115385,0.3,6.89348,0,0,10.5874,0,0
1.42308,-0.0384615,0.3,5.00342,0,0,14.4603,0,0
1.42308,0.0384615,0.3,5.00342,0,0,14.4603,0,0
1.42308,0.115385,0.3,6.89348,0,0,10.5874,0,0
1.42308,0.192308,0.3,7.07308,0,0,3.9977,0,0
1.42308,0.269231,0.3,2.67449,0,0,-0.595469,0,0
1.42308,0.346154,0.3,-1.91509,0,0,2.04743,0,0
1.42308,0.423077,0.3,1.91227,0,0,7.21782,0,0
1.42308,0.5,0.3,9.79585,0,0,2.33441,0,0
1.42308,0.576923,0.3,5.458,0,0,-8.03188,0,0
1.42308,0.653846,0.3,-4.75186,0,0,-4.44145,0,0
1.42308,0.730769,0.3,-0.0711684,0,0,2.54295,0,0
1.42308,0.807692,0.3,1.55462,0,0,-5.3726,0,0
1.42308,0.884615,0.3,-9.96135,0,0,-0.471302,0,0
1.42308,0.961538,0.3,1.757,0,0,12.3705,0,0
1.42308,1.03846,0.3,11.7377,0,0,-4.87172,0,0
1.42308,1.11538,0.3,-7.25248,0,0,-8.04716,0,0
1.42308,1.19231,0.3,-2.80938,0,0,6.89877,0,0
1.42308,1.26923,0.3,3.1745,0,0,-0.985756,0,0
1.42308,1.34615,0.3,-0.497654,0,0,1.7963,0,0
1.42308,1.42308,0.3,3.76191,0,0,-4.29368,0,0
1.42308,1.5,0.3,-9.21833,0,0,0.356208,0,0
1.5,-1.5,0.3,3.31261,0,0,4.55906,0,0
1.5,-1.42308,0.3,-1.99313,0,0,-0.746953,0,0
1.5,-1.34615,0.3,0.353201,0,0,2.48342,0,0
1.5,-1.26923,0.3,-5.00662,0,0,-3.72554,0,0
1.5,-1.19231,0.3,8.56216,0,0,-4.12556,0,0
1.5,-1.11538,0.3,0.939491,0,0,11.5885,0,0
1.5,-1.03846,0.3,-11.8469,0,0,-2.39137,0,0
1.5,-0.961538,0.3,4.18799,0,0,-9.72291,0,0
1.5,-0.884615,0.3,6.03744,0,0,4.02034,0,0
1.5,-0.807692,0.3,-2.73362,0,0,1.46544,0,0
1.5,-0.730769,0.3,3.27804,0,0,-1.97377,0,0
1.5,-0.653846,0.3,3.16347,0,0,6.81987,0,0
1.5,-0.576923,0.3,-7.2319,0,0,5.98847,0,0
1.5,-0.5,0.3,-7.72289,0,0,-3.91365,0,0
1.5,-0.423077,0.3,-0.204896,0,0,-5.61788,0,0
1.5,-0.346154,0.3,1.28405,0,0,-0.423945,0,0
1.5,-0.269231,0.3,-3.48495,0,0,0.731138,0,0
1.5,-0.192308,0.3,-6.7609,0,0,-3.98355,0,0
1.5,-0.115385,0.3,-6.01365,0,0,-9.58919,0,0
1.5,-0.0384615,0.3,-4.16613,0,0,-12.6712,0,0
1.5,0.0384615,0.3,-4.16613,0,0,-12.6712,0,0
1.5,0.115385,0.3,-6.01365,0,0,-9.58919,0,0
1.5,0.192308,0.3,-6.7609,0,0,-3.98355,0,0
1.5,0.269231,0.3,-3.48495,0,0,0.731138,0,0
1.5,0.346154,0.3,1.28405,0,0,-0.423945,0,0
1.5,0.423077,0.3,-0.204896,0,0,-5.61788,0,0
1.5,0.5,0.3,-7.72289,0,0,-3.91365,0,0
1.5,0.576923,0.3,-7.2319,0,0,5.98847,0,0
1.5,0.653846,0.3,3.16347,0,0,6.81987,0,0
1.5,0.730769,0.3,3.27804,0,0,-1.97377,0,0
1.5,0.807692,0.3,-2.73362,0,0,1.46544,0,0
1.5,0.884615,0.3,6.03744,0,0,4.02034,0,0
1.5,0.961538,0.3,4.18799,0,0,-9.72291,0,0
1.5,1.03846,0.3,-11.8469,0,0,-2.39137,0,0
1.5,1.11538,0.3,0.939491,0,0,11.5885,0,0
1.5,1.19231,0.3,8.56216,0,0,-4.12556,0,0
1.5,1.26923,0.3,-5.00662,0,0,-3.72554,0,0
1.5,1.34615,0.3,0.353201,0,0,2.48342,0,0
1.5,1.42308,0.3,-1.99313,0,0,-0.746953,0,0
1.5,1.5,0.3,3.31261,0,0,4.55906,0,0
