0.000000 -36.817989 -21.125722 14.134261 -146.783649 156.982920 
1.000000 -36.544984 -21.171557 13.751381 -61.377085 -123.165422 
2.000000 -36.132577 -21.159776 13.266161 7.826681 -59.439554 
3.000000 -35.497433 -21.079477 12.586019 59.119890 -13.333209 
4.000000 -34.578741 -20.923171 11.634489 90.580696 13.564128 
5.000000 -33.378356 -20.689153 10.396114 100.105316 19.603612 
6.000000 -31.967939 -20.383392 8.928059 85.475605 3.148546 
7.000000 -30.454780 -20.020272 7.326565 44.439767 -37.300939 
8.000000 -28.941045 -19.621869 5.683536 -25.220241 -102.930102 
9.000000 -27.503667 -19.216003 4.063213 -125.643782 165.464379 
10.000000 -26.192922 -18.833656 2.498304 101.141020 46.688118 
11.000000 -25.038076 -18.506411 0.993724 -66.747417 -103.325818 
12.000000 -24.053209 -18.264255 -0.469640 89.002209 68.424475 
13.000000 -23.241364 -18.133820 -1.933491 -153.049104 -162.566624 
14.000000 -22.597377 -18.136930 -3.463262 -74.029781 -76.976469 
15.000000 -22.110134 -18.289225 -5.152576 -34.701352 -34.219321 
16.000000 -21.764798 -18.598732 -7.134822 -35.415225 -33.603115 
17.000000 -21.545135 -19.064331 -9.614532 -76.089297 -74.375821 
18.000000 -21.435687 -19.674313 -12.963686 -156.208284 -155.594977 
19.000000 -21.423320 -20.405371 -18.107825 85.151818 83.942163 
20.000000 -21.497834 -21.222563 -29.843087 -70.721942 -74.301803 
21.000000 -21.651625 -22.080646 -26.340337 97.759168 91.351669 
22.000000 -21.878744 -22.926835 -18.887086 -127.584683 -137.264199 
23.000000 -22.173846 -23.704432 -15.833192 -24.774192 -38.220385 
24.000000 -22.531371 -24.356855 -14.445488 48.260478 30.465106 
25.000000 -22.945131 -24.832900 -14.184107 93.618941 70.809604 
26.000000 -23.408255 -25.094975 -15.065145 113.380023 84.876052 
27.000000 -23.913373 -25.129373 -17.678523 109.562198 74.798514 
28.000000 -24.452907 -24.952311 -25.055746 84.094634 42.786252 
29.000000 -25.019372 -24.605367 -26.228357 38.797731 -8.937207 
30.000000 -25.605634 -24.142025 -14.725704 -24.628385 -78.259818 
31.000000 -26.205097 -23.613696 -9.177704 -104.609013 -163.305539 
32.000000 -36.488907 -21.340534 13.479389 -73.705447 -126.438283 
33.000000 -36.256256 -21.474521 13.033051 25.647676 -32.347675 
34.000000 -35.926862 -21.554598 12.529565 109.295775 46.171432 
35.000000 -35.411743 -21.563387 11.877084 175.527882 107.643553 
36.000000 -34.617795 -21.485047 10.969330 -137.632659 150.525639 
37.000000 -33.498695 -21.308991 9.739872 -112.431405 173.285803 
38.000000 -32.094443 -21.033773 8.208809 -111.327874 174.563377 
39.000000 -30.514921 -20.669727 6.470885 -136.890338 153.424879 
40.000000 -28.886403 -20.239133 4.640714 168.316846 109.401884 
41.000000 -27.312068 -19.773844 2.809108 81.814139 40.670679 
42.000000 -25.861752 -19.311422 1.029002 -38.746438 -59.990670 
43.000000 -24.577136 -18.891147 -0.682630 164.455203 158.521817 
44.000000 -23.479530 -18.550782 -2.340958 -30.545056 -26.949240 
45.000000 -22.575736 -18.324251 -3.993196 94.569128 103.635684 
46.000000 -21.861928 -18.239922 -5.723459 178.469286 -169.533241 
47.000000 -21.326581 -18.319086 -7.665093 -139.745510 -126.458666 
48.000000 -20.953267 -18.574370 -10.032195 -140.491558 -127.053303 
49.000000 -20.723573 -19.008175 -13.217178 176.330937 -170.920789 
50.000000 -20.619800 -19.611510 -18.195552 91.337673 102.745557 
51.000000 -20.626854 -20.363867 -30.245780 -34.372286 -24.824836 
52.000000 -20.732885 -21.234589 -25.016976 160.722978 167.970844 
53.000000 -20.928775 -22.185468 -17.412475 -41.512111 -36.978727 
54.000000 -21.206970 -23.172854 -13.869543 81.039053 82.397754 
55.000000 -21.560293 -24.146355 -11.784481 170.654409 168.255260 
56.000000 -21.981146 -25.042403 -10.544011 -130.310524 -137.244879 
57.000000 -22.461218 -25.777019 -9.969738 -99.494359 -111.971767 
58.000000 -22.991586 -26.252085 -10.089918 -94.587112 -113.797190 
59.000000 -23.563037 -26.389689 -11.125869 -113.372794 -140.489629 
60.000000 -24.166444 -26.179279 -13.687114 -153.758517 170.415252 
61.000000 -24.793109 -25.689162 -20.173788 146.207871 101.602107 
62.000000 -25.435018 -25.026906 -26.355839 68.329342 15.703443 
63.000000 -26.084999 -24.291374 -12.789414 -25.741817 -85.050947 
64.000000 -36.120739 -21.493286 12.843983 -17.238709 -66.663333 
65.000000 -35.905666 -21.726608 12.290063 96.301251 42.040408 
66.000000 -35.634456 -21.917211 11.712252 -165.329899 135.900238 
67.000000 -35.226686 -22.040928 11.037276 -83.817349 -146.456463 
68.000000 -34.572728 -22.070921 10.151295 -21.134374 -86.372011 
69.000000 -33.576868 -21.982521 8.941361 20.403517 -44.976279 
70.000000 -32.224673 -21.760290 7.369261 38.140785 -22.898624 
71.000000 -30.607013 -21.404785 5.505175 29.177480 -20.412603 
72.000000 -28.869786 -20.935577 3.480801 -9.467746 -40.446132 
73.000000 -27.148873 -20.388798 1.420904 -80.706578 -92.717129 
74.000000 -25.541412 -19.810834 -0.590063 172.707695 173.961255 
75.000000 -24.106996 -19.251473 -2.511003 28.225128 37.413961 
76.000000 -22.877509 -18.758780 -4.340433 -156.455510 -142.627361 
77.000000 -21.865457 -18.376001 -6.118074 -23.317365 -6.791833 
78.000000 -21.069405 -18.139657 -7.933669 66.064367 84.060357 
79.000000 -20.477834 -18.077844 -9.944488 110.615415 129.223480 
80.000000 -20.072682 -18.208387 -12.417179 109.838551 128.399582 
81.000000 -19.833017 -18.537162 -15.869171 63.856481 81.831789 
82.000000 -19.738434 -19.057544 -21.772069 -26.588075 -9.651923 
83.000000 -19.771353 -19.752038 -53.049001 -160.176309 -144.666986 
84.000000 -19.917709 -20.596552 -22.478109 24.905380 38.642112 
85.000000 -20.166228 -21.566148 -16.544784 170.859010 -177.522944 
86.000000 -20.507022 -22.638907 -13.245161 -79.842061 -70.756811 
87.000000 -20.930325 -23.792822 -11.033362 -4.567656 1.409058 
88.000000 -21.425798 -24.990346 -9.457604 39.367153 41.383639 
89.000000 -21.982429 -26.147552 -8.383230 54.618182 51.429144 
90.000000 -22.588835 -27.098840 -7.850393 43.748463 33.649834 
91.000000 -23.233717 -27.612565 -8.046726 9.183913 -9.857404 
92.000000 -23.906316 -27.530932 -9.340423 -46.814152 -76.626408 
93.000000 -24.596756 -26.922098 -12.583296 -122.162947 -163.486169 
94.000000 -25.296262 -26.013015 -22.024804 145.038117 93.074132 
95.000000 -25.997266 -25.012616 -18.413674 36.511043 -24.054357 
96.000000 -35.713121 -21.556100 12.262664 21.145121 -25.339688 
97.000000 -35.497394 -21.893475 11.569257 149.101578 98.245001 
98.000000 -35.257710 -22.208733 10.861718 -97.551061 -152.096419 
99.000000 -34.931910 -22.472519 10.095656 -0.468282 -57.502291 
100.000000 -34.413966 -22.645395 9.176984 78.417337 21.155853 
101.000000 -33.573673 -22.682045 7.973170 136.803196 83.625435 
102.000000 -32.328288 -22.542216 6.383554 171.938498 130.096195 
103.000000 -30.717708 -22.206059 4.424610 -179.357659 157.243390 
104.000000 -28.890477 -21.685345 2.226740 159.471827 153.602854 
105.000000 -27.018608 -21.022452 -0.048958 104.969661 110.203010 
106.000000 -25.236455 -20.278569 -2.273818 13.852948 25.263327 
107.000000 -23.629573 -19.520111 -4.364997 -116.902368 -101.920823 
108.000000 -22.245466 -18.810015 -6.282342 69.981491 87.194146 
109.000000 -21.105313 -18.204132 -8.033860 -147.849395 -129.184026 
110.000000 -20.211743 -17.749766 -9.690562 -52.277135 -32.701929 
111.000000 -19.554007 -17.483955 -11.401088 -4.593450 15.448083 
112.000000 -19.112500 -17.431003 -13.408059 -5.397420 14.713972 
113.000000 -18.863406 -17.600352 -16.108673 -54.536235 -34.719258 
114.000000 -18.782989 -17.986614 -20.352700 -151.104626 -131.912263 
115.000000 -18.850437 -18.573249 -29.781831 66.494830 84.770932 
116.000000 -19.048619 -19.339920 -29.634692 -119.559083 -102.459234 
117.000000 -19.363127 -20.271294 -20.063102 13.351300 29.015640 
118.000000 -19.780694 -21.363327 -15.567989 108.129698 122.036791 
119.000000 -20.287952 -22.622854 -12.552228 167.821264 179.486972 
120.000000 -20.870949 -24.056432 -10.256899 -164.511132 -155.874846 
121.000000 -21.515327 -25.639522 -8.450159 -165.883564 -161.558266 
122.000000 -22.206845 -27.244061 -7.129704 166.540155 164.555551 
123.000000 -22.931962 -28.519887 -6.475962 115.404733 104.267260 
124.000000 -23.678306 -28.938611 -6.853885 43.140195 19.586640 
125.000000 -24.434980 -28.327471 -8.845418 -48.045790 -86.147406 
126.000000 -25.192694 -27.114661 -14.044637 -156.164616 151.886254 
127.000000 -25.943767 -25.770645 -33.922530 80.563687 17.807153 
128.000000 -35.255603 -21.500849 11.759473 39.769607 -4.255221 
129.000000 -35.027568 -21.936245 10.916153 -177.647978 134.324299 
130.000000 -34.796626 -22.379575 10.040031 -49.071209 -99.916167 
131.000000 -34.521816 -22.800734 9.112925 63.857653 12.306243 
132.000000 -34.116838 -23.149103 8.079485 159.245618 111.025005 
133.000000 -33.443568 -23.352144 6.831613 -125.147756 -162.632249 
134.000000 -32.358297 -23.328077 5.240501 -72.047820 -90.262357 
135.000000 -30.818148 -23.017453 3.256695 -44.776074 -44.668769 
136.000000 -28.939106 -22.416906 0.975808 -47.191368 -37.223638 
137.000000 -26.922592 -21.584372 -1.422975 -83.395040 -69.394570 
138.000000 -24.950861 -20.611682 -3.768413 -157.370916 -141.716237 
139.000000 -23.146932 -19.593285 -5.925482 87.224254 103.829794 
140.000000 -21.581594 -18.611817 -7.794653 -72.874472 -55.452819 
141.000000 -20.289288 -17.737226 -9.331208 79.512123 97.710112 
142.000000 -19.279386 -17.028625 -10.580029 -177.883799 -159.004815 
143.000000 -18.543277 -16.533160 -11.687428 -126.629286 -107.240687 
144.000000 -18.060165 -16.282198 -12.873670 -127.452789 -107.782171 
145.000000 -17.802969 -16.287967 -14.399513 179.838699 -160.463497 
146.000000 -17.743790 -16.543943 -16.586944 76.360979 95.833769 
147.000000 -17.857474 -17.030649 -20.011319 -75.931611 -56.908721 
148.000000 -18.122511 -17.725931 -26.610615 85.600475 103.984519 
149.000000 -18.519906 -18.616133 -39.158477 -155.911008 -138.338763 
150.000000 -19.031533 -19.703826 -22.559103 -77.042791 -60.496578 
151.000000 -19.639092 -21.009817 -16.713632 -34.262540 -19.097531 
152.000000 -20.323992 -22.569631 -12.848131 -24.077321 -10.941185 
153.000000 -21.067871 -24.421315 -9.889309 -43.142454 -33.204652 
154.000000 -21.853330 -26.560256 -7.568981 -88.332610 -83.635782 
155.000000 -22.664571 -28.769167 -5.937408 -156.781160 -160.706127 
156.000000 -23.487815 -30.234736 -5.350355 114.104698 96.722544 
157.000000 -24.311476 -29.934287 -6.437484 6.645819 -28.592337 
158.000000 -25.126148 -28.349454 -10.172127 -117.096043 -170.118607 
159.000000 -25.924460 -26.550943 -23.149457 104.700913 38.461405 
160.000000 -34.727984 -21.304992 11.339937 36.732137 -5.322789 
161.000000 -34.481165 -21.818538 10.361493 -165.901129 148.156866 
162.000000 -34.242408 -22.376234 9.308265 -21.869323 -69.927221 
163.000000 -33.989174 -22.954248 8.173038 107.179172 60.365110 
164.000000 -33.661756 -23.497136 6.937939 -140.637515 -179.374808 
165.000000 -33.140137 -23.901974 5.560114 -47.507665 -66.737244 
166.000000 -32.250300 -24.022637 3.965414 23.936340 28.374873 
167.000000 -30.855532 -23.727446 2.089599 70.411936 87.439633 
168.000000 -28.989287 -22.990838 -0.044357 87.834561 107.868303 
169.000000 -26.853981 -21.915799 -2.319189 71.473151 90.593105 
170.000000 -24.685743 -20.657672 -4.582615 16.455879 33.934598 
171.000000 -22.660389 -19.350437 -6.672385 -81.746723 -65.346968 
172.000000 -20.883628 -18.091406 -8.423810 132.867803 148.982234 
173.000000 -19.410360 -16.956094 -9.721846 -63.125717 -46.715319 
174.000000 -18.261030 -16.010223 -10.579827 47.513166 64.504006 
175.000000 -17.431560 -15.309503 -11.158524 102.865201 120.482926 
176.000000 -16.900822 -14.892134 -11.694343 102.036055 120.173277 
177.000000 -16.638132 -14.772165 -12.408527 45.273312 63.741268 
178.000000 -16.610263 -14.939421 -13.468767 -66.031125 -47.443259 
179.000000 -16.786040 -15.367595 -15.021163 130.538968 149.060994 
180.000000 -17.137547 -16.027922 -17.312039 -81.791408 -63.469742 
181.000000 -17.639038 -16.902846 -21.065770 20.747287 38.776665 
182.000000 -18.265484 -17.994511 -29.981931 82.204529 99.839818 
183.000000 -18.991993 -19.327240 -28.436095 106.680689 123.711063 
184.000000 -19.794217 -20.947750 -18.106072 98.151927 114.103497 
185.000000 -20.649226 -22.926723 -12.741012 60.351972 74.243873 
186.000000 -21.536371 -25.354883 -8.977826 -3.296044 6.622713 
187.000000 -22.437853 -28.267563 -6.215779 -89.708863 -87.377914 
188.000000 -23.338948 -31.129340 -4.551089 163.854967 152.285571 
189.000000 -24.227954 -31.768735 -4.727267 39.810555 6.683634 
190.000000 -25.095944 -29.732134 -7.668291 -99.728032 -155.556360 
191.000000 -25.936426 -27.323750 -16.617157 107.082024 35.682530 
192.000000 -34.106760 -20.958461 10.989275 9.895406 -30.548938 
193.000000 -33.835233 -21.516916 9.909984 -177.890101 137.474674 
194.000000 -33.575917 -22.155348 8.704655 -18.248581 -64.754484 
195.000000 -33.319182 -22.863482 7.356857 127.158238 83.598670 
196.000000 -33.029940 -23.592165 5.863148 -103.567661 -133.346344 
197.000000 -32.620816 -24.213493 4.256991 7.391138 6.749561 
198.000000 -31.927324 -24.493764 2.627906 97.470671 119.981477 
199.000000 -30.745236 -24.180881 1.055466 163.525048 -167.203179 
200.000000 -28.984102 -23.225559 -0.532268 -158.485263 -130.813063 
201.000000 -26.787880 -21.837398 -2.290850 -153.679587 -130.527157 
202.000000 -24.434153 -20.277885 -4.241371 172.112814 -169.218731 
203.000000 -22.168225 -18.716015 -6.231144 93.175690 108.806048 
204.000000 -20.147974 -17.240112 -8.010357 -35.528929 -21.278773 
205.000000 -18.460150 -15.910818 -9.341939 141.755500 155.855135 
206.000000 -17.143368 -14.790403 -10.140953 -98.371663 -83.744738 
207.000000 -16.202265 -13.941769 -10.537464 -38.285984 -22.884104 
208.000000 -15.617187 -13.412189 -10.782314 -39.096591 -22.941783 
209.000000 -15.353660 -13.219111 -11.101042 -100.480542 -83.736639 
210.000000 -15.371475 -13.347884 -11.622404 139.320667 156.445127 
211.000000 -15.630809 -13.762614 -12.397009 -36.673319 -19.344917 
212.000000 -16.094219 -14.424746 -13.476595 95.510542 112.947161 
213.000000 -16.726043 -15.310370 -15.039575 -179.566487 -162.032689 
214.000000 -17.491628 -16.419250 -17.627619 -137.104023 -119.450821 
215.000000 -18.357552 -17.776019 -23.192409 -132.346969 -114.623055 
216.000000 -19.292647 -19.430445 -36.060253 -160.786317 -143.269167 
217.000000 -20.269143 -21.464673 -17.815983 141.719879 158.277461 
218.000000 -21.263442 -24.012872 -11.329915 58.889774 72.802071 
219.000000 -22.256399 -27.281939 -7.144583 -45.993443 -38.340002 
220.000000 -23.233175 -31.334440 -4.343280 -170.063892 -176.290792 
221.000000 -24.182810 -33.793442 -3.487921 49.160626 16.827988 
222.000000 -25.097672 -31.246381 -5.894353 -106.180646 -167.481922 
223.000000 -25.972860 -28.032506 -13.509919 85.750768 7.222864 
224.000000 -33.377537 -20.468839 10.680849 -43.116810 -81.985172 
225.000000 -33.070572 -21.030789 9.540536 143.865985 99.930527 
226.000000 -32.776076 -21.700832 8.229041 -40.857289 -87.205065 
227.000000 -32.492029 -22.486560 6.706227 121.045554 78.429108 
228.000000 -32.201396 -23.357373 4.950742 -92.346244 -115.045446 
229.000000 -31.850269 -24.178344 3.038298 36.753104 52.889313 
230.000000 -31.312362 -24.621898 1.291745 145.774851 -178.035308 
231.000000 -30.371663 -24.261451 0.178308 -128.336815 -89.540587 
232.000000 -28.819138 -23.021274 -0.451335 -69.425096 -35.007585 
233.000000 -26.663436 -21.290787 -1.348162 -42.590355 -15.217577 
234.000000 -24.170118 -19.464398 -2.864939 -54.354769 -33.995551 
235.000000 -21.660398 -17.726128 -4.837744 -111.858598 -96.607207 
236.000000 -19.367564 -16.129291 -6.900635 138.355377 150.982278 
237.000000 -17.428226 -14.699111 -8.655591 -29.133479 -17.155090 
238.000000 -15.910925 -13.483483 -9.831341 101.405631 113.868055 
239.000000 -14.836337 -12.552110 -10.434372 166.994851 -179.611789 
240.000000 -14.189853 -11.966406 -10.700327 166.243688 -179.407695 
241.000000 -13.933413 -11.751322 -10.884957 99.580740 114.693283 
242.000000 -14.017377 -11.887809 -11.123927 -30.743106 -15.123962 
243.000000 -14.389154 -12.327306 -11.439846 139.086354 155.007312 
244.000000 -14.996977 -13.018295 -11.840655 -105.999256 -89.846740 
245.000000 -15.790784 -13.929703 -12.433832 -40.458926 -23.991909 
246.000000 -16.722873 -15.060352 -13.516427 -18.600923 -1.641316 
247.000000 -17.749273 -16.436676 -15.749096 -34.928995 -17.325496 
248.000000 -18.831307 -18.110115 -21.252167 -84.362365 -66.161205 
249.000000 -19.936678 -20.165193 -31.711990 -162.347175 -144.038093 
250.000000 -21.039771 -22.748209 -14.964521 95.110908 112.134537 
251.000000 -22.121315 -26.134739 -8.635565 -28.535973 -16.238859 
252.000000 -23.167621 -30.811790 -4.653244 -170.333214 -171.570866 
253.000000 -24.169649 -35.647967 -2.694811 32.232742 -1.639171 
254.000000 -25.122057 -32.753876 -4.662008 -138.706778 150.635047 
255.000000 -26.022330 -28.583923 -11.855427 38.653168 -48.914738 
256.000000 -32.547691 -19.862077 10.391439 -124.922706 -161.665524 
257.000000 -32.187892 -20.386224 9.221559 76.551727 33.201995 
258.000000 -31.837610 -21.034267 7.849377 -92.699927 -140.090829 
259.000000 -31.498715 -21.831463 6.207173 85.660016 40.894940 
260.000000 -31.165332 -22.774137 4.230970 -110.300034 -129.891608 
261.000000 -30.809432 -23.748235 1.969759 37.169595 67.796940 
262.000000 -30.350488 -24.365668 -0.071709 165.445220 -147.583745 
263.000000 -29.613053 -23.991064 -0.816397 -88.551498 -41.938784 
264.000000 -28.336901 -22.476839 -0.324099 -8.543770 32.121027 
265.000000 -26.358653 -20.425730 -0.176249 40.637163 72.854472 
266.000000 -23.827918 -18.377573 -1.180595 52.368005 75.683535 
267.000000 -21.107260 -16.525734 -3.164861 18.280455 34.457996 
268.000000 -18.527011 -14.883252 -5.659815 -70.173743 -58.036290 
269.000000 -16.300656 -13.429253 -8.139187 139.809092 150.707360 
270.000000 -14.546167 -12.185849 -10.110009 -77.289696 -65.966973 
271.000000 -13.313089 -11.227107 -11.326223 -5.268314 7.118528 
272.000000 -12.598685 -10.634014 -11.909643 -5.892128 7.573682 
273.000000 -12.362364 -10.443848 -12.140071 -78.582872 -64.329324 
274.000000 -12.541384 -10.631872 -12.185597 139.577717 154.242178 
275.000000 -13.063880 -11.130335 -12.064497 -66.545012 -51.753245 
276.000000 -13.856570 -11.868655 -11.795422 29.207241 44.070619 
277.000000 -14.848926 -12.808101 -11.539786 73.577286 88.724992 
278.000000 -15.976289 -13.951296 -11.615658 73.296817 89.130884 
279.000000 -17.182514 -15.332031 -12.488922 34.678727 51.625343 
280.000000 -18.421611 -17.006027 -15.040167 -36.606167 -18.298846 
281.000000 -19.658062 -19.057274 -22.899736 -135.611195 -116.118761 
282.000000 -20.866059 -21.628677 -21.508659 101.894875 121.538616 
283.000000 -22.028099 -25.000509 -10.757977 -40.514036 -23.820277 
284.000000 -23.133362 -29.781603 -5.435272 160.157976 163.985953 
285.000000 -24.176134 -36.214018 -2.499880 -13.587672 -53.815871 
286.000000 -25.154429 -33.813968 -3.999374 160.334708 75.587477 
287.000000 -26.068861 -28.858984 -11.221569 -36.334944 -134.158397 
288.000000 -31.650264 -19.178200 10.112288 121.645654 88.457810 
289.000000 -31.217459 -19.631103 8.930514 -22.953462 -64.888831 
290.000000 -30.786966 -20.211111 7.528019 -177.160310 134.063829 
291.000000 -30.362019 -20.957484 5.812936 17.366784 -32.718249 
292.000000 -29.942425 -21.894951 3.669116 -161.304830 173.795376 
293.000000 -29.516313 -22.956056 1.047738 4.554463 48.824813 
294.000000 -29.040220 -23.765788 -1.562512 152.264849 -151.182031 
295.000000 -28.399995 -23.502145 -2.412480 -81.341750 -27.877661 
296.000000 -27.370471 -21.818480 -0.963948 19.961392 66.360343 
297.000000 -25.680879 -19.494185 0.329072 91.504670 128.980572 
298.000000 -23.273134 -17.246357 0.012350 126.993807 154.803244 
299.000000 -20.438778 -15.299602 -1.862499 117.617988 136.880763 
300.000000 -17.592692 -13.638622 -4.783495 52.773472 66.643212 
301.000000 -15.057086 -12.194906 -8.171996 -77.320811 -65.364673 
302.000000 -13.030281 -10.955844 -11.380430 79.898880 92.140291 
303.000000 -11.612840 -9.998431 -13.796310 159.456095 172.786671 
304.000000 -10.826596 -9.431117 -15.174740 159.070472 173.435061 
305.000000 -10.631213 -9.309894 -15.687101 79.531763 94.463449 
306.000000 -10.945317 -9.600240 -15.520130 -75.333494 -60.416465 
307.000000 -11.667685 -10.200193 -14.700700 60.729172 75.195105 
308.000000 -12.693179 -11.004734 -13.368652 135.434775 149.389166 
309.000000 -13.923258 -11.964800 -11.940377 156.975326 170.824112 
310.000000 -15.272622 -13.096771 -10.913078 133.263396 147.755993 
311.000000 -16.672607 -14.453501 -10.719561 71.477172 87.445917 
312.000000 -18.071683 -16.101074 -11.880352 -22.136689 -4.045323 
313.000000 -19.433857 -18.122429 -15.757434 -142.287352 -121.856316 
314.000000 -20.735994 -20.648294 -39.872392 75.430992 97.625925 
315.000000 -21.964892 -23.928674 -13.877821 -85.349183 -63.892502 
316.000000 -23.114583 -28.494391 -6.712457 98.351924 108.347022 
317.000000 -24.184088 -34.755205 -3.049829 -91.025213 -150.097922 
318.000000 -25.175671 -33.757154 -4.045347 68.519793 -33.562201 
319.000000 -26.093546 -28.766863 -11.537678 -141.369300 110.629365 
320.000000 -30.735482 -18.464030 9.848091 -26.261632 -53.436373 
321.000000 -30.213605 -18.824491 8.661625 -158.000868 163.707251 
322.000000 -29.682072 -19.305591 7.243454 61.984183 13.287414 
323.000000 -29.143384 -19.955621 5.483023 -87.977637 -144.411512 
324.000000 -28.598805 -20.822811 3.214975 110.160057 63.068444 
325.000000 -28.044082 -21.896093 0.252937 -65.896842 -4.839182 
326.000000 -27.458320 -22.889430 -3.195722 101.129620 168.168101 
327.000000 -26.778620 -22.902155 -4.997371 -112.018122 -51.605228 
328.000000 -25.856601 -21.228996 -3.052873 10.744216 62.618082 
329.000000 -24.437985 -18.695846 -0.566144 104.656949 147.423356 
330.000000 -22.298525 -16.256666 0.042467 163.638981 -162.854777 
331.000000 -19.519434 -14.207369 -1.480043 179.164470 -155.857414 
332.000000 -16.496454 -12.515314 -4.709670 139.438823 158.359776 
333.000000 -13.665721 -11.062639 -9.132509 31.597381 47.880326 
334.000000 -11.345616 -9.801142 -14.216993 -154.752029 -138.646788 
335.000000 -9.723499 -8.821977 -19.222105 -66.397466 -49.519637 
336.000000 -8.868260 -8.278976 -23.073493 -66.368136 -48.799869 
337.000000 -8.745892 -8.259900 -24.799567 -153.584692 -135.952958 
338.000000 -9.248272 -8.718426 -24.027011 37.008537 53.863382 
339.000000 -10.229916 -9.492323 -21.048550 153.481957 168.852162 
340.000000 -11.540116 -10.404429 -17.097081 -154.511239 -140.776549 
341.000000 -13.044284 -11.381170 -13.513026 -157.081268 -144.322694 
342.000000 -14.634501 -12.470196 -10.965305 154.972375 168.040776 
343.000000 -16.231769 -13.765985 -9.675145 69.695381 84.517476 
344.000000 -17.783110 -15.355544 -9.830828 -46.147079 -28.375942 
345.000000 -19.256412 -17.320857 -12.054434 172.998390 -165.562972 
346.000000 -20.634948 -19.774054 -19.643294 11.628007 36.774975 
347.000000 -21.912586 -22.916638 -19.238353 -166.642842 -139.160950 
348.000000 -23.090017 -27.122897 -8.602540 1.086733 21.348189 
349.000000 -24.171993 -32.386903 -4.270336 157.146866 54.119210 
350.000000 -25.165416 -32.525680 -4.860215 -56.584635 -174.799030 
351.000000 -26.078087 -28.314957 -12.877917 81.412669 -35.369646 
352.000000 -29.855844 -17.765900 9.607357 149.158381 130.984814 
353.000000 -29.237902 -18.025553 8.418731 28.316963 -2.740011 
354.000000 -28.594807 -18.393722 6.990759 -99.203187 -143.903839 
355.000000 -27.926622 -18.923160 5.199072 124.983439 66.096183 
356.000000 -27.232918 -19.677473 2.838769 -21.107946 -94.934131 
357.000000 -26.510682 -20.693454 -0.411620 -179.850458 -82.470172 
358.000000 -25.748706 -21.806525 -4.816040 5.943517 87.760387 
359.000000 -24.914006 -22.195857 -8.696330 172.913366 -117.795130 
360.000000 -23.923852 -20.752416 -7.117252 -43.011862 15.063562 
361.000000 -22.608486 -18.108806 -3.365903 73.181866 121.410223 
362.000000 -20.728562 -15.502618 -1.669403 155.266753 -164.859961 
363.000000 -18.161706 -13.350437 -2.614698 -165.039876 -132.024422 
364.000000 -15.123871 -11.597605 -6.007284 -179.603887 -151.954257 
365.000000 -12.078721 -10.065579 -11.672792 96.281975 120.402345 
366.000000 -9.482307 -8.693366 -20.437945 -71.718863 -49.146508 
367.000000 -7.654891 -7.620247 -47.966388 26.742570 49.040467 
368.000000 -6.748015 -7.055642 -29.169157 27.457609 49.723189 
369.000000 -6.745371 -7.129538 -27.277258 -68.135275 -46.431809 
370.000000 -7.501180 -7.804657 -29.285058 106.643749 126.783823 
371.000000 -8.805818 -8.851749 -45.557128 -157.824395 -140.379932 
372.000000 -10.447464 -9.960023 -24.772996 -129.556793 -115.331068 
373.000000 -12.249555 -10.979831 -16.059510 -156.762003 -144.904790 
374.000000 -14.083559 -12.006101 -11.366217 131.087357 142.630459 
375.000000 -15.866045 -13.211263 -8.934534 22.842694 36.410171 
376.000000 -17.549134 -14.719275 -8.287681 -114.317026 -96.795635 
377.000000 -19.110033 -16.611602 -9.543798 85.313203 108.139653 
378.000000 -20.542193 -18.977140 -14.091434 -93.778698 -64.723706 
379.000000 -21.848733 -21.962595 -37.705547 71.925956 108.185357 
380.000000 -23.037956 -25.785367 -11.335340 -134.810823 -84.475284 
381.000000 -24.120473 -30.115314 -6.046436 8.188033 -130.194779 
382.000000 -25.107481 -30.807008 -6.353998 142.648884 12.894052 
383.000000 -26.009802 -27.615246 -15.454742 -90.049531 146.572642 
384.000000 -29.053576 -17.124288 9.392887 -72.550645 -79.785801 
385.000000 -28.342461 -17.285593 8.203529 174.535795 154.184616 
386.000000 -27.589520 -17.541220 6.768777 56.438285 21.073540 
387.000000 -26.791388 -17.945054 4.954360 -68.099215 -121.166719 
388.000000 -25.944030 -18.568228 2.527221 159.183026 82.067731 
389.000000 -25.041707 -19.477914 -0.938977 15.952898 -140.900458 
390.000000 -24.074289 -20.612670 -6.202484 -140.758360 -32.564107 
391.000000 -23.020782 -21.335312 -13.385507 45.429295 129.054098 
392.000000 -21.835260 -20.291976 -14.224304 -149.837391 -82.605196 
393.000000 -20.422593 -17.677921 -8.598035 -11.860350 43.227795 
394.000000 -18.620642 -14.972735 -5.647716 92.756376 139.797904 
395.000000 -16.259424 -12.760802 -6.090399 155.496089 -161.969037 
396.000000 -13.354215 -10.935957 -9.869067 164.632813 -156.598484 
397.000000 -10.243957 -9.238599 -18.222344 103.900118 137.712370 
398.000000 -7.455461 -7.693051 -31.378224 -44.807299 -15.197692 
399.000000 -5.466112 -6.530412 -18.761726 64.804677 92.237818 
400.000000 -4.551711 -5.918143 -16.738784 66.590949 92.904739 
401.000000 -4.730548 -5.988814 -17.402381 -37.675599 -12.534821 
402.000000 -5.807283 -6.788514 -19.426853 120.711999 143.891676 
403.000000 -7.487050 -8.113008 -23.156490 -165.076863 -145.383480 
404.000000 -9.484737 -9.504562 -52.841779 -160.416669 -145.583243 
405.000000 -11.582365 -10.634624 -18.764312 148.479812 159.174000 
406.000000 -13.638812 -11.615166 -11.622136 53.406304 63.026462 
407.000000 -15.575728 -12.728880 -8.226733 -76.111491 -63.992452 
408.000000 -17.357990 -14.154665 -7.013435 127.375208 144.828725 
409.000000 -18.976975 -15.975324 -7.685080 -50.403588 -25.494016 
410.000000 -20.438650 -18.255509 -10.880229 114.933425 149.597415 
411.000000 -21.755978 -21.090512 -21.978906 -93.261376 -42.429378 
412.000000 -22.944441 -24.574151 -15.336199 47.589898 -172.995388 
413.000000 -24.019610 -28.224521 -8.318953 179.484598 28.798342 
414.000000 -24.995962 -29.146216 -8.407448 -56.015823 167.568447 
415.000000 -25.886397 -26.815648 -19.874110 62.321034 -65.231984 
416.000000 -28.354514 -16.570825 9.197353 29.779275 32.917962 
417.000000 -27.560706 -16.643918 8.008358 -78.181270 -87.004753 
418.000000 -26.709524 -16.797541 6.569203 169.403365 146.581503 
419.000000 -25.794004 -17.084684 4.738926 51.671587 11.801135 
420.000000 -24.805888 -17.578250 2.266622 -72.540578 -135.239766 
421.000000 -23.734978 -18.359257 -1.341503 155.105940 51.472544 
422.000000 -22.567815 -19.428677 -7.223289 12.158159 176.340337 
423.000000 -21.284825 -20.327760 -18.674535 -144.948530 -33.584524 
424.000000 -19.854441 -19.693015 -34.535990 38.943323 123.478413 
425.000000 -18.222569 -17.243383 -18.464793 -162.261476 -95.450521 
426.000000 -16.300699 -14.552363 -13.034960 -35.987689 20.969209 
427.000000 -13.977144 -12.402953 -14.036156 48.516904 102.222258 
428.000000 -11.206169 -10.602816 -22.861438 79.122245 129.605029 
429.000000 -8.171638 -8.771002 -23.520442 39.318366 82.545638 
430.000000 -5.345242 -7.206553 -14.293949 -91.161351 -55.296104 
431.000000 -3.307456 -6.232575 -10.874968 29.766575 61.235215 
432.000000 -2.470074 -5.625535 -10.325050 33.110540 61.841606 
433.000000 -2.899147 -5.431394 -11.941551 -79.305091 -52.951433 
434.000000 -4.342576 -6.000856 -15.199081 63.475048 87.495170 
435.000000 -6.409417 -7.356964 -19.713736 117.690742 138.013268 
436.000000 -8.742203 -8.972222 -31.655756 100.716046 114.796105 
437.000000 -11.092819 -10.258752 -19.931895 28.259267 36.325091 
438.000000 -13.321011 -11.241590 -11.356995 -86.789041 -80.242780 
439.000000 -15.363719 -12.296738 -7.463498 125.583207 135.760793 
440.000000 -17.204197 -13.664023 -5.965667 -47.068009 -29.471804 
441.000000 -18.849870 -15.430761 -6.332466 120.892259 148.949550 
442.000000 -20.318820 -17.641109 -8.847787 -86.338375 -43.037325 
443.000000 -21.632374 -20.348469 -15.955764 54.384188 132.864290 
444.000000 -22.811439 -23.559915 -21.664284 -174.563283 -2.348750 
445.000000 -23.874924 -26.739946 -11.026899 -51.364146 155.234384 
446.000000 -24.839256 -27.742995 -10.928595 65.386443 -73.690606 
447.000000 -25.718400 -26.034393 -28.940269 176.787615 47.459792 
448.000000 -27.767633 -16.127252 9.003781 96.892649 107.975378 
449.000000 -26.905755 -16.126644 7.815310 -8.200567 -7.645516 
450.000000 -25.973645 -16.194424 6.373417 -117.625665 -129.103187 
451.000000 -24.961244 -16.381525 4.533325 127.784494 102.159857 
452.000000 -23.856493 -16.758870 2.035111 6.988577 -36.198297 
453.000000 -22.644793 -17.409326 -1.648353 -121.331317 170.923549 
454.000000 -21.308218 -18.358886 -7.865462 101.118852 -11.168516 
455.000000 -19.824338 -19.261262 -23.481893 -47.974384 123.127254 
456.000000 -18.164459 -18.877940 -22.062935 147.985456 -90.391069 
457.000000 -16.291390 -16.640425 -28.092833 -36.431945 56.890763 
458.000000 -14.158731 -14.064039 -39.202600 110.226776 -172.011275 
459.000000 -11.720539 -12.147296 -26.385177 -143.838951 -71.143154 
460.000000 -8.974349 -10.689717 -14.932712 -93.059952 -27.259398 
461.000000 -6.060247 -9.105245 -10.582612 -114.910001 -61.226833 
462.000000 -3.363378 -8.089955 -7.541735 129.785823 172.943843 
463.000000 -1.457756 -8.038037 -5.494809 -99.204096 -62.256363 
464.000000 -0.823841 -7.331076 -5.559789 -93.729407 -62.486621 
465.000000 -1.558093 -6.101131 -7.802095 147.494459 172.588772 
466.000000 -3.356405 -5.831001 -12.114142 -82.602006 -61.631692 
467.000000 -5.749077 -6.850072 -18.485261 -44.813957 -27.917556 
468.000000 -8.330496 -8.494462 -34.563076 -79.164681 -70.149370 
469.000000 -10.844355 -9.898798 -18.785457 -168.256006 -166.858880 
470.000000 -13.165224 -10.918984 -10.599852 61.625775 62.549536 
471.000000 -15.251155 -11.957453 -6.723773 -99.269805 -92.063936 
472.000000 -17.104048 -13.296891 -5.191273 76.542212 94.449296 
473.000000 -18.744911 -15.030164 -5.454232 -125.497675 -92.576717 
474.000000 -20.200658 -17.187183 -7.644680 18.587330 77.180394 
475.000000 -21.497906 -19.790237 -13.260389 151.735560 -81.592505 
476.000000 -22.660504 -22.786843 -36.808679 -83.853679 102.757467 
477.000000 -23.708854 -25.626593 -14.061732 33.488207 -117.831152 
478.000000 -24.660026 -26.628963 -13.857527 145.044189 6.654752 
479.000000 -25.528164 -25.339300 -33.158677 -108.186569 123.117825 
480.000000 -27.287946 -15.805677 8.788895 128.146396 144.541613 
481.000000 -26.373594 -15.747348 7.599503 24.226195 31.193886 
482.000000 -25.379561 -15.747113 6.155287 -84.065552 -87.458938 
483.000000 -24.293595 -15.853014 4.310559 162.365412 147.521965 
484.000000 -23.100952 -16.131305 1.804537 42.360382 14.734529 
485.000000 -21.783879 -16.658359 -1.893108 -85.579168 -127.772164 
486.000000 -20.321085 -17.458814 -8.171668 136.588865 76.960909 
487.000000 -18.687393 -18.235570 -25.450030 -13.714678 -97.541888 
488.000000 -16.854035 -17.906258 -18.854933 -179.899435 39.294227 
489.000000 -14.790810 -15.838642 -18.889098 -6.444899 122.593082 
490.000000 -12.472846 -13.394156 -19.944759 140.903399 -101.060559 
491.000000 -9.897829 -11.750509 -14.330158 -105.003571 40.088790 
492.000000 -7.123245 -10.976807 -8.914700 -34.585201 89.826077 
493.000000 -4.329699 -10.405462 -5.965785 -30.569146 57.028913 
494.000000 -1.882860 -11.110924 -3.683378 -125.957512 -63.024451 
495.000000 -0.296081 -14.630769 -1.851603 16.831701 68.368403 
496.000000 0.000000 -11.630124 -2.640240 26.697947 62.463819 
497.000000 -1.054856 -7.504973 -5.611325 -95.747952 -80.236435 
498.000000 -3.117958 -6.086845 -10.766616 23.854222 31.215043 
499.000000 -5.692621 -6.689687 -19.295577 49.120241 52.283938 
500.000000 -8.372423 -8.249238 -36.903428 3.560536 -3.643785 
501.000000 -10.919664 -9.694564 -16.393104 -94.583954 -107.431548 
502.000000 -13.232592 -10.750825 -9.610658 128.022531 119.969654 
503.000000 -15.288980 -11.795981 -6.107366 -38.858613 -35.844827 
504.000000 -17.103979 -13.125314 -4.716400 131.911230 150.231547 
505.000000 -18.706254 -14.834543 -5.010582 -74.451340 -33.207501 
506.000000 -20.126550 -16.944695 -7.083239 65.881692 161.872421 
507.000000 -21.393030 -19.455128 -12.042692 -164.256331 6.816002 
508.000000 -22.529850 -22.269413 -30.331695 -42.744507 156.636237 
509.000000 -23.557124 -24.832593 -17.292815 72.024714 -73.405066 
510.000000 -24.491386 -25.775114 -17.240788 -178.714567 46.883035 
511.000000 -25.346184 -24.755381 -23.050357 -74.003013 160.594319 
512.000000 -26.901083 -15.609603 8.527694 122.398027 142.114493 
513.000000 -25.948649 -15.508736 7.334295 17.781330 28.839329 
514.000000 -24.910568 -15.457024 5.886935 -91.364732 -89.459168 
515.000000 -23.773470 -15.498754 4.042144 154.000755 146.393979 
516.000000 -22.521369 -15.693239 1.546328 32.640935 15.454771 
517.000000 -21.135243 -16.104446 -2.107081 -97.060877 -123.243978 
518.000000 -19.592799 -16.740229 -8.206274 122.752052 89.702566 
519.000000 -17.868762 -17.319839 -23.710140 -30.803100 -64.639029 
520.000000 -15.936508 -16.923481 -19.378997 158.340852 137.495341 
521.000000 -13.772721 -14.984610 -17.705931 -35.248890 -36.101881 
522.000000 -11.368277 -12.639768 -17.318014 100.859143 103.799413 
523.000000 -8.750509 -11.096890 -12.515111 -163.875519 -169.522738 
524.000000 -6.022011 -10.776608 -7.503136 -123.854242 -140.562963 
525.000000 -3.411435 -11.344251 -4.454341 -157.558581 -175.521956 
526.000000 -1.299795 -13.598745 -2.414530 74.847572 72.987540 
527.000000 -0.143970 -21.838933 -0.745720 -162.930475 -149.581113 
528.000000 -0.257979 -12.977645 -2.283906 -160.659776 -118.795052 
529.000000 -1.598941 -7.892673 -5.755795 80.522515 160.369788 
530.000000 -3.791818 -6.333158 -11.914741 -147.884290 -57.462306 
531.000000 -6.368379 -6.860955 -25.171955 -104.459170 -25.621262 
532.000000 -8.971867 -8.354350 -22.652716 -123.083684 -66.925279 
533.000000 -11.408076 -9.774067 -13.681391 177.940887 -154.359611 
534.000000 -13.603757 -10.838315 -8.521616 74.268419 83.427923 
535.000000 -15.551686 -11.888679 -5.603758 -74.204141 -66.152793 
536.000000 -17.273018 -13.206748 -4.480056 106.393947 124.806979 
537.000000 -18.797466 -14.886326 -4.901391 -94.172166 -36.039630 
538.000000 -20.154531 -16.942442 -6.985052 49.897637 -128.655062 
539.000000 -21.370314 -19.355828 -11.666299 -177.663930 25.432623 
540.000000 -22.466815 -21.992986 -25.025856 -54.283068 161.056120 
541.000000 -23.462198 -24.296449 -20.764137 61.896505 -72.928327 
542.000000 -24.371345 -25.131107 -21.539845 172.255379 45.979183 
543.000000 -25.206451 -24.279549 -18.968034 -82.155880 159.189557 
544.000000 -26.588403 -15.535332 8.198255 78.849685 100.586208 
545.000000 -25.610134 -15.404770 6.996952 -28.556702 -14.901732 
546.000000 -24.543492 -15.314988 5.545358 -140.848764 -135.440911 
547.000000 -23.375087 -15.305617 3.705499 100.948142 98.233417 
548.000000 -22.089195 -15.427235 1.238602 -24.484028 -34.681992 
549.000000 -20.667592 -15.728163 -2.316314 -158.860988 -174.961075 
550.000000 -19.089747 -16.195173 -8.057150 55.554923 36.879799 
551.000000 -17.333847 -16.563011 -20.648774 -104.257475 -119.377251 
552.000000 -15.379577 -16.084804 -22.159936 77.620785 73.539201 
553.000000 -13.214423 -14.291070 -18.667582 -124.369523 -116.570913 
554.000000 -10.846444 -12.042530 -17.812219 2.182778 15.248481 
555.000000 -8.327443 -10.414842 -13.406986 87.018799 100.492611 
556.000000 -5.788648 -9.915713 -8.445439 116.687591 130.977691 
557.000000 -3.479433 -10.386574 -5.216224 74.650506 94.402341 
558.000000 -1.770485 -11.265516 -3.545620 -57.240995 -28.760269 
559.000000 -1.055359 -11.847836 -2.958371 64.448099 100.401188 
560.000000 -1.541558 -10.000684 -4.118751 68.865736 112.679715 
561.000000 -3.092300 -7.643908 -7.789638 -45.323217 6.574383 
562.000000 -5.306642 -6.820901 -15.918418 91.677048 146.252104 
563.000000 -7.757613 -7.495658 -30.280433 137.677119 -170.113445 
564.000000 -10.155931 -8.896738 -16.137233 112.694681 163.365621 
565.000000 -12.365469 -10.207418 -10.993698 34.940167 85.935702 
566.000000 -14.348304 -11.232725 -7.301209 -80.477142 -31.034586 
567.000000 -16.112509 -12.269348 -5.090198 138.127040 178.842518 
568.000000 -17.682308 -13.561869 -4.335904 -22.682604 -8.207011 
569.000000 -19.084741 -15.195478 -4.961868 157.501548 86.810713 
570.000000 -20.344709 -17.179391 -7.137269 -41.445324 -153.640559 
571.000000 -21.483601 -19.476643 -11.702725 103.488965 -16.375930 
572.000000 -22.519279 -21.918999 -22.907345 -123.929733 116.574999 
573.000000 -23.466506 -23.951408 -25.304530 -0.742080 -116.885612 
574.000000 -24.337468 -24.642093 -29.252849 115.153434 3.576746 
575.000000 -25.142245 -23.894528 -16.222641 -134.746149 118.674231 
576.000000 -26.331700 -15.573478 7.785912 -2.687340 20.269436 
577.000000 -25.337839 -15.422859 6.573606 -115.055839 -99.701921 
578.000000 -24.255834 -15.304450 5.118239 127.099085 134.931385 
579.000000 -23.073304 -15.252502 3.290595 2.653055 3.404369 
580.000000 -21.776185 -15.307993 0.873244 -129.829390 -135.148171 
581.000000 -20.348936 -15.503704 -2.535051 87.798608 78.333765 
582.000000 -18.775278 -15.810827 -7.813059 -66.881960 -77.178846 
583.000000 -17.039971 -15.996564 -17.880286 122.938309 116.675236 
584.000000 -15.132551 -15.489624 -27.899084 -66.985097 -64.615291 
585.000000 -13.054514 -13.900737 -20.646265 77.673480 89.065195 
586.000000 -10.832084 -11.797647 -19.558989 -170.658092 -153.839027 
587.000000 -8.536665 -10.043780 -15.956024 -101.949598 -82.827462 
588.000000 -6.312110 -9.090434 -11.252791 -88.904971 -67.905192 
589.000000 -4.397626 -8.881274 -7.889258 -146.711982 -122.075039 
590.000000 -3.114992 -8.980846 -6.178153 68.414260 98.418515 
591.000000 -2.776201 -9.049534 -5.775013 -177.772272 -142.357202 
592.000000 -3.515780 -8.715798 -6.926871 -173.909036 -133.945846 
593.000000 -5.170508 -8.056891 -10.972470 79.332731 122.195251 
594.000000 -7.350617 -7.942781 -23.621852 -130.374478 -87.200089 
595.000000 -9.652953 -8.693077 -18.647629 -68.688051 -26.184139 
596.000000 -11.822036 -9.886919 -12.056627 -78.485682 -35.354299 
597.000000 -13.765436 -10.995698 -8.505873 -143.609294 -98.948707 
598.000000 -15.484843 -11.932240 -5.928592 109.407714 153.732850 
599.000000 -17.012489 -12.929759 -4.436095 -28.828316 8.180439 
600.000000 -18.381697 -14.177079 -4.114803 169.842531 -176.903299 
601.000000 -19.619373 -15.743363 -4.998634 -8.515039 -34.789299 
602.000000 -20.746198 -17.629963 -7.299031 160.042109 105.513410 
603.000000 -21.778246 -19.781009 -11.749947 -42.745656 -112.973802 
604.000000 -22.728332 -21.995570 -21.108067 103.511272 24.073468 
605.000000 -23.606910 -23.734416 -36.729386 -120.634309 155.020011 
606.000000 -24.422663 -24.260276 -34.483957 6.078605 -80.084778 
607.000000 -25.182891 -23.580186 -13.865546 125.194257 39.288665 
608.000000 -26.116613 -15.710432 7.286023 -121.805217 -98.104459 
609.000000 -25.116147 -15.545862 6.062356 118.757139 135.280353 
610.000000 -24.030501 -15.404203 4.607426 -6.968411 2.640610 
611.000000 -22.849187 -15.313979 2.803908 -140.234359 -136.903790 
612.000000 -21.560948 -15.306850 0.460883 77.374785 75.600022 
613.000000 -20.154361 -15.402951 -2.756101 -76.164353 -81.106531 
614.000000 -18.619090 -15.567978 -7.516955 116.541495 111.353676 
615.000000 -16.948261 -15.617737 -15.622078 -67.891534 -69.587131 
616.000000 -15.142700 -15.144647 -72.991431 86.121204 91.145240 
617.000000 -13.218046 -13.826950 -23.387983 -147.186233 -134.804550 
618.000000 -11.215840 -11.964864 -21.658203 -55.294865 -37.479557 
619.000000 -9.218890 -10.194365 -19.475140 -7.734687 13.330592 
620.000000 -7.368110 -8.924920 -15.698355 -16.203490 7.222777 
621.000000 -5.870819 -8.239166 -12.444665 -94.133278 -67.986933 
622.000000 -4.980122 -8.037337 -10.553584 104.718497 134.241127 
623.000000 -4.923158 -8.229732 -9.989623 -151.206874 -118.240654 
624.000000 -5.786928 -8.641341 -11.054106 -148.422691 -112.707055 
625.000000 -7.433922 -9.020350 -15.549022 113.093134 150.344239 
626.000000 -9.537179 -9.487739 -44.869890 -80.563718 -42.851597 
627.000000 -11.726705 -10.259024 -14.699479 1.556363 39.652768 
628.000000 -13.738621 -11.200561 -9.386341 13.279133 52.296334 
629.000000 -15.473457 -12.080506 -6.413105 -31.400518 8.226137 
630.000000 -16.951925 -12.904810 -4.531388 -120.212656 -82.562667 
631.000000 -18.236059 -13.841556 -3.628397 116.800861 146.283376 
632.000000 -19.381163 -15.022540 -3.719045 -32.555496 -20.563913 
633.000000 -20.424114 -16.497354 -4.858376 157.756715 148.081294 
634.000000 -21.387183 -18.256631 -7.251629 -27.624152 -53.285456 
635.000000 -22.283873 -20.223841 -11.448443 134.784095 99.288068 
636.000000 -23.122965 -22.170852 -18.722112 -72.582741 -114.929603 
637.000000 -23.910764 -23.596429 -28.670787 71.741127 23.785620 
638.000000 -24.652231 -23.952446 -21.524755 -151.513921 155.797378 
639.000000 -25.351536 -23.320809 -11.588118 -21.916670 -78.276289 
640.000000 -25.934184 -15.929723 6.704752 82.413631 106.587114 
641.000000 -24.935634 -15.753891 5.473800 -46.027839 -28.640541 
642.000000 -23.857384 -15.590687 4.029086 178.255396 -170.751467 
643.000000 -22.691503 -15.462990 2.268173 33.867880 39.208751 
644.000000 -21.430304 -15.394295 0.030792 -120.936099 -120.044078 
645.000000 -20.067269 -15.396043 -2.947632 71.643739 69.878809 
646.000000 -18.598658 -15.436974 -7.149174 -111.181744 -113.157013 
647.000000 -17.026145 -15.386178 -13.646698 47.035302 47.723996 
648.000000 -15.360969 -14.976223 -26.879737 -178.235171 -172.415365 
649.000000 -13.630072 -13.961423 -28.535650 -72.749635 -60.877381 
650.000000 -11.884426 -12.446323 -24.062599 -3.740669 13.393114 
651.000000 -10.208680 -10.846181 -23.003465 19.912899 40.912037 
652.000000 -8.728905 -9.531714 -21.082349 -12.248002 11.668941 
653.000000 -7.611370 -8.686773 -18.677017 -111.721546 -85.161006 
654.000000 -7.041643 -8.373806 -16.942708 70.212779 99.448533 
655.000000 -7.175427 -8.603780 -16.383965 164.463946 -163.755896 
656.000000 -8.068542 -9.281053 -17.701777 166.201414 -160.003129 
657.000000 -9.622733 -10.159409 -24.449001 75.849617 110.824667 
658.000000 -11.596254 -11.037078 -23.544219 -101.585212 -66.142618 
659.000000 -13.684911 -11.878993 -12.723729 2.243031 37.925797 
660.000000 -15.624437 -12.666998 -7.837334 38.020830 73.800574 
661.000000 -17.267862 -13.384613 -4.978538 17.318566 52.173288 
662.000000 -18.602949 -14.110003 -3.382568 -49.011854 -17.848783 
663.000000 -19.699494 -14.972682 -2.814598 -151.713539 -128.940253 
664.000000 -20.639996 -16.065604 -3.182274 76.722141 86.503818 
665.000000 -21.484699 -17.421675 -4.488741 -77.751012 -81.291557 
666.000000 -22.268646 -19.018989 -6.864109 109.550189 96.550844 
667.000000 -23.009792 -20.760209 -10.585193 -77.697928 -96.175189 
668.000000 -23.716713 -22.401622 -15.731329 83.379190 61.724004 
669.000000 -24.393444 -23.506126 -19.367271 -125.006051 -148.978532 
670.000000 -25.042032 -23.700125 -15.542249 18.783754 -7.469055 
671.000000 -25.663765 -23.106918 -9.312433 155.880521 127.083167 
672.000000 -25.780641 -16.213362 6.057855 -108.702191 -84.190759 
673.000000 -24.792502 -16.026043 4.829005 112.160653 130.253509 
674.000000 -23.732330 -15.840141 3.410522 -35.356783 -23.205036 
675.000000 -22.595131 -15.673362 1.717566 167.208836 174.204357 
676.000000 -21.377089 -15.542604 -0.376304 -2.040114 0.955131 
677.000000 -20.076691 -15.454108 -3.065037 174.541424 175.117962 
678.000000 -18.696443 -15.383847 -6.664043 -25.979234 -25.824592 
679.000000 -17.245403 -15.247591 -11.747148 112.741400 114.690982 
680.000000 -15.742737 -14.886262 -19.690239 -133.844905 -128.155886 
681.000000 -14.222325 -14.139806 -40.403992 -51.352129 -40.873707 
682.000000 -12.738071 -13.016981 -30.006088 -6.602323 8.611151 
683.000000 -11.368659 -11.746664 -27.414651 -7.662714 11.575103 
684.000000 -10.219200 -10.619242 -26.933427 -63.658730 -41.139900 
685.000000 -9.415817 -9.847368 -26.290531 175.788321 -158.892218 
686.000000 -9.088730 -9.549310 -25.739452 -18.387297 9.448333 
687.000000 -9.341330 -9.768152 -26.383900 66.769779 96.816997 
688.000000 -10.209290 -10.453730 -31.134787 67.679974 99.438757 
689.000000 -11.626887 -11.435128 -33.025112 -15.095736 17.645751 
690.000000 -13.427352 -12.476987 -18.738971 -177.413727 -144.486198 
691.000000 -15.385212 -13.406635 -11.841169 -52.718691 -20.265627 
692.000000 -17.273697 -14.174162 -7.354551 7.191034 38.468293 
693.000000 -18.916844 -14.831844 -4.430041 11.535345 40.314134 
694.000000 -20.235316 -15.493945 -2.779950 -30.449403 -6.498155 
695.000000 -21.255774 -16.278967 -2.230374 -110.403511 -94.102074 
696.000000 -22.063851 -17.263930 -2.641403 138.762342 145.815330 
697.000000 -22.745717 -18.472028 -3.935944 2.856518 1.688851 
698.000000 -23.360890 -19.869652 -6.112687 -153.436620 -160.065540 
699.000000 -23.942407 -21.342898 -9.146314 33.639657 24.240363 
700.000000 -24.505783 -22.651067 -12.466882 -152.904049 -163.288288 
701.000000 -25.056999 -23.443428 -13.801250 9.345390 -1.163425 
702.000000 -25.597500 -23.492667 -11.238274 162.316617 151.849272 
703.000000 -26.126876 -22.932418 -7.042214 -52.464961 -63.171533 
704.000000 -25.656043 -16.543239 5.367928 26.489817 51.304848 
705.000000 -24.686764 -16.342207 4.155553 -124.752632 -106.003986 
706.000000 -23.654830 -16.130886 2.784477 74.463229 87.675283 
707.000000 -22.558244 -15.922634 1.189338 -97.524274 -89.062348 
708.000000 -21.396929 -15.729474 -0.721259 77.261797 82.043109 
709.000000 -20.173880 -15.555073 -3.074190 -123.648079 -121.186308 
710.000000 -18.896775 -15.383366 -6.045872 16.729085 18.480796 
711.000000 -17.580117 -15.165040 -9.882163 134.714169 137.464718 
712.000000 -16.247895 -14.815143 -14.926643 -134.153866 -128.882220 
713.000000 -14.936555 -14.248681 -21.679892 -75.223711 -66.431214 
714.000000 -13.697715 -13.457269 -31.035433 -54.786983 -42.160592 
715.000000 -12.599537 -12.554941 -45.768153 -80.023639 -63.793851 
716.000000 -11.725230 -11.729397 -66.383273 -158.755668 -139.387524 
717.000000 -11.167023 -11.156200 -58.084070 61.076531 83.114493 
718.000000 -11.014287 -10.953192 -43.025603 -147.746723 -123.453663 
719.000000 -11.335097 -11.173207 -34.510846 -70.663524 -44.538004 
720.000000 -12.152447 -11.799446 -27.643667 -70.345545 -42.913269 
721.000000 -13.422917 -12.731185 -21.629361 -146.240953 -118.201572 
722.000000 -15.033626 -13.790671 -16.258291 65.042848 92.824291 
723.000000 -16.825757 -14.789111 -11.559764 -151.207271 -124.614187 
724.000000 -18.627866 -15.621911 -7.670359 -68.550630 -44.121155 
725.000000 -20.279996 -16.309462 -4.738546 -39.727550 -18.649970 
726.000000 -21.660803 -16.955328 -2.865524 -57.123717 -40.815642 
727.000000 -22.724958 -17.673378 -2.059880 -113.433149 -103.019075 
728.000000 -23.512746 -18.539258 -2.237985 157.857515 162.339369 
729.000000 -24.110573 -19.574214 -3.275466 42.293436 42.100972 
730.000000 -24.601729 -20.737987 -5.032759 -95.519848 -98.461407 
731.000000 -25.043539 -21.911282 -7.246000 108.198326 104.330424 
732.000000 -25.467854 -22.879605 -9.189931 -63.461997 -66.932922 
733.000000 -25.889356 -23.388719 -9.534979 112.023541 109.704678 
734.000000 -26.313127 -23.318754 -7.710013 -83.280724 -84.184865 
735.000000 -26.739551 -22.790158 -4.796288 72.314199 72.709320 
736.000000 -25.562525 -16.902564 4.660834 129.853890 155.020380 
737.000000 -24.620186 -16.684853 3.482679 -34.607538 -15.162477 
738.000000 -23.625676 -16.445482 2.182455 150.227579 164.509463 
739.000000 -22.579785 -16.194587 0.714506 -37.401146 -27.518571 
740.000000 -21.485692 -15.941123 -0.979671 120.394767 126.848123 
741.000000 -20.350022 -15.688166 -2.970178 -98.918564 -94.735580 
742.000000 -19.184185 -15.426910 -5.332575 21.622993 24.829731 
743.000000 -18.005979 -15.131794 -8.129305 118.398452 121.947529 
744.000000 -16.841315 -14.763231 -11.363280 -172.874395 -167.810803 
745.000000 -15.725765 -14.286612 -14.884634 -137.188886 -129.768957 
746.000000 -14.705430 -13.705591 -18.272970 -140.242309 -130.059937 
747.000000 -13.836413 -13.084715 -20.876855 171.672127 -175.377811 
748.000000 -13.182272 -12.535419 -22.234737 71.925736 87.385566 
749.000000 -12.809057 -12.175794 -22.426051 -85.990343 -68.399206 
750.000000 -12.777761 -12.096887 -21.772302 52.184700 71.489089 
751.000000 -13.133592 -12.349409 -20.492905 122.239146 142.811988 
752.000000 -13.891704 -12.938618 -18.712745 122.156160 143.489946 
753.000000 -15.023024 -13.812714 -16.506172 52.421600 73.883558 
754.000000 -16.450328 -14.854705 -13.907660 -84.220882 -63.426526 
755.000000 -18.062288 -15.908143 -11.011465 76.540121 95.769573 
756.000000 -19.736080 -16.844478 -8.067642 179.911644 -163.287326 
757.000000 -21.349715 -17.626714 -5.430534 -128.315780 -114.682962 
758.000000 -22.786673 -18.311510 -3.426668 -121.957747 -112.023188 
759.000000 -23.956558 -18.993837 -2.262704 -154.803985 -148.679856 
760.000000 -24.830358 -19.749009 -1.992521 138.962405 141.783414 
761.000000 -25.450308 -20.602334 -2.528640 44.504006 45.092481 
762.000000 -25.897265 -21.516800 -3.663797 -73.748853 -74.066563 
763.000000 -26.249158 -22.385400 -5.032712 147.935926 147.961684 
764.000000 -26.560770 -23.040407 -6.024988 -7.326388 -5.987723 
765.000000 -26.863405 -23.317124 -5.947440 -176.944894 -173.674119 
766.000000 -27.171914 -23.161988 -4.631596 1.233994 6.716886 
767.000000 -27.491548 -22.669197 -2.588664 169.002108 176.686288 
768.000000 -25.502755 -17.277130 3.962086 -156.608478 -130.971321 
769.000000 -24.594632 -17.040413 2.836659 24.886722 45.147225 
770.000000 -23.645291 -16.772056 1.629004 -165.437358 -149.983223 
771.000000 -22.657891 -16.480276 0.311241 -9.408255 1.968728 
772.000000 -21.638182 -16.172665 -1.148077 130.814884 138.987672 
773.000000 -20.595371 -15.853179 -2.777995 -107.315092 -101.359635 
774.000000 -19.543122 -15.519239 -4.593904 -6.791917 -2.005854 
775.000000 -18.500595 -15.160758 -6.578421 68.889458 73.532619 
776.000000 -17.493359 -14.763960 -8.654538 115.692857 121.091297 
777.000000 -16.553906 -14.322170 -10.663683 129.032374 135.851214 
778.000000 -15.721406 -13.850661 -12.383838 103.819357 112.428598 
779.000000 -15.040405 -13.395547 -13.618313 34.594666 45.076728 
780.000000 -14.558365 -13.027554 -14.301205 -84.224025 -72.007625 
781.000000 -14.322204 -12.823480 -14.501720 102.036867 115.715537 
782.000000 -14.373830 -12.847856 -14.331189 -131.198724 -116.392536 
783.000000 -14.743877 -13.142593 -13.873977 -67.217228 -51.647190 
784.000000 -15.442650 -13.720320 -13.178568 -67.561667 -51.632589 
785.000000 -16.450218 -14.554043 -12.253392 -131.824169 -116.032940 
786.000000 -17.712506 -15.567887 -11.054922 102.199679 117.222841 
787.000000 -19.149963 -16.645685 -9.520435 -81.966820 -68.424119 
788.000000 -20.674419 -17.667567 -7.667291 39.968736 51.401343 
789.000000 -22.199106 -18.560243 -5.674115 112.736060 121.683534 
790.000000 -23.635494 -19.324336 -3.839853 141.379549 147.800562 
791.000000 -24.892677 -20.014706 -2.458673 131.095598 135.294977 
792.000000 -25.898333 -20.693089 -1.715255 86.955823 89.562878 
793.000000 -26.631414 -21.388353 -1.631586 13.650025 15.534782 
794.000000 -27.131203 -22.077011 -2.053959 -84.655583 -82.527954 
795.000000 -27.470661 -22.681060 -2.665732 155.647703 158.925215 
796.000000 -27.721465 -23.087982 -3.038647 17.640962 22.805532 
797.000000 -27.935706 -23.201869 -2.797867 -136.064781 -128.502734 
798.000000 -28.144415 -23.002359 -1.856053 56.736011 66.966560 
799.000000 -28.363110 -22.555177 -0.430672 -122.094972 -109.148065 
800.000000 -25.478864 -17.656085 3.293925 -110.832517 -84.544057 
801.000000 -24.611051 -17.399780 2.237627 56.063038 77.323852 
802.000000 -23.712849 -17.104199 1.138801 -149.895986 -133.091677 
803.000000 -22.789261 -16.776854 -0.016392 -10.571707 2.466034 
804.000000 -21.847847 -16.425294 -1.240334 111.868581 121.925071 
805.000000 -20.899370 -16.055180 -2.537490 -145.089599 -137.167348 
806.000000 -19.958443 -15.668989 -3.895434 -64.347484 -57.697921 
807.000000 -19.044087 -15.266453 -5.274723 -9.223925 -3.032295 
808.000000 -18.180036 -14.847874 -6.602484 16.532119 22.964648 
809.000000 -17.394596 -14.420374 -7.779315 8.761096 15.956076 
810.000000 -16.719887 -14.004782 -8.707668 -37.038296 -28.770483 
811.000000 -16.190431 -13.638695 -9.332490 -125.572013 -116.126338 
812.000000 -15.841252 -13.372462 -9.662989 98.470033 109.034812 
813.000000 -15.705738 -13.259561 -9.754753 -89.278794 -77.758161 
814.000000 -15.813146 -13.346399 -9.671254 27.511046 39.773946 
815.000000 -16.184795 -13.664756 -9.457677 86.250024 99.019483 
816.000000 -16.827950 -14.225338 -9.134325 85.740853 98.747564 
817.000000 -17.728578 -15.010115 -8.695162 26.319302 39.214946 
818.000000 -18.847809 -15.966474 -8.103953 -90.244158 -77.924510 
819.000000 -20.127276 -17.011059 -7.299092 98.930971 110.130978 
820.000000 -21.501888 -18.048460 -6.227427 -122.584090 -112.982599 
821.000000 -22.909665 -19.000758 -4.907550 -30.845345 -23.078838 
822.000000 -24.289618 -19.832915 -3.472590 18.327851 24.358094 
823.000000 -25.572897 -20.555523 -2.137643 29.276830 33.978622 
824.000000 -26.683998 -21.201474 -1.111700 6.356441 10.359429 
825.000000 -27.562332 -21.793743 -0.511552 -46.260291 -42.202290 
826.000000 -28.191030 -22.323330 -0.308538 -124.737913 -119.841026 
827.000000 -28.604691 -22.745428 -0.325727 134.343169 140.808338 
828.000000 -28.867837 -22.995710 -0.299528 13.972859 22.615265 
829.000000 -29.045670 -23.023199 0.003741 -123.264628 -111.998142 
830.000000 -29.187443 -22.821453 0.677571 84.850291 99.007890 
831.000000 -29.323906 -22.433165 1.660995 -79.781604 -62.643428 
832.000000 -25.491880 -18.031960 2.673692 -90.751572 -63.581500 
833.000000 -24.669053 -17.757713 1.698570 61.225991 83.722703 
834.000000 -23.826061 -17.439424 0.717271 -160.582834 -142.195311 
835.000000 -22.969196 -17.084751 -0.274478 -38.044264 -23.116014 
836.000000 -22.107106 -16.701928 -1.277796 66.701008 78.879209 
837.000000 -21.251213 -16.298456 -2.285612 151.208778 161.372762 
838.000000 -20.416070 -15.880541 -3.277505 -147.292234 -138.419639 
839.000000 -19.619539 -15.453877 -4.216692 -111.912700 -103.666779 
840.000000 -18.882702 -15.026111 -5.052686 -106.095702 -97.915030 
841.000000 -18.229393 -14.610520 -5.732651 -133.580139 -125.042337 
842.000000 -17.685303 -14.229323 -6.219654 161.677269 170.839415 
843.000000 -17.276791 -13.914466 -6.508168 55.632504 65.540126 
844.000000 -17.029616 -13.704659 -6.625118 -95.656143 -84.996689 
845.000000 -16.967772 -13.639516 -6.614748 64.216946 75.562065 
846.000000 -17.112134 -13.753003 -6.518120 172.285189 -175.785646 
847.000000 -17.477988 -14.067640 -6.359418 -133.513870 -121.122282 
848.000000 -18.070635 -14.589269 -6.142547 -134.122371 -121.426017 
849.000000 -18.879938 -15.302226 -5.854005 170.734475 -176.498473 
850.000000 -19.877242 -16.166899 -5.466896 62.484306 74.979265 
851.000000 -21.018622 -17.122983 -4.944215 -96.513312 -84.717692 
852.000000 -22.254424 -18.099956 -4.246107 56.724823 67.417822 
853.000000 -23.538539 -19.032754 -3.350812 165.530224 174.896402 
854.000000 -24.829222 -19.877055 -2.286971 -126.570804 -118.466536 
855.000000 -26.080787 -20.616268 -1.150214 -95.918778 -88.719325 
856.000000 -27.235565 -21.254810 -0.079872 -98.792250 -91.929256 
857.000000 -28.228334 -21.801205 0.794880 -131.530055 -124.327387 
858.000000 -29.007097 -22.251805 1.412058 169.336360 177.573858 
859.000000 -29.557460 -22.584752 1.810082 86.988316 96.907877 
860.000000 -29.909021 -22.767701 2.113221 -15.724117 -3.571417 
861.000000 -30.118150 -22.775617 2.468999 -136.286732 -121.478022 
862.000000 -30.243680 -22.607659 2.976997 87.497504 105.239859 
863.000000 -30.331885 -22.291177 3.657913 -62.461886 -41.656697 
864.000000 -25.541556 -18.399947 2.113739 -94.345123 -66.027054 
865.000000 -24.766901 -18.111401 1.226537 42.599523 66.601855 
866.000000 -23.981356 -17.776865 0.363968 164.942208 -174.819721 
867.000000 -23.191981 -17.404526 -0.472721 -89.160907 -72.076226 
868.000000 -22.407891 -17.003437 -1.279359 -1.795570 12.779769 
869.000000 -21.640473 -16.582557 -2.045520 64.692543 77.406445 
870.000000 -20.903511 -16.150493 -2.752284 107.686988 119.159261 
871.000000 -20.213119 -15.716242 -3.372839 124.301833 135.091498 
872.000000 -19.587432 -15.290943 -3.877394 111.401358 121.977360 
873.000000 -19.046028 -14.890073 -4.242196 65.645582 76.366705 
874.000000 -18.609117 -14.535061 -4.459242 -16.430827 -5.321489 
875.000000 -18.296680 -14.253161 -4.541045 -138.300332 -126.664276 
876.000000 -18.127734 -14.075076 -4.516513 56.716543 68.937765 
877.000000 -18.119794 -14.030862 -4.419565 -154.355092 -141.540768 
878.000000 -18.288133 -14.145209 -4.276506 -53.933216 -40.545483 
879.000000 -18.644042 -14.433013 -4.098106 -3.678650 10.240101 
880.000000 -19.191515 -14.895618 -3.878913 -4.342830 10.023611 
881.000000 -19.923043 -15.518263 -3.602537 -55.700640 -41.044829 
882.000000 -20.817020 -16.269873 -3.248970 -156.593259 -141.907877 
883.000000 -21.839661 -17.106313 -2.799033 54.919853 69.287589 
884.000000 -22.952006 -17.976924 -2.234329 -138.662503 -124.970385 
885.000000 -24.118085 -18.832723 -1.538515 -14.506768 -1.735495 
886.000000 -25.307885 -19.634083 -0.708020 70.401781 82.231278 
887.000000 -26.492222 -20.355422 0.230868 119.187905 130.317642 
888.000000 -27.633543 -20.984515 1.214440 135.043845 145.934010 
889.000000 -28.680998 -21.516209 2.155049 121.161304 132.401478 
890.000000 -29.577167 -21.944101 2.971945 80.637325 92.857789 
891.000000 -30.276925 -22.255681 3.625650 16.386364 30.189660 
892.000000 -30.767549 -22.434492 4.136917 -68.917810 -53.004003 
893.000000 -31.073942 -22.468378 4.574470 -172.867281 -154.420579 
894.000000 -31.244974 -22.358469 5.017159 66.679592 87.958930 
895.000000 -31.333394 -22.122624 5.518245 -68.387386 -44.104450 
896.000000 -25.626478 -18.756714 1.622654 -119.673963 -89.919401 
897.000000 -24.901751 -18.458719 0.825269 2.291084 28.087065 
898.000000 -24.174252 -18.115084 0.076966 108.959323 131.331217 
899.000000 -23.451371 -17.734487 -0.618436 -161.469104 -141.947854 
900.000000 -22.742197 -17.326539 -1.255192 -91.003470 -73.744698 
901.000000 -22.057588 -16.901034 -1.823637 -41.871582 -26.297460 
902.000000 -21.410130 -16.467814 -2.309657 -16.521022 -2.089136 
903.000000 -20.813932 -16.037399 -2.696593 -17.608528 -3.835219 
904.000000 -20.284228 -15.622204 -2.969774 -47.972799 -34.451833 
905.000000 -19.836822 -15.237880 -3.122435 -110.585675 -96.998787 
906.000000 -19.487455 -14.904043 -3.160259 151.522844 165.406149 
907.000000 -19.251256 -14.643751 -3.101618 15.368369 29.701933 
908.000000 -19.142401 -14.481512 -2.972505 -161.856353 -146.976588 
909.000000 -19.173928 -14.440162 -2.798037 -22.628892 -7.145005 
910.000000 -19.357311 -14.537354 -2.594284 71.062700 87.183412 
911.000000 -19.701125 -14.782320 -2.363935 117.866519 134.630145 
912.000000 -20.208456 -15.173489 -2.097598 117.175556 134.543857 
913.000000 -20.873617 -15.697499 -1.779999 69.175073 87.037887 
914.000000 -21.679986 -16.330139 -1.397670 -25.186808 -7.032721 
915.000000 -22.601099 -17.039271 -0.943133 -164.305303 -146.148903 
916.000000 -23.605729 -17.788995 -0.412631 13.919241 31.755795 
917.000000 -24.664695 -18.543861 0.199323 151.906244 169.160762 
918.000000 -25.754842 -19.272339 0.900478 -107.744793 -91.174621 
919.000000 -26.856908 -19.949122 1.692093 -42.333964 -26.331208 
920.000000 -27.948301 -20.555728 2.556507 -9.099932 6.664570 
921.000000 -28.995662 -21.078936 3.451587 -5.259077 10.748624 
922.000000 -29.952979 -21.507740 4.318052 -28.065139 -11.259020 
923.000000 -30.769330 -21.830933 5.098040 -74.878336 -56.714949 
924.000000 -31.405347 -22.037465 5.757452 -143.223521 -123.192209 
925.000000 -31.849582 -22.119944 6.299927 129.173627 151.500955 
926.000000 -32.122772 -22.079208 6.761867 24.372043 49.320380 
927.000000 -32.267076 -21.926800 7.191476 -95.783324 -68.001605 
928.000000 -25.744296 -19.099176 1.207132 -164.903944 -133.414947 
929.000000 -25.069982 -18.796769 0.498086 -57.730358 -29.847645 
930.000000 -24.399774 -18.450600 -0.143443 33.570634 58.361439 
931.000000 -23.741044 -18.069556 -0.712845 107.259749 129.496470 
932.000000 -23.102498 -17.663370 -1.204682 161.419309 -178.358200 
933.000000 -22.494152 -17.242035 -1.611615 -166.048998 -147.319654 
934.000000 -21.927189 -16.815746 -1.924720 -157.418501 -139.699316 
935.000000 -21.413684 -16.395399 -2.135565 -175.120983 -157.983526 
936.000000 -20.966214 -15.993454 -2.239656 138.284205 155.202149 
937.000000 -20.597388 -15.624734 -2.239899 60.158614 77.148144 
938.000000 -20.319411 -15.306669 -2.148203 -52.146760 -34.862780 
939.000000 -20.143787 -15.058601 -1.983862 158.797809 176.540769 
940.000000 -20.081232 -14.900081 -1.768793 -29.391398 -11.069406 
941.000000 -20.141671 -14.848452 -1.521288 101.208553 120.198054 
942.000000 -20.333943 -14.916256 -1.250817 -171.051087 -151.330847 
943.000000 -20.664726 -15.109038 -0.956122 -127.282196 -106.797727 
944.000000 -21.136452 -15.424033 -0.627699 -127.980964 -106.744322 
945.000000 -21.744725 -15.850106 -0.253817 -172.993970 -151.084698 
946.000000 -22.476529 -16.369052 0.172895 98.461117 120.879203 
947.000000 -23.310816 -16.957879 0.652427 -32.279944 -9.597915 
948.000000 -24.222160 -17.591329 1.180390 156.554145 179.209688 
949.000000 -25.186238 -18.243922 1.754938 -52.964653 -30.603283 
950.000000 -26.184007 -18.891344 2.381408 61.416686 83.321840 
951.000000 -27.201639 -19.511429 3.069447 142.051511 163.509143 
952.000000 -28.225801 -20.084812 3.823384 -168.649520 -147.440126 
953.000000 -29.236857 -20.595019 4.632096 -148.247048 -126.925188 
954.000000 -30.203836 -21.027938 5.464841 -154.309802 -132.412531 
955.000000 -31.084710 -21.371196 6.275985 175.536719 -161.490106 
956.000000 -31.834229 -21.614421 7.017842 123.560740 148.093287 
957.000000 -32.417950 -21.750850 7.657332 51.885598 78.404413 
958.000000 -32.825475 -21.779675 8.188153 -37.533156 -8.683294 
959.000000 -33.073958 -21.707645 8.630398 -142.916222 -111.486653 
960.000000 -25.892011 -19.423559 0.873742 131.679756 165.200324 
961.000000 -25.267535 -19.121023 0.250026 -135.645354 -105.387628 
962.000000 -24.652815 -18.777356 -0.292749 -59.305696 -31.818696 
963.000000 -24.054941 -18.401281 -0.750066 -0.968064 24.252295 
964.000000 -23.482013 -18.002227 -1.117548 37.551015 61.002352 
965.000000 -22.943037 -17.589885 -1.390484 54.288109 76.444638 
966.000000 -22.447738 -17.174205 -1.564487 47.143121 68.440915 
967.000000 -22.006277 -16.765801 -1.637290 13.899226 34.724690 
968.000000 -21.628909 -16.376546 -1.611072 -47.745187 -27.062409 
969.000000 -21.325627 -16.020027 -1.494180 -140.130548 -119.319289 
970.000000 -21.105894 -15.711510 -1.301112 94.424989 115.581257 
971.000000 -20.978534 -15.467187 -1.050234 -66.298598 -44.627220 
972.000000 -20.951789 -15.302747 -0.759725 95.664796 117.984932 
973.000000 -21.033388 -15.231525 -0.443125 -141.437838 -118.363670 
974.000000 -21.230305 -15.262661 -0.106236 -58.985360 -35.077818 
975.000000 -21.547848 -15.399710 0.253229 -17.901207 6.887441 
976.000000 -21.987966 -15.640053 0.642740 -18.595448 7.076890 
977.000000 -22.547196 -15.975248 1.069779 -60.940146 -34.444070 
978.000000 -23.215188 -16.392220 1.536845 -144.284246 -117.100320 
979.000000 -23.974979 -16.874828 2.039637 92.491828 120.152534 
980.000000 -24.805620 -17.405269 2.570077 -69.110582 -41.235472 
981.000000 -25.686490 -17.964961 3.122694 92.688305 120.513622 
982.000000 -26.601210 -18.535024 3.700071 -140.152123 -112.576744 
983.000000 -27.538778 -19.096665 4.313024 -45.568498 -18.317546 
984.000000 -28.490953 -19.631716 4.974550 18.560249 45.572311 
985.000000 -29.447040 -20.123202 5.690621 54.385739 81.400140 
986.000000 -30.388537 -20.555771 6.452550 64.065093 91.441812 
987.000000 -31.286175 -20.915988 7.234425 49.728262 77.893423 
988.000000 -32.101518 -21.192838 7.997023 13.440080 42.833850 
989.000000 -32.794353 -21.378705 8.697928 -42.834826 -11.800725 
990.000000 -33.334475 -21.470696 9.305049 -117.257891 -84.230489 
991.000000 -33.712396 -21.471697 9.807418 151.868689 -172.835304 
992.000000 -26.066255 -19.724990 0.629913 51.665856 87.506817 
993.000000 -25.490208 -19.425198 0.088595 130.213161 163.122809 
994.000000 -24.928411 -19.087023 -0.362199 -167.932837 -137.485920 
995.000000 -24.387504 -18.718695 -0.718433 -124.358608 -95.902191 
996.000000 -23.874843 -18.329022 -0.977018 -100.774549 -73.848338 
997.000000 -23.398369 -17.927079 -1.135719 -99.008582 -73.177890 
998.000000 -22.966402 -17.522246 -1.193880 -120.993062 -95.859989 
999.000000 -22.587387 -17.124537 -1.153786 -168.743324 -143.954795 
1000.000000 -22.269615 -16.745001 -1.022019 115.673628 140.421667 
1001.000000 -22.020982 -16.395944 -0.810001 10.181418 35.143993 
1002.000000 -21.848858 -16.090726 -0.533115 -127.252135 -101.865138 
1003.000000 -21.760093 -15.843033 -0.208329 61.448921 87.431607 
1004.000000 -21.761152 -15.665706 0.149053 -145.459625 -118.741569 
1005.000000 -21.858189 -15.569353 0.528435 -29.467114 -1.900746 
1006.000000 -22.056821 -15.561094 0.925606 48.264034 76.765120 
1007.000000 -22.361342 -15.643729 1.342224 86.959853 116.449643 
1008.000000 -22.773336 -15.815545 1.783037 86.278009 116.766666 
1009.000000 -23.290025 -16.070753 2.251806 46.325959 77.765936 
1010.000000 -23.903064 -16.400370 2.747773 -32.349986 -0.074772 
1011.000000 -24.598626 -16.793179 3.264712 -148.804800 -115.879651 
1012.000000 -25.359292 -17.236434 3.793559 58.240648 91.577298 
1013.000000 -26.167396 -17.716196 4.327637 -129.679643 -96.187265 
1014.000000 -27.008474 -18.217445 4.867634 9.143067 42.569304 
1015.000000 -27.872988 -18.724265 5.423146 116.525049 149.751192 
1016.000000 -28.755211 -19.220277 6.009361 -165.656427 -132.636759 
1017.000000 -29.649615 -19.689289 6.640145 -115.491465 -82.544838 
1018.000000 -30.546280 -20.115991 7.320530 -91.058121 -57.928331 
1019.000000 -31.427102 -20.486611 8.041471 -90.445012 -56.790507 
1020.000000 -32.264348 -20.789560 8.778692 -111.778809 -77.217473 
1021.000000 -33.022927 -21.016218 9.496407 -153.253049 -117.403871 
1022.000000 -33.667107 -21.161816 10.155862 146.847047 -175.669158 
1023.000000 -34.170342 -21.226183 10.726651 70.127071 109.534895 
