0.000000 -16.766785 -16.051751 -21.329783 59.101286 54.547986 
1.000000 -16.160103 -15.509579 -22.183731 138.260034 133.300436 
2.000000 -15.553815 -14.974869 -23.232443 -159.182234 -164.476924 
3.000000 -14.951244 -14.448909 -24.504039 -114.806213 -120.353575 
4.000000 -14.356389 -13.932940 -26.027693 -90.317850 -96.027477 
5.000000 -13.773986 -13.428287 -27.828909 -87.542560 -93.321170 
6.000000 -13.209546 -12.936613 -29.918344 -108.412863 -114.171125 
7.000000 -12.669353 -12.460321 -32.267326 -154.947808 -160.608164 
8.000000 -12.160404 -12.003055 -34.760249 130.777294 125.273156 
9.000000 -11.690288 -11.570207 -37.126666 26.671891 21.357696 
10.000000 -11.266972 -11.169239 -38.926563 -109.317784 -114.434453 
11.000000 -10.898497 -10.809650 -39.759041 80.853349 75.918665 
12.000000 -10.592593 -10.502431 -39.630790 -124.601190 -129.385696 
13.000000 -10.356236 -10.259021 -38.972970 -7.226582 -11.900462 
14.000000 -10.195185 -10.089900 -38.276276 71.743672 67.140409 
15.000000 -10.113556 -10.003114 -37.858286 111.448932 106.879610 
16.000000 -10.113497 -10.003036 -37.856813 111.446795 106.877749 
17.000000 -10.195009 -10.089672 -38.271976 71.737282 67.134831 
18.000000 -10.355943 -10.258655 -38.966332 -7.237163 -11.909742 
19.000000 -10.592186 -10.501944 -39.623003 -124.615863 -129.398650 
20.000000 -10.897977 -10.809061 -39.752114 80.834718 75.902080 
21.000000 -11.266343 -11.168564 -38.922408 -109.340214 -114.454606 
22.000000 -11.689553 -11.569458 -37.125710 26.645845 21.334061 
23.000000 -12.159564 -12.002240 -34.761594 130.747826 125.246152 
24.000000 -12.668412 -12.459441 -32.269863 -154.980494 -160.638395 
25.000000 -13.208508 -12.935667 -29.921322 -108.448559 -114.204415 
26.000000 -13.772853 -13.427272 -27.831929 -87.581061 -93.357331 
27.000000 -14.355164 -13.931853 -26.030582 -90.358957 -96.066306 
28.000000 -14.949929 -14.447746 -24.506745 -114.849734 -120.394865 
29.000000 -15.552413 -14.973631 -23.234976 -159.227986 -164.520469 
30.000000 -16.158616 -15.508265 -22.186127 138.212222 133.254834 
31.000000 -16.765215 -16.050363 -21.332091 59.051573 54.500515 
32.000000 -16.824881 -16.115638 -21.403349 138.433100 133.768834 
33.000000 -16.182899 -15.538401 -22.267604 -128.325679 -133.426461 
34.000000 -15.538593 -14.967718 -23.358470 -51.322458 -56.790731 
35.000000 -14.895309 -14.405052 -24.721521 7.783603 2.031020 
36.000000 -14.257178 -13.851754 -26.414589 47.182397 41.240082 
37.000000 -13.629212 -13.309167 -28.511544 64.914994 58.883785 
38.000000 -13.017375 -12.778867 -31.106708 58.883008 52.862408 
39.000000 -12.428620 -12.263114 -34.317129 26.867497 20.946218 
40.000000 -11.870861 -11.765478 -38.268179 -33.440337 -39.194142 
41.000000 -11.352854 -11.291546 -42.995271 -124.394699 -129.941133 
42.000000 -10.883976 -10.849479 -48.003465 111.664055 106.333573 
43.000000 -10.473860 -10.450136 -51.260584 -47.517006 -52.651090 
44.000000 -10.131923 -10.106539 -50.672333 115.981911 111.005432 
45.000000 -9.866783 -9.832612 -48.086019 -119.654831 -124.520066 
46.000000 -9.685636 -9.641368 -45.832429 -35.887524 -40.685352 
47.000000 -9.593671 -9.542931 -44.643998 6.259246 1.492346 
48.000000 -9.593609 -9.542849 -44.640421 6.256977 1.490341 
49.000000 -9.685451 -9.641125 -45.821108 -35.894306 -40.691358 
50.000000 -9.866475 -9.832223 -48.065439 -119.666053 -124.530044 
51.000000 -10.131495 -10.106025 -50.642984 115.966369 110.991529 
52.000000 -10.473315 -10.449519 -51.234293 -47.536712 -52.668849 
53.000000 -10.883316 -10.848776 -47.992713 111.640373 106.312053 
54.000000 -11.352083 -11.290771 -42.994641 -124.422146 -129.966293 
55.000000 -11.869981 -11.764635 -38.271180 -33.471324 -39.222792 
56.000000 -12.427636 -12.262204 -34.321041 26.833203 20.914259 
57.000000 -13.016290 -12.777887 -31.110594 58.845639 52.827346 
58.000000 -13.628028 -13.308113 -28.515123 64.874778 58.845844 
59.000000 -14.255899 -13.850622 -26.417818 47.139555 41.199494 
60.000000 -14.893937 -14.403840 -24.724442 7.738343 1.988016 
61.000000 -15.537131 -14.966427 -23.361153 -51.369941 -56.835926 
62.000000 -16.181350 -15.537031 -22.270127 -128.375203 -133.473636 
63.000000 -16.823246 -16.114193 -21.405785 138.381703 133.719874 
64.000000 -16.920200 -16.215081 -21.456093 -158.817039 -163.601083 
65.000000 -16.241437 -15.600046 -22.311164 -51.130558 -56.375226 
66.000000 -15.557158 -14.990272 -23.421380 40.784730 35.144293 
67.000000 -14.870654 -14.387442 -24.850803 115.199324 109.245160 
68.000000 -14.186107 -13.793085 -26.690701 170.204347 164.033749 
69.000000 -13.508736 -13.208618 -29.079981 -156.291521 -162.570785 
70.000000 -12.844917 -12.635556 -32.253504 -146.557450 -152.835247 
71.000000 -12.202276 -12.075980 -36.685252 -163.025160 -169.200135 
72.000000 -11.589709 -11.533290 -43.719653 151.740453 145.748291 
73.000000 -11.017292 -11.013154 -66.438561 75.087975 69.326259 
74.000000 -10.496058 -10.524378 -49.748565 -35.654220 -41.175764 
75.000000 -10.037588 -10.079309 -46.390234 176.908557 171.601903 
76.000000 -9.653416 -9.693359 -46.767452 -9.658276 -14.798864 
77.000000 -9.354274 -9.383521 -49.469405 122.497674 117.466992 
78.000000 -9.149248 -9.166027 -54.289386 -148.366169 -153.336019 
79.000000 -9.044957 -9.053695 -59.952247 -103.480567 -108.425000 
80.000000 -9.044891 -9.053607 -59.974749 -103.482984 -108.427170 
81.000000 -9.149053 -9.165770 -54.321438 -148.373391 -153.342513 
82.000000 -9.353950 -9.383112 -49.494621 122.485737 117.456221 
83.000000 -9.652966 -9.692823 -46.786212 -9.674787 -14.813836 
84.000000 -10.037015 -10.078669 -46.404089 176.887660 171.582836 
85.000000 -10.495365 -10.523654 -49.758109 -35.679281 -41.198792 
86.000000 -11.016482 -11.012357 -66.464182 75.058995 69.299436 
87.000000 -11.588787 -11.532424 -43.728245 151.707815 145.717869 
88.000000 -12.201246 -12.075043 -36.691733 -163.061193 -169.233930 
89.000000 -12.843781 -12.634544 -32.258683 -146.596615 -152.872165 
90.000000 -13.507498 -13.207526 -29.084251 -156.333564 -162.610565 
91.000000 -14.184771 -13.791909 -26.694324 170.159667 163.991367 
92.000000 -14.869221 -14.386181 -24.853974 115.152233 109.200432 
93.000000 -15.555632 -14.988927 -23.424251 40.735437 35.097459 
94.000000 -16.239819 -15.598621 -22.313858 -51.181861 -56.423948 
95.000000 -16.918494 -16.213579 -21.458712 -158.870177 -163.651492 
96.000000 -17.058178 -16.355558 -21.488192 -114.226222 -119.154559 
97.000000 -16.341374 -15.699978 -22.311078 8.189732 2.785770 
98.000000 -15.615366 -15.047838 -23.411225 115.413255 109.592113 
99.000000 -14.883278 -14.401086 -24.869664 -154.343309 -160.503120 
100.000000 -14.149235 -13.761496 -26.810899 -83.077629 -89.478218 
101.000000 -13.418557 -13.130641 -29.446622 -33.007441 -39.535423 
102.000000 -12.697949 -12.510033 -33.202867 -6.573010 -13.107638 
103.000000 -11.995672 -11.901572 -39.257429 -6.428054 -12.853876 
104.000000 -11.321634 -11.308401 -56.336502 -35.414421 -41.637135 
105.000000 -10.687375 -10.736125 -45.041204 -96.515511 -102.477425 
106.000000 -10.105859 -10.194104 -39.906596 167.215965 161.526387 
107.000000 -9.591028 -9.696265 -38.385494 32.758372 27.308157 
108.000000 -9.157084 -9.260822 -38.509405 -142.751589 -148.025459 
109.000000 -8.817504 -8.908542 -39.637263 -1.871396 -7.039286 
110.000000 -8.583880 -8.659753 -41.212377 93.302035 88.183555 
111.000000 -8.464761 -8.530764 -42.417996 141.275947 136.173678 
112.000000 -8.464692 -8.530671 -42.421090 141.273363 136.171319 
113.000000 -8.583674 -8.659484 -41.219619 93.294318 88.176503 
114.000000 -8.817162 -8.908116 -39.645251 -1.884137 -7.050957 
115.000000 -9.156610 -9.260268 -38.516047 -142.769182 -148.041633 
116.000000 -9.590425 -9.695609 -38.389791 32.736151 27.287634 
117.000000 -10.105130 -10.193365 -39.907538 167.189380 161.501703 
118.000000 -10.686525 -10.735313 -45.034366 -96.546171 -102.506049 
119.000000 -11.320667 -11.307517 -56.391437 -35.448856 -41.669448 
120.000000 -11.994591 -11.900611 -39.268551 -6.465962 -12.889599 
121.000000 -12.696759 -12.508989 -33.209704 -6.614096 -13.146477 
122.000000 -13.417261 -13.129510 -29.451661 -33.051424 -39.577079 
123.000000 -14.147837 -13.760275 -26.814942 -83.124247 -89.522402 
124.000000 -14.881781 -14.399774 -24.873112 -154.392317 -160.549557 
125.000000 -15.613772 -15.046439 -23.414324 115.362078 109.543674 
126.000000 -16.339685 -15.698496 -22.313999 8.136588 2.735553 
127.000000 -17.056396 -16.353999 -21.491064 -114.281152 -119.206355 
128.000000 -17.244721 -16.543020 -21.500030 -89.495806 -94.615547 
129.000000 -16.488932 -15.844304 -22.265800 47.829479 42.231739 
130.000000 -15.719737 -15.146514 -23.321624 170.658488 164.632415 
131.000000 -14.939967 -14.451879 -24.761138 -82.837806 -89.220084 
132.000000 -14.153542 -13.762481 -26.735136 5.269654 -1.373238 
133.000000 -13.365730 -13.080142 -29.518291 72.648971 65.862188 
134.000000 -12.583429 -12.406468 -33.730118 116.695032 109.894842 
135.000000 -11.815429 -11.743223 -41.568667 134.528899 127.845930 
136.000000 -11.072636 -11.093235 -52.509793 123.015160 116.560885 
137.000000 -10.368153 -10.461892 -39.384715 78.804585 72.650120 
138.000000 -9.717154 -9.858966 -35.812866 -1.590400 -7.430013 
139.000000 -9.136432 -9.300033 -34.582240 -121.681734 -127.249000 
140.000000 -8.643544 -8.806552 -34.613503 75.148015 69.770518 
141.000000 -8.255546 -8.403930 -35.422597 -134.167239 -139.445894 
142.000000 -7.987394 -8.117689 -36.542833 -32.172888 -37.420361 
143.000000 -7.850280 -7.968653 -37.370301 19.301802 14.055967 
144.000000 -7.850207 -7.968557 -37.371994 19.299027 14.053392 
145.000000 -7.987176 -8.117410 -36.546868 -32.181166 -37.428050 
146.000000 -8.255185 -8.403494 -35.427007 -134.180887 -139.458584 
147.000000 -8.643044 -8.805989 -34.616823 75.129207 69.753000 
148.000000 -9.135795 -9.299370 -34.583602 -121.705430 -127.271129 
149.000000 -9.716386 -9.858222 -35.811389 -1.618669 -7.456498 
150.000000 -10.367259 -10.461074 -39.377731 78.772083 72.619567 
151.000000 -11.071620 -11.092338 -52.459512 122.978773 116.526580 
152.000000 -11.814296 -11.742241 -41.587059 134.488972 127.808207 
153.000000 -12.582181 -12.405394 -33.738719 116.651895 109.854043 
154.000000 -13.364373 -13.078972 -29.524064 72.602934 65.818650 
155.000000 -14.152079 -13.761214 -26.739587 5.221002 -1.419202 
156.000000 -14.938401 -14.450518 -24.764884 -82.888812 -89.268186 
157.000000 -15.718070 -15.145063 -23.324999 170.605362 164.582432 
158.000000 -16.487166 -15.842769 -22.269018 47.774441 42.180100 
159.000000 -17.242859 -16.541407 -21.503244 -89.552569 -94.668648 
160.000000 -17.486073 -16.783606 -21.490170 -86.445272 -91.834545 
161.000000 -16.690764 -16.039578 -22.174552 65.835361 59.982260 
162.000000 -15.877352 -15.293087 -23.150321 -155.565546 -161.843871 
163.000000 -15.048215 -14.546617 -24.517157 -32.496753 -39.137738 
164.000000 -14.206887 -13.802583 -26.439176 72.919335 66.005253 
165.000000 -13.358383 -13.063145 -29.224808 158.256598 151.185931 
166.000000 -12.509578 -12.330128 -33.607501 -139.239953 -146.329282 
167.000000 -11.669615 -11.605259 -42.572317 -102.668749 -109.630878 
168.000000 -10.850280 -10.891049 -46.590016 -95.467660 -102.171099 
169.000000 -10.066274 -10.192531 -36.814189 -121.381135 -127.736799 
170.000000 -9.335231 -9.519706 -33.549590 175.613281 169.627389 
171.000000 -8.677333 -8.889827 -32.335393 71.430016 65.760962 
172.000000 -8.114349 -8.328097 -32.284900 -77.941712 -83.402383 
173.000000 -7.668012 -7.865601 -32.959627 83.798606 78.426037 
174.000000 -7.357837 -7.534428 -33.925038 -166.466381 -171.835216 
175.000000 -7.198680 -7.361216 -34.638421 -111.002795 -116.392170 
176.000000 -7.198603 -7.361118 -34.639523 -111.005786 -116.394994 
177.000000 -7.357606 -7.534146 -33.927576 -166.475297 -171.843627 
178.000000 -7.667631 -7.865162 -32.962120 83.783930 78.412203 
179.000000 -8.113820 -8.327536 -32.286194 -77.961886 -83.421393 
180.000000 -8.676662 -8.889172 -32.334761 71.404674 65.737079 
181.000000 -9.334422 -9.518970 -33.546224 175.583150 169.598970 
182.000000 -10.065333 -10.191715 -36.805709 -121.415653 -127.769389 
183.000000 -10.849212 -10.890145 -46.555307 -95.506161 -102.207473 
184.000000 -11.668425 -11.604258 -42.597954 -102.710842 -109.670640 
185.000000 -12.508271 -12.329024 -33.617450 -139.285269 -146.372041 
186.000000 -13.356962 -13.061936 -29.231143 158.208400 151.140541 
187.000000 -14.205356 -13.801270 -26.443983 72.868562 65.957564 
188.000000 -15.046576 -14.545205 -24.521218 -32.549827 -39.187429 
189.000000 -15.875608 -15.291584 -23.154032 -155.620676 -161.895310 
190.000000 -16.688917 -16.037992 -22.178159 65.778389 59.929293 
191.000000 -17.484125 -16.781944 -21.493842 -86.503897 -91.888854 
192.000000 -17.788535 -17.083054 -21.451452 -106.999371 -112.776943 
193.000000 -16.953690 -16.292313 -22.034518 60.116239 53.909625 
194.000000 -16.095591 -15.494678 -22.897858 -145.521226 -152.131220 
195.000000 -15.215994 -14.692789 -24.139932 -5.753988 -12.717604 
196.000000 -14.317828 -13.889360 -25.922805 117.272471 110.034303 
197.000000 -13.405593 -13.086932 -28.549889 -138.933515 -146.334985 
198.000000 -12.485857 -12.287671 -32.735556 -57.251013 -64.674809 
199.000000 -11.567817 -11.493421 -41.308083 -0.979931 -8.266958 
200.000000 -10.663905 -10.706449 -46.220859 26.142787 19.145858 
201.000000 -9.790322 -9.931338 -35.861346 19.957760 13.363401 
202.000000 -8.967328 -9.178114 -32.404657 -24.054090 -30.210978 
203.000000 -8.219046 -8.465685 -31.058086 -110.641804 -116.423107 
204.000000 -7.572469 -7.823554 -30.905121 115.427376 109.881093 
205.000000 -7.055461 -7.289760 -31.497795 -70.335853 -75.808112 
206.000000 -6.693750 -6.904658 -32.399648 48.217140 42.709344 
207.000000 -6.507350 -6.702295 -33.075338 108.247332 102.686430 
208.000000 -6.507268 -6.702198 -33.076018 108.244092 102.683327 
209.000000 -6.693506 -6.904380 -32.401052 48.207494 42.700122 
210.000000 -7.055058 -7.289332 -31.498702 -70.351695 -75.823215 
211.000000 -7.571911 -7.823012 -30.904594 115.405661 109.860454 
212.000000 -8.218339 -8.465052 -31.055512 -110.668983 -116.448875 
213.000000 -8.966477 -9.177397 -32.399203 -24.086276 -30.241441 
214.000000 -9.789333 -9.930531 -35.850253 19.921042 13.328698 
215.000000 -10.662784 -10.705540 -46.177765 26.102005 19.107380 
216.000000 -11.566569 -11.492401 -41.334817 -1.024332 -8.308755 
217.000000 -12.484487 -12.286536 -32.745951 -57.298625 -64.719490 
218.000000 -13.404105 -13.085683 -28.556516 -138.983969 -146.382160 
219.000000 -14.316225 -13.888002 -25.927903 117.219503 109.984979 
220.000000 -15.214279 -14.691332 -24.144336 -5.809183 -12.768784 
221.000000 -16.093767 -15.493130 -22.901990 -145.578396 -152.184008 
222.000000 -16.951759 -16.290684 -22.038634 60.057310 53.855438 
223.000000 -17.786498 -17.081351 -21.455731 -107.059870 -112.832355 
224.000000 -18.157941 -17.445671 -21.364834 -153.166966 -159.502032 
225.000000 -17.284168 -16.608062 -21.835743 28.462573 21.757626 
226.000000 -16.381622 -15.757959 -22.563582 -161.631588 -168.694742 
227.000000 -15.451257 -14.897983 -23.639377 -5.255173 -12.642430 
228.000000 -14.495154 -14.031011 -25.210136 135.457684 127.810054 
229.000000 -13.516997 -13.159928 -27.542083 -102.012578 -109.821132 
230.000000 -12.522667 -12.287314 -31.223951 -0.630988 -8.463516 
231.000000 -11.521001 -11.415302 -38.241964 76.134590 68.444999 
232.000000 -10.524669 -10.546074 -52.176575 124.269058 116.896572 
233.000000 -9.551075 -9.683744 -36.387161 139.195221 132.280636 
234.000000 -8.623097 -8.838144 -32.232909 115.812343 109.412171 
235.000000 -7.769272 -8.029742 -30.591064 48.618025 42.667304 
236.000000 -7.022973 -7.292945 -30.284544 -68.056881 -73.734615 
237.000000 -6.420042 -6.674320 -30.796920 120.315936 114.696435 
238.000000 -5.994725 -6.224629 -31.660079 -111.060473 -116.768581 
239.000000 -5.774376 -5.987235 -32.320656 -45.782972 -51.590082 
240.000000 -5.774290 -5.987143 -32.320905 -45.786497 -51.593497 
241.000000 -5.994468 -6.224366 -31.660289 -111.070955 -116.778701 
242.000000 -6.419616 -6.673920 -30.796094 120.298765 114.679947 
243.000000 -7.022385 -7.292439 -30.281954 -68.080330 -73.757002 
244.000000 -7.768528 -8.029146 -30.586181 48.588802 42.639548 
245.000000 -8.622203 -8.837456 -32.224694 115.777899 109.379590 
246.000000 -9.550038 -9.682950 -36.371379 139.156119 132.243784 
247.000000 -10.523494 -10.545160 -52.071707 124.225838 116.855995 
248.000000 -11.519696 -11.414261 -38.263881 76.087751 68.401215 
249.000000 -12.521234 -12.286147 -31.233876 -0.680996 -8.510040 
250.000000 -13.515441 -13.158640 -27.548748 -102.065359 -109.869988 
251.000000 -14.493479 -14.029614 -25.215485 135.402473 127.759209 
252.000000 -15.449465 -14.896488 -23.644184 -5.312516 -12.694981 
253.000000 -16.379717 -15.756377 -22.568249 -161.690810 -168.748763 
254.000000 -17.282151 -16.606402 -21.840519 28.401688 21.702328 
255.000000 -18.155813 -17.443942 -21.369896 -153.229329 -159.558447 
256.000000 -18.598705 -17.872689 -21.191823 132.989813 125.869914 
257.000000 -17.687331 -16.989824 -21.554220 -31.422377 -38.825865 
258.000000 -16.741430 -16.087682 -22.139158 153.549458 145.860332 
259.000000 -15.760976 -15.168590 -23.026314 -33.832158 -41.790282 
260.000000 -14.746963 -14.235344 -24.340288 124.348694 116.165447 
261.000000 -13.701915 -13.291002 -26.295035 -94.409999 -102.738239 
262.000000 -12.630590 -12.338540 -29.320714 26.891210 18.541006 
263.000000 -11.540918 -11.380516 -34.591772 124.667608 116.460080 
264.000000 -10.445196 -10.419251 -50.482442 -165.330562 -173.206762 
265.000000 -9.361472 -9.458481 -39.088516 -128.075878 -135.450014 
266.000000 -8.314924 -8.507610 -33.175414 -129.268024 -136.051731 
267.000000 -7.338763 -7.588402 -30.954569 -175.240843 178.510050 
268.000000 -6.473909 -6.740713 -30.385474 87.279879 81.355765 
269.000000 -5.766465 -6.021586 -30.768607 -68.389379 -74.268717 
270.000000 -5.262345 -5.494932 -31.560586 71.736897 65.702538 
271.000000 -4.999426 -5.215741 -32.182502 143.053663 136.859101 
272.000000 -4.999335 -5.215657 -32.182197 143.049809 136.855347 
273.000000 -5.262074 -5.494697 -31.559260 71.725456 65.691449 
274.000000 -5.766018 -6.021230 -30.765543 -68.408060 -74.286680 
275.000000 -6.473291 -6.740261 -30.380197 87.254480 81.331544 
276.000000 -7.337983 -7.587856 -30.946560 -175.272331 178.480238 
277.000000 -8.313988 -8.506955 -33.162929 -129.304929 -136.086466 
278.000000 -9.360388 -9.457698 -39.061794 -128.117538 -135.489010 
279.000000 -10.443970 -10.418328 -50.584449 -165.376358 -173.249389 
280.000000 -11.539556 -11.379452 -34.608060 124.618232 116.414394 
281.000000 -12.629097 -12.337343 -29.329679 26.838740 18.492754 
282.000000 -13.700294 -13.289686 -26.301608 -94.465144 -102.788650 
283.000000 -14.745218 -14.233921 -24.345913 124.291229 116.113208 
284.000000 -15.759111 -15.167075 -23.031627 -33.891642 -41.844082 
285.000000 -16.739446 -16.086086 -22.144506 153.488206 145.805187 
286.000000 -17.685231 -16.988156 -21.559828 -31.485185 -38.882180 
287.000000 -18.596490 -17.870957 -21.197854 132.925626 125.812572 
288.000000 -19.112141 -18.359862 -20.869851 29.396677 21.205257 
289.000000 -18.165291 -17.435617 -21.146312 -121.878045 -130.238908 
290.000000 -17.178098 -16.484270 -21.602020 77.383786 68.839728 
291.000000 -16.149414 -15.507502 -22.303838 -94.456486 -103.184577 
292.000000 -15.078921 -14.507672 -23.352589 80.606803 71.715581 
293.000000 -13.967655 -13.487706 -24.911308 -119.860853 -128.861650 
294.000000 -12.818775 -12.450800 -27.275277 21.164695 12.151638 
295.000000 -11.638663 -11.399995 -31.100769 140.049916 131.171959 
296.000000 -10.438438 -10.338013 -38.689135 -127.620712 -136.174408 
297.000000 -9.235904 -9.268435 -48.546608 -67.159368 -75.194024 
298.000000 -8.057793 -8.200027 -35.787216 -44.845085 -52.232461 
299.000000 -6.941800 -7.155222 -32.298014 -67.890935 -74.658884 
300.000000 -5.937351 -6.179441 -31.217505 -144.225720 -150.602397 
301.000000 -5.103415 -5.342388 -31.328533 77.997539 71.662292 
302.000000 -4.501739 -4.724800 -31.919113 -128.791652 -135.355479 
303.000000 -4.185328 -4.396230 -32.399918 -50.539639 -57.338725 
304.000000 -4.185233 -4.396161 -32.398854 -50.543872 -57.342840 
305.000000 -4.501456 -4.724606 -31.915670 -128.804190 -135.367590 
306.000000 -5.102948 -5.342093 -31.322368 77.977151 71.642790 
307.000000 -5.936707 -6.179054 -31.208442 -144.253289 -150.628511 
308.000000 -6.940989 -7.154728 -32.285250 -67.924900 -74.690795 
309.000000 -8.056821 -8.199401 -35.766338 -44.884634 -52.269359 
310.000000 -9.234780 -9.267657 -48.455031 -67.203726 -75.235128 
311.000000 -10.437169 -10.337078 -38.718308 -127.669178 -136.219003 
312.000000 -11.637253 -11.398912 -31.112864 139.997952 131.124486 
313.000000 -12.817230 -12.449587 -27.283285 21.109750 12.101786 
314.000000 -13.965979 -13.486380 -24.917829 -119.918345 -128.913488 
315.000000 -15.077117 -14.506250 -23.358591 80.547125 71.662065 
316.000000 -16.147485 -15.505997 -22.309792 -94.518054 -103.239529 
317.000000 -17.176047 -16.482693 -21.608200 77.320573 68.783534 
318.000000 -18.163119 -17.433975 -21.152900 -121.942700 -130.296188 
319.000000 -19.109850 -18.358162 -20.876983 29.330746 21.147019 
320.000000 -19.693586 -18.894420 -20.320900 -105.982402 -115.578327 
321.000000 -18.714228 -17.935189 -20.552669 114.771178 105.145201 
322.000000 -17.688867 -16.940347 -20.915264 -32.786078 -42.463585 
323.000000 -16.615141 -15.910544 -21.462781 169.831453 160.086524 
324.000000 -15.491257 -14.847268 -22.274732 0.754953 -9.059942 
325.000000 -14.316485 -13.752882 -23.473493 177.666133 167.803189 
326.000000 -13.091948 -12.630484 -25.261763 -22.322272 -32.172953 
327.000000 -11.821817 -11.483522 -28.020689 117.187029 107.460758 
328.000000 -10.515098 -10.315390 -32.668331 -128.295339 -137.729156 
329.000000 -9.188160 -9.129933 -43.444734 -44.328326 -53.267829 
330.000000 -7.868014 -7.935192 -42.265419 2.299322 -5.977989 
331.000000 -6.595961 -6.753126 -34.927590 3.501818 -4.091173 
332.000000 -5.430280 -5.633621 -32.713260 -49.959833 -57.084738 
333.000000 -4.445395 -4.660728 -32.221546 -167.967380 -175.031282 
334.000000 -3.724054 -3.936875 -32.322193 -0.042779 -7.399447 
335.000000 -3.340800 -3.550521 -32.448105 86.100467 78.428537 
336.000000 -3.340702 -3.550471 -32.446147 86.095802 78.424047 
337.000000 -3.723762 -3.936733 -32.316131 -0.056557 -7.412615 
338.000000 -4.444915 -4.660505 -32.211303 -167.989671 -175.052371 
339.000000 -5.429619 -5.633303 -32.698783 -49.989777 -57.112802 
340.000000 -6.595128 -6.752681 -34.906436 3.465198 -4.125227 
341.000000 -7.867019 -7.934586 -42.215321 2.257001 -6.017054 
342.000000 -9.187009 -9.129157 -43.500888 -44.375453 -53.310988 
343.000000 -10.513800 -10.314452 -32.684193 -128.346491 -137.775620 
344.000000 -11.820376 -11.482443 -28.030160 117.132506 107.411620 
345.000000 -13.090370 -12.629287 -25.269137 -22.379625 -32.224284 
346.000000 -14.314774 -13.751588 -23.480141 177.606389 167.750028 
347.000000 -15.489415 -14.845892 -22.281256 0.693175 -9.114658 
348.000000 -16.613172 -15.909097 -21.469496 169.767929 160.030466 
349.000000 -17.686772 -16.938837 -20.922360 -32.851116 -42.520815 
350.000000 -18.712010 -17.933622 -20.560271 114.704814 105.086939 
351.000000 -19.691246 -18.892800 -20.329100 -106.049938 -115.637505 
352.000000 -20.327742 -19.451939 -19.486586 84.910795 73.570358 
353.000000 -19.319692 -18.466368 -19.723850 -43.716149 -54.929273 
354.000000 -18.260381 -17.436589 -20.044781 -179.555711 169.334882 
355.000000 -17.146218 -16.361868 -20.490962 36.017889 24.986245 
356.000000 -15.973862 -15.242385 -21.123959 -118.712892 -129.689680 
357.000000 -14.740662 -14.079462 -22.036941 74.089284 63.156851 
358.000000 -13.445382 -12.875667 -23.376715 -108.316785 -119.188743 
359.000000 -12.089428 -11.634654 -25.392000 50.576783 39.826263 
360.000000 -10.678788 -10.360712 -28.566166 -173.689245 175.803885 
361.000000 -9.227053 -9.058599 -34.162292 -66.797124 -76.878302 
362.000000 -7.759786 -7.735930 -51.212164 4.078922 -5.382351 
363.000000 -6.320148 -6.412658 -39.498725 30.063761 21.312068 
364.000000 -4.974543 -5.139864 -34.492220 0.583295 -7.618611 
365.000000 -3.814699 -4.015270 -32.831016 -96.179342 -104.259662 
366.000000 -2.950022 -3.168625 -32.092232 87.894781 79.496123 
367.000000 -2.484870 -2.714656 -31.664437 -177.174956 174.045665 
368.000000 -2.484771 -2.714628 -31.661829 -177.180101 174.040792 
369.000000 -2.949729 -3.168542 -32.083991 87.879636 79.481865 
370.000000 -3.814217 -4.015122 -32.816699 -96.203697 -104.282406 
371.000000 -4.973880 -5.139614 -34.470782 0.550833 -7.648717 
372.000000 -6.319314 -6.412256 -39.458473 30.024397 21.275801 
373.000000 -7.758790 -7.735348 -51.364756 4.033809 -5.423587 
374.000000 -9.225903 -9.057843 -34.182834 -66.846972 -76.923452 
375.000000 -10.677489 -10.359806 -28.577062 -173.742980 175.755658 
376.000000 -12.087988 -11.633628 -25.400105 50.519851 39.775570 
377.000000 -13.443806 -12.874546 -23.383895 -108.376365 -119.241465 
378.000000 -14.738952 -14.078265 -22.043932 74.027493 63.102416 
379.000000 -15.972023 -15.241123 -21.131106 -118.776551 -129.745592 
380.000000 -17.144252 -16.360547 -20.498445 35.952635 24.929042 
381.000000 -18.258290 -17.435214 -20.052699 -179.622346 169.276539 
382.000000 -19.317478 -18.464941 -19.732263 -43.783991 -54.988628 
383.000000 -20.325406 -19.450462 -19.495532 84.841884 73.510101 
384.000000 -20.981956 -19.994556 -18.388049 -119.717174 -133.069147 
385.000000 -19.949838 -18.992456 -18.671502 120.572347 107.510318 
386.000000 -18.861856 -17.938241 -19.000567 -5.367758 -18.159470 
387.000000 -17.713268 -16.829561 -19.404522 -138.769400 -151.320125 
388.000000 -16.499248 -15.664964 -19.929532 78.810660 66.464098 
389.000000 -15.215224 -14.444317 -20.647948 -74.613608 -86.794299 
390.000000 -13.857512 -13.169218 -21.674380 118.400865 106.358215 
391.000000 -12.424455 -11.843216 -23.196965 -65.464773 -77.367189 
392.000000 -10.918389 -10.471600 -25.549876 89.455348 77.751146 
393.000000 -9.348971 -9.060766 -29.437753 -142.512067 -153.883339 
394.000000 -7.738466 -7.618733 -37.152038 -48.762683 -59.603820 
395.000000 -6.129492 -6.162150 -48.512756 1.205211 -8.942850 
396.000000 -4.594437 -4.737682 -35.726216 -4.417838 -13.929356 
397.000000 -3.242448 -3.451153 -32.489768 -79.453382 -88.723672 
398.000000 -2.214296 -2.463884 -30.956303 121.544094 111.998412 
399.000000 -1.653209 -1.929296 -30.093037 -134.159316 -144.115505 
400.000000 -1.653114 -1.929290 -30.090285 -134.164972 -144.120776 
401.000000 -2.214013 -2.463862 -30.947352 121.527511 111.983012 
402.000000 -3.241983 -3.451086 -32.473417 -79.479860 -88.748177 
403.000000 -4.593798 -4.737507 -35.698379 -4.452821 -13.961625 
404.000000 -6.128689 -6.161809 -48.390887 1.163181 -8.981387 
405.000000 -7.737508 -7.618211 -37.184004 -48.810430 -59.647188 
406.000000 -9.347864 -9.060086 -29.450847 -142.564411 -153.930371 
407.000000 -10.917142 -10.470800 -25.558812 89.399310 77.701274 
408.000000 -12.423072 -11.842329 -23.204622 -65.523799 -77.419349 
409.000000 -13.855999 -13.168264 -21.681731 118.339398 106.304136 
410.000000 -15.213584 -14.443309 -20.655388 -74.677094 -86.850034 
411.000000 -16.497485 -15.663906 -19.937231 78.745479 66.406908 
412.000000 -17.711384 -16.828453 -19.412546 -138.836022 -151.378606 
413.000000 -18.859853 -17.937082 -19.008936 -5.435623 -18.219098 
414.000000 -19.947718 -18.991246 -18.680214 120.503393 107.449666 
415.000000 -20.979721 -19.993293 -18.397096 -119.787094 -133.130709 
416.000000 -21.598937 -20.472685 -17.174360 -1.467788 -16.896895 
417.000000 -20.548087 -19.463106 -17.519706 -114.232563 -129.221485 
418.000000 -19.437671 -18.394974 -17.886558 127.579046 113.019255 
419.000000 -18.261973 -17.264329 -18.293183 2.863123 -11.293934 
420.000000 -17.014877 -16.067997 -18.772642 -129.787714 -143.584893 
421.000000 -15.690110 -14.804193 -19.381700 87.811970 74.317454 
422.000000 -14.281737 -13.473248 -20.215421 -66.703992 -79.959265 
423.000000 -12.785155 -12.078276 -21.433549 123.545255 110.477636 
424.000000 -11.198958 -10.625412 -23.316561 -65.591190 -78.479959 
425.000000 -9.528335 -9.123082 -26.418343 80.326648 67.690694 
426.000000 -7.790973 -7.580626 -32.212171 -166.155225 -178.358065 
427.000000 -6.026612 -6.010872 -54.828089 -94.938222 -106.478111 
428.000000 -4.310468 -4.449807 -35.964439 -78.829602 -89.631367 
429.000000 -2.766662 -3.000640 -31.509538 -133.497586 -143.882722 
430.000000 -1.568586 -1.855777 -29.756088 83.785080 73.222547 
431.000000 -0.904809 -1.224034 -28.853470 -162.734109 -173.716781 
432.000000 -0.904724 -1.224053 -28.850704 -162.740262 -173.722462 
433.000000 -1.568333 -1.855828 -29.747053 83.767117 73.205961 
434.000000 -2.766246 -3.000679 -31.492857 -133.526052 -143.909045 
435.000000 -4.309895 -4.449749 -35.932634 -78.866870 -89.665797 
436.000000 -6.025890 -6.010653 -55.110709 -94.982587 -106.518803 
437.000000 -7.790111 -7.580246 -32.232371 -166.205196 -178.403360 
438.000000 -9.527340 -9.122580 -26.429163 80.272275 67.641992 
439.000000 -11.197837 -10.624829 -23.324983 -65.649031 -78.531312 
440.000000 -12.783914 -12.077640 -21.441288 123.484655 110.424091 
441.000000 -14.280381 -13.472571 -20.223065 -66.766817 -80.014702 
442.000000 -15.688643 -14.803477 -19.389456 87.747322 74.260343 
443.000000 -17.013302 -16.067239 -18.780560 -129.853878 -143.643500 
444.000000 -18.260292 -17.263524 -18.301252 2.795677 -11.353879 
445.000000 -19.435887 -18.394115 -17.894742 127.510497 112.958119 
446.000000 -20.546201 -19.462190 -17.527971 -114.302076 -129.283679 
447.000000 -21.596952 -20.471711 -17.182680 -1.538156 -16.960024 
448.000000 -22.095071 -20.832065 -16.109024 78.286864 61.069238 
449.000000 -21.031404 -19.821141 -16.506530 -29.721683 -46.381742 
450.000000 -19.905578 -18.747250 -16.914062 -142.580572 -158.684479 
451.000000 -18.711164 -17.605119 -17.341935 98.703319 83.135349 
452.000000 -17.441101 -16.390110 -17.813509 -27.161644 -42.236447 
453.000000 -16.087833 -15.098962 -18.374367 -161.853242 -176.501483 
454.000000 -14.643692 -13.730757 -19.107026 52.420797 38.113199 
455.000000 -13.101734 -12.287984 -20.156418 -107.282321 -121.338958 
456.000000 -11.457442 -10.777244 -21.781257 75.067143 61.201052 
457.000000 -9.712041 -9.208652 -24.485296 -125.939996 -139.593517 
458.000000 -7.878662 -7.592988 -29.515656 2.290159 -10.990962 
459.000000 -5.993116 -5.939387 -44.145181 89.661665 77.036181 
460.000000 -4.130608 -4.269734 -35.977565 122.701930 110.928838 
461.000000 -2.425532 -2.674737 -30.969449 84.325235 73.145372 
462.000000 -1.079065 -1.371822 -29.592102 -45.039827 -56.333707 
463.000000 -0.323029 -0.635389 -29.038876 76.109797 64.332775 
464.000000 -0.322962 -0.635439 -29.035706 76.103237 64.326708 
465.000000 -1.078865 -1.371967 -29.582042 -45.058899 -56.351381 
466.000000 -2.425201 -2.674925 -30.951653 84.295217 73.117459 
467.000000 -4.130149 -4.269856 -35.941701 122.662943 110.892628 
468.000000 -5.992537 -5.939375 -44.237667 89.615621 76.993815 
469.000000 -7.877970 -7.592852 -29.532869 2.238669 -11.037713 
470.000000 -9.711243 -9.208436 -24.495645 -125.995673 -139.643508 
471.000000 -11.456545 -10.776986 -21.789745 75.008227 61.148474 
472.000000 -13.100744 -12.287702 -20.164333 -107.343772 -121.393747 
473.000000 -14.642614 -13.730452 -19.114775 52.357331 38.056447 
474.000000 -16.086670 -15.098626 -18.382051 -161.918336 -176.560003 
475.000000 -17.439858 -16.389733 -17.821112 -27.228078 -42.296556 
476.000000 -18.709843 -17.604690 -17.349403 98.635765 83.073819 
477.000000 -19.904181 -18.746762 -16.921340 -142.649079 -158.747267 
478.000000 -21.029933 -19.820587 -16.513583 -29.791014 -46.445637 
479.000000 -22.093528 -20.831443 -16.115836 78.216809 61.004375 
480.000000 -22.376101 -21.025539 -15.481970 118.475286 100.198717 
481.000000 -21.305937 -20.015402 -15.907638 12.882380 -4.771536 
482.000000 -20.172276 -18.940104 -16.339490 -97.262753 -114.289102 
483.000000 -18.968319 -17.793629 -16.783860 147.085398 130.671234 
484.000000 -17.686497 -16.570497 -17.259027 24.698501 8.855646 
485.000000 -16.318568 -15.266562 -17.804604 -106.025165 -121.366256 
486.000000 -14.855920 -13.880115 -18.496548 112.796800 97.861637 
487.000000 -13.290308 -12.413167 -19.472632 -41.674718 -56.312199 
488.000000 -11.615441 -10.872439 -20.982339 146.702096 132.275327 
489.000000 -9.830196 -9.268887 -23.510079 -47.377036 -61.598849 
490.000000 -7.944834 -7.614020 -28.218667 88.742454 74.874405 
491.000000 -5.992336 -5.914318 -40.893360 -175.095677 171.705068 
492.000000 -4.046932 -4.180981 -36.297985 -132.682171 -144.945180 
493.000000 -2.247905 -2.492727 -31.121417 -161.867712 -173.436483 
494.000000 -0.812539 -1.081782 -30.307667 76.439438 64.739654 
495.000000 -0.000042 -0.271121 -30.249529 -157.943231 -170.237021 
496.000000 0.000000 -0.271206 -30.245543 -157.950011 -170.243367 
497.000000 -0.812413 -1.082032 -30.295740 76.419779 64.721245 
498.000000 -2.247693 -2.493076 -31.101793 -161.898517 -173.465363 
499.000000 -4.046634 -4.181308 -36.257866 -132.721976 -144.982360 
500.000000 -5.991957 -5.914555 -40.962514 -175.142449 171.661854 
501.000000 -7.944380 -7.614179 -28.235101 88.690392 74.826904 
502.000000 -9.829674 -9.269010 -23.520399 -47.433103 -61.649587 
503.000000 -11.614858 -10.872555 -20.990862 146.642980 132.221922 
504.000000 -13.289671 -12.413281 -19.480465 -41.736184 -56.367944 
505.000000 -14.855233 -13.880219 -18.504006 112.733499 97.803785 
506.000000 -16.317835 -15.266641 -17.811734 -106.089924 -121.426016 
507.000000 -17.685721 -16.570535 -17.265779 24.632567 8.794173 
508.000000 -18.967503 -17.793612 -16.790170 147.018502 130.608238 
509.000000 -20.171424 -18.940020 -16.345307 -97.330448 -114.353436 
510.000000 -21.305049 -20.015246 -15.912942 12.814011 -4.837036 
511.000000 -22.375179 -21.025308 -15.486769 118.406342 100.132210 
512.000000 -22.375686 -21.025548 -15.484912 118.479342 100.201322 
513.000000 -21.305549 -20.015412 -15.910517 12.886202 -4.768939 
514.000000 -20.171916 -18.940113 -16.342284 -97.259168 -114.286518 
515.000000 -18.967985 -17.793635 -16.786545 147.088743 130.673797 
516.000000 -17.686190 -16.570497 -17.261577 24.701604 8.858175 
517.000000 -16.318288 -15.266555 -17.806998 -106.022307 -121.363779 
518.000000 -14.855667 -13.880098 -18.498771 112.799411 97.864035 
519.000000 -13.290083 -12.413139 -19.474691 -41.672356 -56.309916 
520.000000 -11.615243 -10.872400 -20.984278 146.704208 132.277449 
521.000000 -9.830024 -9.268838 -23.512037 -47.375175 -61.596942 
522.000000 -7.944690 -7.613969 -28.221146 88.744066 74.876045 
523.000000 -5.992220 -5.914276 -40.901636 -175.094310 171.706420 
524.000000 -4.046846 -4.180961 -36.293701 -132.681037 -144.944069 
525.000000 -2.247848 -2.492730 -31.119289 -161.866783 -173.435504 
526.000000 -0.812512 -1.081802 -30.306191 76.440213 64.740586 
527.000000 -0.000044 -0.271157 -30.248503 -157.942528 -170.236137 
528.000000 -0.000031 -0.271271 -30.244462 -157.949272 -170.242561 
529.000000 -0.812468 -1.082130 -30.294377 76.420662 64.722014 
530.000000 -2.247768 -2.493195 -31.100290 -161.897403 -173.464493 
531.000000 -4.046728 -4.181444 -36.255168 -132.720575 -144.981237 
532.000000 -5.992066 -5.914719 -40.968684 -175.140728 171.663279 
533.000000 -7.944505 -7.614384 -28.237251 88.692450 74.828566 
534.000000 -9.829814 -9.269260 -23.522150 -47.430697 -61.647791 
535.000000 -11.615014 -10.872846 -20.992512 146.645739 132.223764 
536.000000 -13.289842 -12.413606 -19.482070 -41.733067 -56.366114 
537.000000 -14.855419 -13.880571 -18.505564 112.736976 97.805567 
538.000000 -16.318037 -15.267014 -17.813223 -106.086083 -121.424298 
539.000000 -17.685940 -16.570922 -17.267174 24.636773 8.795820 
540.000000 -18.967739 -17.794008 -16.791445 147.023076 130.609816 
541.000000 -20.171675 -18.940422 -16.346444 -97.325505 -114.351922 
542.000000 -21.305317 -20.015651 -15.913930 12.819326 -4.835577 
543.000000 -22.375464 -21.025713 -15.487601 118.412029 100.133624 
544.000000 -22.093920 -20.832067 -16.117545 78.298229 61.076742 
545.000000 -21.030328 -19.821144 -16.514834 -29.710979 -46.374278 
546.000000 -19.904576 -18.747250 -16.922089 -142.570535 -158.677071 
547.000000 -18.710237 -17.605110 -17.349621 98.712681 83.142678 
548.000000 -17.440248 -16.390086 -17.820786 -27.152963 -42.229232 
549.000000 -16.087055 -15.098917 -18.381179 -161.845248 -176.494435 
550.000000 -14.642989 -13.730685 -19.113344 52.428099 38.120008 
551.000000 -13.101107 -12.287880 -20.162263 -107.275715 -121.332488 
552.000000 -11.456891 -10.777106 -21.786755 75.073049 61.207056 
553.000000 -9.711566 -9.208488 -24.490835 -125.934789 -139.588126 
554.000000 -7.878264 -7.592818 -29.522702 2.294672 -10.986322 
555.000000 -5.992796 -5.939242 -44.173635 89.665501 77.040016 
556.000000 -4.130368 -4.269651 -35.967923 122.705127 110.931993 
557.000000 -2.425375 -2.674728 -30.964388 84.327871 73.148148 
558.000000 -1.078992 -1.371873 -29.588498 -45.037607 -56.331042 
559.000000 -0.323038 -0.635496 -29.036215 76.111826 64.335370 
560.000000 -0.323049 -0.635624 -29.033013 76.105364 64.329141 
561.000000 -1.079020 -1.372233 -29.578819 -45.056382 -56.349059 
562.000000 -2.425413 -2.675241 -30.948102 84.298361 73.120001 
563.000000 -4.130412 -4.270216 -35.935692 122.666871 110.895806 
564.000000 -5.992845 -5.939811 -44.258681 89.620427 76.997803 
565.000000 -7.878321 -7.593400 -29.538938 2.244405 -11.033047 
566.000000 -9.711637 -9.209108 -24.500583 -125.988977 -139.638423 
567.000000 -11.456982 -10.777776 -21.794431 75.015901 61.153738 
568.000000 -13.101224 -12.288592 -20.168926 -107.335107 -121.388474 
569.000000 -14.643137 -13.731423 -19.119269 52.366995 38.061623 
570.000000 -16.087238 -15.099660 -18.386386 -161.907666 -176.554978 
571.000000 -17.440470 -16.390812 -17.825215 -27.216395 -42.291705 
572.000000 -18.710501 -17.605801 -17.353202 98.648466 83.078495 
573.000000 -19.904884 -18.747894 -16.924777 -142.635355 -158.742754 
574.000000 -21.030682 -19.821730 -16.516618 -29.776262 -46.441268 
575.000000 -22.094323 -20.832591 -16.118445 78.232593 61.008624 
576.000000 -21.597265 -20.472615 -17.187546 -1.451058 -16.885334 
577.000000 -20.546523 -19.463039 -17.532458 -114.216816 -129.210033 
578.000000 -19.436216 -18.394903 -17.898798 127.593802 113.030575 
579.000000 -18.260626 -17.264246 -18.304830 2.876881 -11.282783 
580.000000 -17.013640 -16.067892 -18.783621 -129.774963 -143.573962 
581.000000 -15.688982 -14.804059 -19.391959 87.823710 74.328090 
582.000000 -14.280718 -13.473075 -20.224942 -66.693269 -79.949028 
583.000000 -12.784245 -12.078057 -21.442389 123.554956 110.487337 
584.000000 -11.198159 -10.625147 -23.324926 -65.582512 -78.470970 
585.000000 -9.527647 -9.122782 -26.426853 80.334307 67.698770 
586.000000 -7.790398 -7.580319 -32.223393 -166.148572 -178.351085 
587.000000 -6.026151 -6.010605 -54.936267 -94.932544 -106.472292 
588.000000 -4.310125 -4.449635 -35.953830 -78.824833 -89.626536 
589.000000 -2.766439 -3.000591 -31.503117 -133.493604 -143.878470 
590.000000 -1.568485 -1.855847 -29.750971 83.788490 73.226626 
591.000000 -0.904827 -1.224212 -28.849193 -162.730954 -173.712737 
592.000000 -0.904855 -1.224340 -28.846517 -162.736968 -173.718542 
593.000000 -1.568564 -1.856208 -29.742581 83.770952 73.209769 
594.000000 -2.766562 -3.001120 -31.488314 -133.521347 -143.904985 
595.000000 -4.310287 -4.450246 -35.926141 -78.861062 -89.660953 
596.000000 -6.026350 -6.011249 -55.189088 -94.975534 -106.512872 
597.000000 -7.790634 -7.580994 -32.241739 -166.196813 -178.396425 
598.000000 -9.527927 -9.123504 -26.436591 80.282038 67.649629 
599.000000 -11.198486 -10.625928 -23.332050 -65.637860 -78.523296 
600.000000 -12.784625 -12.078895 -21.448264 123.497253 110.432234 
601.000000 -14.281155 -13.473957 -20.229958 -66.752776 -80.006601 
602.000000 -15.689480 -14.804967 -19.396192 87.762817 74.268305 
603.000000 -17.014204 -16.068809 -18.787039 -129.836921 -143.635725 
604.000000 -18.261259 -17.265153 -18.307369 2.814105 -11.346306 
605.000000 -19.436920 -18.395788 -17.900405 127.530402 112.965496 
606.000000 -20.547300 -19.463891 -17.533107 -114.280685 -129.276480 
607.000000 -21.598117 -20.473429 -17.187234 -1.515274 -16.952977 
608.000000 -20.979994 -19.994350 -18.404407 -119.697242 -133.054667 
609.000000 -19.948003 -18.992256 -18.687173 120.591097 107.524591 
610.000000 -18.860149 -17.938038 -19.015493 -5.350196 -18.145434 
611.000000 -17.711689 -16.829348 -19.418655 -138.753033 -151.306368 
612.000000 -16.497797 -15.664731 -19.942840 78.825827 66.477517 
613.000000 -15.213901 -14.444054 -20.660429 -74.599645 -86.781300 
614.000000 -13.856318 -13.168915 -21.686084 118.413619 106.370682 
615.000000 -12.423390 -11.842868 -23.208039 -65.453228 -77.355403 
616.000000 -10.917455 -10.471208 -25.560696 89.465686 77.762065 
617.000000 -9.348168 -9.060344 -29.449451 -142.502926 -153.873497 
618.000000 -7.737796 -7.618316 -37.170580 -48.754714 -59.595239 
619.000000 -6.128957 -6.161793 -48.465658 1.212055 -8.935585 
620.000000 -4.594040 -4.737445 -35.716622 -4.412029 -13.923230 
621.000000 -3.242193 -3.451076 -32.482468 -79.448449 -88.718280 
622.000000 -2.214184 -2.463971 -30.949483 121.548403 112.003503 
623.000000 -1.653237 -1.929532 -30.086614 -134.155275 -144.110472 
624.000000 -1.653275 -1.929653 -30.084020 -134.160770 -144.115774 
625.000000 -2.214292 -2.464319 -30.941262 121.532308 111.988030 
626.000000 -3.242367 -3.451604 -32.467927 -79.474098 -88.742840 
627.000000 -4.594274 -4.738082 -35.692387 -4.445823 -13.955488 
628.000000 -6.129247 -6.162484 -48.360459 1.171593 -8.974104 
629.000000 -7.738143 -7.619040 -37.198281 -48.800493 -59.638745 
630.000000 -9.348574 -9.061109 -29.460453 -142.552882 -153.921012 
631.000000 -10.917925 -10.472024 -25.567616 89.412471 77.711226 
632.000000 -12.423928 -11.843741 -23.213222 -65.508978 -77.409088 
633.000000 -13.856928 -13.169841 -21.690234 118.355897 106.314500 
634.000000 -15.214587 -14.445023 -20.663763 -74.658903 -86.839700 
635.000000 -16.498563 -15.665731 -19.945399 78.765375 66.417135 
636.000000 -17.712538 -16.830367 -19.420409 -138.814413 -151.368521 
637.000000 -18.861083 -17.939063 -19.016393 -5.412292 -18.209165 
638.000000 -19.949026 -18.993279 -18.687173 120.528454 107.459455 
639.000000 -20.981106 -19.995363 -18.403478 -119.760295 -133.121048 
640.000000 -20.325668 -19.451559 -19.504256 84.932182 73.586591 
641.000000 -19.317753 -18.465999 -19.740645 -43.696037 -54.913354 
642.000000 -18.258577 -17.436225 -20.060710 -179.536878 169.350457 
643.000000 -17.144550 -16.361502 -20.506052 36.035440 25.001434 
644.000000 -15.972330 -15.242008 -21.138269 -118.696628 -129.674933 
645.000000 -14.739266 -14.079065 -22.050578 74.104258 63.171080 
646.000000 -13.444123 -12.875243 -23.389879 -108.303100 -119.175137 
647.000000 -12.088306 -11.634200 -25.405089 50.589183 39.839110 
648.000000 -10.677804 -10.360232 -28.580156 -173.678122 175.815803 
649.000000 -9.226210 -9.058110 -34.180753 -66.787260 -76.867502 
650.000000 -7.759085 -7.735467 -51.299782 4.087563 -5.372826 
651.000000 -6.319592 -6.412275 -39.482589 30.071242 21.320268 
652.000000 -4.974133 -5.139613 -34.483983 0.589727 -7.611590 
653.000000 -3.814440 -4.015189 -32.823385 -96.173780 -104.253490 
654.000000 -2.949914 -3.168723 -32.084129 87.899741 79.501844 
655.000000 -2.484909 -2.714920 -31.656074 -177.170245 174.051254 
656.000000 -2.484950 -2.715029 -31.653547 -177.175223 174.046428 
657.000000 -2.950035 -3.169044 -32.076333 87.885101 79.487691 
658.000000 -3.814637 -4.015692 -32.810299 -96.197278 -104.276143 
659.000000 -4.974401 -5.140245 -34.465072 0.558490 -7.641658 
660.000000 -6.319926 -6.412977 -39.448351 30.033489 21.283958 
661.000000 -7.759486 -7.736207 -51.425181 4.044466 -5.414254 
662.000000 -9.226679 -9.058879 -34.196387 -66.834668 -76.913092 
663.000000 -10.678345 -10.361037 -28.587556 -173.728976 175.766783 
664.000000 -12.088921 -11.635052 -25.409759 50.535588 39.787195 
665.000000 -13.444816 -12.876148 -23.393216 -108.358871 -119.229554 
666.000000 -14.740040 -14.080021 -22.053056 74.046759 63.114463 
667.000000 -15.973190 -15.243011 -21.140045 -118.755498 -129.733508 
668.000000 -17.145498 -16.362545 -20.507156 35.975485 24.941107 
669.000000 -18.259616 -17.437301 -20.061118 -179.597688 169.288559 
670.000000 -19.318885 -18.467100 -19.740312 -43.757519 -54.976664 
671.000000 -20.326894 -19.452678 -19.503134 84.870179 73.522014 
672.000000 -19.691513 -18.893859 -20.338113 -105.960724 -115.561337 
673.000000 -18.712291 -17.934651 -20.568992 114.791563 105.161783 
674.000000 -17.687066 -16.939826 -20.930789 -32.766990 -42.447439 
675.000000 -16.613476 -15.910035 -21.477634 169.849243 160.102201 
676.000000 -15.489728 -14.846764 -22.289091 0.771444 -9.044782 
677.000000 -14.315093 -13.752378 -23.487637 177.681325 167.817769 
678.000000 -13.090694 -12.629975 -25.276187 -22.308374 -32.159040 
679.000000 -11.820701 -11.483008 -28.036469 117.199639 107.473890 
680.000000 -10.514121 -10.314877 -32.688772 -128.284000 -137.716946 
681.000000 -9.187324 -9.129439 -43.495969 -44.318232 -53.256697 
682.000000 -7.867322 -7.934745 -42.233762 2.308219 -5.968064 
683.000000 -6.595414 -6.752768 -34.917259 3.509595 -4.082501 
684.000000 -5.429881 -5.633391 -32.706117 -49.953053 -57.077218 
685.000000 -4.445147 -4.660656 -32.214515 -167.961409 -175.024660 
686.000000 -3.723956 -3.936971 -32.314367 -0.037356 -7.393373 
687.000000 -3.340849 -3.550779 -32.439556 86.105675 78.434416 
688.000000 -3.340891 -3.550872 -32.437476 86.101174 78.430017 
689.000000 -3.724080 -3.937249 -32.308189 -0.050638 -7.406332 
690.000000 -4.445350 -4.661106 -32.204687 -167.982863 -175.045554 
691.000000 -5.430159 -5.633978 -32.693118 -49.981803 -57.105192 
692.000000 -6.595763 -6.753440 -34.899628 3.474542 -4.116597 
693.000000 -7.867742 -7.935462 -42.195737 2.267856 -6.007306 
694.000000 -9.187815 -9.130181 -43.533952 -44.362994 -53.300189 
695.000000 -10.514685 -10.315646 -32.697813 -128.332366 -137.763948 
696.000000 -11.821340 -11.483812 -28.040790 117.148338 107.423952 
697.000000 -13.091412 -12.630824 -25.278731 -22.362058 -32.211485 
698.000000 -14.315893 -13.753279 -23.489258 177.625712 167.763143 
699.000000 -15.490612 -14.847720 -22.290093 0.714269 -9.101336 
700.000000 -16.614448 -15.911044 -21.478119 169.790805 160.043925 
701.000000 -17.688128 -16.940886 -20.930771 -32.826448 -42.507263 
702.000000 -18.713445 -17.935758 -20.568442 114.731284 105.100560 
703.000000 -19.692762 -18.895008 -20.336983 -106.021659 -115.623826 
704.000000 -19.110133 -18.359142 -20.885386 29.417966 21.222258 
705.000000 -18.163415 -17.434933 -21.161128 -121.858023 -130.222385 
706.000000 -17.176354 -16.483620 -21.616284 77.402538 68.855752 
707.000000 -16.147802 -15.506881 -22.317769 -94.439002 -103.169077 
708.000000 -15.077442 -14.507078 -23.366504 80.623020 71.730520 
709.000000 -13.966309 -13.487135 -24.925733 -119.845900 -128.847320 
710.000000 -12.817563 -12.450250 -27.291258 21.178392 12.165293 
711.000000 -11.637587 -11.399468 -31.121087 140.062370 131.184848 
712.000000 -10.437498 -10.337515 -38.727709 -127.609480 -136.162394 
713.000000 -9.235102 -9.267979 -48.454986 -67.149322 -75.183006 
714.000000 -8.057130 -8.199631 -35.771085 -44.836168 -52.222544 
715.000000 -6.941281 -7.154913 -32.289552 -67.883060 -74.650108 
716.000000 -5.936975 -6.179244 -31.211202 -144.218757 -150.594691 
717.000000 -5.103186 -5.342323 -31.322623 78.003776 71.669129 
718.000000 -4.501655 -4.724880 -31.912796 -128.785896 -135.349203 
719.000000 -4.185387 -4.396460 -32.392957 -50.534062 -57.332663 
720.000000 -4.185428 -4.396535 -32.391569 -50.538138 -57.336676 
721.000000 -4.501777 -4.725108 -31.908719 -128.797961 -135.361071 
722.000000 -5.103386 -5.342703 -31.316193 77.984184 71.649874 
723.000000 -5.937250 -6.179755 -31.202850 -144.245194 -150.620665 
724.000000 -6.941627 -7.155518 -32.279179 -67.915542 -74.682017 
725.000000 -8.057548 -8.200292 -35.756412 -44.873868 -52.259551 
726.000000 -9.235590 -9.268669 -48.401815 -67.191451 -75.224298 
727.000000 -10.438058 -10.338228 -38.741103 -127.655324 -136.207251 
728.000000 -11.638220 -11.400209 -31.125061 140.013433 131.137009 
729.000000 -12.818273 -12.451030 -27.292941 21.126891 12.114927 
730.000000 -13.967097 -13.487963 -24.926466 -119.899520 -128.899865 
731.000000 -15.078311 -14.507961 -23.366722 80.567650 71.676064 
732.000000 -16.148756 -15.507825 -22.317629 -94.495814 -103.225232 
733.000000 -17.177394 -16.484625 -21.615831 77.344537 68.798073 
734.000000 -18.164543 -17.435999 -21.160354 -121.917002 -130.281443 
735.000000 -19.111351 -18.360266 -20.884255 29.358184 21.161947 
736.000000 -18.596791 -17.871843 -21.205149 133.010360 125.886426 
737.000000 -17.685544 -16.989030 -21.567110 -31.403047 -38.809875 
738.000000 -16.739769 -16.086940 -22.151834 153.567570 145.875787 
739.000000 -15.759442 -15.167897 -23.039078 -33.815261 -41.775381 
740.000000 -14.745556 -14.234698 -24.353608 124.364379 116.179770 
741.000000 -13.700636 -13.290404 -26.309765 -94.395518 -102.724528 
742.000000 -12.629440 -12.337988 -29.338803 26.904498 18.554056 
743.000000 -11.539898 -11.380011 -34.619935 124.679721 116.472404 
744.000000 -10.444307 -10.418795 -50.628781 -165.319597 -173.195246 
745.000000 -9.360716 -9.458080 -39.056972 -128.066019 -135.439396 
746.000000 -8.314302 -8.507273 -33.162763 -129.259207 -136.042086 
747.000000 -7.338279 -7.588140 -30.946918 -175.232974 178.518694 
748.000000 -6.473562 -6.740542 -30.379868 87.286931 81.363467 
749.000000 -5.766258 -6.021520 -30.763872 -68.382966 -74.261786 
750.000000 -5.262276 -5.494987 -31.556037 71.742896 65.708962 
751.000000 -4.999493 -5.215929 -32.177655 143.059516 136.865328 
752.000000 -4.999532 -5.215988 -32.176888 143.055809 136.861669 
753.000000 -5.262392 -5.495166 -31.553716 71.731899 65.698108 
754.000000 -5.766450 -6.021826 -30.760056 -68.400900 -74.279494 
755.000000 -6.473827 -6.740966 -30.374752 87.262592 81.339419 
756.000000 -7.338613 -7.588659 -30.940616 -175.263077 178.488941 
757.000000 -8.314706 -8.507855 -33.154829 -129.294389 -136.076838 
758.000000 -9.361188 -9.458699 -39.043893 -128.105605 -135.478425 
759.000000 -10.444848 -10.419441 -50.664304 -165.362958 -173.237882 
760.000000 -11.540510 -11.380682 -34.623191 124.633153 116.426737 
761.000000 -12.630124 -12.338693 -29.339435 26.855219 18.505824 
762.000000 -13.701395 -13.291153 -26.309562 -94.447080 -102.774960 
763.000000 -14.746391 -14.235501 -24.353043 124.310899 116.127422 
764.000000 -15.760356 -15.168761 -23.038318 -33.870352 -41.829421 
765.000000 -16.740764 -16.087870 -22.150933 153.511128 145.820234 
766.000000 -17.686622 -16.990028 -21.566072 -31.460621 -38.866793 
767.000000 -18.597954 -17.872910 -21.203951 132.951838 125.828268 
768.000000 -18.156133 -17.444738 -21.375941 -153.147315 -159.486309 
769.000000 -17.282480 -16.607196 -21.846723 28.481067 21.772805 
770.000000 -16.380055 -15.757161 -22.574691 -161.614248 -168.680114 
771.000000 -15.449810 -14.897252 -23.650987 -5.238984 -12.628364 
772.000000 -14.493829 -14.030347 -25.222867 135.472729 127.823545 
773.000000 -13.515794 -13.159330 -27.557154 -101.998667 -109.808239 
774.000000 -12.521586 -12.286782 -31.244508 -0.618196 -8.451252 
775.000000 -11.520044 -11.414834 -38.282438 76.146284 68.456591 
776.000000 -10.523836 -10.545666 -52.006213 124.279689 116.907438 
777.000000 -9.550370 -9.683396 -36.363984 139.204835 132.290715 
778.000000 -8.622519 -8.837854 -32.221432 115.821009 109.421417 
779.000000 -7.768825 -8.029514 -30.583851 48.625839 42.675709 
780.000000 -7.022656 -7.292786 -30.279550 -68.049790 -73.726991 
781.000000 -6.419857 -6.674244 -30.793268 120.322469 114.703424 
782.000000 -5.994671 -6.224653 -31.657150 -111.054293 -116.762007 
783.000000 -5.774450 -5.987380 -32.317773 -45.776909 -51.583670 
784.000000 -5.774486 -5.987425 -32.317461 -45.780297 -51.587004 
785.000000 -5.994781 -6.224791 -31.656099 -111.064360 -116.771925 
786.000000 -6.420038 -6.674484 -30.791315 120.305994 114.687169 
787.000000 -7.022907 -7.293127 -30.276689 -68.072254 -73.749195 
788.000000 -7.769143 -8.029944 -30.580184 48.597902 42.648060 
789.000000 -8.622904 -8.838352 -32.216958 115.788162 109.388907 
790.000000 -9.550820 -9.683938 -36.358050 139.167652 132.253968 
791.000000 -10.524353 -10.546239 -51.983649 124.238719 116.867062 
792.000000 -11.520627 -11.415434 -38.283907 76.102038 68.413136 
793.000000 -12.522237 -12.287415 -31.243820 -0.665262 -8.497325 
794.000000 -13.516514 -13.160004 -27.555978 -102.048147 -109.856554 
795.000000 -14.494621 -14.031071 -25.221550 135.421186 127.773286 
796.000000 -15.450676 -14.898035 -23.649644 -5.292286 -12.680330 
797.000000 -16.380996 -15.758010 -22.573357 -161.669049 -168.733599 
798.000000 -17.283499 -16.608115 -21.845401 28.424990 21.717957 
799.000000 -18.157230 -17.445730 -21.374613 -153.204479 -159.542394 
800.000000 -17.786835 -17.082067 -21.460599 -106.980659 -112.762166 
801.000000 -16.952104 -16.291408 -22.043812 60.133860 53.923854 
802.000000 -16.094119 -15.493855 -22.907577 -145.504692 -152.117542 
803.000000 -15.214636 -14.692048 -24.150499 -5.738536 -12.704479 
804.000000 -14.316584 -13.888701 -25.934954 117.286851 110.046870 
805.000000 -13.404466 -13.086354 -28.565142 -138.920196 -146.322986 
806.000000 -12.484846 -12.287169 -32.758169 -57.238736 -64.663393 
807.000000 -11.566923 -11.492991 -41.362621 -0.968669 -8.256148 
808.000000 -10.663130 -10.706083 -46.137810 26.153070 19.156035 
809.000000 -9.789667 -9.931029 -35.840190 19.967116 13.372912 
810.000000 -8.966795 -9.177856 -32.393439 -24.045590 -30.202151 
811.000000 -8.218635 -8.465475 -31.051108 -110.634065 -116.414952 
812.000000 -7.572182 -7.823397 -30.900689 115.434477 109.888639 
813.000000 -7.055298 -7.289668 -31.495171 -70.329235 -75.801052 
814.000000 -6.693709 -6.904653 -32.398222 48.223457 42.716090 
815.000000 -6.507430 -6.702399 -33.074248 108.253556 102.693055 
816.000000 -6.507464 -6.702433 -33.074271 108.250444 102.690014 
817.000000 -6.693813 -6.904759 -32.398102 48.214197 42.707027 
818.000000 -7.055469 -7.289855 -31.494586 -70.344430 -75.815962 
819.000000 -7.572419 -7.823669 -30.899492 115.413679 109.868171 
820.000000 -8.218936 -8.465827 -31.049347 -110.660051 -116.440586 
821.000000 -8.967159 -9.178273 -32.391257 -24.076297 -30.232477 
822.000000 -9.790093 -9.931496 -35.837720 19.932172 13.338422 
823.000000 -10.663619 -10.706586 -46.134888 26.114366 19.117918 
824.000000 -11.567474 -11.493525 -41.360531 -1.010680 -8.297385 
825.000000 -12.485461 -12.287735 -32.755974 -57.283636 -64.707303 
826.000000 -13.405146 -13.086958 -28.563028 -138.967610 -146.369194 
827.000000 -14.317331 -13.889352 -25.932965 117.237257 109.998672 
828.000000 -15.215451 -14.692756 -24.148648 -5.790016 -12.754419 
829.000000 -16.095004 -15.494625 -22.905862 -145.557801 -152.169024 
830.000000 -16.953061 -16.292248 -22.042221 60.079346 53.870992 
831.000000 -17.787865 -17.082981 -21.459115 -107.036386 -112.816272 
832.000000 -17.484477 -16.782595 -21.497697 -86.427478 -91.820774 
833.000000 -16.689276 -16.038659 -22.182442 65.852128 59.995493 
834.000000 -15.875971 -15.292261 -23.158857 -155.549799 -161.831175 
835.000000 -15.046943 -14.545884 -24.526784 -32.482019 -39.125573 
836.000000 -14.205723 -13.801941 -26.450673 72.933067 66.016890 
837.000000 -13.357329 -13.062592 -29.239815 158.269344 151.197043 
838.000000 -12.508634 -12.329656 -33.630657 -139.228173 -146.318694 
839.000000 -11.668782 -11.604861 -42.631465 -102.657904 -109.620818 
840.000000 -10.849559 -10.890714 -46.508450 -95.457711 -102.161572 
841.000000 -10.065667 -10.192247 -36.792136 -121.372027 -127.727810 
842.000000 -9.334739 -9.519464 -33.537936 175.621619 169.635845 
843.000000 -8.676957 -8.889623 -32.328451 71.437677 65.768911 
844.000000 -8.114089 -8.327934 -32.281010 -77.934612 -83.394879 
845.000000 -7.667869 -7.865493 -32.958090 83.805286 78.433196 
846.000000 -7.357809 -7.534396 -33.925218 -166.459957 -171.828275 
847.000000 -7.198765 -7.361286 -34.639231 -110.996444 -116.385312 
848.000000 -7.198797 -7.361313 -34.639535 -110.999316 -116.388090 
849.000000 -7.357905 -7.534480 -33.925874 -166.468514 -171.836570 
850.000000 -7.668029 -7.865641 -32.958634 83.791213 78.419511 
851.000000 -8.114311 -8.328152 -32.281178 -77.953935 -83.413742 
852.000000 -8.677240 -8.889911 -32.328250 71.413442 65.745169 
853.000000 -9.335082 -9.519815 -33.537588 175.592858 169.607603 
854.000000 -10.066069 -10.192649 -36.792210 -121.404904 -127.760115 
855.000000 -10.850020 -10.891155 -46.512704 -95.494292 -102.197476 
856.000000 -11.669302 -11.605336 -42.625223 -102.697790 -109.659864 
857.000000 -12.509214 -12.330164 -33.627097 -139.270987 -146.360464 
858.000000 -13.357969 -13.063136 -29.236927 158.223948 151.152918 
859.000000 -14.206426 -13.802530 -26.448155 72.885402 65.970718 
860.000000 -15.047709 -14.546524 -24.524539 -32.531672 -39.173536 
861.000000 -15.876802 -15.292961 -23.156842 -155.601191 -161.880718 
862.000000 -16.690173 -16.039425 -22.180629 65.799217 59.944540 
863.000000 -17.485442 -16.783433 -21.496065 -86.481716 -91.872992 
864.000000 -17.243224 -16.542006 -21.506260 -89.478883 -94.602775 
865.000000 -16.487536 -15.843390 -22.272544 47.845439 42.243991 
866.000000 -15.718443 -15.145701 -23.329155 170.673493 164.644156 
867.000000 -14.938775 -14.451165 -24.769884 -82.823748 -89.208842 
868.000000 -14.152453 -13.761863 -26.745837 5.282779 -1.362481 
869.000000 -13.364744 -13.079614 -29.532454 72.661181 65.872475 
870.000000 -12.582547 -12.406022 -33.751736 116.706350 109.904673 
871.000000 -11.814653 -11.742848 -41.617258 134.539358 127.855321 
872.000000 -11.071967 -11.092918 -52.362474 123.024801 116.569849 
873.000000 -10.367591 -10.461621 -39.358006 78.813464 72.658673 
874.000000 -9.716701 -9.858729 -35.799725 -1.582212 -7.421849 
875.000000 -9.136088 -9.299826 -34.575002 -121.674149 -127.241190 
876.000000 -8.643310 -8.806380 -34.610182 75.155107 69.778029 
877.000000 -8.255421 -8.403807 -35.422472 -134.160513 -139.438607 
878.000000 -7.987377 -8.117636 -36.545232 -32.166380 -37.413211 
879.000000 -7.850369 -7.968695 -37.373783 19.308252 14.063069 
880.000000 -7.850400 -7.968717 -37.374410 19.305589 14.060523 
881.000000 -7.987468 -8.117703 -36.546737 -32.174323 -37.420821 
882.000000 -8.255571 -8.403928 -35.424187 -134.173599 -139.451192 
883.000000 -8.643519 -8.806560 -34.611718 75.137091 69.760625 
884.000000 -9.136354 -9.300067 -34.576348 -121.696815 -127.263187 
885.000000 -9.717024 -9.859027 -35.801234 -1.609208 -7.448141 
886.000000 -10.367970 -10.461968 -39.360872 78.782484 72.628444 
887.000000 -11.072401 -11.093307 -52.381329 122.990194 116.536076 
888.000000 -11.815144 -11.743273 -41.609283 134.501474 127.818404 
889.000000 -12.583094 -12.406480 -33.747360 116.665526 109.864998 
890.000000 -13.365348 -13.080108 -29.529082 72.617733 65.830391 
891.000000 -14.153113 -13.762398 -26.742983 5.236999 -1.406670 
892.000000 -14.939495 -14.451748 -24.767386 -82.871595 -89.254877 
893.000000 -15.719223 -15.146339 -23.326942 170.623816 164.596492 
894.000000 -16.488377 -15.844091 -22.270578 47.794148 42.194878 
895.000000 -17.244127 -16.542774 -21.504518 -89.531600 -94.653187 
896.000000 -17.056771 -16.354555 -21.493392 -114.210107 -119.142742 
897.000000 -16.340064 -15.699080 -22.316883 8.204945 2.797095 
898.000000 -15.614152 -15.047044 -23.417882 115.427573 109.602963 
899.000000 -14.882161 -14.400394 -24.877547 -154.329873 -160.492727 
900.000000 -14.148215 -13.760901 -26.820634 -83.065062 -89.468258 
901.000000 -13.417635 -13.130135 -29.459387 -32.995721 -39.525869 
902.000000 -12.697126 -12.509606 -33.221385 -6.562113 -13.098463 
903.000000 -11.994949 -11.901212 -39.291127 -6.417946 -12.845050 
904.000000 -11.321012 -11.308093 -56.545263 -35.405058 -41.628628 
905.000000 -10.686855 -10.735856 -44.996617 -96.506838 -102.469209 
906.000000 -10.105441 -10.193865 -39.889101 167.224018 161.534345 
907.000000 -9.590714 -9.696053 -38.377103 32.765888 27.315895 
908.000000 -9.156873 -9.260641 -38.506836 -142.744508 -148.017896 
909.000000 -8.817395 -8.908407 -39.639777 -1.864633 -7.031848 
910.000000 -8.583873 -8.659685 -41.219489 93.308611 88.190922 
911.000000 -8.464855 -8.530785 -42.427577 141.282479 136.181021 
912.000000 -8.464883 -8.530803 -42.428851 141.279998 136.178679 
913.000000 -8.583958 -8.659743 -41.222537 93.301207 88.183915 
914.000000 -8.817536 -8.908510 -39.643364 -1.876850 -7.043455 
915.000000 -9.157069 -9.260795 -38.510364 -142.761361 -148.033991 
916.000000 -9.590964 -9.696260 -38.380644 32.744627 27.295484 
917.000000 -10.105745 -10.194124 -39.893448 167.198618 161.509852 
918.000000 -10.687212 -10.736163 -45.005443 -96.536081 -102.497497 
919.000000 -11.321422 -11.308441 -56.504226 -35.437839 -41.660385 
920.000000 -11.995411 -11.901596 -39.283926 -6.453956 -12.879926 
921.000000 -12.697641 -12.510025 -33.216890 -6.601052 -13.136113 
922.000000 -13.418203 -13.130589 -29.455876 -33.037303 -39.565969 
923.000000 -14.148837 -13.761393 -26.817663 -83.109018 -89.510515 
924.000000 -14.882837 -14.400930 -24.874950 -154.375956 -160.536886 
925.000000 -15.614884 -15.047632 -23.415583 115.379591 109.557122 
926.000000 -16.340853 -15.699724 -22.314845 8.155268 2.749758 
927.000000 -17.057619 -16.355263 -21.491592 -114.261293 -119.191418 
928.000000 -16.918877 -16.214099 -21.460468 -158.801665 -163.590151 
929.000000 -16.240204 -15.599171 -22.316184 -51.116029 -56.364750 
930.000000 -15.556017 -14.989502 -23.427251 40.798423 35.154337 
931.000000 -14.869605 -14.386773 -24.857826 115.212193 109.254798 
932.000000 -14.185151 -13.792511 -26.699338 170.216409 164.043014 
933.000000 -13.507872 -13.208130 -29.091010 -156.280245 -162.561856 
934.000000 -12.844148 -12.635142 -32.268405 -146.546932 -152.826617 
935.000000 -12.201602 -12.075626 -36.707500 -163.015365 -169.191762 
936.000000 -11.589130 -11.532984 -43.761820 151.749569 145.756447 
937.000000 -11.016809 -11.012883 -66.893295 75.096466 69.334236 
938.000000 -10.495673 -10.524134 -49.705511 -35.646287 -41.167930 
939.000000 -10.037301 -10.079089 -46.375969 176.916011 171.609628 
940.000000 -9.653226 -9.693171 -46.766929 -9.651206 -14.791215 
941.000000 -9.354181 -9.383377 -49.484268 122.504465 117.474596 
942.000000 -9.149251 -9.165948 -54.332196 -148.359539 -153.328436 
943.000000 -9.045054 -9.053700 -60.044127 -103.473970 -108.417421 
944.000000 -9.045080 -9.053717 -60.053803 -103.476289 -108.419584 
945.000000 -9.149331 -9.166000 -54.346263 -148.366467 -153.334912 
946.000000 -9.354313 -9.383470 -49.496085 122.493019 117.463853 
947.000000 -9.653410 -9.693308 -46.777149 -9.667024 -14.806142 
948.000000 -10.037536 -10.079274 -46.386476 176.896012 171.590648 
949.000000 -10.495959 -10.524367 -49.721832 -35.670241 -41.190784 
950.000000 -11.017146 -11.013160 -66.764317 75.068808 69.307739 
951.000000 -11.589516 -11.533302 -43.751268 151.718473 145.726578 
952.000000 -12.202038 -12.075981 -36.701851 -163.049630 -169.224706 
953.000000 -12.844633 -12.635530 -32.264318 -146.584097 -152.862332 
954.000000 -13.508408 -13.208552 -29.087671 -156.320053 -162.600046 
955.000000 -14.185737 -13.792970 -26.696456 170.174204 164.002625 
956.000000 -14.870243 -14.387272 -24.855276 115.167822 109.212457 
957.000000 -15.556707 -14.990048 -23.424976 40.752098 35.110263 
958.000000 -16.240947 -15.599769 -22.314156 -51.164112 -56.410369 
959.000000 -16.919674 -16.214756 -21.458670 -158.851326 -163.637154 
960.000000 -16.823635 -16.114682 -21.407051 138.447799 133.778964 
961.000000 -16.181739 -15.537551 -22.271951 -128.311773 -133.416743 
962.000000 -15.537520 -14.966973 -23.363620 -51.309333 -56.781396 
963.000000 -14.894323 -14.404404 -24.727688 7.795960 2.040006 
964.000000 -14.256281 -13.851197 -26.422069 47.194004 41.248759 
965.000000 -13.628403 -13.308691 -28.520755 64.925872 58.892198 
966.000000 -13.016655 -12.778460 -31.118255 58.893188 52.870605 
967.000000 -12.427990 -12.262762 -34.331882 26.877014 20.954246 
968.000000 -11.870322 -11.765169 -38.287302 -33.431441 -39.186237 
969.000000 -11.352407 -11.291270 -43.019648 -124.386369 -129.933309 
970.000000 -10.883620 -10.849229 -48.030038 111.671882 106.341350 
971.000000 -10.473596 -10.449911 -51.274688 -47.509606 -52.643332 
972.000000 -10.131752 -10.106346 -50.664851 115.988969 111.013193 
973.000000 -9.866703 -9.832463 -48.068488 -119.648017 -124.512290 
974.000000 -9.685647 -9.641282 -45.813240 -35.880848 -40.677560 
975.000000 -9.593771 -9.542926 -44.625873 6.265897 1.500149 
976.000000 -9.593796 -9.542942 -44.624366 6.263720 1.498143 
977.000000 -9.685722 -9.641332 -45.808338 -35.887354 -40.683570 
978.000000 -9.866828 -9.832550 -48.058948 -119.658776 -124.522270 
979.000000 -10.131925 -10.106474 -50.649185 115.974078 110.999304 
980.000000 -10.473819 -10.450082 -51.256078 -47.528470 -52.661032 
981.000000 -10.883890 -10.849444 -48.016244 111.649239 106.319980 
982.000000 -11.352724 -11.291528 -43.011147 -124.412577 -129.958166 
983.000000 -11.870686 -11.765467 -38.281682 -33.460984 -39.214358 
984.000000 -12.428402 -12.263095 -34.327697 26.844372 20.923111 
985.000000 -13.017114 -12.778826 -31.114836 58.857686 52.836722 
986.000000 -13.628909 -13.309090 -28.517800 64.887743 58.855833 
987.000000 -14.256834 -13.851631 -26.419436 47.153470 41.210166 
988.000000 -14.894925 -14.404875 -24.725311 7.753235 1.999420 
989.000000 -15.538170 -14.967486 -23.361467 -51.354049 -56.823763 
990.000000 -16.182439 -15.538113 -22.270009 -128.358295 -133.460702 
991.000000 -16.824385 -16.115296 -21.405315 138.399641 133.733577 
992.000000 -16.765609 -16.050823 -21.332924 59.115372 54.557405 
993.000000 -16.159009 -15.508756 -22.187485 138.273376 133.309490 
994.000000 -15.552804 -14.974147 -23.236921 -159.169623 -164.468199 
995.000000 -14.950316 -14.448281 -24.509372 -114.794319 -120.345138 
996.000000 -14.355545 -13.932398 -26.034032 -90.306653 -96.019282 
997.000000 -13.773226 -13.427820 -27.836408 -87.532037 -93.313166 
998.000000 -13.208872 -12.936210 -29.927109 -108.402984 -114.163260 
999.000000 -12.668764 -12.459969 -32.277280 -154.938539 -160.600386 
1000.000000 -12.159901 -12.002743 -34.770840 130.785998 125.280895 
1001.000000 -11.689873 -11.569925 -37.136428 26.680081 21.365436 
1002.000000 -11.266644 -11.168984 -38.933069 -109.310048 -114.426680 
1003.000000 -10.898255 -10.809421 -39.760229 80.860702 75.926492 
1004.000000 -10.592439 -10.502236 -39.626737 -124.594141 -129.377807 
1005.000000 -10.356169 -10.258870 -38.965478 -7.219748 -11.892514 
1006.000000 -10.195203 -10.089810 -38.267278 71.750386 67.148402 
1007.000000 -10.113659 -10.003102 -37.849180 111.455628 106.887623 
1008.000000 -10.113683 -10.003118 -37.848586 111.453577 106.885754 
1009.000000 -10.195274 -10.089859 -38.265497 71.744256 67.142802 
1010.000000 -10.356286 -10.258955 -38.962541 -7.229894 -11.901821 
1011.000000 -10.592602 -10.502359 -39.622806 -124.608202 -129.390775 
1012.000000 -10.898465 -10.809585 -39.755727 80.842863 75.909937 
1013.000000 -11.266899 -11.169189 -38.928608 -109.331502 -114.446712 
1014.000000 -11.690173 -11.570171 -37.132441 26.655197 21.342073 
1015.000000 -12.160246 -12.003026 -34.767403 130.757884 125.254383 
1016.000000 -12.669153 -12.460287 -32.274280 -154.969674 -160.629837 
1017.000000 -13.209306 -12.936561 -29.924421 -108.436930 -114.195421 
1018.000000 -13.773705 -13.428203 -27.833949 -87.568584 -93.347802 
1019.000000 -14.356068 -13.932813 -26.031756 -90.345597 -96.056160 
1020.000000 -14.950885 -14.448731 -24.507261 -114.835465 -120.384039 
1021.000000 -15.553419 -14.974636 -23.234970 -159.212786 -164.508919 
1022.000000 -16.159670 -15.509288 -22.185698 138.228371 133.267135 
1023.000000 -16.766317 -16.051404 -21.331305 59.068687 54.513578 
