#x amp_{ref} amp_{cal} amp_{error}
0.000000 -21.141009 -25.005136 40.867662 
1.000000 -20.229383 -23.793566 41.170274 
2.000000 -19.263527 -22.646151 41.353403 
3.000000 -18.260510 -21.611054 41.385757 
4.000000 -17.238474 -20.716886 41.256790 
5.000000 -16.215350 -19.973313 40.974781 
6.000000 -15.208003 -19.368903 40.568156 
7.000000 -14.231761 -18.866317 40.089940 
8.000000 -13.300220 -18.399234 39.620758 
9.000000 -12.425207 -17.881763 39.259402 
10.000000 -11.616797 -17.241041 39.089870 
11.000000 -10.883355 -16.461339 39.136643 
12.000000 -10.231559 -15.599931 39.348542 
13.000000 -9.666419 -14.756429 39.629856 
14.000000 -9.191294 -14.027600 39.886169 
15.000000 -8.807933 -13.481393 40.050650 
16.000000 -8.516543 -13.152111 40.088918 
17.000000 -8.315886 -13.044626 39.994818 
18.000000 -8.203424 -13.139740 39.785140 
19.000000 -8.175483 -13.399181 39.494762 
20.000000 -8.227449 -13.772085 39.170358 
21.000000 -8.353959 -14.205107 38.860413 
22.000000 -8.549109 -14.655522 38.602193 
23.000000 -8.806636 -15.102098 38.410899 
24.000000 -9.120093 -15.547322 38.277539 
25.000000 -9.483004 -16.009918 38.176631 
26.000000 -9.888987 -16.513291 38.078032 
27.000000 -10.331869 -17.076351 37.956344 
28.000000 -10.805763 -17.709169 37.795392 
29.000000 -11.305139 -18.412427 37.588850 
30.000000 -11.824863 -19.178737 37.338961 
31.000000 -12.360224 -19.994515 37.054672 
32.000000 -20.647549 -24.572856 40.805927 
33.000000 -19.761147 -23.294636 41.201235 
34.000000 -18.812610 -22.043306 41.506620 
35.000000 -17.817497 -20.884420 41.671756 
36.000000 -16.793613 -19.861531 41.670752 
37.000000 -15.759532 -18.996971 41.499820 
38.000000 -14.733450 -18.290835 41.177130 
39.000000 -13.732422 -17.716444 40.746674 
40.000000 -12.771948 -17.214951 40.283366 
41.000000 -11.865770 -16.699017 39.889259 
42.000000 -11.025807 -16.080538 39.665502 
43.000000 -10.262117 -15.320625 39.661687 
44.000000 -9.582887 -14.461518 39.843414 
45.000000 -8.994412 -13.604053 40.115101 
46.000000 -8.501088 -12.855645 40.372666 
47.000000 -8.105431 -12.294692 40.539528 
48.000000 -7.808127 -11.961505 40.575748 
49.000000 -7.608142 -11.862276 40.474044 
50.000000 -7.502872 -11.975405 40.253551 
51.000000 -7.488338 -12.257744 39.953745 
52.000000 -7.559416 -12.652921 39.626324 
53.000000 -7.710079 -13.104104 39.322612 
54.000000 -7.933649 -13.569451 39.078183 
55.000000 -8.223029 -14.033016 38.902042 
56.000000 -8.570922 -14.504086 38.777457 
57.000000 -8.970021 -15.006171 38.673279 
58.000000 -9.413169 -15.563782 38.557473 
59.000000 -9.893486 -16.193710 38.406080 
60.000000 -10.404469 -16.901986 38.206390 
61.000000 -10.940065 -17.684461 37.956432 
62.000000 -11.494713 -18.528821 37.662991 
63.000000 -12.063367 -19.416857 37.339351 
64.000000 -20.085356 -24.145516 40.669835 
65.000000 -19.226884 -22.829908 41.131092 
66.000000 -18.300674 -21.491038 41.547289 
67.000000 -17.319907 -20.212687 41.847321 
68.000000 -16.301140 -19.055794 41.986555 
69.000000 -15.262840 -18.057515 41.946214 
70.000000 -14.224017 -17.231130 41.732058 
71.000000 -13.203190 -16.562474 41.376942 
72.000000 -12.217690 -16.003396 40.946789 
73.000000 -11.283253 -15.470257 40.541807 
74.000000 -10.413794 -14.864439 40.275651 
75.000000 -9.621275 -14.123574 40.223495 
76.000000 -8.915611 -13.269541 40.373298 
77.000000 -8.304598 -12.399888 40.634378 
78.000000 -7.793859 -11.631966 40.893917 
79.000000 -7.386831 -11.055931 41.064434 
80.000000 -7.084795 -10.719351 41.099283 
81.000000 -6.886983 -10.630223 40.989636 
82.000000 -6.790741 -10.764293 40.757240 
83.000000 -6.791757 -11.072874 40.446805 
84.000000 -6.884339 -11.493559 40.115526 
85.000000 -7.061712 -11.966246 39.817247 
86.000000 -7.316325 -12.451074 39.584649 
87.000000 -7.640148 -12.938538 39.419275 
88.000000 -8.024941 -13.444931 39.296365 
89.000000 -8.462486 -13.997623 39.179962 
90.000000 -8.944786 -14.620786 39.037538 
91.000000 -9.464214 -15.327754 38.847879 
92.000000 -10.013624 -16.119532 38.602705 
93.000000 -10.586432 -16.986491 38.305039 
94.000000 -11.176655 -17.911009 37.966601 
95.000000 -11.778933 -18.870118 37.605164 
96.000000 -19.457663 -23.704757 40.481151 
97.000000 -18.626936 -22.387638 40.972017 
98.000000 -17.725691 -20.986829 41.475921 
99.000000 -16.764129 -19.601968 41.902704 
100.000000 -15.756710 -18.312992 42.186487 
101.000000 -14.720922 -17.174112 42.290376 
102.000000 -13.675884 -16.213508 42.205290 
103.000000 -12.641099 -15.431026 41.951001 
104.000000 -11.635488 -14.791636 41.581792 
105.000000 -10.676728 -14.220013 41.191354 
106.000000 -9.780811 -13.612884 40.900006 
107.000000 -8.961766 -12.886700 40.806302 
108.000000 -8.231439 -12.038956 40.924783 
109.000000 -7.599344 -11.158570 41.175274 
110.000000 -7.072531 -10.371081 41.438192 
111.000000 -6.655524 -9.779429 41.614302 
112.000000 -6.350324 -9.439802 41.649015 
113.000000 -6.156500 -9.362602 41.531419 
114.000000 -6.071369 -9.520689 41.286134 
115.000000 -6.090264 -9.859112 40.963798 
116.000000 -6.206860 -10.308879 40.627587 
117.000000 -6.413547 -10.806944 40.333451 
118.000000 -6.701802 -11.316584 40.109909 
119.000000 -7.062562 -11.835682 39.949992 
120.000000 -7.486553 -12.387303 39.821069 
121.000000 -7.964574 -13.001390 39.683604 
122.000000 -8.487733 -13.700235 39.506077 
123.000000 -9.047619 -14.492472 39.271233 
124.000000 -9.636433 -15.373255 38.976034 
125.000000 -10.247063 -16.326997 38.628983 
126.000000 -10.873122 -17.330552 38.246968 
127.000000 -11.508964 -18.356273 37.852209 
128.000000 -18.772072 -23.232794 40.265476 
129.000000 -17.965983 -21.951337 40.745331 
130.000000 -17.089521 -20.521564 41.303560 
131.000000 -16.149717 -19.051939 41.837803 
132.000000 -15.158336 -17.640930 42.260746 
133.000000 -14.131070 -16.361663 42.514661 
134.000000 -13.086331 -15.258988 42.573029 
135.000000 -12.043944 -14.348056 42.440588 
136.000000 -11.023981 -13.608641 42.157888 
137.000000 -10.045835 -12.977353 41.808270 
138.000000 -9.127538 -12.352239 41.512664 
139.000000 -8.285262 -11.633088 41.388497 
140.000000 -7.532949 -10.791143 41.478890 
141.000000 -6.882020 -9.901208 41.719884 
142.000000 -6.341146 -9.094200 41.988168 
143.000000 -5.916113 -8.486363 42.172410 
144.000000 -5.609768 -8.143852 42.208857 
145.000000 -5.422095 -8.080171 42.083897 
146.000000 -5.350409 -8.265092 41.825241 
147.000000 -5.389663 -8.636671 41.490170 
148.000000 -5.532842 -9.118831 41.148277 
149.000000 -5.771411 -9.646037 40.857068 
150.000000 -6.095783 -10.185878 40.639622 
151.000000 -6.495765 -10.744270 40.479727 
152.000000 -6.960968 -11.350364 40.337492 
153.000000 -7.481145 -12.035141 40.171292 
154.000000 -8.046465 -12.817506 39.952093 
155.000000 -8.647718 -13.700327 39.667647 
156.000000 -9.276450 -14.672292 39.320776 
157.000000 -9.925040 -15.711558 38.925776 
158.000000 -10.586730 -16.789452 38.504747 
159.000000 -11.255625 -17.873978 38.084057 
160.000000 -18.040036 -22.716177 40.047942 
161.000000 -17.253044 -21.502434 40.478833 
162.000000 -16.398392 -20.080156 41.051657 
163.000000 -15.480213 -18.554994 41.663833 
164.000000 -14.507372 -17.040181 42.210142 
165.000000 -13.493184 -15.628494 42.610653 
166.000000 -12.454583 -14.383089 42.818970 
167.000000 -11.410960 -13.335613 42.822851 
168.000000 -10.382925 -12.481751 42.647407 
169.000000 -9.391180 -11.772547 42.362749 
170.000000 -8.455588 -11.112609 42.084960 
171.000000 -7.594429 -10.390872 41.944432 
172.000000 -6.823813 -9.552913 42.012312 
173.000000 -6.157210 -8.654625 42.245810 
174.000000 -5.605081 -7.828605 42.521782 
175.000000 -5.174625 -7.204231 42.717136 
176.000000 -4.869665 -6.858816 42.757885 
177.000000 -4.690679 -6.809705 42.627058 
178.000000 -4.635009 -7.023443 42.355628 
179.000000 -4.697209 -7.430431 42.008157 
180.000000 -4.869517 -7.947161 41.660947 
181.000000 -5.142397 -8.506258 41.372325 
182.000000 -5.505108 -9.080779 41.158685 
183.000000 -5.946251 -9.684947 40.994220 
184.000000 -6.454251 -10.352911 40.832815 
185.000000 -7.017770 -11.115052 40.632368 
186.000000 -7.626019 -11.985519 40.367674 
187.000000 -8.268985 -12.960597 40.032317 
188.000000 -8.937579 -14.022110 39.635392 
189.000000 -9.623705 -15.141878 39.197111 
190.000000 -10.320279 -16.285920 38.744606 
191.000000 -11.021207 -17.418552 38.307786 
192.000000 -17.275850 -22.146447 39.851529 
193.000000 -16.500834 -21.022554 40.203884 
194.000000 -15.662764 -19.642834 40.750663 
195.000000 -14.763492 -18.096113 41.403832 
196.000000 -13.809205 -16.502817 42.048081 
197.000000 -12.810633 -14.974216 42.582170 
198.000000 -11.782686 -13.592962 42.938050 
199.000000 -10.743607 -12.408307 43.084655 
200.000000 -9.713842 -11.432572 43.030244 
201.000000 -8.714837 -10.632714 42.829676 
202.000000 -7.767904 -9.923906 42.589808 
203.000000 -6.893234 -9.190227 42.447761 
204.000000 -6.109054 -8.354249 42.499950 
205.000000 -5.430937 -7.449439 42.728321 
206.000000 -4.871239 -6.605867 43.014234 
207.000000 -4.438699 -5.965133 43.223882 
208.000000 -4.138217 -5.616612 43.272252 
209.000000 -3.970840 -5.582212 43.138355 
210.000000 -3.933963 -5.825196 42.856512 
211.000000 -4.021729 -6.267826 42.499041 
212.000000 -4.225585 -6.819109 42.148955 
213.000000 -4.534931 -7.410770 41.864399 
214.000000 -4.937805 -8.022440 41.653898 
215.000000 -5.421539 -8.676549 41.482101 
216.000000 -5.973335 -9.410872 41.298017 
217.000000 -6.580738 -10.253565 41.060675 
218.000000 -7.232006 -11.212897 40.749833 
219.000000 -7.916346 -12.278007 40.365492 
220.000000 -8.624071 -13.423688 39.923229 
221.000000 -9.346663 -14.615545 39.449097 
222.000000 -10.076768 -15.814784 38.974826 
223.000000 -10.808157 -16.983031 38.532926 
224.000000 -16.495382 -21.517057 39.698901 
225.000000 -15.724668 -20.493627 39.954195 
226.000000 -14.896583 -19.185984 40.438443 
227.000000 -14.011486 -17.653101 41.092162 
228.000000 -13.073449 -16.011771 41.801410 
229.000000 -12.090807 -14.388160 42.447399 
230.000000 -11.076240 -12.884869 42.939707 
231.000000 -10.046334 -11.569830 43.226840 
232.000000 -9.020718 -10.472570 43.298976 
233.000000 -8.020934 -9.576689 43.194358 
234.000000 -7.069214 -8.810583 43.007445 
235.000000 -6.187292 -8.058735 42.876445 
236.000000 -5.395310 -7.224501 42.918998 
237.000000 -4.710866 -6.316786 43.143845 
238.000000 -4.148225 -5.458787 43.441226 
239.000000 -3.717722 -4.802765 43.668242 
240.000000 -3.425402 -4.450757 43.728320 
241.000000 -3.272930 -4.429916 43.595825 
242.000000 -3.257779 -4.700279 43.308393 
243.000000 -3.373676 -5.175757 42.946302 
244.000000 -3.611246 -5.758280 42.598843 
245.000000 -3.958788 -6.380018 42.322581 
246.000000 -4.403080 -7.028284 42.117027 
247.000000 -4.930158 -7.733299 41.937682 
248.000000 -5.525990 -8.534918 41.730228 
249.000000 -6.177021 -9.457591 41.456324 
250.000000 -6.870582 -10.502850 41.101591 
251.000000 -7.595153 -11.652360 40.672814 
252.000000 -8.340510 -12.873904 40.192097 
253.000000 -9.097778 -14.127196 39.691078 
254.000000 -9.859405 -15.369377 39.205403 
255.000000 -10.619093 -16.560682 38.768935 
256.000000 -15.714846 -20.820193 39.614360 
257.000000 -14.941164 -19.896523 39.765901 
258.000000 -14.116112 -18.682060 40.159224 
259.000000 -13.239342 -17.196766 40.773516 
260.000000 -12.313535 -15.540887 41.509992 
261.000000 -11.345137 -13.848957 42.239356 
262.000000 -10.344759 -12.242912 42.849542 
263.000000 -9.327136 -10.810514 43.267234 
264.000000 -8.310607 -9.599261 43.463280 
265.000000 -7.316207 -8.609853 43.458254 
266.000000 -6.366485 -7.785530 43.332008 
267.000000 -5.484210 -7.015221 43.219274 
268.000000 -4.691067 -6.186885 43.254709 
269.000000 -4.006454 -5.283486 43.474980 
270.000000 -3.446424 -4.416929 43.783525 
271.000000 -3.022867 -3.748128 44.030334 
272.000000 -2.742974 -3.392201 44.106843 
273.000000 -2.609042 -3.382259 43.982075 
274.000000 -2.618633 -3.675302 43.696801 
275.000000 -2.765057 -4.177041 43.339117 
276.000000 -3.038116 -4.783350 43.003552 
277.000000 -3.424996 -5.428759 42.743166 
278.000000 -3.911220 -6.109471 42.547244 
279.000000 -4.481544 -6.862882 42.362778 
280.000000 -5.120735 -7.729340 42.133756 
281.000000 -5.814191 -8.728285 41.825835 
282.000000 -6.548385 -9.853864 41.431205 
283.000000 -7.311142 -11.080104 40.963684 
284.000000 -8.091787 -12.367914 40.451843 
285.000000 -8.881171 -13.671588 39.932521 
286.000000 -9.671621 -14.945145 39.444407 
287.000000 -10.456844 -16.148886 39.021317 
288.000000 -14.949778 -20.049219 39.620326 
289.000000 -14.167006 -19.212804 39.674529 
290.000000 -13.338618 -18.101041 39.960797 
291.000000 -12.464199 -16.692020 40.500606 
292.000000 -11.545772 -15.056162 41.224535 
293.000000 -10.588553 -13.326130 42.003768 
294.000000 -9.601530 -11.640508 42.707695 
295.000000 -8.597719 -10.107955 43.240192 
296.000000 -7.593982 -8.795298 43.551201 
297.000000 -6.610406 -7.721171 43.642351 
298.000000 -5.669289 -6.844975 43.577001 
299.000000 -4.793853 -6.063243 43.482673 
300.000000 -4.006823 -5.251726 43.507323 
301.000000 -3.329001 -4.365804 43.716797 
302.000000 -2.777962 -3.500983 44.032587 
303.000000 -2.366981 -2.824343 44.299890 
304.000000 -2.104302 -2.464601 44.397542 
305.000000 -1.992811 -2.461734 44.288259 
306.000000 -2.030144 -2.770091 44.015556 
307.000000 -2.209204 -3.287702 43.674830 
308.000000 -2.518986 -3.906156 43.364099 
309.000000 -2.945604 -4.564990 43.130286 
310.000000 -3.473375 -5.270740 42.951053 
311.000000 -4.085845 -6.067278 42.765660 
312.000000 -4.766667 -6.993872 42.518074 
313.000000 -5.500286 -8.063773 42.179226 
314.000000 -6.272421 -9.263203 41.748522 
315.000000 -7.070352 -10.558434 41.247037 
316.000000 -7.883053 -11.903670 40.709743 
317.000000 -8.701196 -13.248313 40.178240 
318.000000 -9.517075 -14.544275 39.693319 
319.000000 -10.324472 -15.753323 39.287408 
320.000000 -14.214294 -19.208367 39.726788 
321.000000 -13.417945 -18.434229 39.704348 
322.000000 -12.581141 -17.418773 39.884829 
323.000000 -11.703863 -16.103917 40.326731 
324.000000 -10.788079 -14.520380 41.000672 
325.000000 -9.838440 -12.784988 41.793117 
326.000000 -8.862903 -11.046175 42.562335 
327.000000 -7.873148 -9.433182 43.190049 
328.000000 -6.884660 -8.033907 43.603615 
329.000000 -5.916382 -6.886589 43.783826 
330.000000 -4.989935 -5.968745 43.775166 
331.000000 -4.128438 -5.187917 43.693972 
332.000000 -3.355077 -4.410939 43.697613 
333.000000 -2.691537 -3.563321 43.882882 
334.000000 -2.156487 -2.717187 44.195919 
335.000000 -1.764276 -2.042008 44.480605 
336.000000 -1.523993 -1.680699 44.602349 
337.000000 -1.438994 -1.681461 44.516080 
338.000000 -1.506941 -1.996621 44.267377 
339.000000 -1.720333 -2.517409 43.958065 
340.000000 -2.067409 -3.133635 43.687181 
341.000000 -2.533293 -3.793277 43.492142 
342.000000 -3.101207 -4.514922 43.337373 
343.000000 -3.753615 -5.348185 43.155274 
344.000000 -4.473198 -6.329695 42.891497 
345.000000 -5.243593 -7.465409 42.523503 
346.000000 -6.049907 -8.733119 42.058564 
347.000000 -6.879009 -10.091209 41.525271 
348.000000 -7.719642 -11.487334 40.964964 
349.000000 -8.562404 -12.866527 40.423581 
350.000000 -9.399641 -14.179520 39.943166 
351.000000 -10.225279 -15.390654 39.553701 
352.000000 -13.520633 -18.322833 39.920620 
353.000000 -12.708075 -17.576597 39.853626 
354.000000 -11.859508 -16.633340 39.949273 
355.000000 -10.975578 -15.412627 40.289378 
356.000000 -10.058634 -13.904637 40.885950 
357.000000 -9.113317 -12.196377 41.655486 
358.000000 -8.147142 -10.433894 42.458081 
359.000000 -7.170968 -8.762716 43.158115 
360.000000 -6.199215 -7.292294 43.660153 
361.000000 -5.249737 -6.082374 43.922279 
362.000000 -4.343253 -5.131342 43.967108 
363.000000 -3.502347 -4.362551 43.894535 
364.000000 -2.750100 -3.639569 43.865084 
365.000000 -2.108487 -2.857251 44.006682 
366.000000 -1.596724 -2.055133 44.298838 
367.000000 -1.229786 -1.398060 44.590712 
368.000000 -1.017276 -1.042743 44.734353 
369.000000 -0.962809 -1.047268 44.675019 
370.000000 -1.063979 -1.362896 44.459293 
371.000000 -1.312877 -1.875215 44.194271 
372.000000 -1.697061 -2.475328 43.976993 
373.000000 -2.200794 -3.123598 43.831535 
374.000000 -2.806374 -3.852455 43.707458 
375.000000 -3.495373 -4.716480 43.531278 
376.000000 -4.249693 -5.748242 43.251960 
377.000000 -5.052360 -6.945495 42.854596 
378.000000 -5.888045 -8.277241 42.354859 
379.000000 -6.743362 -9.693937 41.789057 
380.000000 -7.606957 -11.136876 41.204836 
381.000000 -8.469464 -12.547164 40.652132 
382.000000 -9.323366 -13.875036 40.173642 
383.000000 -10.162796 -15.088031 39.796334 
384.000000 -12.878917 -17.439329 40.164814 
385.000000 -12.049398 -16.685539 40.088338 
386.000000 -11.187627 -15.778536 40.134017 
387.000000 -10.295047 -14.632010 40.390427 
388.000000 -9.374647 -13.205863 40.900870 
389.000000 -8.431455 -11.550636 41.619066 
390.000000 -7.473035 -9.795349 42.422250 
391.000000 -6.509928 -8.091851 43.168009 
392.000000 -5.555911 -6.567762 43.741911 
393.000000 -4.627977 -5.304417 44.079460 
394.000000 -3.745932 -4.323149 44.179301 
395.000000 -2.931563 -3.568637 44.119072 
396.000000 -2.207381 -2.910859 44.052253 
397.000000 -1.595067 -2.219587 44.131705 
398.000000 -1.113783 -1.493717 44.377790 
399.000000 -0.778578 -0.881488 44.656460 
400.000000 -0.599133 -0.549127 44.810263 
401.000000 -0.579026 -0.565373 44.773700 
402.000000 -0.715628 -0.881600 44.593027 
403.000000 -1.000604 -1.379179 44.379156 
404.000000 -1.420920 -1.953734 44.223977 
405.000000 -1.960149 -2.581794 44.134598 
406.000000 -2.599882 -3.311084 44.044480 
407.000000 -3.321045 -4.200474 43.875188 
408.000000 -4.105012 -5.277572 43.580148 
409.000000 -4.934424 -6.531626 43.152623 
410.000000 -5.793727 -7.922969 42.616766 
411.000000 -6.669456 -9.394409 42.016492 
412.000000 -7.550303 -10.881186 41.405584 
413.000000 -8.427047 -12.320795 40.837773 
414.000000 -9.292388 -13.663217 40.356236 
415.000000 -10.140719 -14.879205 39.984975 
416.000000 -12.297084 -16.615105 40.409551 
417.000000 -11.451594 -15.826381 40.352241 
418.000000 -10.577058 -14.919737 40.384656 
419.000000 -9.675736 -13.815378 40.589614 
420.000000 -8.751381 -12.458896 41.025679 
421.000000 -7.809642 -10.869093 41.679290 
422.000000 -6.858476 -9.148100 42.455187 
423.000000 -5.908514 -7.440953 43.217836 
424.000000 -4.973291 -5.885028 43.842673 
425.000000 -4.069255 -4.579425 44.246760 
426.000000 -3.215433 -3.567537 44.405786 
427.000000 -2.432720 -2.818837 44.371569 
428.000000 -1.742747 -2.221185 44.278686 
429.000000 -1.166412 -1.634060 44.289542 
430.000000 -0.722238 -1.016228 44.464250 
431.000000 -0.424768 -0.484688 44.699701 
432.000000 -0.283259 -0.203875 44.839809 
433.000000 -0.300887 -0.250538 44.810608 
434.000000 -0.474595 -0.576983 44.656985 
435.000000 -0.795578 -1.062077 44.491904 
436.000000 -1.250298 -1.608801 44.399349 
437.000000 -1.821831 -2.212543 44.366946 
438.000000 -2.491315 -2.937115 44.311524 
439.000000 -3.239317 -3.845436 44.150219 
440.000000 -4.046961 -4.960345 43.841015 
441.000000 -4.896768 -6.263346 43.384830 
442.000000 -5.773186 -7.707062 42.813562 
443.000000 -6.662859 -9.227474 42.178089 
444.000000 -7.554670 -10.754283 41.537963 
445.000000 -8.439654 -12.221478 40.950705 
446.000000 -9.310798 -13.578467 40.460381 
447.000000 -10.162805 -14.798504 40.088785 
448.000000 -11.780929 -15.903316 40.607029 
449.000000 -10.921970 -15.065046 40.586147 
450.000000 -10.036797 -14.132933 40.633525 
451.000000 -9.128449 -13.039483 40.820330 
452.000000 -8.201465 -11.729766 41.206468 
453.000000 -7.262213 -10.202967 41.798958 
454.000000 -6.319233 -8.533857 42.530749 
455.000000 -5.383516 -6.850270 43.283972 
456.000000 -4.468667 -5.288240 43.935426 
457.000000 -3.590873 -3.956827 44.391853 
458.000000 -2.768581 -2.916685 44.611000 
459.000000 -2.021828 -2.161213 44.619771 
460.000000 -1.371203 -1.604433 44.525373 
461.000000 -0.836476 -1.115012 44.479796 
462.000000 -0.435049 -0.625087 44.568820 
463.000000 -0.180425 -0.211121 44.729094 
464.000000 -0.080936 -0.018596 44.822668 
465.000000 -0.138968 -0.123898 44.775125 
466.000000 -0.350796 -0.479554 44.630461 
467.000000 -0.707070 -0.963615 44.501918 
468.000000 -1.193824 -1.488144 44.463918 
469.000000 -1.793825 -2.068133 44.484049 
470.000000 -2.488026 -2.783449 44.462808 
471.000000 -3.256926 -3.701626 44.312630 
472.000000 -4.081703 -4.842334 43.994740 
473.000000 -4.945028 -6.181395 43.515917 
474.000000 -5.831589 -7.665657 42.914088 
475.000000 -6.728326 -9.225760 42.245790 
476.000000 -7.624463 -10.786658 41.575694 
477.000000 -8.511391 -12.278743 40.965308 
478.000000 -9.382458 -13.649910 40.460600 
479.000000 -10.232710 -14.874468 40.082667 
480.000000 -11.334229 -15.343001 40.721696 
481.000000 -10.465522 -14.452685 40.743505 
482.000000 -9.573242 -13.482648 40.821972 
483.000000 -8.661137 -12.378538 41.015704 
484.000000 -7.734486 -11.092858 41.377861 
485.000000 -6.800382 -9.617457 41.923635 
486.000000 -5.868007 -8.006509 42.607438 
487.000000 -4.948835 -6.366985 43.332908 
488.000000 -4.056719 -4.824226 43.987821 
489.000000 -3.207787 -3.487875 44.478235 
490.000000 -2.420077 -2.428290 44.751707 
491.000000 -1.712858 -1.657914 44.815229 
492.000000 -1.105632 -1.118980 44.746543 
493.000000 -0.616847 -0.704806 44.671498 
494.000000 -0.262457 -0.342064 44.679899 
495.000000 -0.054511 -0.069954 44.744436 
496.000000 0.000000 0.000000 44.759968 
497.000000 -0.100155 -0.195452 44.664118 
498.000000 -0.350348 -0.605630 44.503189 
499.000000 -0.740587 -1.108427 44.389956 
500.000000 -1.256526 -1.624511 44.389811 
501.000000 -1.880785 -2.186411 44.452544 
502.000000 -2.594370 -2.889008 44.463598 
503.000000 -3.377997 -3.805865 44.329565 
504.000000 -4.213176 -4.956434 44.012223 
505.000000 -5.082997 -6.314070 43.521246 
506.000000 -5.972610 -7.822673 42.897978 
507.000000 -6.869440 -9.409702 42.202631 
508.000000 -7.763190 -10.996545 41.503938 
509.000000 -8.645709 -12.509899 40.867598 
510.000000 -9.510766 -13.894731 40.342975 
511.000000 -10.353787 -15.124266 39.952661 
512.000000 -10.958920 -14.955720 40.733779 
513.000000 -10.085083 -14.019395 40.796839 
514.000000 -9.190280 -13.010260 40.912207 
515.000000 -8.278888 -11.885596 41.127375 
516.000000 -7.356843 -10.608256 41.485728 
517.000000 -6.431899 -9.171068 42.002163 
518.000000 -5.513842 -7.616211 42.643838 
519.000000 -4.614634 -6.032041 43.333657 
520.000000 -3.748422 -4.528512 43.975159 
521.000000 -2.931356 -3.208076 44.481623 
522.000000 -2.181161 -2.142865 44.798486 
523.000000 -1.516417 -1.357449 44.919848 
524.000000 -0.955559 -0.818815 44.897497 
525.000000 -0.515645 -0.451211 44.824773 
526.000000 -0.211017 -0.194038 44.777046 
527.000000 -0.052031 -0.063459 44.748475 
528.000000 -0.044054 -0.133432 44.670071 
529.000000 -0.186906 -0.443412 44.501957 
530.000000 -0.474855 -0.934242 44.297853 
531.000000 -0.897176 -1.482119 44.171527 
532.000000 -1.439157 -2.012265 44.183436 
533.000000 -2.083385 -2.568838 44.271628 
534.000000 -2.811106 -3.259159 44.309257 
535.000000 -3.603478 -4.164676 44.195419 
536.000000 -4.442583 -5.308508 43.888779 
537.000000 -5.312159 -6.665542 43.398115 
538.000000 -6.198021 -8.180199 42.764909 
539.000000 -7.088243 -9.779504 42.050450 
540.000000 -7.973139 -11.383013 41.325919 
541.000000 -8.845105 -12.913943 40.661076 
542.000000 -9.698394 -14.312832 40.110256 
543.000000 -10.528848 -15.549194 39.700245 
544.000000 -10.655309 -14.746675 40.638339 
545.000000 -9.781529 -13.774900 40.737240 
546.000000 -8.889477 -12.732650 40.888805 
547.000000 -7.984067 -11.586758 41.131429 
548.000000 -7.071800 -10.310463 41.498585 
549.000000 -6.160979 -8.901664 42.000635 
550.000000 -5.261895 -7.397287 42.610571 
551.000000 -4.386911 -5.871815 43.265697 
552.000000 -3.550403 -4.419570 43.885515 
553.000000 -2.768517 -3.131516 44.394826 
554.000000 -2.058664 -2.075402 44.743134 
555.000000 -1.438763 -1.281117 44.918518 
556.000000 -0.926214 -0.733933 44.953349 
557.000000 -0.536702 -0.386853 44.910676 
558.000000 -0.282939 -0.200698 44.842683 
559.000000 -0.173523 -0.184859 44.748567 
560.000000 -0.212096 -0.384782 44.586274 
561.000000 -0.396947 -0.814823 44.339618 
562.000000 -0.721142 -1.404342 44.072659 
563.000000 -1.173157 -2.024897 43.903053 
564.000000 -1.737909 -2.598510 43.894135 
565.000000 -2.398009 -3.170703 43.982601 
566.000000 -3.135053 -3.856189 44.034484 
567.000000 -3.930787 -4.745635 43.940180 
568.000000 -4.768034 -5.869872 43.651336 
569.000000 -5.631341 -7.209536 43.171763 
570.000000 -6.507347 -8.713258 42.539528 
571.000000 -7.384911 -10.310747 41.813998 
572.000000 -8.255063 -11.922056 41.066560 
573.000000 -9.110835 -13.467871 40.370162 
574.000000 -9.947021 -14.883282 39.785195 
575.000000 -10.759915 -16.131353 39.345442 
576.000000 -10.422298 -14.707739 40.442441 
577.000000 -9.554024 -13.712340 40.570764 
578.000000 -8.670325 -12.646260 40.754836 
579.000000 -7.776570 -11.484020 41.025744 
580.000000 -6.879709 -10.208125 41.408073 
581.000000 -5.988475 -8.822782 41.906265 
582.000000 -5.113520 -7.363629 42.494999 
583.000000 -4.267461 -5.895749 43.121321 
584.000000 -3.464770 -4.500010 43.718369 
585.000000 -2.721468 -3.254901 44.223354 
586.000000 -2.054576 -2.220370 44.593207 
587.000000 -1.481313 -1.426407 44.815191 
588.000000 -1.018062 -0.869656 44.909225 
589.000000 -0.679189 -0.525154 44.914886 
590.000000 -0.475861 -0.374961 44.861448 
591.000000 -0.415004 -0.432338 44.742533 
592.000000 -0.498608 -0.728140 44.529092 
593.000000 -0.723481 -1.259722 44.220529 
594.000000 -1.081503 -1.947879 43.888323 
595.000000 -1.560356 -2.658612 43.654942 
596.000000 -2.144588 -3.302683 43.594709 
597.000000 -2.816844 -3.914449 43.655597 
598.000000 -3.559100 -4.608212 43.704407 
599.000000 -4.353740 -5.483307 43.623425 
600.000000 -5.184397 -6.581276 43.354324 
601.000000 -6.036513 -7.892070 42.892445 
602.000000 -6.897636 -9.371808 42.269232 
603.000000 -7.757497 -10.955901 41.539182 
604.000000 -8.607925 -12.567621 40.771223 
605.000000 -9.442653 -14.127014 40.039639 
606.000000 -10.257073 -15.563806 39.410843 
607.000000 -11.047972 -16.832436 38.927855 
608.000000 -10.257623 -14.820999 40.161821 
609.000000 -9.400284 -13.812919 40.314029 
610.000000 -8.530547 -12.732855 40.526360 
611.000000 -7.654143 -11.561653 40.823886 
612.000000 -6.778367 -10.289747 41.223536 
613.000000 -5.912240 -8.927442 41.723903 
614.000000 -5.066619 -7.510846 42.299408 
615.000000 -4.254201 -6.098740 42.903542 
616.000000 -3.489372 -4.761204 43.480216 
617.000000 -2.787863 -3.565209 43.977919 
618.000000 -2.166167 -2.561890 44.361904 
619.000000 -1.640722 -1.778286 44.621602 
620.000000 -1.226877 -1.216942 44.769961 
621.000000 -0.937752 -0.867698 44.830426 
622.000000 -0.783100 -0.729186 44.814193 
623.000000 -0.768370 -0.822055 44.705972 
624.000000 -0.894112 -1.172885 44.479557 
625.000000 -1.155845 -1.772221 44.139898 
626.000000 -1.544421 -2.539051 43.759244 
627.000000 -2.046822 -3.336889 43.461857 
628.000000 -2.647261 -4.061999 43.336344 
629.000000 -3.328412 -4.728052 43.351545 
630.000000 -4.072596 -5.440435 43.383562 
631.000000 -4.862796 -6.304302 43.309392 
632.000000 -5.683420 -7.372845 43.059756 
633.000000 -6.520791 -8.647370 42.619449 
634.000000 -7.363372 -10.093631 42.011144 
635.000000 -8.201789 -11.654995 41.282214 
636.000000 -9.028706 -13.260525 40.496570 
637.000000 -9.838602 -14.832224 39.727245 
638.000000 -10.627513 -16.296014 39.045121 
639.000000 -11.392759 -17.596913 38.503298 
640.000000 -10.158081 -15.062394 39.817470 
641.000000 -9.316854 -14.050588 39.989774 
642.000000 -8.466411 -12.965464 40.226773 
643.000000 -7.612766 -11.793349 40.548289 
644.000000 -6.763443 -10.531464 40.964633 
645.000000 -5.927616 -9.195439 41.469180 
646.000000 -5.116186 -7.822272 42.035508 
647.000000 -4.341744 -6.466118 42.621670 
648.000000 -3.618401 -5.188369 43.180046 
649.000000 -2.961409 -4.046017 43.668680 
650.000000 -2.386578 -3.081795 44.060566 
651.000000 -1.909453 -2.318707 44.348291 
652.000000 -1.544323 -1.762011 44.541006 
653.000000 -1.303113 -1.410952 44.651502 
654.000000 -1.194328 -1.275436 44.678389 
655.000000 -1.222177 -1.382362 44.598849 
656.000000 -1.386065 -1.758167 44.385668 
657.000000 -1.680526 -2.392778 44.043424 
658.000000 -2.095646 -3.208955 43.639791 
659.000000 -2.617900 -4.072502 43.296207 
660.000000 -3.231268 -4.867642 43.113179 
661.000000 -3.918460 -5.584471 43.083335 
662.000000 -4.662082 -6.313651 43.097878 
663.000000 -5.445611 -7.162514 43.032084 
664.000000 -6.254110 -8.195145 42.806350 
665.000000 -7.074669 -9.424716 42.394306 
666.000000 -7.896581 -10.827427 41.808946 
667.000000 -8.711313 -12.355727 41.089339 
668.000000 -9.512342 -13.946250 40.292551 
669.000000 -10.294900 -15.525596 39.487689 
670.000000 -11.055687 -17.018696 38.747269 
671.000000 -11.792594 -18.362354 38.133254 
672.000000 -10.119753 -15.405350 39.432205 
673.000000 -9.299373 -14.396588 39.622576 
674.000000 -8.473067 -13.314005 39.881491 
675.000000 -7.647047 -12.148994 40.223851 
676.000000 -6.828960 -10.904685 40.654125 
677.000000 -6.027999 -9.601090 41.161288 
678.000000 -5.254951 -8.275756 41.718254 
679.000000 -4.522135 -6.978813 42.286861 
680.000000 -3.843198 -5.764212 42.826516 
681.000000 -3.232740 -4.680311 43.303286 
682.000000 -2.705729 -3.762465 43.696734 
683.000000 -2.276715 -3.029920 44.002213 
684.000000 -1.958884 -2.489492 44.226198 
685.000000 -1.763027 -2.146677 44.374050 
686.000000 -1.696546 -2.018373 44.436246 
687.000000 -1.762664 -2.134766 44.385669 
688.000000 -1.959957 -2.521997 44.194571 
689.000000 -2.282326 -3.171092 43.865790 
690.000000 -2.719424 -4.010984 43.460354 
691.000000 -3.257491 -4.913448 43.093459 
692.000000 -3.880447 -5.755478 42.872830 
693.000000 -4.571099 -6.505637 42.812894 
694.000000 -5.312292 -7.237557 42.822234 
695.000000 -6.087869 -8.057903 42.777141 
696.000000 -6.883375 -9.040525 42.588651 
697.000000 -7.686479 -10.210399 42.219099 
698.000000 -8.487128 -11.554353 41.671452 
699.000000 -9.277496 -13.034221 40.976030 
700.000000 -10.051779 -14.595085 40.182087 
701.000000 -10.805911 -16.170172 39.352698 
702.000000 -11.537252 -17.686674 38.558678 
703.000000 -12.244276 -19.076316 37.867673 
704.000000 -10.138209 -15.824199 39.027437 
705.000000 -9.342832 -14.823551 39.234977 
706.000000 -8.544862 -13.750142 39.513375 
707.000000 -7.750620 -12.600263 39.872696 
708.000000 -6.967774 -11.382203 40.312217 
709.000000 -6.205415 -10.119299 40.817454 
710.000000 -5.474077 -8.848860 41.361310 
711.000000 -4.785647 -7.616882 41.909362 
712.000000 -4.153157 -6.470456 42.427302 
713.000000 -3.590401 -5.450321 42.888050 
714.000000 -3.111378 -4.585647 43.276406 
715.000000 -2.729556 -3.892910 43.589414 
716.000000 -2.456991 -3.380526 43.830798 
717.000000 -2.303387 -3.058608 44.000185 
718.000000 -2.275186 -2.947999 44.083111 
719.000000 -2.374845 -3.079225 44.051346 
720.000000 -2.600413 -3.476445 43.878606 
721.000000 -2.945501 -4.131201 43.566922 
722.000000 -3.399686 -4.978797 43.170841 
723.000000 -3.949281 -5.898967 42.797637 
724.000000 -4.578380 -6.765928 42.558027 
725.000000 -5.270013 -7.530206 42.484839 
726.000000 -6.007274 -8.247739 42.504715 
727.000000 -6.774272 -9.022243 42.497153 
728.000000 -7.556853 -9.936301 42.364683 
729.000000 -8.343038 -11.026778 42.058031 
730.000000 -9.123194 -12.291446 41.569587 
731.000000 -9.889987 -13.701733 40.920516 
732.000000 -10.638166 -15.211538 40.151726 
733.000000 -11.364252 -16.761974 39.318875 
734.000000 -12.066199 -18.285351 38.488123 
735.000000 -12.743051 -19.712428 37.728566 
736.000000 -10.208689 -16.296951 38.620558 
737.000000 -9.441811 -15.308623 38.844571 
738.000000 -8.675634 -14.250698 39.139595 
739.000000 -7.916511 -13.124197 39.510943 
740.000000 -7.172032 -11.941737 39.953442 
741.000000 -6.451078 -10.728773 40.450260 
742.000000 -5.763805 -9.521337 40.975216 
743.000000 -5.121548 -8.360858 41.497933 
744.000000 -4.536595 -7.287833 41.989998 
745.000000 -4.021820 -6.336239 42.430205 
746.000000 -3.590166 -5.530279 42.807279 
747.000000 -3.253960 -4.884804 43.118748 
748.000000 -3.024126 -4.410205 43.365197 
749.000000 -2.909328 -4.120251 43.541530 
750.000000 -2.915169 -4.037743 43.630465 
751.000000 -3.043530 -4.191537 43.604863 
752.000000 -3.292181 -4.602410 43.441560 
753.000000 -3.654749 -5.261422 43.143087 
754.000000 -4.121048 -6.109572 42.758517 
755.000000 -4.677780 -7.035355 42.386721 
756.000000 -5.309476 -7.913577 42.138295 
757.000000 -5.999575 -8.679981 42.061391 
758.000000 -6.731496 -9.372221 42.101384 
759.000000 -7.489585 -10.088366 42.143657 
760.000000 -8.259852 -10.918240 42.083582 
761.000000 -9.030453 -11.910645 41.860011 
762.000000 -9.791921 -13.074852 41.453944 
763.000000 -10.537149 -14.392317 40.876702 
764.000000 -11.261201 -15.826068 40.160315 
765.000000 -11.961005 -17.325815 39.352141 
766.000000 -12.634978 -18.831010 38.511516 
767.000000 -13.282666 -20.275372 37.704933 
768.000000 -10.326265 -16.806914 38.223466 
769.000000 -9.590682 -15.835032 38.462624 
770.000000 -8.858980 -14.799032 38.770490 
771.000000 -8.137469 -13.704270 39.147949 
772.000000 -7.433575 -12.566644 39.586347 
773.000000 -6.755872 -11.412400 40.067750 
774.000000 -6.114043 -10.275231 40.567866 
775.000000 -5.518773 -9.191580 41.060693 
776.000000 -4.981516 -8.195644 41.523326 
777.000000 -4.514159 -7.315510 41.939486 
778.000000 -4.128533 -6.571553 42.300624 
779.000000 -3.835809 -5.977937 42.603785 
780.000000 -3.645793 -5.547203 42.846262 
781.000000 -3.566173 -5.296007 43.019062 
782.000000 -3.601812 -5.247941 43.103356 
783.000000 -3.754163 -5.429385 43.074058 
784.000000 -4.020913 -5.857350 42.911701 
785.000000 -4.395928 -6.521910 42.620051 
786.000000 -4.869528 -7.369004 42.243734 
787.000000 -5.429070 -8.295994 41.873386 
788.000000 -6.059780 -9.180675 41.617337 
789.000000 -6.745719 -9.946854 41.536428 
790.000000 -7.470778 -10.613157 41.595675 
791.000000 -8.219590 -11.268499 41.689918 
792.000000 -8.978274 -12.007420 41.709844 
793.000000 -9.734974 -12.890117 41.582804 
794.000000 -10.480153 -13.937807 41.277727 
795.000000 -11.206661 -15.142521 40.795278 
796.000000 -11.909604 -16.476771 40.157993 
797.000000 -12.586062 -17.899279 39.404289 
798.000000 -13.234727 -19.357856 38.585281 
799.000000 -13.855510 -20.792161 37.761716 
800.000000 -10.485980 -17.342903 37.842471 
801.000000 -9.783788 -16.391927 38.094398 
802.000000 -9.088477 -15.384400 38.410433 
803.000000 -8.406242 -14.329287 38.787693 
804.000000 -7.744273 -13.244534 39.215221 
805.000000 -7.110757 -12.155885 39.675205 
806.000000 -6.514833 -11.093839 40.146038 
807.000000 -5.966466 -10.089680 40.606195 
808.000000 -5.476229 -9.171799 41.037729 
809.000000 -5.054982 -8.363312 41.428329 
810.000000 -4.713438 -7.681744 41.771182 
811.000000 -4.461626 -7.141123 42.062307 
812.000000 -4.308274 -6.755953 42.295929 
813.000000 -4.260162 -6.545054 42.459954 
814.000000 -4.321502 -6.532263 42.534641 
815.000000 -4.493430 -6.741642 42.496909 
816.000000 -4.773684 -7.187039 42.330515 
817.000000 -5.156531 -7.857788 42.040375 
818.000000 -5.632974 -8.704296 41.667320 
819.000000 -6.191232 -9.632571 41.294183 
820.000000 -6.817442 -10.525104 41.025529 
821.000000 -7.496501 -11.296458 40.932410 
822.000000 -8.212953 -11.945808 41.000113 
823.000000 -8.951841 -12.548911 41.137099 
824.000000 -9.699438 -13.201275 41.233163 
825.000000 -10.443817 -13.972939 41.205640 
826.000000 -11.175221 -14.897012 41.011275 
827.000000 -11.886224 -15.976502 40.639438 
828.000000 -12.571697 -17.193733 40.102583 
829.000000 -13.228592 -18.516671 39.429696 
830.000000 -13.855619 -19.902089 38.662839 
831.000000 -14.452858 -21.297468 37.854942 
832.000000 -10.682959 -17.898259 37.479403 
833.000000 -10.015585 -16.972893 37.740792 
834.000000 -9.357858 -16.000009 38.059963 
835.000000 -8.715797 -14.991184 38.431215 
836.000000 -8.096288 -13.965146 38.842501 
837.000000 -7.507078 -12.946075 39.277152 
838.000000 -6.956709 -11.960767 39.716701 
839.000000 -6.454389 -11.035512 40.143900 
840.000000 -6.009788 -10.193581 40.545048 
841.000000 -5.632740 -9.454026 40.910890 
842.000000 -5.332864 -8.832246 41.235638 
843.000000 -5.119090 -8.342325 41.514143 
844.000000 -4.999131 -8.000290 41.738061 
845.000000 -4.978929 -7.826470 41.892925 
846.000000 -5.062126 -7.844778 41.958334 
847.000000 -5.249624 -8.077651 41.912595 
848.000000 -5.539294 -8.536933 41.741610 
849.000000 -5.925896 -9.212021 41.450722 
850.000000 -6.401224 -10.057744 41.077125 
851.000000 -6.954488 -10.988501 40.696222 
852.000000 -7.572890 -11.892764 40.407680 
853.000000 -8.242338 -12.678648 40.290125 
854.000000 -8.948217 -13.326365 40.348848 
855.000000 -9.676147 -13.894721 40.509940 
856.000000 -10.412679 -14.475432 40.667217 
857.000000 -11.145862 -15.145578 40.730835 
858.000000 -11.865673 -15.949287 40.646163 
859.000000 -12.564270 -16.900551 40.391116 
860.000000 -13.236058 -17.991675 39.967672 
861.000000 -13.877589 -19.199950 39.395048 
862.000000 -14.487309 -20.491295 38.705817 
863.000000 -15.065208 -21.821967 37.943911 
864.000000 -10.912501 -18.469205 37.133343 
865.000000 -10.280760 -17.573940 37.400477 
866.000000 -9.661156 -16.640811 37.718154 
867.000000 -9.059478 -15.682907 38.078918 
868.000000 -8.482266 -14.718643 38.470691 
869.000000 -7.936781 -13.769920 38.878627 
870.000000 -7.430940 -12.859707 39.287493 
871.000000 -6.973181 -12.009737 39.683866 
872.000000 -6.572278 -11.238942 40.057513 
873.000000 -6.237068 -10.563111 40.401452 
874.000000 -5.976123 -9.996011 40.710479 
875.000000 -5.797339 -9.551734 40.978381 
876.000000 -5.707492 -9.247331 41.194830 
877.000000 -5.711762 -9.104114 41.343591 
878.000000 -5.813293 -9.146074 41.403671 
879.000000 -6.012809 -9.394783 41.354058 
880.000000 -6.308364 -9.861284 41.181635 
881.000000 -6.695246 -10.536010 40.891236 
882.000000 -7.166083 -11.378452 40.516204 
883.000000 -7.711133 -12.311291 40.124677 
884.000000 -8.318749 -13.230069 39.810392 
885.000000 -8.975972 -14.039481 39.656633 
886.000000 -9.669180 -14.702598 39.687036 
887.000000 -10.384748 -15.258626 39.848215 
888.000000 -11.109674 -15.790339 40.043373 
889.000000 -11.832121 -16.377831 40.179660 
890.000000 -12.541864 -17.074291 40.193073 
891.000000 -13.230610 -17.904051 40.050669 
892.000000 -13.892172 -18.869236 39.743973 
893.000000 -14.522484 -19.956359 39.282330 
894.000000 -15.119457 -21.140381 38.688682 
895.000000 -15.682710 -22.386610 37.997439 
896.000000 -11.170145 -19.053196 36.802368 
897.000000 -10.574305 -18.191732 37.071773 
898.000000 -9.992793 -17.301840 37.384395 
899.000000 -9.431126 -16.397115 37.731999 
900.000000 -8.895460 -15.494857 38.103250 
901.000000 -8.392550 -14.614345 38.485448 
902.000000 -7.929674 -13.774908 38.866394 
903.000000 -7.514511 -12.994311 39.235905 
904.000000 -7.154965 -12.287909 39.586473 
905.000000 -6.858926 -11.668890 39.912777 
906.000000 -6.633986 -11.149715 40.209933 
907.000000 -6.487087 -10.744383 40.470852 
908.000000 -6.424149 -10.470558 40.683712 
909.000000 -6.449674 -10.350155 40.830978 
910.000000 -6.566367 -10.407247 40.891119 
911.000000 -6.774821 -10.663072 40.843319 
912.000000 -7.073286 -11.128720 40.674604 
913.000000 -7.457584 -11.796410 40.388546 
914.000000 -7.921163 -12.630553 40.014361 
915.000000 -8.455328 -13.562089 39.612930 
916.000000 -9.049607 -14.494595 39.271096 
917.000000 -9.692232 -15.332485 39.073683 
918.000000 -10.370678 -16.024930 39.059528 
919.000000 -11.072226 -16.590854 39.196652 
920.000000 -11.784499 -17.099604 39.402381 
921.000000 -12.495956 -17.629495 39.585871 
922.000000 -13.196323 -18.239680 39.676994 
923.000000 -13.876940 -18.963283 39.633561 
924.000000 -14.531015 -19.811542 39.437329 
925.000000 -15.153746 -20.779772 39.088069 
926.000000 -15.742305 -21.851625 38.599252 
927.000000 -16.295674 -23.001263 37.995728 
928.000000 -11.451718 -19.647695 36.484838 
929.000000 -10.891580 -18.822492 36.753815 
930.000000 -10.347648 -17.977430 37.059245 
931.000000 -9.825139 -17.125824 37.392870 
932.000000 -9.329801 -16.283394 37.744556 
933.000000 -8.867873 -15.466763 38.103763 
934.000000 -8.446002 -14.691990 38.460967 
935.000000 -8.071132 -13.973498 38.808608 
936.000000 -7.750338 -13.323744 39.141271 
937.000000 -7.490630 -12.753854 39.454817 
938.000000 -7.298695 -12.275243 39.744494 
939.000000 -7.180611 -11.901771 40.002474 
940.000000 -7.141529 -11.651459 40.215791 
941.000000 -7.185348 -11.546550 40.365956 
942.000000 -7.314395 -11.611117 40.431051 
943.000000 -7.529158 -11.866243 40.390303 
944.000000 -7.828088 -12.323430 40.230520 
945.000000 -8.207510 -12.976988 39.953672 
946.000000 -8.661655 -13.796286 39.584768 
947.000000 -9.182828 -14.720387 39.177513 
948.000000 -9.761701 -15.661613 38.811092 
949.000000 -10.387699 -16.527018 38.568901 
950.000000 -11.049445 -17.256058 38.500810 
951.000000 -11.735223 -17.848954 38.594789 
952.000000 -12.433436 -18.358927 38.785219 
953.000000 -13.133030 -18.857947 38.988073 
954.000000 -13.823879 -19.407269 39.131177 
955.000000 -14.497128 -20.046328 39.165743 
956.000000 -15.145481 -20.794013 39.065312 
957.000000 -15.763405 -21.653533 38.820988 
958.000000 -16.347228 -22.616541 38.437362 
959.000000 -16.895100 -23.665499 37.930099 
960.000000 -11.753368 -20.249547 36.180056 
961.000000 -11.228340 -19.461638 36.446955 
962.000000 -10.721086 -18.661194 36.744485 
963.000000 -10.236500 -17.860745 37.064860 
964.000000 -9.779917 -17.074243 37.399315 
965.000000 -9.357057 -16.315827 37.739311 
966.000000 -8.973959 -15.598731 38.077558 
967.000000 -8.636863 -14.934621 38.408576 
968.000000 -8.352077 -14.333635 38.728505 
969.000000 -8.125796 -13.805297 39.033997 
970.000000 -7.963888 -13.360245 39.320255 
971.000000 -7.871656 -13.012244 39.578749 
972.000000 -7.853571 -12.779530 39.795603 
973.000000 -7.912999 -12.684446 39.951682 
974.000000 -8.051942 -12.750861 40.024937 
975.000000 -8.270807 -12.999585 39.994779 
976.000000 -8.568234 -13.442479 39.847845 
977.000000 -8.941011 -14.075846 39.584562 
978.000000 -9.384088 -14.873727 39.225959 
979.000000 -9.890699 -15.782928 38.818863 
980.000000 -10.452594 -16.724801 38.434433 
981.000000 -11.060345 -17.611336 38.152257 
982.000000 -11.703718 -18.376558 38.028889 
983.000000 -12.372050 -19.005300 38.068975 
984.000000 -13.054631 -19.534272 38.224485 
985.000000 -13.741052 -20.025881 38.421660 
986.000000 -14.421541 -20.539749 38.590260 
987.000000 -15.087261 -21.118599 38.678147 
988.000000 -15.730601 -21.786805 38.652991 
989.000000 -16.345416 -22.553931 38.498885 
990.000000 -16.927205 -23.418481 38.212708 
991.000000 -17.473198 -24.370280 37.801796 
992.000000 -12.071572 -20.854897 35.888377 
993.000000 -11.580747 -20.103970 36.152592 
994.000000 -11.108964 -19.346482 36.442672 
995.000000 -10.660785 -18.593919 36.751560 
996.000000 -10.241125 -17.858479 37.071847 
997.000000 -9.855206 -17.152082 37.396731 
998.000000 -9.508480 -16.485578 37.720745 
999.000000 -9.206534 -15.868390 38.040011 
1000.000000 -8.954966 -15.308840 38.351784 
1001.000000 -8.759231 -14.815272 38.653156 
1002.000000 -8.624466 -14.397831 38.939079 
1003.000000 -8.555284 -14.070282 39.200322 
1004.000000 -8.555557 -13.850979 39.422275 
1005.000000 -8.628190 -13.762126 39.585470 
1006.000000 -8.774904 -13.827088 39.668076 
1007.000000 -8.996041 -14.066115 39.650000 
1008.000000 -9.290415 -14.491144 39.517974 
1009.000000 -9.655231 -15.100118 39.271199 
1010.000000 -10.086083 -15.871225 38.927169 
1011.000000 -10.577049 -16.758385 38.526387 
1012.000000 -11.120864 -17.691793 38.132072 
1013.000000 -11.709179 -18.589830 37.818438 
1014.000000 -12.332852 -19.384727 37.644991 
1015.000000 -12.982272 -20.049878 37.629054 
1016.000000 -13.647666 -20.607014 37.738726 
1017.000000 -14.319389 -21.107658 37.912002 
1018.000000 -14.988192 -21.607129 38.083467 
1019.000000 -15.645474 -22.148673 38.200638 
1020.000000 -16.283534 -22.759719 38.227983 
1021.000000 -16.895815 -23.454171 38.144800 
1022.000000 -17.477125 -24.235722 37.942050 
1023.000000 -18.023797 -25.100187 37.620154 
