0.000000 -28.024243 15.093897 43.057267 13.260103 -114.481267 
1.000000 -27.389570 16.053430 43.384368 105.220683 -22.472660 
2.000000 -26.753157 17.015585 43.712276 115.588302 -12.053760 
3.000000 -26.118351 17.974671 44.038631 36.144050 -91.443666 
4.000000 -25.489262 18.923869 44.360714 -142.058852 90.410512 
5.000000 -24.870847 19.855158 44.675448 -68.680308 163.848367 
6.000000 -24.268982 20.759265 44.979424 -114.042951 118.546563 
7.000000 -23.690482 21.625691 45.268947 70.964551 -56.384496 
8.000000 -23.143070 22.442818 45.540109 115.041040 -12.247125 
9.000000 -22.635254 23.198130 45.788895 6.691949 -120.537274 
10.000000 -22.176105 23.878565 46.011303 94.518225 -32.655565 
11.000000 -21.774911 24.471007 46.203497 7.572126 -119.551440 
12.000000 -21.440717 24.962903 46.361964 95.766801 -31.313471 
13.000000 -21.181776 25.342967 46.483665 -9.685189 -136.730727 
14.000000 -21.004963 25.601911 46.566185 44.159464 -82.861297 
15.000000 -20.915228 25.733109 46.607841 -107.644725 125.348303 
16.000000 -20.915160 25.733108 46.607772 -107.646963 125.348311 
17.000000 -21.004762 25.601909 46.565980 44.152775 -82.861273 
18.000000 -21.181443 25.342963 46.483327 -9.696259 -136.730686 
19.000000 -21.440254 24.962897 46.361493 95.751464 -31.313413 
20.000000 -21.774321 24.471000 46.202897 7.552674 -119.551366 
21.000000 -22.175392 23.878557 46.010577 94.494841 -32.655475 
22.000000 -22.634421 23.198120 45.788047 6.664834 -120.537168 
23.000000 -23.142121 22.442807 45.539145 115.010414 -12.247004 
24.000000 -23.689423 21.625679 45.267869 70.930639 -56.384360 
25.000000 -24.267815 20.759251 44.978237 -114.079921 118.546714 
26.000000 -24.869576 19.855143 44.674155 -68.720113 163.848532 
27.000000 -25.487891 18.923853 44.359319 -142.101277 90.410690 
28.000000 -26.116884 17.974653 44.037137 36.099211 -91.443475 
29.000000 -26.751596 17.015566 43.710685 115.541241 -12.053557 
30.000000 -27.387917 16.053410 43.382684 105.171580 -22.472445 
31.000000 -28.022501 15.093876 43.055491 13.209125 -114.481042 
32.000000 -28.117954 15.235264 43.293976 105.293366 -22.424146 
33.000000 -27.444626 16.252445 43.640135 -86.602578 145.731438 
34.000000 -26.766270 17.277924 43.989496 2.280627 -125.329953 
35.000000 -26.086190 18.305948 44.339594 3.343391 -124.208017 
36.000000 -25.408566 19.329426 44.687506 -92.889793 139.621473 
37.000000 -24.738591 20.339786 45.029836 63.218431 -64.204595 
38.000000 -24.082584 21.326866 45.362730 100.445124 -26.909867 
39.000000 -23.448077 22.278877 45.681914 6.786670 -120.498948 
40.000000 -22.843817 23.182464 45.982771 129.607116 2.390910 
41.000000 -22.279683 24.022921 46.260460 95.870268 -31.278097 
42.000000 -21.766454 24.784573 46.510073 -107.533677 125.382335 
43.000000 -21.315406 25.451371 46.726830 -133.365072 99.609744 
44.000000 -20.937738 26.007682 46.906289 6.472715 -120.501436 
45.000000 -20.643848 26.439238 47.044571 -58.504388 174.562602 
46.000000 -20.442517 26.734145 47.138561 23.207695 -103.695917 
47.000000 -20.340131 26.883842 47.186080 -114.385864 118.726798 
48.000000 -20.340060 26.883841 47.186007 -114.388256 118.726806 
49.000000 -20.442302 26.734142 47.138343 23.200550 -103.695893 
50.000000 -20.643493 26.439233 47.044210 -58.516199 174.562642 
51.000000 -20.937245 26.007676 46.905787 6.456374 -120.501380 
52.000000 -21.314778 25.451362 46.726191 -133.385759 99.609816 
53.000000 -21.765696 24.784563 46.509302 -107.558496 125.382422 
54.000000 -22.278799 24.022909 46.259560 95.841557 -31.277995 
55.000000 -22.842811 23.182451 45.981748 129.574769 2.391027 
56.000000 -23.446955 22.278862 45.680772 6.750945 -120.498817 
57.000000 -24.081351 21.326850 45.361473 100.406278 -26.909722 
58.000000 -24.737249 20.339769 45.028469 63.176715 -64.204436 
59.000000 -25.407120 19.329407 44.686032 -92.934142 139.621644 
60.000000 -26.084643 18.305927 44.338017 3.296631 -124.207834 
61.000000 -26.764625 17.277902 43.987819 2.231666 -125.329758 
62.000000 -27.442885 16.252422 43.638360 -86.653550 145.731643 
63.000000 -28.116120 15.235240 43.292105 105.240557 -22.423930 
64.000000 -28.260024 15.325153 43.527500 115.740982 -11.950943 
65.000000 -27.546225 16.401627 43.892542 2.360852 -125.275760 
66.000000 -26.823520 17.493242 44.263759 172.782573 45.205843 
67.000000 -26.095050 18.594372 44.638651 -101.911751 130.575976 
68.000000 -25.364946 19.697828 45.014146 -111.678333 120.878264 
69.000000 -24.638523 20.794629 45.386559 132.440864 5.070358 
70.000000 -23.922465 21.873798 45.751582 -101.691294 131.014454 
71.000000 -23.224985 22.922228 46.104306 -107.259087 125.525251 
72.000000 -22.555913 23.924663 46.439289 101.634527 -25.501634 
73.000000 -21.926671 24.863853 46.750688 150.201078 23.143473 
74.000000 -21.350068 25.720951 47.032451 23.325747 -103.656525 
75.000000 -20.839849 26.476211 47.278567 66.063992 -60.848799 
76.000000 -20.409993 27.109989 47.483361 -95.731123 137.416888 
77.000000 -20.073743 27.604021 47.641804 -114.684044 118.513287 
78.000000 -19.842479 27.942856 47.749818 -1.137903 -127.905228 
79.000000 -19.724581 28.115242 47.804528 -122.451610 110.800542 
80.000000 -19.724504 28.115241 47.804450 -122.454178 110.800549 
81.000000 -19.842249 27.942853 47.749584 -1.145569 -127.905205 
82.000000 -20.073362 27.604016 47.641416 -114.696702 118.513325 
83.000000 -20.409465 27.109981 47.482823 -95.748604 137.416942 
84.000000 -20.839178 26.476202 47.277884 66.041908 -60.848730 
85.000000 -21.349259 25.720940 47.031627 23.299320 -103.656441 
86.000000 -21.925730 24.863840 46.749729 150.170592 23.143572 
87.000000 -22.554844 23.924648 46.438200 101.600279 -25.501522 
88.000000 -23.223794 22.922211 46.103092 -107.296797 125.525377 
89.000000 -23.921157 21.873779 45.750249 -101.732177 131.014593 
90.000000 -24.637101 20.794609 45.385109 132.397089 5.070511 
91.000000 -25.363415 19.697807 45.012585 -111.724740 120.878428 
92.000000 -26.093414 18.594349 44.636982 -101.960548 130.576152 
93.000000 -26.821782 17.493217 44.261985 172.731608 45.206029 
94.000000 -27.544387 16.401601 43.890666 2.307920 -125.275564 
95.000000 -28.258088 15.325126 43.525524 115.686265 -11.950738 
96.000000 -28.459519 15.354886 43.758236 36.385303 -91.279477 
97.000000 -27.703666 16.491352 44.141265 3.512657 -124.092663 
98.000000 -26.934392 17.651087 44.534095 -101.822444 130.637015 
99.000000 -26.154523 18.828858 44.934304 71.235544 -56.234737 
100.000000 -25.367976 20.017645 45.338772 152.331872 24.937329 
101.000000 -24.580019 21.208303 45.743601 129.805913 2.492341 
102.000000 -23.797546 22.389227 46.144062 -9.370660 -136.598594 
103.000000 -23.029347 23.546070 46.534580 80.402496 -46.736130 
104.000000 -22.286330 24.661571 46.908781 23.440450 -103.606707 
105.000000 -21.581601 25.715596 47.259623 162.985724 36.030093 
106.000000 -20.930343 26.685487 47.579612 121.585243 -5.281526 
107.000000 -20.349361 27.546834 47.861130 -118.339630 114.876517 
108.000000 -19.856230 28.274731 48.096833 146.276449 19.565898 
109.000000 -19.468022 28.845500 48.280105 -179.919858 53.429525 
110.000000 -19.199714 29.238732 48.405507 -29.676858 -156.284340 
111.000000 -19.062512 29.439358 48.469171 -132.157593 101.258614 
112.000000 -19.062429 29.439357 48.469086 -132.160364 101.258622 
113.000000 -19.199466 29.238729 48.405255 -29.685127 -156.284318 
114.000000 -19.467612 28.845494 48.279687 -179.933491 53.429562 
115.000000 -19.855663 28.274723 48.096255 146.257661 19.565950 
116.000000 -20.348642 27.546823 47.860396 -118.363301 114.876583 
117.000000 -20.929477 26.685474 47.578729 121.557004 -5.281446 
118.000000 -21.580595 25.715581 47.258596 162.953255 36.030187 
119.000000 -22.285189 24.661554 46.907618 23.404100 -103.606599 
120.000000 -23.028078 23.546051 46.533285 80.362609 -46.736009 
121.000000 -23.796153 22.389206 46.142641 -9.413755 -136.598461 
122.000000 -24.578508 21.208280 45.742059 129.759921 2.492486 
123.000000 -25.366351 20.017620 45.337113 152.283268 24.937484 
124.000000 -26.152787 18.828832 44.932532 71.184589 -56.234571 
125.000000 -26.932548 17.651059 44.532213 -101.875516 130.637190 
126.000000 -27.701718 16.491323 44.139275 3.457678 -124.092479 
127.000000 -28.457467 15.354856 43.756141 36.328605 -91.279286 
128.000000 -28.727364 15.315149 43.987805 -141.718708 90.644752 
129.000000 -27.928209 16.510946 44.386895 -92.620959 139.806611 
130.000000 -27.110457 17.739501 44.800120 -111.488922 121.008860 
131.000000 -26.276434 18.996331 45.225301 152.432286 25.006751 
132.000000 -25.429619 20.274973 45.659437 -31.486039 -158.828199 
133.000000 -24.574988 21.566509 46.098562 44.587212 -82.664900 
134.000000 -23.719396 22.859057 46.537630 6.809563 -120.346202 
135.000000 -22.872003 24.137275 46.970434 -160.416657 72.529358 
136.000000 -22.044669 25.381945 47.389597 -114.433385 118.618324 
137.000000 -21.252249 26.569785 47.786668 125.829733 -1.011257 
138.000000 -20.512632 27.673641 48.152361 -179.781040 53.483672 
139.000000 -19.846367 28.663253 48.476950 27.985484 -98.649784 
140.000000 -19.275697 29.506776 48.750815 8.714421 -117.831306 
141.000000 -18.822903 30.173088 48.965103 103.535886 -22.935881 
142.000000 -18.508038 30.634743 49.112411 -63.479577 170.102217 
143.000000 -18.346404 30.871117 49.187413 -143.928116 89.683034 
144.000000 -18.346314 30.871116 49.187321 -143.931126 89.683041 
145.000000 -18.507769 30.634738 49.112137 -63.488550 170.102238 
146.000000 -18.822459 30.173081 48.964651 103.521120 -22.935846 
147.000000 -19.275085 29.506766 48.750190 8.694126 -117.831257 
148.000000 -19.845591 28.663241 48.476158 27.959999 -98.649722 
149.000000 -20.511700 27.673626 48.151410 -179.811333 53.483748 
150.000000 -21.251168 26.569768 47.785565 125.795041 -1.011168 
151.000000 -22.043447 25.381925 47.388349 -114.472067 118.618426 
152.000000 -22.870645 24.137253 46.969047 -160.458932 72.529472 
153.000000 -23.717908 22.859033 46.536111 6.764067 -120.346076 
154.000000 -24.573375 21.566483 46.096915 44.538838 -82.664764 
155.000000 -25.427886 20.274946 45.657667 -31.536982 -158.828053 
156.000000 -26.274584 18.996302 45.223412 152.379052 25.006906 
157.000000 -27.108493 17.739470 44.798114 -111.544201 121.009023 
158.000000 -27.926134 16.510913 44.384775 -92.678068 139.806782 
159.000000 -28.725181 15.315115 43.985573 -141.777457 90.644928 
160.000000 -29.076854 15.196360 44.219944 -68.228410 164.163339 
161.000000 -28.233602 16.448959 44.631750 63.599795 -63.938937 
162.000000 -27.365928 17.745159 45.062729 132.743549 5.281218 
163.000000 -26.475430 19.081687 45.511186 130.020210 2.641791 
164.000000 -25.564870 20.453168 45.974487 44.701455 -82.585019 
165.000000 -24.638598 21.851496 46.448852 -135.716447 97.097367 
166.000000 -23.703061 23.265103 46.929135 -65.738423 167.183976 
167.000000 -22.767414 24.678166 47.408643 -122.062253 110.976438 
168.000000 -21.844178 26.069829 47.879013 36.312516 -90.526164 
169.000000 -20.949842 27.413606 48.330222 28.129645 -98.582474 
170.000000 -20.105240 28.677212 48.750794 -169.831118 63.583587 
171.000000 -19.335415 29.823148 49.128249 137.891540 11.428294 
172.000000 -18.668649 30.810402 49.449837 -153.472167 80.175574 
173.000000 -18.134371 31.597497 49.703493 12.629666 -113.629712 
174.000000 -17.759947 32.146773 49.878912 -104.011745 129.796730 
175.000000 -17.566780 32.429302 49.968559 -158.347188 75.498473 
176.000000 -17.566682 32.429300 49.968459 -158.350482 75.498479 
177.000000 -17.759654 32.146768 49.878613 -104.021552 129.796750 
178.000000 -18.133889 31.597488 49.703001 12.613566 -113.629679 
179.000000 -18.667983 30.810391 49.449157 -153.494219 80.175620 
180.000000 -19.334574 29.823133 49.127390 137.863961 11.428352 
181.000000 -20.104231 28.677195 48.749765 -169.863749 63.583659 
182.000000 -20.948675 27.413586 48.329031 28.092454 -98.582391 
183.000000 -21.842861 26.069806 47.877668 36.271247 -90.526069 
184.000000 -22.765954 24.678141 47.407152 -122.107145 110.976544 
185.000000 -23.701463 23.265076 46.927503 -65.786519 167.184092 
186.000000 -24.636869 21.851467 46.447085 -135.767372 97.097493 
187.000000 -25.563013 20.453137 45.972590 44.648032 -82.584885 
188.000000 -26.473449 19.081654 45.509161 129.964581 2.641933 
189.000000 -27.363826 17.745124 45.060581 132.685967 5.281366 
190.000000 -28.231381 16.448923 44.629480 63.540478 -63.938783 
191.000000 -29.074518 15.196322 44.217555 -68.289273 164.163498 
192.000000 -29.524399 14.989360 44.461949 -113.462495 118.955375 
193.000000 -28.636842 16.293760 44.881225 100.955683 -26.550310 
194.000000 -27.718438 17.653808 45.325324 -101.258653 131.319109 
195.000000 -26.769800 19.068010 45.793343 -9.025621 -136.355554 
196.000000 -25.792640 20.532773 46.283380 7.055225 -120.172953 
197.000000 -24.790254 22.041624 46.792231 -65.606592 167.277194 
198.000000 -23.768163 23.584220 47.315047 118.070106 -8.923480 
199.000000 -22.734935 25.145182 47.844986 -179.498678 53.640939 
200.000000 -21.703177 26.702789 48.372903 101.152909 -25.564668 
201.000000 -20.690604 28.227733 48.887172 -143.605524 89.827047 
202.000000 -19.720981 29.682239 49.373749 139.623949 13.210017 
203.000000 -18.824536 31.020088 49.816616 -158.163460 75.573371 
204.000000 -18.037266 32.188232 50.198693 12.823574 -113.299788 
205.000000 -17.398483 33.130626 50.503227 -96.876475 137.119169 
206.000000 -16.946294 33.794457 50.715493 -153.333536 80.750107 
207.000000 -16.711478 34.137972 50.824505 -176.241178 57.890809 
208.000000 -16.711370 34.137970 50.824395 -176.244815 57.890815 
209.000000 -16.945972 33.794451 50.715164 -153.344345 80.750125 
210.000000 -17.397954 33.130616 50.502685 -96.894162 137.119199 
211.000000 -18.036536 32.188218 50.197947 12.799452 -113.299746 
212.000000 -18.823618 31.020071 49.815677 -158.193470 75.573424 
213.000000 -19.719884 29.682218 49.372628 139.588643 13.210082 
214.000000 -20.689338 28.227710 48.885878 -143.645530 89.827124 
215.000000 -21.701751 26.702763 48.371445 101.108770 -25.564581 
216.000000 -22.733356 25.145153 47.843372 -179.546430 53.641036 
217.000000 -23.766438 23.584189 47.313284 118.019204 -8.923374 
218.000000 -24.788389 22.041590 46.790324 -65.660238 167.277308 
219.000000 -25.790639 20.532738 46.281333 6.999185 -120.172832 
220.000000 -26.767666 19.067972 45.791160 -9.083755 -136.355427 
221.000000 -27.716174 17.653769 45.323009 -101.318626 131.319241 
222.000000 -28.634450 16.293719 44.878779 100.894089 -26.550174 
223.000000 -29.521882 14.989318 44.459374 -113.525526 118.955514 
224.000000 -30.090654 14.686570 44.726965 71.696856 -55.865918 
225.000000 -29.159302 16.034633 45.146037 7.449104 -120.028895 
226.000000 -28.190180 17.451235 45.595929 -106.674212 125.940817 
227.000000 -27.182650 18.937308 46.076916 80.900387 -46.382041 
228.000000 -26.136995 20.491900 46.588309 -160.017388 72.813586 
229.000000 -25.054945 22.111252 47.128050 -121.776100 111.180470 
230.000000 -23.940416 23.787565 47.692229 -179.343898 53.751621 
231.000000 -22.800549 25.507390 48.274500 9.177803 -117.573671 
232.000000 -21.647082 27.249645 48.865484 62.030949 -64.553639 
233.000000 -20.498045 28.983394 49.452233 -46.640719 -173.046211 
234.000000 -19.379595 30.665722 50.017949 13.014643 -113.203484 
235.000000 -18.327499 32.240486 50.542218 -153.128186 80.842304 
236.000000 -17.387334 33.639120 51.002014 137.993626 12.143377 
237.000000 -16.612073 34.784977 51.373633 128.975088 3.280861 
238.000000 -16.055918 35.602225 51.635419 145.568754 19.991865 
239.000000 -15.764556 36.028580 51.770763 161.181513 35.669481 
240.000000 -15.764436 36.028577 51.770641 161.177454 35.669486 
241.000000 -16.055561 35.602218 51.635054 145.556720 19.991881 
242.000000 -16.611487 34.784966 51.373033 128.955479 3.280888 
243.000000 -17.386529 33.639104 51.001191 137.967040 12.143415 
244.000000 -18.326489 32.240466 50.541185 -153.161041 80.842352 
245.000000 -19.378392 30.665698 50.016719 12.976264 -113.203426 
246.000000 -20.496661 28.983367 49.450817 -46.683899 -173.046142 
247.000000 -21.645527 27.249616 48.863893 61.983631 -64.553561 
248.000000 -22.798831 25.507357 48.272742 9.126934 -117.573585 
249.000000 -23.938541 23.787530 47.690311 -179.397812 53.751714 
250.000000 -25.052919 22.111214 47.125977 -121.832630 111.180570 
251.000000 -26.134822 20.491860 46.586085 -160.076172 72.813691 
252.000000 -27.180333 18.937267 46.074546 80.839649 -46.381932 
253.000000 -28.187722 17.451191 45.593414 -106.736652 125.940929 
254.000000 -29.156704 16.034587 45.143380 7.385171 -120.028780 
255.000000 -30.087919 14.686523 44.724167 71.631605 -55.865803 
256.000000 -30.802313 14.283825 45.037641 115.959797 -11.599838 
257.000000 -29.828517 15.663664 45.445905 130.454538 2.991734 
258.000000 -28.809695 17.125103 45.890826 102.403516 -24.953704 
259.000000 -27.743701 18.672171 46.374275 24.122148 -103.119147 
260.000000 -26.629002 20.307519 46.897350 -113.850120 119.036666 
261.000000 -25.465191 22.031436 47.459907 36.783206 -90.187764 
262.000000 -24.253764 23.840424 48.059915 101.492885 -25.319616 
263.000000 -22.999314 25.725176 48.692620 62.216613 -64.419334 
264.000000 -21.711268 27.667811 49.349526 -103.457016 130.102840 
265.000000 -20.406319 29.638337 50.017287 -63.143082 170.631483 
266.000000 -19.111521 31.590571 50.676721 149.620380 23.625492 
267.000000 -17.867625 33.458367 51.302382 135.131117 9.375250 
268.000000 -16.731377 35.154036 51.863277 -151.680616 82.797813 
269.000000 -15.774364 36.571943 52.325316 -38.702761 -164.014324 
270.000000 -15.075332 37.600511 52.655634 68.204846 -56.944982 
271.000000 -14.704607 38.143218 52.828013 132.082225 7.022820 
272.000000 -14.704472 38.143215 52.827875 132.077636 7.022825 
273.000000 -15.074930 37.600502 52.655223 68.191281 -56.944968 
274.000000 -15.773708 36.571929 52.324644 -38.724733 -164.014301 
275.000000 -16.730480 35.154017 51.862359 -151.710175 82.797845 
276.000000 -17.866504 33.458344 51.301235 135.094908 9.375291 
277.000000 -19.110192 31.590543 50.675360 149.578464 23.625542 
278.000000 -20.404794 29.638306 50.015726 -63.189833 170.631541 
279.000000 -21.709558 27.667777 49.347776 -103.507837 130.102905 
280.000000 -22.997427 25.725139 48.690689 62.162371 -64.419261 
281.000000 -24.251708 23.840385 48.057810 101.435762 -25.319538 
282.000000 -25.462969 22.031393 47.457633 36.723644 -90.187682 
283.000000 -26.626619 20.307474 46.894911 -113.911762 119.036751 
284.000000 -27.741160 18.672124 46.371675 24.058721 -103.119060 
285.000000 -28.806999 17.125054 45.888067 102.338540 -24.953616 
286.000000 -29.825667 15.663614 45.442988 130.388210 2.991822 
287.000000 -30.799310 14.283773 45.034568 115.892276 -11.599750 
288.000000 -31.695106 13.783138 45.431893 7.852766 -119.739654 
289.000000 -30.681153 15.178765 45.815565 96.955170 -30.522531 
290.000000 -29.614814 16.668140 46.240714 151.203838 23.850019 
291.000000 -28.492220 18.258962 46.711164 163.898417 36.679491 
292.000000 -27.309673 19.958422 47.230394 126.642176 -0.428593 
293.000000 -26.064062 21.772306 47.801059 28.828615 -98.078040 
294.000000 -24.753574 23.703552 48.424257 -143.037396 90.239124 
295.000000 -23.378901 25.749981 49.098464 -46.226561 -172.744448 
296.000000 -21.945201 27.900844 49.818041 -62.914220 170.799069 
297.000000 -20.465208 30.131791 50.571318 138.454863 12.426989 
298.000000 -18.963828 32.398064 51.338379 161.682695 35.940637 
299.000000 -17.484280 34.626404 52.089115 -38.428137 -163.863524 
300.000000 -16.094569 36.707936 52.782590 -156.300732 78.576341 
301.000000 -14.890583 38.497370 53.369338 106.540736 -18.290924 
302.000000 -13.988807 39.826735 53.797822 -32.482043 -157.081671 
303.000000 -13.502057 40.539720 54.024513 93.523013 -30.944341 
304.000000 -13.501903 40.539717 54.024355 93.517736 -30.944337 
305.000000 -13.988350 39.826725 53.797353 -32.497569 -157.081661 
306.000000 -14.889839 38.497353 53.368575 106.515801 -18.290906 
307.000000 -16.093558 36.707914 52.781554 -156.333918 78.576366 
308.000000 -17.483022 34.626376 52.087827 -38.468317 -163.863492 
309.000000 -18.962343 32.398032 51.336858 161.636712 35.940676 
310.000000 -20.463509 30.131755 50.569578 138.404115 12.427035 
311.000000 -21.943301 27.900804 49.816095 -62.968870 170.799120 
312.000000 -23.376806 25.749938 49.096319 -46.284416 -172.744393 
313.000000 -24.751292 23.703506 48.421921 -143.097904 90.239183 
314.000000 -26.061597 21.772258 47.798535 28.765892 -98.077980 
315.000000 -27.307028 19.958372 47.227687 126.577581 -0.428531 
316.000000 -28.489398 18.258909 46.708276 163.832222 36.679552 
317.000000 -29.611816 16.668085 46.237647 151.136260 23.850079 
318.000000 -30.677982 15.178709 45.812321 96.886382 -30.522473 
319.000000 -31.691762 13.783080 45.428473 7.782906 -119.739599 
320.000000 -32.819034 13.196533 45.972003 96.018634 -31.684792 
321.000000 -31.768204 14.588182 46.314503 -106.120016 126.319211 
322.000000 -30.657809 16.083285 46.701029 24.647578 -102.760862 
323.000000 -29.482125 17.693466 47.137485 122.808636 -4.435784 
324.000000 -28.235032 19.431097 47.630120 -178.664781 54.269074 
325.000000 -26.910243 21.308719 48.185178 -168.833585 64.296074 
326.000000 -25.501804 23.337891 48.808246 140.487083 13.834194 
327.000000 -24.005083 25.527094 49.503142 13.721859 -112.686906 
328.000000 -22.418627 27.878045 50.270087 150.141613 24.009413 
329.000000 -20.747553 30.379526 51.102921 161.975001 36.157631 
330.000000 -19.009446 32.997547 51.985165 11.977485 -113.482712 
331.000000 -17.243927 35.660959 52.885204 10.645779 -114.416379 
332.000000 -15.526120 38.243661 53.751967 93.886654 -30.750297 
333.000000 -13.980208 40.550484 54.514373 -176.821169 58.959552 
334.000000 -12.779973 42.324538 55.089236 -168.198208 67.931957 
335.000000 -12.114730 43.299871 55.399862 40.510635 -83.153433 
336.000000 -12.114550 43.299867 55.399678 40.504431 -83.153431 
337.000000 -12.779442 42.324525 55.088692 -168.216326 67.931963 
338.000000 -13.979350 40.550464 54.513493 -176.849902 58.959562 
339.000000 -15.524964 38.243634 53.750781 93.848997 -30.750282 
340.000000 -17.242498 35.660926 52.883739 10.600893 -114.416358 
341.000000 -19.007765 32.997509 51.983442 11.926856 -113.482687 
342.000000 -20.745636 30.379485 51.100956 161.919831 36.157661 
343.000000 -22.416485 27.877999 50.267892 150.082834 24.009445 
344.000000 -24.002723 25.527045 49.500724 13.660182 -112.686872 
345.000000 -25.499232 23.337839 48.805612 140.423044 13.834228 
346.000000 -26.907461 21.308664 48.182330 -168.899579 64.296108 
347.000000 -28.232045 19.431040 47.627064 -178.732420 54.269106 
348.000000 -29.478934 17.693407 47.134221 122.739589 -4.435754 
349.000000 -30.654416 16.083224 46.697559 24.577306 -102.760836 
350.000000 -31.764610 14.588120 46.310829 -106.191369 126.319233 
351.000000 -32.815240 13.196470 45.968126 95.946313 -31.684773 
352.000000 -34.248023 12.550760 46.758984 9.601401 -118.387055 
353.000000 -33.164595 13.916535 47.042607 -131.446227 100.753684 
354.000000 -32.014923 15.391203 47.369020 67.868719 -59.732251 
355.000000 -30.791417 16.989935 47.745819 -116.653957 115.957048 
356.000000 -29.485436 18.730188 48.181827 29.545411 -97.615995 
357.000000 -28.087252 20.631713 48.687075 139.316518 12.401966 
358.000000 -26.586177 22.716161 49.272523 -156.886302 76.470149 
359.000000 -24.971049 25.005855 49.949320 -152.017194 81.640923 
360.000000 -23.231474 27.520938 50.727187 136.049235 10.048208 
361.000000 -21.360671 30.273421 51.611305 -37.742717 -163.353069 
362.000000 -19.361519 33.255616 52.596790 11.037380 -114.120743 
363.000000 -17.258733 36.419119 53.659848 -128.378101 106.986589 
364.000000 -15.121246 39.640453 54.745810 -167.746181 68.208255 
365.000000 -13.096209 42.676206 55.758272 155.394520 31.969538 
366.000000 -11.438557 45.135677 56.561339 0.292693 -122.574229 
367.000000 -10.480420 46.542478 57.010652 -36.148622 -158.668576 
368.000000 -10.480204 46.542472 57.010431 -36.156135 -158.668577 
369.000000 -11.437927 45.135661 56.560693 0.271016 -122.574230 
370.000000 -13.095202 42.676181 55.757237 155.360818 31.969538 
371.000000 -15.119901 39.640420 54.744428 -167.789378 68.208257 
372.000000 -17.257081 36.419079 53.658152 -128.428520 106.986594 
373.000000 -19.359582 33.255571 52.594804 10.981526 -114.120736 
374.000000 -21.358465 30.273372 51.609045 -37.802693 -163.353062 
375.000000 -23.229009 27.520885 50.724662 135.986077 10.048216 
376.000000 -24.968331 25.005798 49.946537 -152.082863 81.640929 
377.000000 -26.583211 22.716102 49.269487 -156.954002 76.470153 
378.000000 -28.084041 20.631651 48.683789 139.247134 12.401966 
379.000000 -29.481982 18.730124 48.178295 29.474598 -97.615999 
380.000000 -30.787721 16.989869 47.742041 -116.726011 115.957040 
381.000000 -32.010986 15.391135 47.364999 67.795566 -59.732264 
382.000000 -33.160418 13.916466 47.038342 -131.520371 100.753667 
383.000000 -34.243607 12.550689 46.754477 9.526347 -118.387078 
384.000000 -36.098482 11.891736 47.955531 98.741565 -29.944047 
385.000000 -34.987671 13.211391 48.165200 9.284631 -119.132791 
386.000000 -33.804774 14.639550 48.411407 -93.084094 138.779667 
387.000000 -32.540463 16.193632 48.702259 148.755650 20.915974 
388.000000 -31.183684 17.894806 49.047894 11.021563 -116.503105 
389.000000 -29.721307 19.768802 49.460932 -151.343212 81.469602 
390.000000 -28.137762 21.846714 49.956916 14.765347 -112.056428 
391.000000 -26.414751 24.165541 50.554563 139.734757 13.313900 
392.000000 -24.531325 26.767782 51.275424 -150.160776 83.865531 
393.000000 -22.465004 29.698536 52.142102 -155.034800 79.500210 
394.000000 -20.195703 32.996611 53.173274 94.845356 -30.028197 
395.000000 -17.716730 36.672195 54.372337 -167.185434 68.641740 
396.000000 -15.062527 40.656795 55.705093 65.835658 -57.503779 
397.000000 -12.370551 44.705988 57.064369 -39.328732 -161.713703 
398.000000 -9.984781 48.263769 58.237917 72.969355 -48.461090 
399.000000 -8.505072 50.441548 58.936809 -155.304762 83.916614 
400.000000 -8.504806 50.441541 58.936535 -155.314249 83.916610 
401.000000 -9.984012 48.263748 58.237126 72.942570 -48.461100 
402.000000 -12.369339 44.705956 57.063123 -39.369039 -161.713717 
403.000000 -15.060925 40.656754 55.703447 65.785657 -57.503794 
404.000000 -17.714774 36.672146 54.370329 -167.242211 68.641724 
405.000000 -20.193414 32.996557 53.170926 94.783785 -30.028216 
406.000000 -22.462395 29.698478 52.139429 -155.099871 79.500188 
407.000000 -24.528405 26.767720 51.272433 -150.228503 83.865506 
408.000000 -26.411524 24.165476 50.551260 139.664931 13.313870 
409.000000 -28.134232 21.846646 49.953306 14.693799 -112.056463 
410.000000 -29.717476 19.768732 49.457017 -151.416224 81.469562 
411.000000 -31.179552 17.894734 49.043676 10.947268 -116.503151 
412.000000 -32.536032 16.193558 48.697739 148.680200 20.915923 
413.000000 -33.800046 14.639475 48.406586 -93.160607 138.779611 
414.000000 -34.982645 13.211315 48.160079 9.207120 -119.132853 
415.000000 -36.093159 11.891660 47.950110 98.663104 -29.944114 
416.000000 -38.564117 11.285917 49.822044 -4.679122 -135.163726 
417.000000 -37.431959 12.547063 49.951445 -53.788955 176.153421 
418.000000 -36.223022 13.910400 50.106331 -110.258970 120.126756 
419.000000 -34.926511 15.393456 50.293453 -175.785452 55.063326 
420.000000 -33.529305 17.018310 50.521787 107.378494 -21.285815 
421.000000 -32.015276 18.813104 50.803376 16.178151 -111.970100 
422.000000 -30.364408 20.814101 51.154494 -93.626268 138.777586 
423.000000 -28.551620 23.068421 51.597217 131.919931 4.921233 
424.000000 -26.545298 25.637468 52.161376 -36.075302 -162.418159 
425.000000 -24.305698 28.600529 52.886548 108.830037 -16.779381 
426.000000 -21.784086 32.056273 53.822688 -174.907238 60.323944 
427.000000 -18.925894 36.114607 55.025113 156.863067 33.088566 
428.000000 -15.689362 40.855935 56.532359 -38.445314 -161.002262 
429.000000 -12.117033 46.195331 58.301809 -154.343309 84.614893 
430.000000 -8.555389 51.529217 60.076000 -35.414421 -154.701524 
431.000000 -6.051258 55.228263 61.272022 -1.871396 -119.743395 
432.000000 -6.050917 55.228252 61.271669 -1.884137 -119.743404 
433.000000 -8.554421 51.529188 60.075002 -35.448856 -154.701549 
434.000000 -12.115535 46.195288 58.300266 -154.392317 84.614858 
435.000000 -15.687400 40.855882 56.530341 -38.503345 -161.002305 
436.000000 -18.923502 36.114547 55.022657 156.799330 33.088516 
437.000000 -21.781281 32.056207 53.819813 -174.974824 60.323888 
438.000000 -24.302491 28.600459 52.883264 108.759657 -16.779443 
439.000000 -26.541694 25.637395 52.157690 -36.147860 -162.418227 
440.000000 -28.547623 23.068345 51.593134 131.845567 4.921158 
441.000000 -30.360020 20.814024 51.150016 -93.702207 138.777505 
442.000000 -32.010498 18.813025 50.798505 16.100779 -111.970187 
443.000000 -33.524138 17.018230 50.516525 107.299780 -21.285907 
444.000000 -34.920956 15.393375 50.287800 -175.865456 55.063229 
445.000000 -36.217079 13.910318 50.100288 -110.340233 120.126654 
446.000000 -37.425629 12.546981 49.945012 -53.871465 176.153314 
447.000000 -38.557400 11.285835 49.815222 -4.762878 -135.163837 
448.000000 -41.945259 10.814013 52.739257 54.710233 -81.133315 
449.000000 -40.798448 12.019252 52.797820 33.091610 -101.919741 
450.000000 -39.571573 13.317201 52.869055 8.085497 -126.076731 
451.000000 -38.252781 14.723513 52.956774 -21.108277 -154.399099 
452.000000 -36.827434 16.258137 53.066295 -55.560836 172.048761 
453.000000 -35.277171 17.946985 53.205186 -96.738714 131.808930 
454.000000 -33.578586 19.824452 53.384455 -146.703177 82.831399 
455.000000 -31.701264 21.937312 53.620490 151.557921 22.143352 
456.000000 -29.604848 24.350870 53.938282 73.551837 -54.727328 
457.000000 -27.234560 27.158830 54.376811 -27.782574 -154.812546 
458.000000 -24.514374 30.498987 54.997925 -164.160224 70.216195 
459.000000 -21.337184 34.576435 55.899704 3.636193 -120.354883 
460.000000 -17.554782 39.687209 57.230051 75.538128 -46.474702 
461.000000 -12.994730 46.181175 59.166349 -33.832158 -153.300719 
462.000000 -7.678950 54.035319 61.707136 -165.330562 78.615703 
463.000000 -3.000220 60.958533 63.953244 -68.389379 179.201377 
464.000000 -2.999772 60.958514 63.952778 -68.408060 179.201357 
465.000000 -7.677725 54.035273 61.705864 -165.376358 78.615650 
466.000000 -12.992865 46.181114 59.164422 -33.891642 -153.300794 
467.000000 -17.552341 39.687139 57.227537 75.471607 -46.474791 
468.000000 -21.334196 34.576359 55.896635 3.565450 -120.354982 
469.000000 -24.510850 30.498907 54.994315 -164.233947 70.216088 
470.000000 -27.230508 27.158748 54.372669 -27.858693 -154.812659 
471.000000 -29.600271 24.350786 53.933611 73.473598 -54.727447 
472.000000 -31.696165 21.937227 53.615295 151.477686 22.143228 
473.000000 -33.572966 19.824366 53.378737 -146.785367 82.831271 
474.000000 -35.271031 17.946899 53.198946 -96.822868 131.808798 
475.000000 -36.820774 16.258051 53.059534 -55.646993 172.048625 
476.000000 -38.245603 14.723426 52.949493 -21.196498 -154.399239 
477.000000 -39.563876 13.317114 52.861254 7.995140 -126.076874 
478.000000 -40.790233 12.019166 52.789500 32.999030 -101.919888 
479.000000 -41.936526 10.813927 52.730417 54.615337 -81.133465 
480.000000 -46.039428 10.553446 56.580006 -81.105308 127.167834 
481.000000 -44.885269 11.723976 56.596403 -89.597909 120.610221 
482.000000 -43.649354 12.980039 56.616580 -99.398131 112.756044 
483.000000 -42.319277 14.335254 56.641755 -110.822280 103.296108 
484.000000 -40.879596 15.806808 56.673675 -124.295429 91.814637 
485.000000 -39.310762 17.416817 56.714910 -140.402441 77.739165 
486.000000 -37.587532 19.194421 56.769363 -159.970621 60.259298 
487.000000 -35.676558 21.179109 56.843183 175.790612 38.189338 
488.000000 -33.532552 23.426255 56.946471 145.041447 9.723867 
489.000000 -31.091960 26.016827 57.096662 104.842510 -28.024684 
490.000000 -28.261959 29.075523 57.325672 50.198396 -79.970161 
491.000000 -24.900262 32.807064 57.696009 -28.088988 -155.175565 
492.000000 -20.776113 37.573736 58.339340 -148.881711 87.734524 
493.000000 -15.495727 44.061802 59.548385 2.863123 -115.746730 
494.000000 -8.432713 53.489838 61.915586 -65.591190 -177.418210 
495.000000 -0.000417 65.503454 65.499260 -133.497586 124.362912 
496.000000 0.000000 65.503416 65.498805 -133.526052 124.362871 
497.000000 -8.431592 53.489763 61.914390 -65.649031 -177.418320 
498.000000 -15.494046 44.061717 59.546617 2.795677 -115.746869 
499.000000 -20.773932 37.573647 58.337067 -148.953551 87.734374 
500.000000 -24.897603 32.806973 57.693256 -28.163716 -155.175718 
501.000000 -28.258834 29.075431 57.322452 50.121253 -79.970317 
502.000000 -31.088376 26.016735 57.092981 104.763071 -28.024842 
503.000000 -33.528511 23.426164 56.942333 144.959686 9.723707 
504.000000 -35.672063 21.179018 56.838591 175.706434 38.189176 
505.000000 -37.582584 19.194330 56.764317 -160.057343 60.259134 
506.000000 -39.305362 17.416727 56.709412 -140.491851 77.738999 
507.000000 -40.873746 15.806719 56.667726 -124.387679 91.814469 
508.000000 -42.312976 14.335165 56.635356 -110.917526 103.295938 
509.000000 -43.642603 12.979950 56.609730 -99.496530 112.755872 
510.000000 -44.878069 11.723889 56.589103 -89.699612 120.610046 
511.000000 -46.031778 10.553359 56.572257 -81.210463 127.167657 
512.000000 -46.031067 10.552905 56.571092 -81.050974 127.167269 
513.000000 -44.877447 11.723400 56.587992 -89.544509 120.609623 
514.000000 -43.642071 12.979422 56.608668 -99.346093 112.755409 
515.000000 -42.312533 14.334591 56.634336 -110.772015 103.295431 
516.000000 -40.873391 15.806090 56.666742 -124.247330 91.813912 
517.000000 -39.305096 17.416036 56.708453 -140.356886 77.738386 
518.000000 -37.582405 19.193564 56.763370 -159.927967 60.258457 
519.000000 -35.671970 21.178162 56.837640 175.830022 38.188426 
520.000000 -33.528504 23.425198 56.941358 145.077289 9.722872 
521.000000 -31.088451 26.015635 57.091954 104.874475 -28.025775 
522.000000 -28.258989 29.074161 57.321335 50.226194 -79.971362 
523.000000 -24.897832 32.805491 57.692002 -28.065628 -155.176891 
524.000000 -20.774225 37.571909 58.335619 -148.863041 87.733062 
525.000000 -15.494381 44.059707 59.544940 2.876881 -115.748332 
526.000000 -8.431914 53.487611 61.912558 -65.582512 -177.419963 
527.000000 -0.000193 65.501451 65.497032 -133.493604 124.361035 
528.000000 -0.000317 65.501414 65.497119 -133.521347 124.360991 
529.000000 -8.432240 53.487539 61.912813 -65.637860 -177.420078 
530.000000 -15.495013 44.059625 59.545490 2.814105 -115.748478 
531.000000 -20.775232 37.571822 58.336541 -148.927669 87.732905 
532.000000 -24.899245 32.805403 57.693327 -28.130242 -155.177052 
533.000000 -28.260823 29.074072 57.323082 50.162427 -79.971526 
534.000000 -31.090713 26.015545 57.094130 104.812033 -28.025941 
535.000000 -33.531200 23.425109 56.943969 145.016500 9.722704 
536.000000 -35.675104 21.178073 56.840689 175.771144 38.188255 
537.000000 -37.585978 19.193475 56.766860 -159.984715 60.258284 
538.000000 -39.309110 17.415947 56.712384 -140.411306 77.738211 
539.000000 -40.877847 15.806002 56.671116 -124.299241 91.813735 
540.000000 -42.317432 14.334503 56.639155 -110.821247 103.295251 
541.000000 -43.647414 12.979335 56.613931 -99.392487 112.755227 
542.000000 -44.883234 11.723314 56.593701 -89.587912 120.609438 
543.000000 -46.037298 10.552820 56.577246 -81.091243 127.167082 
544.000000 -41.935609 10.812459 52.728028 54.801209 -81.134955 
545.000000 -40.789421 12.017606 52.787122 33.177394 -101.921470 
546.000000 -39.563168 13.315450 52.858877 8.165993 -126.078559 
547.000000 -38.245000 14.721646 52.947103 -21.033164 -154.401036 
548.000000 -36.820275 16.256139 53.057117 -55.491195 172.046703 
549.000000 -35.270635 17.944840 53.196485 -96.674633 131.806737 
550.000000 -33.572673 19.822141 53.376213 -146.644741 82.829056 
551.000000 -31.695974 21.934814 53.612686 151.610630 22.140843 
552.000000 -29.600181 24.348167 53.930897 73.598741 -54.730020 
553.000000 -27.230517 27.155904 54.369829 -27.741551 -154.815437 
554.000000 -24.510956 30.495835 54.991343 -164.125155 70.213095 
555.000000 -21.334392 34.573082 55.893549 3.665246 -120.358188 
556.000000 -17.552617 39.683736 57.224405 75.561113 -46.478179 
557.000000 -12.993196 46.177753 59.161389 -33.815261 -153.304282 
558.000000 -7.678061 54.032183 61.703108 -165.319597 78.612214 
559.000000 -3.000012 60.955757 63.950259 -68.382966 179.198070 
560.000000 -3.000204 60.955740 63.950434 -68.400900 179.198048 
561.000000 -7.678603 54.032140 61.703607 -165.362958 78.612154 
562.000000 -12.994110 46.177697 59.162248 -33.870352 -153.304367 
563.000000 -17.553953 39.683672 57.225679 75.501139 -46.478282 
564.000000 -21.336185 34.573012 55.895275 3.603373 -120.358304 
565.000000 -24.513226 30.495761 54.993543 -164.187517 70.212969 
566.000000 -27.233277 27.155828 54.372517 -27.803651 -154.815571 
567.000000 -29.603437 24.348088 53.934080 73.537356 -54.730162 
568.000000 -31.699731 21.934734 53.616371 151.550262 22.140695 
569.000000 -33.576934 19.822060 53.380402 -146.703870 82.828902 
570.000000 -35.275403 17.944758 53.201182 -96.732343 131.806578 
571.000000 -36.825551 16.256057 53.062324 -55.547333 172.046539 
572.000000 -38.250786 14.721564 52.952820 -21.087594 -154.401204 
573.000000 -39.569465 13.315368 52.865106 8.113400 -126.078731 
574.000000 -40.796230 12.017524 52.793865 33.126762 -101.921646 
575.000000 -41.942930 10.812378 52.735284 54.752658 -81.135135 
576.000000 -38.556912 11.283525 49.812416 -4.605945 -135.166294 
577.000000 -37.425220 12.544553 49.942165 -53.720325 176.150733 
578.000000 -36.216747 13.907762 50.097391 -110.194898 120.123940 
579.000000 -34.920703 15.390682 50.284845 -175.725952 55.060372 
580.000000 -33.523962 17.015392 50.513503 107.433411 -21.288917 
581.000000 -32.010400 18.810036 50.795408 16.228472 -111.973357 
582.000000 -30.359998 20.810878 51.146840 -93.580554 138.774168 
583.000000 -28.547676 23.065046 51.589879 131.961026 4.917650 
584.000000 -26.541821 25.633953 52.154367 -36.038837 -162.421901 
585.000000 -24.302689 28.596900 52.879895 108.861865 -16.783269 
586.000000 -21.781545 32.052580 53.816442 -174.880051 60.319944 
587.000000 -18.923824 36.110927 55.019353 156.885617 33.084509 
588.000000 -15.687765 40.852373 56.527192 -38.427375 -161.006289 
589.000000 -12.115915 46.191996 58.297351 -154.329873 84.610999 
590.000000 -8.554767 51.526172 60.072329 -35.405058 -154.705208 
591.000000 -6.051150 55.225436 61.269084 -1.864633 -119.746905 
592.000000 -6.051291 55.225426 61.269215 -1.876850 -119.746917 
593.000000 -8.555176 51.526144 60.072711 -35.437839 -154.705240 
594.000000 -12.116592 46.191957 58.297989 -154.375956 84.610952 
595.000000 -15.688732 40.852324 56.528112 -38.481099 -161.006349 
596.000000 -18.925106 36.110873 55.020583 156.827642 33.084438 
597.000000 -21.783163 32.052521 53.818004 -174.940357 60.319862 
598.000000 -24.304655 28.596837 52.881803 108.800340 -16.783360 
599.000000 -26.544146 25.633887 52.156631 -36.100910 -162.422003 
600.000000 -28.550366 23.064977 51.592507 131.898835 4.917540 
601.000000 -30.363056 20.810808 51.149836 -93.642574 138.774049 
602.000000 -32.013830 18.809964 50.798776 16.166827 -111.973483 
603.000000 -33.527768 17.015319 50.517246 107.372293 -21.289050 
604.000000 -34.924885 15.390609 50.288966 -175.786426 55.060231 
605.000000 -36.221308 13.907688 50.101891 -110.254634 120.123793 
606.000000 -37.430159 12.544478 49.947046 -53.779242 176.150580 
607.000000 -38.562231 11.283451 49.817678 -4.663974 -135.166452 
608.000000 -36.092968 11.888726 47.946973 98.798934 -29.947344 
609.000000 -34.982514 13.208268 48.156889 9.338395 -119.136210 
610.000000 -33.799974 14.636313 48.403340 -93.033935 138.776122 
611.000000 -32.536020 16.190281 48.694438 148.802204 20.912301 
612.000000 -31.179599 17.891344 49.040321 11.064513 -116.506907 
613.000000 -29.717580 19.765236 49.453615 -151.303866 81.465676 
614.000000 -28.134393 21.843058 49.949869 14.801090 -112.060470 
615.000000 -26.411741 24.161816 50.547806 139.766900 13.309757 
616.000000 -24.528673 26.764019 51.268990 -150.132229 83.861312 
617.000000 -22.462711 29.694777 52.136036 -155.009842 79.495952 
618.000000 -20.193772 32.992911 53.167630 94.866738 -30.032445 
619.000000 -17.715162 36.668616 54.367181 -167.167597 68.637563 
620.000000 -15.061326 40.653398 55.700487 65.850028 -57.507823 
621.000000 -12.369725 44.702811 57.060360 -39.317626 -161.717566 
622.000000 -9.984342 48.260802 58.234506 72.977739 -48.464767 
623.000000 -8.505026 50.438714 58.933925 -155.297898 83.913058 
624.000000 -8.505131 50.438707 58.934024 -155.306996 83.913052 
625.000000 -9.984652 48.260782 58.234798 72.952159 -48.464784 
626.000000 -12.370237 44.702781 57.060843 -39.355835 -161.717592 
627.000000 -15.062047 40.653360 55.701171 65.803093 -57.507857 
628.000000 -17.716107 36.668573 54.368084 -167.220286 68.637521 
629.000000 -20.194956 32.992863 53.168769 94.810313 -30.032493 
630.000000 -22.464148 29.694725 52.137424 -155.068680 79.495895 
631.000000 -24.530371 26.763963 51.270638 -150.192611 83.861248 
632.000000 -26.413707 24.161758 50.549720 139.705556 13.309684 
633.000000 -28.136633 21.842998 49.952056 14.739185 -112.060552 
634.000000 -29.720099 19.765174 49.456080 -151.366052 81.465585 
635.000000 -31.182398 17.891280 49.043067 11.002253 -116.507005 
636.000000 -32.539104 16.190216 48.697467 148.740023 20.912194 
637.000000 -33.803343 14.636247 48.406655 -93.095921 138.776008 
638.000000 -34.986170 13.208202 48.160491 9.276696 -119.136332 
639.000000 -36.096912 11.888659 47.950864 98.737597 -29.947473 
640.000000 -34.243609 12.547339 46.751113 9.647954 -118.390877 
641.000000 -33.160468 13.913027 47.034938 -131.402593 100.749759 
642.000000 -32.011082 15.387614 47.361559 67.909436 -59.736277 
643.000000 -30.787864 16.986272 47.738573 -116.616154 115.952927 
644.000000 -29.482170 18.726463 48.174808 29.580305 -97.620202 
645.000000 -28.084273 20.627942 48.680299 139.348505 12.397686 
646.000000 -26.583486 22.712365 49.266013 -156.857218 76.465815 
647.000000 -24.968646 25.002061 49.943103 -151.991005 81.636559 
648.000000 -23.229360 27.517179 50.721297 136.072539 10.043847 
649.000000 -21.358846 30.269735 51.605780 -37.722284 -163.357391 
650.000000 -19.359986 33.252042 52.591671 11.054971 -114.124982 
651.000000 -17.257494 36.415694 53.655174 -128.363297 106.982472 
652.000000 -15.120306 39.637203 54.741611 -167.734043 68.204293 
653.000000 -13.095575 42.673133 55.754559 155.404254 31.965742 
654.000000 -11.438236 45.132754 56.558090 0.300554 -122.577881 
655.000000 -10.480413 46.539641 57.007804 -36.141712 -158.672145 
656.000000 -10.480496 46.539636 57.007882 -36.148919 -158.672148 
657.000000 -11.438482 45.132739 56.558322 0.279815 -122.577891 
658.000000 -13.095981 42.673110 55.754942 155.372167 31.965728 
659.000000 -15.120875 39.637173 54.742151 -167.774898 68.204275 
660.000000 -17.258233 36.415658 53.655879 -128.410603 106.982451 
661.000000 -19.360904 33.252002 52.592551 11.003030 -114.125008 
662.000000 -21.359955 30.269691 51.606848 -37.777524 -163.357421 
663.000000 -23.230667 27.517132 50.722561 136.014956 10.043811 
664.000000 -24.970159 25.002011 49.944571 -152.050245 81.636517 
665.000000 -26.585210 22.712313 49.267691 -156.917623 76.465765 
666.000000 -28.086213 20.627888 48.682193 139.287293 12.397629 
667.000000 -29.484329 18.726407 48.176920 29.518553 -97.620267 
668.000000 -30.790245 16.986215 47.740906 -116.678245 115.952855 
669.000000 -32.013687 15.387556 47.364117 67.847160 -59.736358 
670.000000 -33.163299 13.912968 47.037723 -131.464935 100.749671 
671.000000 -34.246668 12.547279 46.754126 9.585641 -118.390973 
672.000000 -32.815372 13.192868 45.964639 96.057671 -31.688961 
673.000000 -31.764781 14.584462 46.307325 -106.083412 126.314968 
674.000000 -30.654624 16.079520 46.694047 24.681753 -102.765171 
675.000000 -29.479179 17.689668 47.130712 122.840386 -4.440148 
676.000000 -28.232325 19.427282 47.623571 -178.635453 54.264669 
677.000000 -26.907775 21.304905 48.178872 -168.806673 64.291646 
678.000000 -25.499577 23.334101 48.802206 140.511586 13.829766 
679.000000 -24.003096 25.523351 49.497393 13.743963 -112.691310 
680.000000 -22.416881 27.874377 50.264657 150.161332 24.005062 
681.000000 -20.746049 30.375960 51.097837 161.992359 36.153363 
682.000000 -19.008187 32.994106 51.980454 11.992524 -113.486869 
683.000000 -17.242916 35.657662 52.880886 10.658579 -114.420402 
684.000000 -15.525361 38.240514 53.748053 93.897367 -30.754176 
685.000000 -13.979706 40.547476 54.510856 -176.812266 58.955811 
686.000000 -12.779732 42.321639 55.086092 -168.190640 67.928325 
687.000000 -12.114749 43.297034 55.397039 40.517573 -83.157005 
688.000000 -12.114817 43.297030 55.397103 40.511620 -83.157006 
689.000000 -12.779934 42.321628 55.086282 -168.207994 67.928321 
690.000000 -13.980040 40.547458 54.511173 -176.839692 58.955805 
691.000000 -15.525828 38.240490 53.748496 93.861593 -30.754183 
692.000000 -17.243519 35.657633 52.881462 10.616187 -114.420410 
693.000000 -19.008933 32.994073 51.981168 11.945024 -113.486879 
694.000000 -20.746945 30.375924 51.098699 161.940973 36.153352 
695.000000 -22.417934 27.874338 50.265673 150.107007 24.005047 
696.000000 -24.004312 25.523309 49.498570 13.687421 -112.691329 
697.000000 -25.500961 23.334056 48.803550 140.453372 13.829742 
698.000000 -26.909332 21.304859 48.180388 -168.866144 64.291618 
699.000000 -28.234058 19.427234 47.625263 -178.695864 54.264634 
700.000000 -29.481091 17.689618 47.132583 122.779277 -4.440190 
701.000000 -30.656718 16.079469 46.696100 24.620138 -102.765220 
702.000000 -31.767059 14.584410 46.309562 -106.145383 126.314911 
703.000000 -32.817835 13.192815 45.967062 95.995464 -31.689024 
704.000000 -31.691985 13.779347 45.424944 7.886363 -119.744031 
705.000000 -30.678236 15.174951 45.808799 96.986690 -30.526951 
706.000000 -29.612101 16.664312 46.234142 151.233285 23.845567 
707.000000 -28.489712 18.255135 46.704800 163.925795 36.675021 
708.000000 -27.307370 19.954612 47.224254 126.667491 -0.433065 
709.000000 -26.061963 21.768530 47.795161 28.851873 -98.082497 
710.000000 -24.751681 23.699828 48.418620 -143.016186 90.234704 
711.000000 -23.377214 25.746330 49.093108 -46.207386 -172.748811 
712.000000 -21.943722 27.897285 49.812987 -62.897059 170.794786 
713.000000 -20.463937 30.128341 50.566583 138.470043 12.422808 
714.000000 -18.962769 32.394736 51.333980 161.695952 35.936572 
715.000000 -17.483434 34.623203 52.085059 -38.416708 -163.867463 
716.000000 -16.093941 36.704860 52.778878 -156.290963 78.572528 
717.000000 -14.890177 38.494404 53.365958 106.549113 -18.294624 
718.000000 -13.988624 39.823852 53.794749 -32.474651 -157.085288 
719.000000 -13.502095 40.536882 54.021707 93.529971 -30.947913 
720.000000 -13.502153 40.536879 54.021761 93.524905 -30.947913 
721.000000 -13.988795 39.823843 53.794912 -32.489532 -157.085287 
722.000000 -14.890460 38.494389 53.366227 106.525273 -18.294624 
723.000000 -16.094337 36.704840 52.779255 -156.322579 78.572530 
724.000000 -17.483944 34.623179 52.085545 -38.454816 -163.867461 
725.000000 -18.963396 32.394708 51.334580 161.652562 35.936575 
726.000000 -20.464687 30.128309 50.567304 138.422429 12.422810 
727.000000 -21.944600 27.897251 49.813833 -62.948021 170.794788 
728.000000 -23.378224 25.746294 49.094085 -46.260989 -172.748811 
729.000000 -24.752829 23.699790 48.419734 -143.071870 90.234701 
730.000000 -26.063253 21.768489 47.796416 28.794552 -98.082503 
731.000000 -27.308805 19.954570 47.225654 126.608881 -0.433076 
732.000000 -28.491296 18.255092 46.706348 163.866174 36.675005 
733.000000 -29.613836 16.664268 46.235840 151.172873 23.845546 
734.000000 -30.680124 15.174905 45.810651 96.925665 -30.526979 
735.000000 -31.694028 13.779301 45.426952 7.824867 -119.744066 
736.000000 -30.799599 14.279988 45.031053 115.989304 -11.604324 
737.000000 -29.825981 15.659828 45.439498 130.482238 2.987233 
738.000000 -28.807338 17.121279 45.884614 102.429413 -24.958208 
739.000000 -27.741522 18.668373 46.368269 24.146248 -103.123640 
740.000000 -26.627002 20.303760 46.891565 -113.827812 119.032199 
741.000000 -25.463370 22.027731 47.454358 36.803731 -90.192189 
742.000000 -24.252124 23.836788 48.054618 101.511638 -25.323981 
743.000000 -22.997854 25.721623 48.687589 62.233612 -64.423623 
744.000000 -21.709990 27.664354 49.344775 -103.441744 130.098642 
745.000000 -20.405225 29.634986 50.012827 -63.129494 170.627389 
746.000000 -19.110613 31.587331 50.672560 149.632350 23.621510 
747.000000 -17.866905 33.455238 51.298522 135.141578 9.371381 
748.000000 -16.730848 35.151010 51.859713 -151.671495 82.794051 
749.000000 -15.774030 36.569005 52.322036 -38.694733 -164.017994 
750.000000 -15.075191 37.597638 52.652614 68.212128 -56.948586 
751.000000 -14.704659 38.140378 52.825219 132.089196 7.019250 
752.000000 -14.704708 38.140376 52.825267 132.084791 7.019251 
753.000000 -15.075339 37.597630 52.652754 68.199119 -56.948583 
754.000000 -15.774275 36.568993 52.322270 -38.715762 -164.017989 
755.000000 -16.731191 35.150994 51.860040 -151.699709 82.794059 
756.000000 -17.867346 33.455218 51.298944 135.107137 9.371391 
757.000000 -19.111154 31.587307 50.673079 149.592643 23.621522 
758.000000 -20.405869 29.634959 50.013447 -63.173581 170.627402 
759.000000 -21.710741 27.664325 49.345500 -103.489431 130.098656 
760.000000 -22.998717 25.721592 48.688423 62.182983 -64.423609 
761.000000 -24.253102 23.836755 48.055566 101.458614 -25.323967 
762.000000 -25.464467 22.027696 47.455424 36.748760 -90.192177 
763.000000 -26.628221 20.303723 46.892753 -113.884365 119.032208 
764.000000 -27.742866 18.668335 46.369582 24.088410 -103.123634 
765.000000 -28.808810 17.121240 45.886054 102.370532 -24.958206 
766.000000 -29.827584 15.659788 45.441069 130.422513 2.987230 
767.000000 -30.801333 14.279947 45.032755 115.928896 -11.604332 
768.000000 -30.088255 14.682736 44.720697 71.723190 -55.870445 
769.000000 -29.157062 16.030818 45.139949 7.473842 -120.033414 
770.000000 -28.188099 17.447451 45.590033 -106.651065 125.936317 
771.000000 -27.180727 18.933566 46.071223 80.921949 -46.386509 
772.000000 -26.135232 20.488211 46.582830 -159.997404 72.809164 
773.000000 -25.053341 22.107628 47.122799 -121.757683 111.176107 
774.000000 -23.938972 23.784017 47.687216 -179.327033 53.747329 
775.000000 -22.799266 25.503927 48.269737 9.193138 -117.577880 
776.000000 -21.645962 27.246276 48.860979 62.044787 -64.557754 
777.000000 -20.497089 28.980123 49.447991 -46.628329 -173.050226 
778.000000 -19.378804 30.662550 50.013975 13.025661 -113.207397 
779.000000 -18.326877 32.237410 50.538509 -153.118427 80.838492 
780.000000 -17.386883 33.636130 50.998563 138.002288 12.139655 
781.000000 -16.611794 34.782059 51.370427 128.982877 3.277214 
782.000000 -16.055811 35.599358 51.632438 145.575963 19.988271 
783.000000 -15.764618 36.025740 51.767979 161.188494 35.665913 
784.000000 -15.764662 36.025738 51.768020 161.184597 35.665915 
785.000000 -16.055941 35.599352 51.632562 145.564418 19.988276 
786.000000 -16.612011 34.782049 51.370633 128.964094 3.277223 
787.000000 -17.387185 33.636116 50.998852 137.976877 12.139668 
788.000000 -18.327265 32.237393 50.538881 -153.149742 80.838508 
789.000000 -19.379280 30.662530 50.014431 12.989203 -113.207377 
790.000000 -20.497653 28.980100 49.448535 -46.669195 -173.050204 
791.000000 -21.646619 27.246251 48.861613 62.000187 -64.557730 
792.000000 -22.800019 25.503900 48.270464 9.145401 -117.577854 
793.000000 -23.939823 23.783988 47.688041 -179.377394 53.747356 
794.000000 -25.054293 22.107597 47.123725 -121.810231 111.176133 
795.000000 -26.136289 20.488179 46.583860 -160.051775 72.809190 
796.000000 -27.181891 18.933533 46.072360 80.866060 -46.386485 
797.000000 -28.189373 17.447417 45.591279 -106.708217 125.936339 
798.000000 -29.158448 16.030783 45.141307 7.415639 -120.033395 
799.000000 -30.089755 14.682700 44.722169 71.664113 -55.870430 
800.000000 -29.522253 14.985558 44.455965 -113.438686 118.950850 
801.000000 -28.634838 16.289991 44.875420 100.978066 -26.554809 
802.000000 -27.716577 17.650081 45.319706 -101.237691 131.314645 
803.000000 -26.768082 19.064335 45.787922 -9.006072 -136.359971 
804.000000 -25.791066 20.529159 46.278166 7.073369 -120.177314 
805.000000 -24.788823 22.038079 46.787233 -65.589839 167.272901 
806.000000 -23.766876 23.580753 47.310273 118.085486 -8.927696 
807.000000 -22.733794 25.141798 47.840444 -179.484644 53.636808 
808.000000 -21.702183 26.699494 48.368598 101.165635 -25.568709 
809.000000 -20.689759 28.224527 48.883106 -143.594052 89.823100 
810.000000 -19.720286 29.679120 49.369923 139.634248 13.206162 
811.000000 -18.823993 31.017051 49.813025 -158.154223 75.569603 
812.000000 -18.036876 32.185268 50.195329 12.831902 -113.303479 
813.000000 -17.398248 33.127722 50.500078 -96.868856 137.115541 
814.000000 -16.946213 33.791595 50.712541 -153.326377 80.746521 
815.000000 -16.711548 34.135131 50.821728 -176.234189 57.887244 
816.000000 -16.711587 34.135129 50.821765 -176.237681 57.887247 
817.000000 -16.946330 33.791589 50.712652 -153.336749 80.746528 
818.000000 -17.398442 33.127713 50.500263 -96.885808 137.115553 
819.000000 -18.037146 32.185256 50.195588 12.808824 -113.303463 
820.000000 -18.824340 31.017037 49.813358 -158.182868 75.569624 
821.000000 -19.720710 29.679103 49.370331 139.600639 13.206187 
822.000000 -20.690262 28.224508 48.883591 -143.632017 89.823129 
823.000000 -21.702767 26.699472 48.369162 101.123891 -25.568676 
824.000000 -22.734461 25.141775 47.841089 -179.529637 53.636843 
825.000000 -23.767629 23.580728 47.311003 118.037713 -8.927658 
826.000000 -24.789664 22.038053 46.788050 -65.639979 167.272940 
827.000000 -25.791997 20.529131 46.279074 7.021216 -120.177274 
828.000000 -26.769107 19.064306 45.788923 -9.059935 -136.359932 
829.000000 -27.717698 17.650051 45.320803 -101.293004 131.314684 
830.000000 -28.636057 16.289960 44.876614 100.921522 -26.554773 
831.000000 -29.523571 14.985526 44.457259 -113.496275 118.950885 
832.000000 -29.074915 15.192605 44.214215 -68.206654 164.158845 
833.000000 -28.231792 16.445246 44.626195 63.620265 -63.943395 
834.000000 -27.364248 17.741496 45.057356 132.762739 5.276807 
835.000000 -26.473879 19.078082 45.506002 130.038128 2.637435 
836.000000 -25.563450 20.449627 45.969501 44.718113 -82.589312 
837.000000 -24.637309 21.848025 46.444070 -135.701033 97.093145 
838.000000 -23.701904 23.261708 46.924563 -65.724232 167.179832 
839.000000 -22.766390 24.674850 47.404285 -122.049256 110.972377 
840.000000 -21.843288 26.066594 47.874872 36.324363 -90.530139 
841.000000 -20.949087 27.410452 48.326299 28.140400 -98.586364 
842.000000 -20.104622 28.674136 48.747087 -169.821375 63.579780 
843.000000 -19.334937 29.820142 49.124753 137.900380 11.424562 
844.000000 -18.668310 30.807459 49.446543 -153.464089 80.171908 
845.000000 -18.134172 31.594603 49.700390 12.637160 -113.633325 
846.000000 -17.759887 32.143913 49.875983 -104.004621 129.793152 
847.000000 -17.566858 32.426461 49.965786 -158.340192 75.494911 
848.000000 -17.566893 32.426459 49.965820 -158.343356 75.494914 
849.000000 -17.759992 32.143909 49.876084 -104.014034 129.793161 
850.000000 -18.134347 31.594595 49.700558 12.621724 -113.633311 
851.000000 -18.668554 30.807448 49.446778 -153.485202 80.171928 
852.000000 -19.335250 29.820130 49.125054 137.874026 11.424588 
853.000000 -20.105005 28.674121 48.747456 -169.852486 63.579810 
854.000000 -20.949541 27.410436 48.326737 28.105034 -98.586329 
855.000000 -21.843813 26.066575 47.875380 36.285234 -90.530100 
856.000000 -22.766989 24.674830 47.404866 -122.091685 110.972420 
857.000000 -23.702578 23.261686 46.925218 -65.769537 167.179879 
858.000000 -24.638061 21.848002 46.444802 -135.748832 97.093195 
859.000000 -25.564283 20.449603 45.970313 44.668157 -82.589261 
860.000000 -26.474794 19.078056 45.506896 129.986309 2.637487 
861.000000 -27.365247 17.741470 45.058334 132.709313 5.276859 
862.000000 -28.232877 16.445219 44.627259 63.565454 -63.943343 
863.000000 -29.076088 15.192577 44.215366 -68.262659 164.158896 
864.000000 -28.725597 15.311448 43.982302 -141.698648 90.640302 
865.000000 -27.926560 16.507293 44.381561 -92.602069 139.802208 
866.000000 -27.108927 17.735902 44.794961 -111.471193 121.004509 
867.000000 -26.275023 18.992792 45.220324 152.448863 25.002460 
868.000000 -25.428329 20.271499 45.654647 -31.470600 -158.832424 
869.000000 -24.573818 21.563104 46.093964 44.601531 -82.669053 
870.000000 -23.718348 22.855725 46.533228 6.822787 -120.350278 
871.000000 -22.871077 24.134016 46.966230 -160.404496 72.525360 
872.000000 -22.043866 25.378761 47.385592 -114.422242 118.614406 
873.000000 -21.251571 26.566674 47.782862 125.839919 -1.015098 
874.000000 -20.512080 27.670598 48.148751 -179.771732 53.479904 
875.000000 -19.845942 28.660271 48.473530 27.994018 -98.653486 
876.000000 -19.275400 29.503847 48.747577 8.722309 -117.834951 
877.000000 -18.822733 30.170201 48.962036 103.543288 -22.939482 
878.000000 -18.507996 30.631885 49.109502 -63.472478 170.098646 
879.000000 -18.346487 30.868275 49.184644 -143.921115 89.679476 
880.000000 -18.346519 30.868274 49.184675 -143.924006 89.679479 
881.000000 -18.508091 30.631882 49.109594 -63.481092 170.098655 
882.000000 -18.822892 30.170195 48.962189 103.529125 -22.939466 
883.000000 -19.275622 29.503838 48.747792 8.702867 -117.834929 
884.000000 -19.846227 28.660261 48.473806 27.969642 -98.653457 
885.000000 -20.512428 27.670585 48.149089 -179.800649 53.479939 
886.000000 -21.251984 26.566659 47.783262 125.806877 -1.015058 
887.000000 -22.044344 25.378744 47.386056 -114.458992 118.614451 
888.000000 -22.871620 24.133999 46.966759 -160.444550 72.525410 
889.000000 -23.718959 22.855706 46.533823 6.779808 -120.350224 
890.000000 -24.574499 21.563084 46.094628 44.555975 -82.668995 
891.000000 -25.429081 20.271478 45.655382 -31.518419 -158.832363 
892.000000 -26.275848 18.992770 45.221132 152.399063 25.002523 
893.000000 -27.109827 17.735879 44.795843 -111.522727 121.004574 
894.000000 -27.927537 16.507269 44.382520 -92.655116 139.802273 
895.000000 -28.726652 15.311424 43.983339 -141.753018 90.640368 
896.000000 -28.457897 15.351242 43.752935 36.403940 -91.283874 
897.000000 -27.702154 16.487758 44.136127 3.530224 -124.097008 
898.000000 -26.932990 17.647549 44.529125 -101.805936 130.632726 
899.000000 -26.153231 18.825380 44.929508 71.251003 -56.238964 
900.000000 -25.366795 20.014231 45.334152 152.346299 24.933169 
901.000000 -24.578950 21.204956 45.739161 129.819327 2.488252 
902.000000 -23.796589 22.385948 46.139805 -9.358232 -136.602611 
903.000000 -23.028504 23.542860 46.530507 80.413973 -46.740073 
904.000000 -22.285601 24.658429 46.904892 23.451022 -103.610577 
905.000000 -21.580988 25.712518 47.255915 162.995452 36.026293 
906.000000 -20.929846 26.682470 47.576083 121.594205 -5.285261 
907.000000 -20.348981 27.543871 47.857773 -118.331338 114.872840 
908.000000 -19.855968 28.271814 48.093641 146.284190 19.562271 
909.000000 -19.467878 28.842620 48.277068 -179.912527 53.425935 
910.000000 -19.199687 29.235877 48.402613 -29.669778 -156.287905 
911.000000 -19.062600 29.436515 48.466405 -132.150587 101.255060 
912.000000 -19.062629 29.436514 48.466434 -132.153249 101.255064 
913.000000 -19.199775 29.235873 48.402698 -29.677717 -156.287895 
914.000000 -19.468024 28.842614 48.277210 -179.925607 53.425953 
915.000000 -19.856172 28.271807 48.093839 146.266184 19.562295 
916.000000 -20.349244 27.543862 47.858028 -118.353993 114.872872 
917.000000 -20.930166 26.682459 47.576394 121.567222 -5.285223 
918.000000 -21.581366 25.712506 47.256283 162.964488 36.026338 
919.000000 -22.286039 24.658415 46.905318 23.416432 -103.610527 
920.000000 -23.029002 23.542845 46.530992 80.376107 -46.740017 
921.000000 -23.797148 22.385932 46.140350 -9.399038 -136.602550 
922.000000 -24.579572 21.204938 45.739769 129.775896 2.488317 
923.000000 -25.367481 20.014213 45.334824 152.300534 24.933238 
924.000000 -26.153983 18.825361 44.930244 71.203169 -56.238892 
925.000000 -26.933809 17.647529 44.529930 -101.855603 130.632801 
926.000000 -27.703042 16.487738 44.137000 3.478938 -124.096932 
927.000000 -28.458855 15.351221 43.753879 36.351222 -91.283796 
928.000000 -28.258526 15.321564 43.522380 115.758411 -11.955283 
929.000000 -27.544830 16.398090 43.887578 2.377299 -125.280046 
930.000000 -26.822227 17.489761 44.258956 172.798049 45.201616 
931.000000 -26.093859 18.590951 44.634012 -101.897234 130.571811 
932.000000 -25.363859 19.694469 45.009674 -111.664757 120.874164 
933.000000 -24.637540 20.791332 45.382256 132.453521 5.066326 
934.000000 -23.921587 21.870565 45.747450 -101.679529 131.010490 
935.000000 -23.224212 22.919059 46.100345 -107.248176 125.521356 
936.000000 -22.555247 23.921556 46.435497 101.644631 -25.505462 
937.000000 -21.926113 24.860803 46.747063 150.210434 23.139708 
938.000000 -21.349617 25.717956 47.028990 23.334429 -103.660232 
939.000000 -20.839508 26.473263 47.275264 66.072092 -60.852455 
940.000000 -20.409761 27.107081 47.480208 -95.723497 137.413275 
941.000000 -20.073620 27.601145 47.638792 -114.676768 118.509706 
942.000000 -19.842464 27.940001 47.746937 -1.130836 -127.908788 
943.000000 -19.724673 28.112398 47.801765 -122.444601 110.796991 
944.000000 -19.724700 28.112397 47.801791 -122.447067 110.796995 
945.000000 -19.842545 27.939999 47.747015 -1.138198 -127.908776 
946.000000 -20.073755 27.601140 47.638923 -114.688915 118.509726 
947.000000 -20.409950 27.107075 47.480391 -95.740258 137.413302 
948.000000 -20.839750 26.473255 47.275499 66.050944 -60.852421 
949.000000 -21.349914 25.717946 47.029278 23.309159 -103.660191 
950.000000 -21.926463 24.860793 46.747404 150.181331 23.139757 
951.000000 -22.555651 23.921544 46.435891 101.611999 -25.505408 
952.000000 -23.224672 22.919046 46.100793 -107.284032 125.521417 
953.000000 -23.922102 21.870551 45.747954 -101.718313 131.010557 
954.000000 -24.638112 20.791318 45.382817 132.412093 5.066398 
955.000000 -25.364489 19.694453 45.010292 -111.708564 120.874240 
956.000000 -26.094550 18.590934 44.634690 -101.943173 130.571891 
957.000000 -26.822979 17.489744 44.259695 172.750202 45.201699 
958.000000 -27.545644 16.398073 43.888380 2.327748 -125.279960 
959.000000 -28.259404 15.321545 43.523245 115.707339 -11.955194 
960.000000 -28.116565 15.231728 43.289017 105.309760 -22.428429 
961.000000 -27.443332 16.248961 43.635326 -86.587089 145.727209 
962.000000 -26.765072 17.274495 43.984840 2.295222 -125.334123 
963.000000 -26.085088 18.302577 44.335094 3.357106 -124.212126 
964.000000 -25.407561 19.326114 44.683163 -92.876938 139.617428 
965.000000 -24.737683 20.336534 45.025652 63.230448 -64.208575 
966.000000 -24.081775 21.323673 45.358706 100.456333 -26.913783 
967.000000 -23.447366 22.275742 45.678048 6.797109 -120.502801 
968.000000 -22.843206 23.179385 45.979062 129.616831 2.387118 
969.000000 -22.279173 24.019895 46.256906 95.879317 -31.281832 
970.000000 -21.766045 24.781594 46.506670 -107.525222 125.378653 
971.000000 -21.315098 25.448435 46.723571 -133.357127 99.606107 
972.000000 -20.937533 26.004781 46.903169 6.480247 -120.505036 
973.000000 -20.643744 26.436365 47.041581 -58.497155 174.559030 
974.000000 -20.442513 26.731291 47.135690 23.214751 -103.699471 
975.000000 -20.340227 26.880997 47.183318 -114.378852 118.723251 
976.000000 -20.340252 26.880996 47.183343 -114.381149 118.723255 
977.000000 -20.442588 26.731289 47.135764 23.207890 -103.699459 
978.000000 -20.643869 26.436361 47.041703 -58.508492 174.559051 
979.000000 -20.937708 26.004776 46.903340 6.464576 -120.505008 
980.000000 -21.315323 25.448428 46.723792 -133.376947 99.606143 
981.000000 -21.766320 24.781587 46.506939 -107.548970 125.378696 
982.000000 -22.279498 24.019886 46.257224 95.851887 -31.281780 
983.000000 -22.843581 23.179375 45.979430 129.585978 2.387176 
984.000000 -23.447792 22.275731 45.678466 6.763097 -120.502736 
985.000000 -24.082253 21.323661 45.359174 100.419424 -26.913712 
986.000000 -24.738213 20.336521 45.026173 63.190897 -64.208498 
987.000000 -25.408145 19.326101 44.683737 -92.918890 139.617510 
988.000000 -26.085727 18.302563 44.335722 3.312981 -124.212039 
989.000000 -26.765766 17.274481 43.985524 2.249134 -125.334032 
990.000000 -27.444083 16.248946 43.636067 -86.634946 145.727304 
991.000000 -28.117374 15.231713 43.289816 105.260310 -22.428331 
992.000000 -28.022948 15.090411 43.052452 13.275603 -114.485495 
993.000000 -27.388365 16.049995 43.379697 105.235346 -22.476833 
994.000000 -26.752042 17.012204 43.707751 115.602140 -12.057875 
995.000000 -26.117327 17.971345 44.034253 36.157079 -91.447721 
996.000000 -25.488328 18.920599 44.356485 -142.046613 90.406517 
997.000000 -24.870005 19.851944 44.671368 -68.668835 163.844433 
998.000000 -24.268232 20.756106 44.975493 -114.032212 118.542689 
999.000000 -23.689825 21.622586 45.265164 70.974592 -56.388312 
1000.000000 -23.142507 22.439764 45.536473 115.050430 -12.250885 
1001.000000 -22.634785 23.195123 45.785401 6.700744 -120.540982 
1002.000000 -22.175731 23.875601 46.007948 94.526493 -32.659227 
1003.000000 -21.774633 24.468081 46.200277 7.579943 -119.555061 
1004.000000 -21.440534 24.960008 46.358871 95.774258 -31.317060 
1005.000000 -21.181688 25.340096 46.480693 -9.677991 -136.734291 
1006.000000 -21.004969 25.599057 46.563323 44.166513 -82.864846 
1007.000000 -20.915326 25.730263 46.605081 -107.637710 125.344760 
1008.000000 -20.915350 25.730263 46.605104 -107.639860 125.344764 
1009.000000 -21.005040 25.599055 46.563392 44.160088 -82.864833 
1010.000000 -21.181805 25.340093 46.480807 -9.688617 -136.734270 
1011.000000 -21.440698 24.960004 46.359032 95.759546 -31.317030 
1012.000000 -21.774843 24.468076 46.200483 7.561301 -119.555023 
1013.000000 -22.175989 23.875595 46.008201 94.504106 -32.659181 
1014.000000 -22.635089 23.195116 45.785699 6.674820 -120.540928 
1015.000000 -23.142858 22.439756 45.536817 115.021193 -12.250824 
1016.000000 -23.690224 21.622577 45.265555 70.942271 -56.388243 
1017.000000 -24.268678 20.756096 44.975932 -114.067385 118.542765 
1018.000000 -24.870499 19.851933 44.671855 -68.706632 163.844515 
1019.000000 -25.488872 18.920588 44.357021 -142.086815 90.406605 
1020.000000 -26.117921 17.971333 44.034839 36.114681 -91.447628 
1021.000000 -26.752687 17.012192 43.708388 115.557742 -12.057777 
1022.000000 -27.389062 16.049983 43.380387 105.189129 -22.476730 
1023.000000 -28.023699 15.090398 43.053195 13.227737 -114.485389 
