#x amp_{ref} amp_{cal} amp_{error}
0.000000 -29.021062 -31.405652 73.689627 
1.000000 -28.173194 -30.390837 73.856608 
2.000000 -27.151997 -29.247521 73.978752 
3.000000 -25.983612 -28.061408 73.996484 
4.000000 -24.710245 -26.911532 73.872968 
5.000000 -23.379919 -25.854490 73.599627 
6.000000 -22.038076 -24.920305 73.191882 
7.000000 -20.723250 -24.112691 72.684555 
8.000000 -19.466078 -23.409294 72.130648 
9.000000 -18.290031 -22.762568 71.601192 
10.000000 -17.212610 -22.107879 71.178346 
11.000000 -16.246422 -21.387536 70.932432 
12.000000 -15.399960 -20.586334 70.887159 
13.000000 -14.678155 -19.750566 71.001155 
14.000000 -14.082783 -18.968078 71.188323 
15.000000 -13.612860 -18.326842 71.359682 
16.000000 -13.265061 -17.884329 71.454422 
17.000000 -13.034190 -17.658095 71.449783 
18.000000 -12.913660 -17.630710 71.356614 
19.000000 -12.895953 -17.761926 71.207650 
20.000000 -12.972990 -18.004559 71.042009 
21.000000 -13.136419 -18.320202 70.889751 
22.000000 -13.377795 -18.688845 70.762448 
23.000000 -13.688703 -19.108485 70.653685 
24.000000 -14.060840 -19.587081 70.547194 
25.000000 -14.486085 -20.133145 70.426338 
26.000000 -14.956569 -20.749598 70.280325 
27.000000 -15.464759 -21.431712 70.106347 
28.000000 -16.003530 -22.167831 69.908936 
29.000000 -16.566235 -22.941435 69.697969 
30.000000 -17.146765 -23.733670 69.486194 
31.000000 -17.739580 -24.525879 69.286733 
32.000000 -28.632324 -30.839407 73.867170 
33.000000 -27.858753 -29.909002 74.024036 
34.000000 -26.900420 -28.781439 74.193299 
35.000000 -25.771030 -27.539046 74.306324 
36.000000 -24.506593 -26.280939 74.299993 
37.000000 -23.155837 -25.091256 74.138889 
38.000000 -21.769482 -24.024702 73.819024 
39.000000 -20.393042 -23.103601 73.363590 
40.000000 -19.063972 -22.317734 72.820266 
41.000000 -17.811620 -21.624333 72.261184 
42.000000 -16.658311 -20.953883 71.778204 
43.000000 -15.620533 -20.233403 71.460821 
44.000000 -14.709857 -19.428705 71.354816 
45.000000 -13.933578 -18.576034 71.431228 
46.000000 -13.295170 -17.767489 71.601411 
47.000000 -12.794701 -17.102548 71.765925 
48.000000 -12.429287 -16.648034 71.855048 
49.000000 -12.193608 -16.424506 71.842894 
50.000000 -12.080471 -16.411759 71.742478 
51.000000 -12.081348 -16.564089 71.590985 
52.000000 -12.186857 -16.830217 71.430324 
53.000000 -12.387132 -17.171876 71.288902 
54.000000 -12.672102 -17.573096 71.172620 
55.000000 -13.031690 -18.036644 71.068630 
56.000000 -13.455971 -18.572812 70.956712 
57.000000 -13.935301 -19.188889 70.819927 
58.000000 -14.460443 -19.883729 70.650179 
59.000000 -15.022672 -20.647042 70.449036 
60.000000 -15.613874 -21.461381 70.225831 
61.000000 -16.226617 -22.305204 69.994678 
62.000000 -16.854198 -23.156150 69.771241 
63.000000 -17.490664 -23.994016 69.569776 
64.000000 -28.113173 -30.138504 74.048960 
65.000000 -27.415558 -29.330880 74.158990 
66.000000 -26.532455 -28.276911 74.329889 
67.000000 -25.462127 -27.026681 74.509825 
68.000000 -24.228972 -25.683629 74.619743 
69.000000 -22.877571 -24.359503 74.592462 
70.000000 -21.461312 -23.141078 74.394591 
71.000000 -20.032207 -22.077722 74.028771 
72.000000 -18.635253 -21.178986 73.530451 
73.000000 -17.306847 -20.413557 72.967352 
74.000000 -16.075332 -19.712038 72.437233 
75.000000 -14.962159 -18.987275 72.048728 
76.000000 -13.982912 -18.181923 71.874789 
77.000000 -13.148029 -17.316090 71.905747 
78.000000 -12.463305 -16.483318 72.053832 
79.000000 -11.930317 -15.795455 72.208746 
80.000000 -11.546896 -15.330244 72.290555 
81.000000 -11.307701 -15.111724 72.269875 
82.000000 -11.204862 -15.116349 72.162385 
83.000000 -11.228645 -15.292372 72.010107 
84.000000 -11.368055 -15.584880 71.856970 
85.000000 -11.611352 -15.957363 71.727751 
86.000000 -11.946459 -16.399440 71.620753 
87.000000 -12.361277 -16.918836 71.516148 
88.000000 -12.843945 -17.526844 71.390775 
89.000000 -13.383050 -18.227446 71.229233 
90.000000 -13.967803 -19.013369 71.028007 
91.000000 -14.588183 -19.867198 70.794492 
92.000000 -15.235042 -20.764858 70.543617 
93.000000 -15.900167 -21.679791 70.293735 
94.000000 -16.576311 -22.586941 70.062656 
95.000000 -17.257182 -23.465990 69.864415 
96.000000 -27.459100 -29.295461 74.237967 
97.000000 -26.829373 -28.615976 74.287734 
98.000000 -26.024882 -27.684366 74.414877 
99.000000 -25.028544 -26.490671 74.612271 
100.000000 -23.848875 -25.110383 74.812927 
101.000000 -22.520242 -23.669491 74.925207 
102.000000 -21.093962 -22.290207 74.878202 
103.000000 -19.626367 -21.058239 74.642531 
104.000000 -18.169874 -20.012503 74.231697 
105.000000 -16.768868 -19.142147 73.700941 
106.000000 -15.459006 -18.385978 73.147130 
107.000000 -14.267996 -17.647149 72.694846 
108.000000 -13.216602 -16.842325 72.448219 
109.000000 -12.319420 -15.967612 72.425743 
110.000000 -11.585383 -15.113019 72.546328 
111.000000 -11.018188 -14.403153 72.689033 
112.000000 -10.616765 -13.928646 72.762134 
113.000000 -10.375899 -13.717675 72.732233 
114.000000 -10.286976 -13.742687 72.618271 
115.000000 -10.338800 -13.945346 72.467399 
116.000000 -10.518390 -14.268036 72.324266 
117.000000 -10.811688 -14.678127 72.207444 
118.000000 -11.204152 -15.172284 72.105726 
119.000000 -11.681246 -15.762616 71.992460 
120.000000 -12.228826 -16.459190 71.843428 
121.000000 -12.833450 -17.259969 71.647223 
122.000000 -13.482616 -18.149267 71.407027 
123.000000 -14.164924 -19.101124 71.137404 
124.000000 -14.870183 -20.084470 70.859238 
125.000000 -15.589447 -21.068422 70.594474 
126.000000 -16.315012 -22.026807 70.361585 
127.000000 -17.040360 -22.941173 70.172508 
128.000000 -26.677653 -28.337982 74.414032 
129.000000 -26.098502 -27.751532 74.421333 
130.000000 -25.364565 -26.956307 74.482631 
131.000000 -24.447126 -25.879088 74.642442 
132.000000 -23.337847 -24.530827 74.881467 
133.000000 -22.055543 -23.017894 75.112137 
134.000000 -20.643063 -21.488424 75.229148 
135.000000 -19.156585 -20.071163 75.159919 
136.000000 -17.654170 -18.845358 74.883260 
137.000000 -16.188351 -17.831708 74.431007 
138.000000 -14.803208 -16.988342 73.889124 
139.000000 -13.534119 -16.217733 73.390540 
140.000000 -12.408435 -15.411315 73.071205 
141.000000 -11.446167 -14.532391 72.987842 
142.000000 -10.660451 -13.659235 73.075302 
143.000000 -10.057909 -12.928395 73.203627 
144.000000 -9.639087 -12.445834 73.267380 
145.000000 -9.399109 -12.244903 73.228326 
146.000000 -9.328545 -12.293346 73.109293 
147.000000 -9.414438 -12.525852 72.962646 
148.000000 -9.641356 -12.883660 72.831727 
149.000000 -9.992385 -13.340601 72.725791 
150.000000 -10.449991 -13.901359 72.622614 
151.000000 -10.996728 -14.580714 72.489965 
152.000000 -11.615803 -15.384254 72.305456 
153.000000 -12.291496 -16.300721 72.064623 
154.000000 -13.009454 -17.303767 71.779462 
155.000000 -13.756866 -18.357934 71.472627 
156.000000 -14.522540 -19.425570 71.170584 
157.000000 -15.296901 -20.473102 70.897335 
158.000000 -16.071919 -21.475600 70.669790 
159.000000 -16.841003 -22.418808 70.495614 
160.000000 -25.788314 -27.319996 74.542703 
161.000000 -25.236143 -26.765288 74.545241 
162.000000 -24.553936 -26.073792 74.554532 
163.000000 -23.707358 -25.138091 74.643671 
164.000000 -22.674482 -23.892698 74.856227 
165.000000 -21.456566 -22.379238 75.151824 
166.000000 -20.081925 -20.739022 75.417444 
167.000000 -18.600152 -19.139222 75.535492 
168.000000 -17.070828 -17.709038 75.436334 
169.000000 -15.553199 -16.513288 75.114400 
170.000000 -14.100146 -15.542879 74.631669 
171.000000 -12.755970 -14.713303 74.116970 
172.000000 -11.556136 -13.897655 73.732707 
173.000000 -10.527577 -13.019142 73.582629 
174.000000 -9.688950 -12.132161 73.630994 
175.000000 -9.050839 -11.381776 73.743291 
176.000000 -8.616088 -10.892026 73.798302 
177.000000 -8.380457 -10.703134 73.751553 
178.000000 -8.333634 -10.777615 73.630224 
179.000000 -8.460538 -11.043177 73.491537 
180.000000 -8.742738 -11.442303 73.374586 
181.000000 -9.159836 -11.958074 73.275892 
182.000000 -9.690701 -12.603129 73.161676 
183.000000 -10.314474 -13.391719 72.996823 
184.000000 -11.011348 -14.320756 72.764607 
185.000000 -11.763110 -15.366378 72.470678 
186.000000 -12.553475 -16.489753 72.137588 
187.000000 -13.368251 -17.645833 71.796198 
188.000000 -14.195359 -18.791924 71.477131 
189.000000 -15.024751 -19.894449 71.203923 
190.000000 -15.848262 -20.932659 70.989165 
191.000000 -16.659421 -21.898708 70.834231 
192.000000 -24.819686 -26.301882 74.592198 
193.000000 -24.268918 -25.716068 74.627251 
194.000000 -23.612690 -25.063733 74.623356 
195.000000 -22.816969 -24.242223 74.649152 
196.000000 -21.852439 -23.137696 74.789174 
197.000000 -20.705467 -21.703564 75.076385 
198.000000 -19.386987 -20.022887 75.438645 
199.000000 -17.933604 -18.272765 75.735433 
200.000000 -16.400202 -16.632849 75.841964 
201.000000 -14.848999 -15.223943 75.699645 
202.000000 -13.340525 -14.084388 75.330663 
203.000000 -11.928547 -13.159843 74.843145 
204.000000 -10.658019 -12.319564 74.412815 
205.000000 -9.564418 -11.445005 74.193731 
206.000000 -8.673472 -10.551390 74.196401 
207.000000 -8.000998 -9.784214 74.291121 
208.000000 -7.553003 -9.287845 74.339505 
209.000000 -7.326282 -9.112004 74.288615 
210.000000 -7.309586 -9.213996 74.169904 
211.000000 -7.485299 -9.515355 74.044232 
212.000000 -7.831351 -9.963187 73.942433 
213.000000 -8.323159 -10.552335 73.845073 
214.000000 -8.935342 -11.301622 73.707941 
215.000000 -9.643125 -12.219964 73.497338 
216.000000 -10.423357 -13.290807 73.206664 
217.000000 -11.255183 -14.474620 72.854598 
218.000000 -12.120390 -15.719179 72.475159 
219.000000 -13.003522 -16.971043 72.106337 
220.000000 -13.891798 -18.185349 71.780225 
221.000000 -14.774929 -19.332098 71.516538 
222.000000 -15.644851 -20.397719 71.320787 
223.000000 -16.495440 -21.382265 71.186793 
224.000000 -23.805156 -25.333837 74.545705 
225.000000 -23.232263 -24.670154 74.636511 
226.000000 -22.574626 -23.989427 74.659606 
227.000000 -21.802521 -23.216665 74.660263 
228.000000 -20.885633 -22.234740 74.725312 
229.000000 -19.801525 -20.931585 74.944399 
230.000000 -18.545774 -19.295467 75.324832 
231.000000 -17.138614 -17.460245 75.752966 
232.000000 -15.623862 -15.634423 76.064086 
233.000000 -14.060892 -13.999574 76.135977 
234.000000 -12.514528 -12.655116 75.934037 
235.000000 -11.047086 -11.595084 75.526561 
236.000000 -9.713677 -10.705995 75.082166 
237.000000 -8.559766 -9.835944 74.798254 
238.000000 -7.619784 -8.946273 74.747934 
239.000000 -6.916234 -8.168222 74.822449 
240.000000 -6.459323 -7.666308 74.867460 
241.000000 -6.247379 -7.503235 74.818581 
242.000000 -6.268193 -7.632271 74.710338 
243.000000 -6.501156 -7.971074 74.604479 
244.000000 -6.919876 -8.475799 74.518457 
245.000000 -7.494830 -9.154496 74.414695 
246.000000 -8.195746 -10.028171 74.241902 
247.000000 -8.993468 -11.094283 73.973459 
248.000000 -9.861265 -12.318079 73.617388 
249.000000 -10.775594 -13.642229 73.207480 
250.000000 -11.716433 -15.001638 72.788816 
251.000000 -12.667273 -16.337272 72.403932 
252.000000 -13.614910 -17.606232 72.082530 
253.000000 -14.549096 -18.786009 71.836877 
254.000000 -15.462147 -19.872486 71.663406 
255.000000 -16.348533 -20.873839 71.548409 
256.000000 -22.778570 -24.448737 74.404192 
257.000000 -22.164745 -23.681302 74.557831 
258.000000 -21.481307 -22.922547 74.633163 
259.000000 -20.704488 -22.127974 74.650919 
260.000000 -19.807416 -21.206559 74.675267 
261.000000 -18.765426 -20.029421 74.810440 
262.000000 -17.564462 -18.501655 75.137300 
263.000000 -16.209827 -16.665915 75.618487 
264.000000 -14.730690 -14.710879 76.094463 
265.000000 -13.177546 -12.865293 76.386950 
266.000000 -11.614215 -11.297239 76.391673 
267.000000 -10.108588 -10.065088 76.118155 
268.000000 -8.725193 -9.096351 75.703431 
269.000000 -7.520203 -8.225984 75.368752 
270.000000 -6.538143 -7.354205 75.258452 
271.000000 -5.809657 -6.576935 75.307244 
272.000000 -5.350277 -6.072982 75.351824 
273.000000 -5.160448 -5.921418 75.313553 
274.000000 -5.227001 -6.074480 75.227029 
275.000000 -5.525894 -6.450635 75.149754 
276.000000 -6.025714 -7.020370 75.079827 
277.000000 -6.691290 -7.804432 74.961320 
278.000000 -7.486887 -8.819754 74.741554 
279.000000 -8.378634 -10.045700 74.407294 
280.000000 -9.336119 -11.425485 73.984912 
281.000000 -10.333224 -12.883416 73.523990 
282.000000 -11.348356 -14.343862 73.078580 
283.000000 -12.364282 -15.746614 72.691667 
284.000000 -13.367716 -17.055571 72.386072 
285.000000 -14.348788 -18.259000 72.163660 
286.000000 -15.300483 -19.362985 72.011332 
287.000000 -16.218110 -20.382556 71.909363 
288.000000 -21.770943 -23.661872 74.183387 
289.000000 -21.103238 -22.782396 74.395199 
290.000000 -20.375400 -21.919204 74.530580 
291.000000 -19.569509 -21.051362 74.592541 
292.000000 -18.664098 -20.120384 74.618112 
293.000000 -17.636975 -19.017059 74.694330 
294.000000 -16.470911 -17.609857 74.935511 
295.000000 -15.161477 -15.845322 75.390692 
296.000000 -13.724180 -13.838936 75.959874 
297.000000 -12.197148 -11.828347 76.443506 
298.000000 -10.637708 -10.043843 76.668604 
299.000000 -9.114592 -8.617494 76.571822 
300.000000 -7.699098 -7.538344 76.235427 
301.000000 -6.457442 -6.656429 75.875629 
302.000000 -5.444845 -5.818017 75.701416 
303.000000 -4.701201 -5.061169 75.714623 
304.000000 -4.248385 -4.564109 75.758873 
305.000000 -4.089537 -4.423136 75.740996 
306.000000 -4.210576 -4.594626 75.690537 
307.000000 -4.583641 -5.005747 75.652474 
308.000000 -5.171709 -5.646973 75.599307 
309.000000 -5.933399 -6.548784 75.459163 
310.000000 -6.827132 -7.716325 75.185309 
311.000000 -7.814198 -9.104913 74.783715 
312.000000 -8.860618 -10.633615 74.301343 
313.000000 -9.937979 -12.209785 73.802433 
314.000000 -11.023504 -13.751480 73.346169 
315.000000 -12.099650 -15.202827 72.970885 
316.000000 -13.153443 -16.538951 72.688490 
317.000000 -14.175734 -17.760445 72.489240 
318.000000 -15.160457 -18.882389 72.351986 
319.000000 -16.103967 -19.924201 72.253660 
320.000000 -20.808474 -22.972554 73.910182 
321.000000 -20.079807 -21.985141 74.168980 
322.000000 -19.295739 -21.010188 74.359902 
323.000000 -18.443212 -20.042437 74.475147 
324.000000 -17.506264 -19.050519 74.530128 
325.000000 -16.467399 -17.957384 74.584408 
326.000000 -15.310981 -16.637117 74.748287 
327.000000 -14.028944 -14.975426 75.128009 
328.000000 -12.627721 -12.991322 75.710989 
329.000000 -11.133755 -10.881889 76.326554 
330.000000 -9.594678 -8.914905 76.754524 
331.000000 -8.075191 -7.294994 76.854963 
332.000000 -6.649136 -6.085080 76.638791 
333.000000 -5.390305 -5.177637 76.287350 
334.000000 -4.363813 -4.386988 76.051470 
335.000000 -3.619024 -3.678275 76.015389 
336.000000 -3.184713 -3.205120 76.054238 
337.000000 -3.067130 -3.076006 76.065771 
338.000000 -3.251346 -3.258192 76.067801 
339.000000 -3.705450 -3.698823 76.081276 
340.000000 -4.386469 -4.413841 76.047271 
341.000000 -5.246550 -5.438536 75.882631 
342.000000 -6.238226 -6.758697 75.554092 
343.000000 -7.318128 -8.301491 75.091121 
344.000000 -8.449078 -9.961856 74.561611 
345.000000 -9.600847 -11.633603 74.041532 
346.000000 -10.749978 -13.234080 73.590095 
347.000000 -11.879087 -14.717168 73.236040 
348.000000 -12.975913 -16.071833 72.978143 
349.000000 -14.032337 -17.310132 72.796227 
350.000000 -15.043467 -18.453314 72.664145 
351.000000 -16.006847 -19.522306 72.558509 
352.000000 -19.911679 -22.365494 73.620388 
353.000000 -19.120199 -21.282377 73.912084 
354.000000 -18.274593 -20.201287 74.147616 
355.000000 -17.365453 -19.126650 74.313145 
356.000000 -16.381485 -18.046702 74.409142 
357.000000 -15.310227 -16.915083 74.469515 
358.000000 -14.140035 -15.632908 74.581520 
359.000000 -12.863839 -14.068150 74.870135 
360.000000 -11.484550 -12.157302 75.401787 
361.000000 -10.020883 -10.019789 76.075743 
362.000000 -8.511240 -7.923768 76.662210 
363.000000 -7.013414 -6.134750 76.953444 
364.000000 -5.599439 -4.793513 76.880695 
365.000000 -4.346748 -3.854026 76.567446 
366.000000 -3.327791 -3.126078 76.276393 
367.000000 -2.600178 -2.499254 76.175588 
368.000000 -2.199208 -2.074705 76.199171 
369.000000 -2.134216 -1.960966 76.247926 
370.000000 -2.389451 -2.143322 76.320816 
371.000000 -2.928966 -2.602864 76.400801 
372.000000 -3.703910 -3.386180 76.392428 
373.000000 -4.660189 -4.528049 76.206809 
374.000000 -5.744862 -5.989104 75.830367 
375.000000 -6.910477 -7.666618 75.318383 
376.000000 -8.117310 -9.433418 74.758317 
377.000000 -9.333962 -11.174599 74.233689 
378.000000 -10.536877 -12.812571 73.798545 
379.000000 -11.709300 -14.314687 73.468784 
380.000000 -12.840033 -15.683629 73.230524 
381.000000 -13.922224 -16.939994 73.056312 
382.000000 -14.952286 -18.107805 72.918532 
383.000000 -15.929004 -19.207131 72.795896 
384.000000 -19.095273 -21.814394 73.355026 
385.000000 -18.243463 -20.652454 73.665221 
386.000000 -17.336665 -19.478689 73.932243 
387.000000 -16.368039 -18.302750 74.139596 
388.000000 -15.329869 -17.125844 74.278360 
389.000000 -14.214105 -15.926267 74.362189 
390.000000 -13.013668 -14.638326 74.449709 
391.000000 -11.724946 -13.144721 74.654631 
392.000000 -10.351649 -11.334910 75.091223 
393.000000 -8.909636 -9.238271 75.745961 
394.000000 -7.431371 -7.081809 76.424265 
395.000000 -5.967948 -5.169904 76.872812 
396.000000 -4.586875 -3.720511 76.941142 
397.000000 -3.365096 -2.761606 76.678230 
398.000000 -2.378421 -2.121736 76.331373 
399.000000 -1.689787 -1.618170 76.146276 
400.000000 -1.339288 -1.271670 76.142276 
401.000000 -1.338557 -1.175063 76.238167 
402.000000 -1.670887 -1.340559 76.405027 
403.000000 -2.296605 -1.799644 76.571686 
404.000000 -3.161616 -2.634624 76.601721 
405.000000 -4.206443 -3.875357 76.405786 
406.000000 -5.373659 -5.453894 75.994401 
407.000000 -6.612727 -7.237975 75.449299 
408.000000 -7.882299 -9.081669 74.875076 
409.000000 -9.150578 -10.866446 74.358483 
410.000000 -10.394501 -12.524066 73.944705 
411.000000 -11.598354 -14.036224 73.636336 
412.000000 -12.752256 -15.416775 73.409639 
413.000000 -13.850737 -16.691203 73.233655 
414.000000 -14.891534 -17.883576 73.082045 
415.000000 -15.874623 -19.011827 72.936851 
416.000000 -18.368530 -21.292253 73.150380 
417.000000 -17.462254 -20.069547 73.466878 
418.000000 -16.499157 -18.820279 73.753109 
419.000000 -15.474166 -17.555715 73.992731 
420.000000 -14.382184 -16.284107 74.172391 
421.000000 -13.218666 -15.000729 74.292275 
422.000000 -11.980713 -13.670037 74.385031 
423.000000 -10.668919 -12.207565 74.535738 
424.000000 -9.290174 -10.498771 74.865848 
425.000000 -7.861300 -8.502880 75.432963 
426.000000 -6.412863 -6.371411 76.116107 
427.000000 -4.991749 -4.408322 76.658165 
428.000000 -3.660678 -2.897553 76.837888 
429.000000 -2.493218 -1.951462 76.616486 
430.000000 -1.564283 -1.441469 76.197482 
431.000000 -0.937947 -1.118657 75.893910 
432.000000 -0.655944 -0.888894 75.841662 
433.000000 -0.730445 -0.808683 75.996399 
434.000000 -1.143336 -0.932723 76.285294 
435.000000 -1.851781 -1.363971 76.562533 
436.000000 -2.797658 -2.224798 76.647596 
437.000000 -3.917636 -3.536316 76.456027 
438.000000 -5.151360 -5.200846 76.025155 
439.000000 -6.446611 -7.058842 75.462318 
440.000000 -7.761545 -8.949627 74.886366 
441.000000 -9.064799 -10.754982 74.384172 
442.000000 -10.334349 -12.417548 73.991079 
443.000000 -11.555831 -13.931552 73.698499 
444.000000 -12.720800 -15.318538 73.476435 
445.000000 -13.825161 -16.606014 73.293280 
446.000000 -14.867876 -17.816740 73.125233 
447.000000 -15.849965 -18.966326 72.957698 
448.000000 -17.735949 -20.787590 73.022432 
449.000000 -16.783528 -19.520629 73.337042 
450.000000 -15.772440 -18.213686 73.632960 
451.000000 -14.698871 -16.876920 73.896210 
452.000000 -13.559649 -15.520550 74.113402 
453.000000 -12.352940 -14.148596 74.278678 
454.000000 -11.079323 -12.746415 74.407268 
455.000000 -9.743410 -11.263962 74.553834 
456.000000 -8.356054 -9.615060 74.815430 
457.000000 -6.937122 -7.737253 75.274385 
458.000000 -5.518354 -5.708519 75.884452 
459.000000 -4.145412 -3.784991 76.435125 
460.000000 -2.877680 -2.277244 76.675176 
461.000000 -1.784349 -1.375659 76.483401 
462.000000 -0.936168 -1.024387 75.986415 
463.000000 -0.393997 -0.943684 75.524872 
464.000000 -0.197210 -0.894631 75.377114 
465.000000 -0.355901 -0.853027 75.577442 
466.000000 -0.849672 -0.928190 75.996118 
467.000000 -1.633166 -1.317323 76.390540 
468.000000 -2.645867 -2.184584 76.536002 
469.000000 -3.822634 -3.540124 76.357202 
470.000000 -5.102186 -5.259545 75.917265 
471.000000 -6.432301 -7.161279 75.345551 
472.000000 -7.771892 -9.074265 74.772055 
473.000000 -9.090863 -10.882340 74.282859 
474.000000 -10.368695 -12.537653 73.905303 
475.000000 -11.592567 -14.043826 73.622945 
476.000000 -12.755471 -15.427374 73.402254 
477.000000 -13.854563 -16.716626 73.212053 
478.000000 -14.889843 -17.933080 73.030839 
479.000000 -15.863156 -19.090641 72.846548 
480.000000 -17.198091 -20.315799 72.956351 
481.000000 -16.209469 -19.019178 73.264418 
482.000000 -15.161038 -17.672047 73.563182 
483.000000 -14.049988 -16.282011 73.842226 
484.000000 -12.874668 -14.857845 74.091121 
485.000000 -11.635386 -13.405661 74.304064 
486.000000 -10.335558 -11.921057 74.488876 
487.000000 -8.983257 -10.378060 74.679607 
488.000000 -7.593160 -8.725895 74.941723 
489.000000 -6.188762 -6.921552 75.341739 
490.000000 -4.804456 -5.011234 75.867838 
491.000000 -3.486713 -3.189372 76.372036 
492.000000 -2.293288 -1.739304 76.628717 
493.000000 -1.289305 -0.886179 76.477837 
494.000000 -0.539690 -0.652861 75.961460 
495.000000 -0.098818 -0.803313 75.370038 
496.000000 0.000000 -1.000915 75.073566 
497.000000 -0.248402 -1.087309 75.235603 
498.000000 -0.820135 -1.183723 75.711002 
499.000000 -1.667797 -1.573371 76.169089 
500.000000 -2.730138 -2.460375 76.344453 
501.000000 -3.942392 -3.851304 76.165750 
502.000000 -5.244491 -5.607467 75.711614 
503.000000 -6.585973 -7.535449 75.125015 
504.000000 -7.927781 -9.458404 74.543763 
505.000000 -9.241869 -11.261372 74.054787 
506.000000 -10.509623 -12.902427 73.681411 
507.000000 -11.719879 -14.391525 73.402511 
508.000000 -12.866990 -15.759147 73.181953 
509.000000 -13.949181 -17.035072 72.988176 
510.000000 -14.967256 -18.240785 72.800495 
511.000000 -15.923633 -19.389633 72.607979 
512.000000 -16.752526 -19.914373 72.912202 
513.000000 -15.738534 -18.602349 73.210301 
514.000000 -14.664779 -17.232930 73.506027 
515.000000 -13.529389 -15.810957 73.792670 
516.000000 -12.332044 -14.342410 74.063926 
517.000000 -11.074869 -12.831945 74.317266 
518.000000 -9.763631 -11.278143 74.559877 
519.000000 -8.409274 -9.667693 74.816017 
520.000000 -7.029725 -7.975804 75.128412 
521.000000 -5.651761 -6.188760 75.537563 
522.000000 -4.312508 -4.356023 76.031126 
523.000000 -3.059836 -2.633832 76.500717 
524.000000 -1.950728 -1.256871 76.768610 
525.000000 -1.046802 -0.435696 76.685847 
526.000000 -0.406792 -0.236245 76.245222 
527.000000 -0.077062 -0.505057 75.646584 
528.000000 -0.082599 -0.925561 75.231547 
529.000000 -0.421533 -1.241843 75.254204 
530.000000 -1.065349 -1.497467 75.642461 
531.000000 -1.964760 -1.983979 76.055426 
532.000000 -3.059011 -2.933387 76.200292 
533.000000 -4.285495 -4.368649 75.991481 
534.000000 -5.587205 -6.158814 75.502946 
535.000000 -6.917010 -8.112561 74.878896 
536.000000 -8.239027 -10.051113 74.262246 
537.000000 -9.527984 -11.856827 73.745386 
538.000000 -10.767542 -13.487769 73.353920 
539.000000 -11.948294 -14.957062 73.065316 
540.000000 -13.065884 -16.299486 72.840431 
541.000000 -14.119436 -17.548385 72.645039 
542.000000 -15.110334 -18.727480 72.456797 
543.000000 -16.041339 -19.851259 72.263977 
544.000000 -16.394770 -19.624895 72.843909 
545.000000 -15.366516 -18.312478 73.128136 
546.000000 -14.279989 -16.939412 73.414736 
547.000000 -13.134299 -15.508293 73.700226 
548.000000 -11.930419 -14.022446 73.982250 
549.000000 -10.672117 -12.484229 74.262219 
550.000000 -9.367172 -10.892295 74.549263 
551.000000 -8.028870 -9.239466 74.863848 
552.000000 -6.677670 -7.516778 75.235402 
553.000000 -5.342803 -5.732717 75.684672 
554.000000 -4.063326 -3.948380 76.189612 
555.000000 -2.887901 -2.303188 76.659451 
556.000000 -1.872478 -0.993586 76.953673 
557.000000 -1.075234 -0.200534 76.949479 
558.000000 -0.548908 0.000000 76.623640 
559.000000 -0.331887 -0.300687 76.105854 
560.000000 -0.440517 -0.856696 75.658402 
561.000000 -0.865345 -1.400999 75.538908 
562.000000 -1.572791 -1.880820 75.766569 
563.000000 -2.511661 -2.516635 76.069674 
564.000000 -3.622207 -3.541934 76.154934 
565.000000 -4.844895 -5.011491 75.908025 
566.000000 -6.126859 -6.822955 75.378439 
567.000000 -7.425340 -8.800585 74.699170 
568.000000 -8.708485 -10.766680 74.016089 
569.000000 -9.954405 -12.594501 73.434068 
570.000000 -11.149398 -14.232452 72.991013 
571.000000 -12.285981 -15.690738 72.669236 
572.000000 -13.361104 -17.007690 72.427350 
573.000000 -14.374705 -18.222507 72.226086 
574.000000 -15.328615 -19.364004 72.038452 
575.000000 -16.225772 -20.450058 71.849508 
576.000000 -16.119130 -19.475510 72.717625 
577.000000 -15.087497 -18.177624 72.983939 
578.000000 -14.000586 -16.818855 73.255856 
579.000000 -12.858576 -15.400249 73.532511 
580.000000 -11.663743 -13.923180 73.814806 
581.000000 -10.421400 -12.388211 74.107490 
582.000000 -9.141074 -10.793768 74.421669 
583.000000 -7.837906 -9.136496 74.775839 
584.000000 -6.534143 -7.417567 75.191079 
585.000000 -5.260458 -5.659712 75.675331 
586.000000 -4.056619 -3.931972 76.199314 
587.000000 -2.970819 -2.363474 76.682085 
588.000000 -2.056927 -1.123906 77.007809 
589.000000 -1.369163 -0.369692 77.074268 
590.000000 -0.954491 -0.178111 76.851146 
591.000000 -0.844239 -0.497736 76.421205 
592.000000 -1.047397 -1.141550 75.980480 
593.000000 -1.548109 -1.860410 75.762298 
594.000000 -2.308450 -2.533032 75.850030 
595.000000 -3.275553 -3.291686 76.058512 
596.000000 -4.390601 -4.352365 76.112890 
597.000000 -5.597016 -5.805336 75.866295 
598.000000 -6.846087 -7.590218 75.330396 
599.000000 -8.099621 -9.559550 74.614470 
600.000000 -9.330121 -11.543556 73.860817 
601.000000 -10.519452 -13.403663 73.189900 
602.000000 -11.656889 -15.067857 72.663024 
603.000000 -12.737125 -16.532269 72.278757 
604.000000 -13.758574 -17.833184 71.999221 
605.000000 -14.722057 -19.015452 71.780381 
606.000000 -15.629849 -20.115188 71.588387 
607.000000 -16.485024 -21.156088 71.402612 
608.000000 -15.919373 -19.473154 72.520178 
609.000000 -14.894633 -18.202624 72.766025 
610.000000 -13.819007 -16.873026 73.020054 
611.000000 -12.693812 -15.484398 73.283546 
612.000000 -11.522635 -14.036863 73.559962 
613.000000 -10.312226 -12.530003 73.856474 
614.000000 -9.073596 -10.962690 74.185222 
615.000000 -7.823264 -9.335175 74.562478 
616.000000 -6.584526 -7.656411 75.002584 
617.000000 -5.388462 -5.958458 75.504560 
618.000000 -4.274263 -4.313331 76.035575 
619.000000 -3.288235 -2.838996 76.523957 
620.000000 -2.480878 -1.682179 76.873468 
621.000000 -1.901665 -0.979446 76.997005 
622.000000 -1.591885 -0.810137 76.856514 
623.000000 -1.576978 -1.155057 76.496633 
624.000000 -1.860628 -1.872926 76.062348 
625.000000 -2.422902 -2.731187 75.766314 
626.000000 -3.223399 -3.556962 75.741032 
627.000000 -4.208476 -4.400623 75.882471 
628.000000 -5.320129 -5.450908 75.943849 
629.000000 -6.503927 -6.829484 75.749040 
630.000000 -7.714318 -8.523597 75.265236 
631.000000 -8.916862 -10.424985 74.566267 
632.000000 -10.087983 -12.384129 73.778089 
633.000000 -11.213231 -14.258402 73.028904 
634.000000 -12.285028 -15.952540 72.406419 
635.000000 -13.300526 -17.437245 71.937096 
636.000000 -14.259895 -18.735753 71.597870 
637.000000 -15.165082 -19.893301 71.345441 
638.000000 -16.018979 -20.952933 71.139650 
639.000000 -16.824900 -21.945838 70.952614 
640.000000 -15.789194 -19.605431 72.257659 
641.000000 -14.780706 -18.371321 72.483335 
642.000000 -13.726895 -17.081017 72.719883 
643.000000 -12.630235 -15.733912 72.970385 
644.000000 -11.495567 -14.329460 73.240229 
645.000000 -10.330924 -12.867106 73.538003 
646.000000 -9.148495 -11.347150 73.875600 
647.000000 -7.965687 -9.774013 74.266006 
648.000000 -6.806126 -8.163532 74.717012 
649.000000 -5.700356 -6.554071 75.220793 
650.000000 -4.685840 -5.016775 75.743661 
651.000000 -3.805767 -3.656608 76.223831 
652.000000 -3.106163 -2.598620 76.582269 
653.000000 -2.631080 -1.961624 76.744206 
654.000000 -2.416217 -1.825664 76.665291 
655.000000 -2.482196 -2.196637 76.360252 
656.000000 -2.829425 -2.971773 75.932278 
657.000000 -3.436472 -3.939829 75.571210 
658.000000 -4.262915 -4.893673 75.443788 
659.000000 -5.255959 -5.808572 75.521946 
660.000000 -6.358806 -6.833688 75.599691 
661.000000 -7.518409 -8.109997 75.482964 
662.000000 -8.690876 -9.669464 75.095897 
663.000000 -9.843891 -11.447785 74.470478 
664.000000 -10.956503 -13.326753 73.703970 
665.000000 -12.017199 -15.173892 72.917357 
666.000000 -13.021321 -16.879739 72.215468 
667.000000 -13.968624 -18.386666 71.655702 
668.000000 -14.861358 -19.693907 71.241083 
669.000000 -15.702965 -20.837348 70.939165 
670.000000 -16.497296 -21.862631 70.708146 
671.000000 -17.248176 -22.808215 70.513385 
672.000000 -15.722473 -19.847882 71.948410 
673.000000 -14.738475 -18.655181 72.157165 
674.000000 -13.715581 -17.409577 72.379929 
675.000000 -12.657375 -16.110176 72.621181 
676.000000 -11.569827 -14.756391 72.887479 
677.000000 -10.462026 -13.348484 73.187653 
678.000000 -9.346991 -11.889269 73.531906 
679.000000 -8.242513 -10.387903 73.928876 
680.000000 -7.171892 -8.866187 74.380059 
681.000000 -6.164330 -7.366136 74.872640 
682.000000 -5.254679 -5.955224 75.373989 
683.000000 -4.482145 -4.724986 75.831769 
684.000000 -3.887587 -3.781060 76.181192 
685.000000 -3.509300 -3.225949 76.358043 
686.000000 -3.377594 -3.135972 76.316308 
687.000000 -3.509152 -3.531067 76.052730 
688.000000 -3.902676 -4.338363 75.638891 
689.000000 -4.537353 -5.376145 75.235718 
690.000000 -5.375029 -6.428400 75.021101 
691.000000 -6.365709 -7.409870 75.030313 
692.000000 -7.454890 -8.418208 75.111171 
693.000000 -8.590828 -9.595834 75.069476 
694.000000 -9.730110 -11.009314 74.795227 
695.000000 -10.840690 -12.635678 74.279347 
696.000000 -11.902307 -14.392367 73.584135 
697.000000 -12.904869 -16.168632 72.810262 
698.000000 -13.845773 -17.855283 72.064338 
699.000000 -14.727109 -19.373990 71.426802 
700.000000 -15.553363 -20.695752 70.931158 
701.000000 -16.329855 -21.836887 70.566408 
702.000000 -17.061832 -22.837684 70.297507 
703.000000 -17.754040 -23.740796 70.086538 
704.000000 -15.713386 -20.172593 71.614526 
705.000000 -14.760860 -19.023310 71.811334 
706.000000 -13.776395 -17.824762 72.025472 
707.000000 -12.764565 -16.576262 72.262200 
708.000000 -11.732284 -15.277967 72.528277 
709.000000 -10.689417 -13.931941 72.831506 
710.000000 -9.649430 -12.544300 73.179239 
711.000000 -8.630020 -11.128779 73.575434 
712.000000 -7.653588 -9.711430 74.016442 
713.000000 -6.747388 -8.335129 74.486634 
714.000000 -5.943077 -7.061772 74.955765 
715.000000 -5.275413 -5.970286 75.379661 
716.000000 -4.779850 -5.149728 75.704711 
717.000000 -4.488977 -4.687566 75.876028 
718.000000 -4.428095 -4.652410 75.850297 
719.000000 -4.610653 -5.068932 75.616295 
720.000000 -5.034668 -5.885303 75.223873 
721.000000 -5.681285 -6.951892 74.803826 
722.000000 -6.516226 -8.065260 74.525348 
723.000000 -7.493991 -9.101934 74.466427 
724.000000 -8.563828 -10.105179 74.533032 
725.000000 -9.676072 -11.201758 74.548699 
726.000000 -10.787550 -12.479676 74.382229 
727.000000 -11.865206 -13.950186 73.989299 
728.000000 -12.887517 -15.564464 73.397209 
729.000000 -13.843777 -17.238363 72.679410 
730.000000 -14.731840 -18.874869 71.930785 
731.000000 -15.555214 -20.387819 71.241028 
732.000000 -16.320344 -21.724471 70.669343 
733.000000 -17.034592 -22.875682 70.232249 
734.000000 -17.705004 -23.866997 69.911246 
735.000000 -18.337727 -24.738952 69.671936 
736.000000 -15.756420 -20.555212 71.274850 
737.000000 -14.841032 -19.450191 71.464534 
738.000000 -13.900860 -18.300245 71.674363 
739.000000 -12.941300 -17.105495 71.909614 
740.000000 -11.969975 -15.867584 72.176267 
741.000000 -10.997221 -14.590991 72.480179 
742.000000 -10.036576 -13.285123 72.825482 
743.000000 -9.105209 -11.967129 73.212196 
744.000000 -8.224181 -10.664968 73.633418 
745.000000 -7.418384 -9.419863 74.072817 
746.000000 -6.715993 -8.287058 74.503313 
747.000000 -6.147218 -7.334045 74.887621 
748.000000 -5.742245 -6.635749 75.180996 
749.000000 -5.528326 -6.266154 75.336699 
750.000000 -5.526278 -6.285053 75.315748 
751.000000 -5.746900 -6.717646 75.103741 
752.000000 -6.188097 -7.527053 74.735465 
753.000000 -6.833577 -8.592757 74.315162 
754.000000 -7.653703 -9.734029 73.993953 
755.000000 -8.608512 -10.809759 73.873008 
756.000000 -9.652289 -11.815264 73.911287 
757.000000 -10.738702 -12.850049 73.962926 
758.000000 -11.825596 -14.010879 73.888975 
759.000000 -12.878754 -15.335304 73.617652 
760.000000 -13.874193 -16.803702 73.144592 
761.000000 -14.798671 -18.358171 72.514457 
762.000000 -15.648449 -19.920049 71.802182 
763.000000 -16.426823 -21.407130 71.093284 
764.000000 -17.141243 -22.753200 70.461452 
765.000000 -17.800811 -23.924842 69.949220 
766.000000 -18.414527 -24.925691 69.561961 
767.000000 -18.990332 -25.785560 69.277801 
768.000000 -15.846346 -20.978682 70.941213 
769.000000 -14.972447 -19.919129 71.126919 
770.000000 -14.080823 -18.820058 71.334423 
771.000000 -13.177494 -17.682871 71.568344 
772.000000 -12.270537 -16.511041 71.833285 
773.000000 -11.370453 -15.311376 72.132941 
774.000000 -10.490512 -14.095699 72.468759 
775.000000 -9.647007 -12.882801 72.838238 
776.000000 -8.859345 -11.700323 73.233142 
777.000000 -8.149846 -10.586075 73.637977 
778.000000 -7.543153 -9.588247 74.029192 
779.000000 -7.065107 -8.764039 74.375421 
780.000000 -6.741023 -8.176362 74.639064 
781.000000 -6.593387 -7.887956 74.779860 
782.000000 -6.639140 -7.951244 74.762322 
783.000000 -6.886918 -8.391534 74.569774 
784.000000 -7.334788 -9.183553 74.225560 
785.000000 -7.969108 -10.231057 73.812293 
786.000000 -8.764949 -11.377691 73.461427 
787.000000 -9.688189 -12.478543 73.283777 
788.000000 -10.698877 -13.491595 73.281413 
789.000000 -11.755180 -14.483413 73.345911 
790.000000 -12.817267 -15.548192 73.343220 
791.000000 -13.850707 -16.742043 73.182773 
792.000000 -14.829097 -18.070036 72.833092 
793.000000 -15.735605 -19.498238 72.311276 
794.000000 -16.563047 -20.968026 71.668767 
795.000000 -17.312468 -22.408761 70.977266 
796.000000 -17.990679 -23.751967 70.312076 
797.000000 -18.607532 -24.947498 69.733215 
798.000000 -19.173635 -25.975658 69.271004 
799.000000 -19.698842 -26.847681 68.924066 
800.000000 -15.978186 -21.433434 70.618207 
801.000000 -15.148872 -20.421480 70.800901 
802.000000 -14.308556 -19.376471 71.005653 
803.000000 -13.463672 -18.301200 71.236103 
804.000000 -12.622500 -17.200769 71.495432 
805.000000 -11.795432 -16.083598 71.785611 
806.000000 -10.995186 -14.962631 72.106413 
807.000000 -10.236925 -13.856630 72.454237 
808.000000 -9.538219 -12.791344 72.820903 
809.000000 -8.918773 -11.800266 73.192619 
810.000000 -8.399838 -10.924659 73.549367 
811.000000 -8.003233 -10.212692 73.864794 
812.000000 -7.749955 -9.717498 74.106759 
813.000000 -7.658377 -9.493307 74.239398 
814.000000 -7.742185 -9.587505 74.229005 
815.000000 -8.008265 -10.026175 74.056381 
816.000000 -8.454950 -10.793503 73.735674 
817.000000 -9.071033 -11.812947 73.332227 
818.000000 -9.835922 -12.950789 72.959193 
819.000000 -10.721062 -14.066515 72.728554 
820.000000 -11.692363 -15.091905 72.674452 
821.000000 -12.713156 -16.059843 72.727320 
822.000000 -13.747162 -17.052202 72.768976 
823.000000 -14.761202 -18.135209 72.699994 
824.000000 -15.727606 -19.333922 72.467630 
825.000000 -16.626181 -20.635874 72.064155 
826.000000 -17.445382 -22.002110 71.516979 
827.000000 -18.182234 -23.377192 70.878573 
828.000000 -18.840900 -24.699048 70.215187 
829.000000 -19.430326 -25.911109 69.592352 
830.000000 -19.961705 -26.975605 69.059052 
831.000000 -20.446405 -27.882095 68.637110 
832.000000 -16.147189 -21.915195 70.305356 
833.000000 -15.364405 -20.953482 70.484339 
834.000000 -14.576825 -19.965756 70.684544 
835.000000 -13.791094 -18.955928 70.908706 
836.000000 -13.015474 -17.930124 71.158959 
837.000000 -12.260013 -16.897428 71.436271 
838.000000 -11.536665 -15.870728 71.739703 
839.000000 -10.859302 -14.867605 72.065545 
840.000000 -10.243598 -13.911103 72.406426 
841.000000 -9.706719 -13.030189 72.750543 
842.000000 -9.266785 -12.259824 73.081048 
843.000000 -8.942044 -11.640732 73.375463 
844.000000 -8.749772 -11.218685 73.605287 
845.000000 -8.704892 -11.042003 73.737116 
846.000000 -8.818409 -11.154819 73.737818 
847.000000 -9.095817 -11.584093 73.585920 
848.000000 -9.535724 -12.321406 73.288450 
849.000000 -10.129020 -13.306086 72.896980 
850.000000 -10.858873 -14.424683 72.508145 
851.000000 -11.701677 -15.546048 72.229517 
852.000000 -12.628821 -16.586090 72.116592 
853.000000 -13.608891 -17.547354 72.135402 
854.000000 -14.609886 -18.492479 72.191286 
855.000000 -15.601230 -19.488718 72.186389 
856.000000 -16.555614 -20.575044 72.054415 
857.000000 -17.450803 -21.757272 71.767304 
858.000000 -18.271277 -23.014792 71.330142 
859.000000 -19.009244 -24.308450 70.774295 
860.000000 -19.664531 -25.587671 70.150174 
861.000000 -20.243215 -26.798619 69.517706 
862.000000 -20.755419 -27.894707 68.933621 
863.000000 -21.212975 -28.847416 68.438285 
864.000000 -16.348830 -22.422066 70.000031 
865.000000 -15.613498 -21.512847 70.173972 
866.000000 -14.878944 -20.584511 70.367813 
867.000000 -14.151838 -19.641581 70.583703 
868.000000 -13.440235 -18.690512 70.823237 
869.000000 -12.753664 -17.740247 71.087007 
870.000000 -12.103171 -16.802848 71.373992 
871.000000 -11.501262 -15.894146 71.680867 
872.000000 -10.961745 -15.034267 72.001311 
873.000000 -10.499419 -14.247979 72.325352 
874.000000 -10.129596 -13.565002 72.638581 
875.000000 -9.867434 -13.020459 72.921026 
876.000000 -9.727077 -12.655004 73.146174 
877.000000 -9.720606 -12.512908 73.281829 
878.000000 -9.856864 -12.635773 73.295224 
879.000000 -10.140237 -13.050715 73.163627 
880.000000 -10.569584 -13.754553 72.889076 
881.000000 -11.137535 -14.699246 72.512246 
882.000000 -11.830389 -15.789325 72.114924 
883.000000 -12.628753 -16.905994 71.796538 
884.000000 -13.508838 -17.958179 71.624395 
885.000000 -14.444133 -18.924349 71.593511 
886.000000 -15.407083 -19.845083 71.635737 
887.000000 -16.370536 -20.780684 71.663598 
888.000000 -17.309005 -21.776751 71.605984 
889.000000 -18.199960 -22.852727 71.420914 
890.000000 -19.025331 -24.003884 71.095039 
891.000000 -19.773002 -25.206746 70.639718 
892.000000 -20.437771 -26.424309 70.086756 
893.000000 -21.021249 -27.611413 69.482934 
894.000000 -21.530590 -28.721756 68.881723 
895.000000 -21.976451 -29.716948 68.332188 
896.000000 -16.578819 -22.952205 69.699785 
897.000000 -15.890987 -22.096505 69.867707 
898.000000 -15.208808 -21.227757 70.054335 
899.000000 -14.538826 -20.350587 70.261587 
900.000000 -13.888739 -19.471236 70.490921 
901.000000 -13.267434 -18.598015 70.742911 
902.000000 -12.684970 -17.741819 71.016721 
903.000000 -12.152485 -16.916609 71.309527 
904.000000 -11.682017 -16.139804 71.615946 
905.000000 -11.286216 -15.432676 71.927353 
906.000000 -10.977940 -14.821015 72.230814 
907.000000 -10.769724 -14.336110 72.507570 
908.000000 -10.673120 -14.015162 72.731966 
909.000000 -10.697904 -13.899314 72.872630 
910.000000 -10.851188 -14.027522 72.897711 
911.000000 -11.136489 -14.425966 72.784543 
912.000000 -11.552880 -15.094733 72.532109 
913.000000 -12.094398 -15.995684 72.172588 
914.000000 -12.749892 -17.049057 71.774609 
915.000000 -13.503451 -18.149803 71.427331 
916.000000 -14.335371 -19.206745 71.202247 
917.000000 -15.223451 -20.181705 71.115344 
918.000000 -16.144320 -21.094386 71.123534 
919.000000 -17.074504 -21.993121 71.154991 
920.000000 -17.991240 -22.923256 71.141589 
921.000000 -18.873235 -23.912090 71.034720 
922.000000 -19.701677 -24.966923 70.808265 
923.000000 -20.461606 -26.077883 70.457130 
924.000000 -21.143345 -27.221389 69.995221 
925.000000 -21.743439 -28.363616 69.452911 
926.000000 -22.264577 -29.464786 68.872677 
927.000000 -22.714420 -30.485282 68.301812 
928.000000 -16.833113 -23.502589 69.403597 
929.000000 -16.192110 -22.699768 69.565468 
930.000000 -15.560916 -21.888718 69.745384 
931.000000 -14.945829 -21.073805 69.945274 
932.000000 -14.354085 -20.260762 70.166643 
933.000000 -13.793854 -19.457095 70.410152 
934.000000 -13.274184 -18.672502 70.675153 
935.000000 -12.804893 -17.919247 70.959200 
936.000000 -12.396391 -17.212513 71.257515 
937.000000 -12.059421 -16.570970 71.562169 
938.000000 -11.804733 -16.017768 71.860762 
939.000000 -11.642671 -15.581703 72.134833 
940.000000 -11.582664 -15.297445 72.359139 
941.000000 -11.632638 -15.203207 72.503386 
942.000000 -11.798333 -15.334826 72.537470 
943.000000 -12.082585 -15.716584 72.439940 
944.000000 -12.484642 -16.350300 72.208225 
945.000000 -12.999665 -17.205493 71.867971 
946.000000 -13.618556 -18.215831 71.476421 
947.000000 -14.328232 -19.290074 71.111755 
948.000000 -15.112362 -20.341554 70.844329 
949.000000 -15.952399 -21.322356 70.703524 
950.000000 -16.828659 -22.235049 70.667080 
951.000000 -17.721175 -23.114457 70.680191 
952.000000 -18.610231 -24.000861 70.682845 
953.000000 -19.476729 -24.923910 70.626277 
954.000000 -20.302673 -25.898221 70.477865 
955.000000 -21.072071 -26.924184 70.221223 
956.000000 -21.772265 -27.989849 69.855638 
957.000000 -22.395325 -29.072882 69.395512 
958.000000 -22.938952 -30.142959 68.868877 
959.000000 -23.406428 -31.165355 68.313751 
960.000000 -17.107942 -24.068789 69.112124 
961.000000 -16.512520 -23.316555 69.268991 
962.000000 -15.930365 -22.559551 69.443900 
963.000000 -15.367436 -21.801718 69.638868 
964.000000 -14.830438 -21.048218 69.855441 
965.000000 -14.326792 -20.305792 70.094297 
966.000000 -13.864556 -19.583100 70.354833 
967.000000 -13.452313 -18.891037 70.634736 
968.000000 -13.099002 -18.243146 70.929401 
969.000000 -12.813708 -17.656376 71.230961 
970.000000 -12.605397 -17.152240 71.526867 
971.000000 -12.482598 -16.757830 71.798549 
972.000000 -12.453024 -16.505586 72.021275 
973.000000 -12.523119 -16.430624 72.166369 
974.000000 -12.697542 -16.565247 72.206178 
975.000000 -12.978592 -16.931230 72.121224 
976.000000 -13.365664 -17.531089 71.908384 
977.000000 -13.854813 -18.340217 71.588322 
978.000000 -14.438576 -19.303538 71.208662 
979.000000 -15.106153 -20.342746 70.836926 
980.000000 -15.843962 -21.378247 70.539147 
981.000000 -16.636479 -22.357810 70.352045 
982.000000 -17.467145 -23.271404 70.269092 
983.000000 -18.319093 -24.141352 70.251086 
984.000000 -19.175557 -25.000712 70.248189 
985.000000 -20.020006 -25.877574 70.215766 
986.000000 -20.836245 -26.789457 70.120093 
987.000000 -21.608806 -27.743045 69.939008 
988.000000 -22.323823 -28.735082 69.661898 
989.000000 -22.970351 -29.753190 69.290195 
990.000000 -23.541715 -30.776862 68.837726 
991.000000 -24.036373 -31.779235 68.329822 
992.000000 -17.399819 -24.645371 68.827318 
993.000000 -16.848298 -23.940133 68.981090 
994.000000 -16.312838 -23.232369 69.153456 
995.000000 -15.799003 -22.525601 69.346454 
996.000000 -15.312934 -21.824503 69.561556 
997.000000 -14.861300 -21.135204 69.799299 
998.000000 -14.451218 -20.465571 70.058933 
999.000000 -14.090139 -19.825518 70.337993 
1000.000000 -13.785707 -19.227528 70.631638 
1001.000000 -13.545579 -18.687535 70.931590 
1002.000000 -13.377228 -18.226022 71.224834 
1003.000000 -13.287695 -17.868678 71.492717 
1004.000000 -13.283306 -17.645659 71.711405 
1005.000000 -13.369329 -17.588769 71.854354 
1006.000000 -13.549566 -17.726591 71.896781 
1007.000000 -13.825902 -18.078159 71.821529 
1008.000000 -14.197844 -18.646063 71.625516 
1009.000000 -14.662159 -19.410208 71.325607 
1010.000000 -15.212690 -20.324805 70.961440 
1011.000000 -15.840470 -21.323107 70.590810 
1012.000000 -16.534145 -22.333630 70.273867 
1013.000000 -17.280666 -23.303571 70.050378 
1014.000000 -18.066059 -24.214409 69.924893 
1015.000000 -18.876078 -25.078138 69.871166 
1016.000000 -19.696574 -25.920476 69.849317 
1017.000000 -20.513539 -26.766084 69.820664 
1018.000000 -21.312989 -27.632301 69.753876 
1019.000000 -22.080964 -28.528477 69.625633 
1020.000000 -22.803912 -29.456652 69.420337 
1021.000000 -23.469583 -30.411832 69.130729 
1022.000000 -24.068331 -31.382043 68.759133 
1023.000000 -24.594398 -32.348786 68.318291 
