far field @z=0.010000
freq=27000000000.000000
sampling point=961
x,y,z,realEx,realEy,realEz,imgEx,imgEy,imgEz
-0.000000,0.000000,-0.010000,-6.881043,2.869829,5.490295,-20.273631,-1.255084,0.083390
-0.001045,0.000000,-0.009945,-8.188909,1.382670,6.647477,-14.985686,-0.533137,2.981719
-0.002079,0.000000,-0.009781,-10.388956,-0.235796,7.441725,-9.176130,0.458871,5.179682
-0.003090,0.000000,-0.009511,-13.696103,-1.915917,8.031616,-3.600527,1.606827,6.494474
-0.004067,0.000000,-0.009135,-18.122189,-3.591846,8.707051,0.859079,2.790511,6.924132
-0.005000,0.000000,-0.008660,-23.369199,-5.203448,9.816286,3.321598,3.901931,6.712170
-0.005878,0.000000,-0.008090,-28.783149,-6.699706,11.639053,3.078359,4.860003,6.376921
-0.006691,0.000000,-0.007431,-33.404660,-8.043826,14.227559,-0.218517,5.618519,6.680675
-0.007431,0.000000,-0.006691,-36.135665,-9.218813,17.253421,-6.396922,6.165625,8.524635
-0.008090,0.000000,-0.005878,-36.015766,-10.231093,19.908180,-14.690548,6.514925,12.777520
-0.008660,0.000000,-0.005000,-32.573786,-11.109645,20.904656,-23.798545,6.690454,20.074308
-0.009135,0.000000,-0.004067,-26.199633,-11.899286,18.620407,-32.100218,6.709585,30.650434
-0.009511,0.000000,-0.003090,-18.468512,-12.649213,11.430282,-37.995704,6.568850,44.299105
-0.009781,0.000000,-0.002079,-12.303590,-13.400262,-1.689576,-40.262815,6.237664,60.544451
-0.009945,0.000000,-0.001045,-11.684328,-14.174580,-20.211780,-38.196524,5.664979,79.062245
-0.010000,0.000000,0.000000,-20.361863,-14.967566,-41.071380,-31.218232,4.803363,100.121497
-0.009945,0.000000,0.001045,-39.559239,-15.738550,-58.821543,-18.004094,3.645835,124.407177
-0.009781,0.000000,0.002079,-66.390404,-16.402634,-67.802739,3.904968,2.248136,151.856607
-0.009511,0.000000,0.003090,-94.797119,-16.834295,-64.726564,37.093506,0.707914,180.491926
-0.009135,0.000000,0.004067,-117.942401,-16.885989,-49.537023,82.587235,-0.883816,206.535098
-0.008660,0.000000,0.005000,-130.089913,-16.414049,-24.786526,138.889289,-2.478208,225.643975
-0.008090,0.000000,0.005878,-127.566090,-15.304702,5.345159,202.152907,-4.073308,234.288153
-0.007431,0.000000,0.006691,-109.148915,-13.495806,35.975165,267.103420,-5.694744,230.639331
-0.006691,0.000000,0.007431,-76.055721,-10.990520,62.366178,328.205115,-7.365509,214.835687
-0.005878,0.000000,0.008090,-31.570070,-7.860505,80.651922,380.701689,-9.076399,188.722250
-0.005000,0.000000,0.008660,19.613250,-4.239081,88.343051,421.313755,-10.765704,155.260259
-0.004067,0.000000,0.009135,72.182673,-0.307344,84.548728,448.514238,-12.313340,117.815944
-0.003090,0.000000,0.009511,120.985507,3.722716,69.917750,462.413460,-13.550837,79.511173
-0.002079,0.000000,0.009781,161.658990,7.624704,46.362491,464.361190,-14.285055,42.761881
-0.001045,0.000000,0.009945,191.048201,11.172239,16.658245,456.407922,-14.330769,9.062175
-0.000000,0.000000,0.010000,207.400037,14.151573,-15.990896,440.765622,-13.545750,-20.991622
-0.000000,-0.000000,-0.010000,-6.881043,2.869829,5.490295,-20.273631,-1.255084,0.083390
-0.001022,-0.000217,-0.009945,-7.829904,1.720665,6.647201,-15.447480,-1.032056,3.532503
-0.002034,-0.000432,-0.009781,-9.958495,0.495261,7.280615,-9.916921,-0.591140,6.186800
-0.003023,-0.000642,-0.009511,-13.495404,-0.787870,7.515792,-4.472785,0.030186,7.773362
-0.003978,-0.000846,-0.009135,-18.454643,-2.117639,7.641958,-0.080213,0.778319,8.196467
-0.004891,-0.001040,-0.008660,-24.516095,-3.488766,8.047594,2.260222,1.587064,7.612592
-0.005749,-0.001222,-0.008090,-30.966532,-4.899431,9.093818,1.702871,2.382158,6.472061
-0.006545,-0.001391,-0.007431,-36.743114,-6.349141,10.946315,-2.230783,3.085828,5.500169
-0.007269,-0.001545,-0.006691,-40.603516,-7.837274,13.404824,-9.468928,3.620182,5.601169
-0.007913,-0.001682,-0.005878,-41.417428,-9.361935,15.780440,-19.297128,3.908407,7.691413
-0.008471,-0.001801,-0.005000,-38.541860,-10.917990,16.870438,-30.410461,3.873503,12.499002
-0.008936,-0.001899,-0.004067,-32.220218,-12.493217,15.071340,-41.130353,3.435583,20.397956
-0.009303,-0.001977,-0.003090,-23.938406,-14.063264,8.673487,-49.747207,2.510368,31.364325
-0.009568,-0.002034,-0.002079,-16.644087,-15.590105,-3.571576,-54.865348,1.013886,45.134221
-0.009728,-0.002068,-0.001045,-14.552947,-17.032095,-21.467604,-55.524298,-1.116793,61.568924
-0.009781,-0.002079,0.000000,-21.884588,-18.364870,-42.175110,-50.838575,-3.872381,81.005116
-0.009728,-0.002068,0.001045,-40.269424,-19.584800,-60.146048,-39.238250,-7.095628,104.046755
-0.009568,-0.002034,0.002079,-66.830122,-20.666909,-69.476532,-18.171595,-10.450414,130.496472
-0.009303,-0.001977,0.003090,-95.264110,-21.510384,-66.780049,14.895489,-13.511721,158.294658
-0.008936,-0.001899,0.004067,-118.508816,-21.926845,-51.986827,60.843413,-15.928128,183.664207
-0.008471,-0.001801,0.005000,-130.656906,-21.679863,-27.602051,117.978805,-17.538204,202.338002
-0.007913,-0.001682,0.005878,-127.902009,-20.553024,2.259968,182.259624,-18.389379,210.916956
-0.007269,-0.001545,0.006691,-108.957268,-18.417837,32.762440,248.274025,-18.679030,207.729825
-0.006545,-0.001391,0.007431,-75.068950,-15.277210,59.190424,310.447425,-18.658732,193.055700
-0.005749,-0.001222,0.008090,-29.635924,-11.273134,77.684929,364.092279,-18.539109,168.822226
-0.004891,-0.001040,0.008660,22.474095,-6.661783,85.749679,406.083203,-18.421908,137.983496
-0.003978,-0.000846,0.009135,75.748377,-1.768947,82.465055,435.086046,-18.272897,103.793887
-0.003023,-0.000642,0.009511,124.823504,3.058878,68.423296,451.384080,-17.936652,69.161490
-0.002034,-0.000432,0.009781,165.125329,7.495778,45.458405,456.420332,-17.184323,36.205553
-0.001022,-0.000217,0.009945,193.294871,11.264448,16.267305,452.209039,-15.779535,6.073385
-0.000000,-0.000000,0.010000,207.400037,14.151573,-15.990896,440.765622,-13.545750,-20.991622
-0.000000,-0.000000,-0.010000,-6.881043,2.869829,5.490295,-20.273631,-1.255084,0.083390
-0.000955,-0.000425,-0.009945,-7.335132,2.098837,6.606104,-16.150956,-1.536523,3.982975
-0.001899,-0.000846,-0.009781,-9.037423,1.307019,7.073011,-11.212355,-1.686924,7.167687
-0.002823,-0.001257,-0.009511,-12.254245,0.485054,6.956971,-6.197753,-1.723614,9.322297
-0.003716,-0.001654,-0.009135,-17.039213,-0.383806,6.503345,-2.047023,-1.690956,10.260496
-0.004568,-0.002034,-0.008660,-23.105714,-1.311945,6.094135,0.229158,-1.659435,10.003213
-0.005370,-0.002391,-0.008090,-29.752705,-2.295590,6.144538,-0.261445,-1.718586,8.833918
-0.006113,-0.002722,-0.007431,-35.888243,-3.307789,6.951944,-4.070974,-1.964539,7.302219
-0.006789,-0.003023,-0.006691,-40.179091,-4.300191,8.528840,-11.209568,-2.485900,6.154284
-0.007391,-0.003291,-0.005878,-41.324762,-5.214926,10.462646,-21.030671,-3.353877,6.188955
-0.007912,-0.003522,-0.005000,-38.419885,-6.003868,11.842536,-32.267194,-4.622662,8.068597
-0.008346,-0.003716,-0.004067,-31.348905,-6.648484,11.274231,-43.252809,-6.343042,12.146707
-0.008688,-0.003868,-0.003090,-21.179718,-7.170427,6.988397,-52.306971,-8.585924,18.402819
-0.008936,-0.003978,-0.002079,-10.595055,-7.623304,-2.878016,-58.173893,-11.462153,26.595166
-0.009085,-0.004045,-0.001045,-4.317184,-8.071424,-19.397691,-60.251028,-15.105710,36.719775
-0.009135,-0.004067,0.000000,-8.419770,-8.607233,-40.676508,-58.144155,-19.558641,49.616962
-0.009085,-0.004045,0.001045,-26.262356,-9.432133,-60.259365,-50.383572,-24.542206,66.892723
-0.008936,-0.003978,0.002079,-54.353935,-10.799964,-70.804632,-33.644384,-29.345727,89.300876
-0.008688,-0.003868,0.003090,-84.849834,-12.739214,-68.918187,-4.254818,-33.097090,114.962309
-0.008346,-0.003716,0.004067,-109.948935,-14.900834,-55.028361,39.293631,-35.186865,139.688411
-0.007912,-0.003522,0.005000,-123.538970,-16.685310,-31.758110,95.285537,-35.482449,158.802222
-0.007391,-0.003291,0.005878,-121.727330,-17.485623,-3.073494,159.347130,-34.284751,168.744773
-0.006789,-0.003023,0.006691,-103.217109,-16.888220,26.382771,225.736674,-32.146171,167.870624
-0.006113,-0.002722,0.007431,-69.353176,-14.769292,52.064921,288.699044,-29.658866,156.523041
-0.005370,-0.002391,0.008090,-23.723810,-11.288813,70.249100,343.535934,-27.280578,136.617713
-0.004568,-0.002034,0.008660,28.573027,-6.816553,78.528382,387.230593,-25.232298,110.966596
-0.003716,-0.001654,0.009135,81.798593,-1.831990,76.006052,418.597596,-23.477088,82.550724
-0.002823,-0.001257,0.009511,130.390970,3.167441,63.216783,438.028795,-21.770055,53.908397
-0.001899,-0.000846,0.009781,169.609203,7.730491,41.862818,446.972260,-19.756676,26.745569
-0.000955,-0.000425,0.009945,195.957081,11.485443,14.465110,447.306914,-17.090963,1.809568
-0.000000,-0.000000,0.010000,207.400037,14.151573,-15.990896,440.765622,-13.545750,-20.991622
-0.000000,-0.000000,-0.010000,-6.881043,2.869829,5.490295,-20.273631,-1.255084,0.083390
-0.000846,-0.000614,-0.009945,-6.721047,2.497068,6.531685,-17.067555,-2.013761,4.304706
-0.001682,-0.001222,-0.009781,-7.633227,2.157534,6.857711,-13.014480,-2.718940,8.037704
-0.002500,-0.001816,-0.009511,-9.925606,1.853348,6.463931,-8.723577,-3.387484,10.982106
-0.003291,-0.002391,-0.009135,-13.709084,1.581026,5.521373,-5.003187,-4.065002,12.901247
-0.004045,-0.002939,-0.008660,-18.771582,1.353010,4.358921,-2.752661,-4.820944,13.694151
-0.004755,-0.003455,-0.008090,-24.497276,1.218542,3.393794,-2.789102,-5.733374,13.457644
-0.005413,-0.003933,-0.007431,-29.873567,1.274830,3.016793,-5.632818,-6.864631,12.510591
-0.006012,-0.004368,-0.006691,-33.613626,1.660963,3.456364,-11.301032,-8.234944,11.355868
-0.006545,-0.004755,-0.005878,-34.390661,2.532151,4.657736,-19.176869,-9.806341,10.571282
-0.007006,-0.005090,-0.005000,-31.137663,4.019084,6.209812,-28.019072,-11.491077,10.645397
-0.007391,-0.005370,-0.004067,-23.329079,6.181642,7.318768,-36.152071,-13.196188,11.798323
-0.007694,-0.005590,-0.003090,-11.164047,8.960287,6.735391,-41.834754,-14.911540,13.835854
-0.007913,-0.005749,-0.002079,4.238564,12.107339,2.326473,-43.795662,-16.850671,16.065325
-0.008046,-0.005846,-0.001045,19.403381,15.088077,-10.109029,-42.096299,-19.640910,17.366634
-0.008090,-0.005878,0.000000,22.866038,17.138461,-34.577544,-39.467804,-24.274586,17.709342
-0.008046,-0.005846,0.001045,1.573199,17.428560,-59.383087,-37.993704,-30.987230,22.580120
-0.007913,-0.005749,0.002079,-33.607323,15.213525,-69.547826,-30.850360,-38.200093,37.474783
-0.007694,-0.005590,0.003090,-68.302769,10.697717,-66.230064,-9.937725,-43.760566,59.628061
-0.007391,-0.005370,0.004067,-95.450212,4.878256,-52.657791,27.284121,-46.480733,83.023121
-0.007006,-0.005090,0.005000,-110.143398,-0.958559,-31.317244,78.785713,-46.318944,102.259995
-0.006545,-0.004755,0.005878,-109.014265,-5.637486,-5.422201,139.750822,-43.958594,113.732112
-0.006012,-0.004368,0.006691,-90.995229,-8.381762,21.072129,204.170691,-40.365426,115.919679
-0.005413,-0.003933,0.007431,-57.594393,-8.913856,44.172143,266.207225,-36.447620,109.195666
-0.004755,-0.003455,0.008090,-12.548764,-7.397730,60.572691,321.193818,-32.836435,95.312505
-0.004045,-0.002939,0.008660,38.916604,-4.297404,68.134153,366.179064,-29.788937,76.731580
-0.003291,-0.002391,0.009135,90.967157,-0.221594,66.054777,400.005499,-27.202305,55.955851
-0.002500,-0.001816,0.009511,137.974882,4.199505,54.790616,423.004103,-24.714399,34.998943
-0.001682,-0.001222,0.009781,175.153881,8.387089,35.819407,436.446441,-21.854537,15.074369
-0.000846,-0.000614,0.009945,198.977793,11.842300,11.344818,441.918389,-18.205906,-3.469191
-0.000000,-0.000000,0.010000,207.400037,14.151573,-15.990896,440.765622,-13.545750,-20.991622
-0.000000,-0.000000,-0.010000,-6.881043,2.869829,5.490295,-20.273631,-1.255084,0.083390
-0.000699,-0.000777,-0.009945,-6.024418,2.894498,6.428963,-18.151887,-2.433082,4.466262
-0.001391,-0.001545,-0.009781,-5.834431,2.993804,6.655104,-15.227070,-3.580578,8.667554
-0.002068,-0.002296,-0.009511,-6.649561,3.218343,6.090250,-11.916241,-4.692255,12.440362
-0.002722,-0.003023,-0.009135,-8.650502,3.610761,4.802611,-8.813259,-5.775327,15.543359
-0.003346,-0.003716,-0.008660,-11.750764,4.224883,3.009749,-6.608663,-6.840188,17.795685
-0.003933,-0.004368,-0.008090,-15.524949,5.144451,1.043926,-5.948725,-7.882477,19.132776
-0.004477,-0.004973,-0.007431,-19.211504,6.492766,-0.716554,-7.253412,-8.857477,19.641302
-0.004973,-0.005523,-0.006691,-21.813582,8.427655,-1.932110,-10.535902,-9.653576,19.552573
-0.005413,-0.006012,-0.005878,-22.292606,11.124931,-2.371990,-15.281150,-10.075883,19.185124
-0.005795,-0.006436,-0.005000,-19.807403,14.768361,-1.933882,-20.436859,-9.849903,18.846690
-0.006113,-0.006789,-0.004067,-13.901976,19.587521,-0.583286,-24.538945,-8.643554,18.726862
-0.006364,-0.007068,-0.003090,-4.469082,26.037592,1.803914,-25.925915,-6.074543,18.823306
-0.006545,-0.007269,-0.002079,8.956673,35.436820,5.683946,-22.835474,-1.575592,18.916475
-0.006655,-0.007391,-0.001045,30.946697,52.833743,11.298091,-12.404300,6.473507,18.120246
-0.006691,-0.007431,0.000000,71.836840,87.619110,-21.886793,8.978179,19.113601,-1.514048
-0.006655,-0.007391,0.001045,15.752880,61.973920,-65.670498,-9.913505,-1.846003,-22.383021
-0.006545,-0.007269,0.002079,-28.301940,45.671932,-58.290857,-16.435224,-20.066861,-10.402412
-0.006364,-0.007068,0.003090,-60.306584,35.485395,-49.089696,-3.834442,-31.576099,8.434445
-0.006113,-0.006789,0.004067,-83.467828,25.855651,-36.336327,26.470758,-37.960771,28.264401
-0.005795,-0.006436,0.005000,-94.811522,16.651354,-19.241348,71.643051,-40.358669,44.922231
-0.005413,-0.006012,0.005878,-91.444499,8.808027,0.782320,126.949050,-40.020236,55.761897
-0.004973,-0.005523,0.006691,-72.421961,3.120795,21.044756,186.749723,-38.149045,59.752935
-0.004477,-0.004973,0.007431,-39.204707,-0.075680,38.555842,245.604173,-35.709697,57.274881
-0.003933,-0.004368,0.008090,4.632538,-0.890691,50.760562,299.134164,-33.301339,49.696519
-0.003346,-0.003716,0.008660,54.089897,0.256649,55.970814,344.502558,-31.119465,38.849556
-0.002722,-0.003023,0.009135,103.568106,2.783929,53.520134,380.475479,-29.007599,26.514814
-0.002068,-0.002296,0.009511,147.643588,6.054629,43.712920,407.134192,-26.580624,14.024056
-0.001391,-0.001545,0.009781,181.683153,9.437013,27.656408,425.366688,-23.387731,2.042612
-0.000699,-0.000777,0.009945,202.261799,12.325555,7.053933,436.292898,-19.079226,-9.448303
-0.000000,-0.000000,0.010000,207.400037,14.151573,-15.990896,440.765622,-13.545750,-20.991622
-0.000000,-0.000000,-0.010000,-6.881043,2.869829,5.490295,-20.273631,-1.255084,0.083390
-0.000523,-0.000905,-0.009945,-5.299684,3.271123,6.299835,-19.344537,-2.770118,4.438899
-0.001040,-0.001801,-0.009781,-3.806503,3.756126,6.464943,-17.710252,-4.195982,8.913572
-0.001545,-0.002676,-0.009511,-2.750394,4.437108,5.835142,-15.555963,-5.466691,13.310423
-0.002034,-0.003522,-0.009135,-2.393012,5.403310,4.355577,-13.210484,-6.501738,17.399510
-0.002500,-0.004330,-0.008660,-2.827033,6.717928,2.084689,-11.103156,-7.196315,20.948020
-0.002939,-0.005090,-0.008090,-3.920774,8.415676,-0.807463,-9.673107,-7.414132,23.757176
-0.003346,-0.005795,-0.007431,-5.316936,10.498846,-4.059691,-9.245345,-6.983771,25.694914
-0.003716,-0.006436,-0.006691,-6.504279,12.933455,-7.350840,-9.905344,-5.700432,26.712697
-0.004045,-0.007006,-0.005878,-6.961398,15.653741,-10.327221,-11.414860,-3.333759,26.838978
-0.004330,-0.007500,-0.005000,-6.346821,18.593203,-12.611188,-13.210332,0.363710,26.147914
-0.004568,-0.007912,-0.004067,-4.690461,21.775780,-13.787488,-14.510625,5.667534,24.700680
-0.004755,-0.008236,-0.003090,-2.546302,25.529580,-13.411704,-14.544238,12.956790,22.417788
-0.004891,-0.008471,-0.002079,-1.131992,30.913705,-11.297968,-12.924201,22.885076,18.636134
-0.004973,-0.008613,-0.001045,-2.625203,39.848148,-9.246239,-10.315052,35.863604,10.335142
-0.005000,-0.008660,0.000000,-10.041190,49.000954,-13.771584,-9.213708,44.385856,-9.086520
-0.004973,-0.008613,0.001045,-23.958101,46.381914,-19.325972,-10.603087,32.208844,-27.290853
-0.004891,-0.008471,0.002079,-41.767109,40.333908,-16.985198,-8.065040,13.426455,-28.388462
-0.004755,-0.008236,0.003090,-59.401159,35.123694,-11.710763,5.363890,-1.027025,-20.631558
-0.004568,-0.007912,0.004067,-72.219659,29.349116,-4.512395,32.287508,-11.098886,-10.640375
-0.004330,-0.007500,0.005000,-75.989151,22.982657,4.839013,71.734750,-17.955854,-1.674226
-0.004045,-0.007006,0.005878,-67.769301,16.804557,15.662897,120.446212,-22.567861,4.602846
-0.003716,-0.006436,0.006691,-46.582050,11.606251,26.479853,174.046495,-25.656657,7.595341
-0.003346,-0.005795,0.007431,-13.606102,7.902312,35.541283,228.078920,-27.708354,7.512117
-0.002939,-0.005090,0.008090,28.086649,5.892806,41.280967,278.796506,-28.972137,5.091628
-0.002500,-0.004330,0.008660,74.103411,5.512893,42.597105,323.617244,-29.469763,1.289920
-0.002034,-0.003522,0.009135,119.436147,6.497062,38.974593,361.219525,-29.038650,-3.023230
-0.001545,-0.002676,0.009511,159.151374,8.429388,30.489195,391.330106,-27.413845,-7.300642
-0.001040,-0.001801,0.009781,188.966634,10.775769,17.744394,414.313784,-24.338232,-11.441948
-0.000523,-0.000905,0.009945,205.672223,12.909812,1.784596,430.698803,-19.681513,-15.787650
-0.000000,-0.000000,0.010000,207.400037,14.151573,-15.990896,440.765622,-13.545750,-20.991622
-0.000000,-0.000000,-0.010000,-6.881043,2.869829,5.490295,-20.273631,-1.255084,0.083390
-0.000323,-0.000994,-0.009945,-4.612923,3.609750,6.143531,-20.576670,-3.009722,4.203235
-0.000642,-0.001977,-0.009781,-1.771946,4.389886,6.270464,-20.293196,-4.536843,8.658093
-0.000955,-0.002939,-0.009511,1.307698,5.363564,5.662683,-19.354578,-5.690927,13.254384
-0.001257,-0.003868,-0.009135,4.282699,6.634441,4.152417,-17.799294,-6.300368,17.749049
-0.001545,-0.004755,-0.008660,6.854202,8.221782,1.644307,-15.778600,-6.160859,21.857932
-0.001816,-0.005590,-0.008090,8.816155,10.028944,-1.855434,-13.530328,-5.046395,25.272005
-0.002068,-0.006364,-0.007431,10.080763,11.821976,-6.214359,-11.325089,-2.740331,27.682422
-0.002296,-0.007068,-0.006691,10.665990,13.228221,-11.154577,-9.399220,0.917052,28.813784
-0.002500,-0.007694,-0.005878,10.639008,13.765354,-16.238879,-7.896031,5.975479,28.462182
-0.002676,-0.008236,-0.005000,10.023191,12.908583,-20.859802,-6.838097,12.334036,26.528717
-0.002823,-0.008688,-0.004067,8.691622,10.200162,-24.223235,-6.147367,19.732486,23.026488
-0.002939,-0.009045,-0.003090,6.285995,5.414633,-25.305695,-5.718218,27.775724,18.014379
-0.003023,-0.009303,-0.002079,2.219766,-1.130815,-22.767266,-5.524227,35.902726,11.387016
-0.003073,-0.009458,-0.001045,-4.143324,-7.812238,-15.059581,-5.646235,42.957403,2.628547
-0.003090,-0.009511,0.000000,-13.035502,-10.747374,-2.141609,-5.838969,46.298208,-8.326895
-0.003073,-0.009458,0.001045,-23.799336,-6.839497,11.439470,-4.401560,43.551051,-18.794726
-0.003023,-0.009303,0.002079,-34.962998,0.981183,20.746712,2.037090,36.344696,-25.901617
-0.002939,-0.009045,0.003090,-44.339804,8.230232,25.773648,16.798163,27.340445,-30.012607
-0.002823,-0.008688,0.004067,-49.111067,13.028175,28.422124,41.600943,17.700818,-32.421343
-0.002676,-0.008236,0.005000,-46.448497,15.239468,30.040763,76.145123,7.945240,-33.892073
-0.002500,-0.007694,0.005878,-34.320068,15.399719,31.182830,118.444872,-1.445025,-34.747057
-0.002296,-0.007068,0.006691,-12.086590,14.261384,31.851606,165.506285,-9.972786,-35.080327
-0.002068,-0.006364,0.007431,19.259850,12.595290,31.740183,214.068183,-17.195178,-34.862506
-0.001816,-0.005590,0.008090,57.212559,11.071803,30.414846,261.219078,-22.765738,-34.005336
-0.001545,-0.004755,0.008660,98.133634,10.174696,27.450757,304.780147,-26.435062,-32.433424
-0.001257,-0.003868,0.009135,137.782993,10.142249,22.529872,343.417625,-28.035117,-30.167264
-0.000955,-0.002939,0.009511,171.879052,10.938308,15.509933,376.514518,-27.473053,-27.397738
-0.000642,-0.001977,0.009781,196.607675,12.256147,6.473577,403.880879,-24.748936,-24.526449
-0.000323,-0.000994,0.009945,209.033702,13.557832,-4.235725,425.407176,-19.997989,-22.151728
-0.000000,-0.000000,0.010000,207.400037,14.151573,-15.990896,440.765622,-13.545750,-20.991622
-0.000000,-0.000000,-0.010000,-6.881043,2.869829,5.490295,-20.273631,-1.255084,0.083390
-0.000109,-0.001040,-0.009945,-4.033158,3.897795,5.957935,-21.775934,-3.146809,3.754992
-0.000217,-0.002068,-0.009781,0.022163,4.860408,6.045315,-22.794012,-4.621699,7.846183
-0.000323,-0.003073,-0.009511,4.992328,5.905934,5.518404,-22.998535,-5.477037,12.102206
-0.000425,-0.004045,-0.009135,10.468390,7.111991,4.152253,-22.125461,-5.518010,16.223937
-0.000523,-0.004973,-0.008660,15.955772,8.437076,1.776890,-20.040635,-4.552203,19.871902
-0.000614,-0.005846,-0.008090,20.929816,9.680678,-1.674081,-16.787004,-2.404984,22.675748
-0.000699,-0.006655,-0.007431,24.908192,10.460959,-6.115811,-12.602538,1.039473,24.256741
-0.000777,-0.007391,-0.006691,27.524904,10.221565,-11.269399,-7.900857,5.776066,24.269768
-0.000846,-0.008046,-0.005878,28.585814,8.279282,-16.626787,-3.212960,11.610864,22.467342
-0.000905,-0.008613,-0.005000,28.084838,3.923142,-21.420267,0.904583,18.112613,18.781538
-0.000955,-0.009085,-0.004067,26.165009,-3.417326,-24.580390,3.984319,24.616199,13.411512
-0.000994,-0.009458,-0.003090,23.023479,-13.876333,-24.658117,5.773276,30.319454,6.893065
-0.001022,-0.009728,-0.002079,18.791629,-26.562312,-19.774504,6.362011,34.535036,0.092192
-0.001040,-0.009891,-0.001045,13.477073,-38.514305,-8.147004,6.327984,37.141283,-6.068322
-0.001045,-0.009945,0.000000,7.104893,-44.385381,9.551724,6.906425,38.852196,-11.486444
-0.001040,-0.009891,0.001045,0.089391,-40.393940,27.813287,10.041988,40.165585,-17.647487
-0.001022,-0.009728,0.002079,-6.465740,-29.060451,40.477589,17.996952,39.970747,-26.092014
-0.000994,-0.009458,0.003090,-10.829807,-15.732803,46.000997,32.652541,36.717413,-36.469834
-0.000955,-0.009085,0.004067,-10.971316,-3.928109,45.869667,54.972448,30.014440,-47.146819
-0.000905,-0.008613,0.005000,-5.003417,4.928856,41.988970,84.792965,20.615814,-56.457509
-0.000846,-0.008046,0.005878,8.346775,10.600990,35.944313,120.929839,9.814134,-63.244976
-0.000777,-0.007391,0.006691,29.366304,13.499901,28.958908,161.509294,-1.040585,-66.931343
-0.000699,-0.006655,0.007431,57.176154,14.384780,21.906793,204.384337,-10.810165,-67.418592
-0.000614,-0.005846,0.008090,89.769642,14.130177,15.314810,247.509888,-18.674327,-64.950653
-0.000523,-0.004973,0.008660,124.238599,13.530005,9.386696,289.191160,-24.131411,-59.991166
-0.000425,-0.004045,0.009135,157.126083,13.150433,4.063754,328.168453,-26.946254,-53.136873
-0.000323,-0.003073,0.009511,184.838808,13.244181,-0.883135,363.548057,-27.088138,-45.066485
-0.000217,-0.002068,0.009781,204.062915,13.729089,-5.743264,394.626091,-24.687730,-36.512356
-0.000109,-0.001040,0.009945,212.143205,14.226543,-10.752418,420.674672,-20.025299,-28.236339
-0.000000,-0.000000,0.010000,207.400037,14.151573,-15.990896,440.765622,-13.545750,-20.991622
0.000000,-0.000000,-0.010000,-6.881043,2.869829,5.490295,-20.273631,-1.255084,0.083390
0.000109,-0.001040,-0.009945,-3.622382,4.128265,5.741409,-22.872818,-3.185092,3.108105
0.000217,-0.002068,-0.009781,1.343638,5.163552,5.760647,-25.042646,-4.500473,6.504976
0.000323,-0.003073,-0.009511,7.789083,6.067611,5.334178,-26.207194,-4.995629,9.914275
0.000425,-0.004045,-0.009135,15.266602,6.866788,4.267924,-25.802787,-4.561496,12.957406
0.000523,-0.004973,-0.008660,23.116262,7.500522,2.443160,-23.403618,-3.173072,15.261825
0.000614,-0.005846,-0.008090,30.528998,7.815779,-0.140601,-18.846464,-0.876630,16.486201
0.000699,-0.006655,-0.007431,36.670545,7.572028,-3.341065,-12.323890,2.217015,16.347335
0.000777,-0.007391,-0.006691,40.851275,6.452797,-6.866778,-4.413347,5.929172,14.649147
0.000846,-0.008046,-0.005878,42.706247,4.083853,-10.282320,3.983422,9.999368,11.313797
0.000905,-0.008613,-0.005000,42.330025,0.065089,-13.010540,11.800631,14.066472,6.416408
0.000955,-0.009085,-0.004067,40.296728,-5.960981,-14.305977,18.058381,17.661909,0.227622
0.000994,-0.009458,-0.003090,37.496043,-14.135157,-13.167069,22.173535,20.257662,-6.733039
0.001022,-0.009728,-0.002079,34.760938,-23.921009,-8.228855,24.278660,21.466756,-13.667638
0.001040,-0.009891,-0.001045,32.422458,-33.148641,1.886044,25.428190,21.517487,-19.717746
0.001045,-0.009945,0.000000,30.214899,-37.527985,16.583545,27.438664,21.607746,-24.929600
0.001040,-0.009891,0.001045,27.927057,-33.865958,31.118263,32.226385,22.647840,-31.214168
0.001022,-0.009728,0.002079,26.193233,-24.231803,40.116317,41.204399,23.474769,-40.514142
0.000994,-0.009458,0.003090,26.398030,-13.040764,42.233000,55.237699,22.209343,-52.449088
0.000955,-0.009085,0.004067,30.062957,-3.058155,38.807051,74.738186,18.127206,-65.086737
0.000905,-0.008613,0.005000,38.407330,4.699735,31.600219,99.657037,11.634707,-76.406084
0.000846,-0.008046,0.005878,52.114312,10.086623,22.206950,129.493659,3.666640,-84.898131
0.000777,-0.007391,0.006691,71.188876,13.361419,12.044503,163.378671,-4.727267,-89.673530
0.000699,-0.006655,0.007431,94.879772,14.989754,2.333202,200.206402,-12.592617,-90.405871
0.000614,-0.005846,0.008090,121.678419,15.520465,-5.976770,238.772741,-19.159697,-87.220721
0.000523,-0.004973,0.008660,149.408144,15.479407,-12.276565,277.878984,-23.867793,-80.570462
0.000425,-0.004045,0.009135,175.404223,15.277339,-16.330573,316.376467,-26.359466,-71.116134
0.000323,-0.003073,0.009511,196.771604,15.140923,-18.255915,353.145950,-26.467051,-59.629302
0.000217,-0.002068,0.009781,210.697274,15.076339,-18.451916,387.026553,-24.204282,-46.919811
0.000109,-0.001040,0.009945,214.788009,14.873025,-17.491308,416.727316,-19.767845,-33.787793
0.000000,-0.000000,0.010000,207.400037,14.151573,-15.990896,440.765622,-13.545750,-20.991622
0.000000,-0.000000,-0.010000,-6.881043,2.869829,5.490295,-20.273631,-1.255084,0.083390
0.000323,-0.000994,-0.009945,-3.426000,4.299435,5.494689,-23.806538,-3.134397,2.294329
0.000642,-0.001977,-0.009781,2.014906,5.326123,5.392060,-26.900426,-4.233619,4.738436
0.000955,-0.002939,-0.009511,9.291711,5.949634,5.030816,-28.781625,-4.398035,6.958983
0.001257,-0.003868,-0.009135,17.948572,6.137667,4.326797,-28.628138,-3.687056,8.519901
0.001545,-0.004755,-0.008660,27.195996,5.866492,3.320018,-25.745364,-2.347136,9.069572
0.001816,-0.005590,-0.008090,35.963851,5.183898,2.187942,-19.764276,-0.743502,8.398325
0.002068,-0.006364,-0.007431,43.056715,4.263268,1.209172,-10.816223,0.743163,6.473809
0.002296,-0.007068,-0.006691,47.406868,3.417671,0.689120,0.373105,1.835894,3.436054
0.002500,-0.007694,-0.005878,48.384562,3.055916,0.874144,12.525397,2.464498,-0.460065
0.002676,-0.008236,-0.005000,46.087221,3.584140,1.885161,24.022230,2.815496,-4.954518
0.002823,-0.008688,-0.004067,41.494884,5.275188,3.690327,33.291271,3.299178,-9.932269
0.002939,-0.009045,-0.003090,36.351194,8.128059,6.112747,39.335554,4.412691,-15.604217
0.003023,-0.009303,-0.002079,32.625379,11.727003,8.861468,42.334757,6.437564,-22.712182
0.003073,-0.009458,-0.001045,31.541148,15.198974,11.621187,44.098288,8.754234,-32.558038
0.003090,-0.009511,0.000000,32.755029,17.684619,14.100364,47.648350,8.993560,-45.762635
0.003073,-0.009458,0.001045,35.225330,19.030447,15.500393,55.202152,5.097715,-59.839104
0.003023,-0.009303,0.002079,39.233175,19.229861,14.641085,66.822985,-0.980799,-71.812299
0.002939,-0.009045,0.003090,45.913257,18.360077,11.200363,81.724803,-6.470771,-81.688469
0.002823,-0.008688,0.004067,55.881936,16.958338,5.549061,99.476805,-10.581211,-90.235806
0.002676,-0.008236,0.005000,69.166909,15.670909,-1.754116,120.125555,-13.639515,-97.495640
0.002500,-0.007694,0.005878,85.523463,14.915677,-10.063766,143.944141,-16.191229,-102.941367
0.002296,-0.007068,0.006691,104.563171,14.790808,-18.615908,171.159601,-18.635491,-105.867650
0.002068,-0.006364,0.007431,125.699657,15.145508,-26.529677,201.758171,-21.100496,-105.664100
0.001816,-0.005590,0.008090,148.018316,15.715183,-32.888659,235.387164,-23.433342,-101.971809
0.001545,-0.004755,0.008660,170.166510,16.245317,-36.882701,271.337884,-25.265689,-94.745618
0.001257,-0.003868,0.009135,190.331480,16.560755,-37.962960,308.577493,-26.127168,-84.240748
0.000955,-0.002939,0.009511,206.338617,16.570491,-35.961611,345.795355,-25.574194,-70.947354
0.000642,-0.001977,0.009781,215.869133,16.225059,-31.142091,381.440490,-23.304196,-55.503002
0.000323,-0.000994,0.009945,216.768713,15.458881,-24.166917,413.746995,-19.235578,-38.612151
0.000000,-0.000000,0.010000,207.400037,14.151573,-15.990896,440.765622,-13.545750,-20.991622
0.000000,-0.000000,-0.010000,-6.881043,2.869829,5.490295,-20.273631,-1.255084,0.083390
0.000523,-0.000905,-0.009945,-3.465454,4.413168,5.222483,-24.529661,-3.007517,1.359591
0.001040,-0.001801,-0.009781,1.945693,5.394786,4.927161,-28.271009,-3.875476,2.700446
0.001545,-0.002676,-0.009511,9.281722,5.714843,4.534167,-30.619035,-3.777485,3.617659
0.002034,-0.003522,-0.009135,18.110764,5.283127,4.095229,-30.599562,-2.943298,3.682138
0.002500,-0.004330,-0.008660,27.570203,4.120379,3.831183,-27.343583,-1.872557,2.622461
0.002939,-0.005090,-0.008090,36.387030,2.484160,4.108898,-20.337494,-1.214719,0.410985
0.003346,-0.005795,-0.007431,43.027854,0.966083,5.346448,-9.670798,-1.575663,-2.695640
0.003716,-0.006436,-0.006691,45.988175,0.509403,7.876518,3.793901,-3.282872,-6.196168
0.004045,-0.007006,-0.005878,44.182998,2.324259,11.824924,18.410698,-6.166171,-9.483479
0.004330,-0.007500,-0.005000,37.347426,7.731910,17.066517,31.964116,-9.417174,-12.072012
0.004568,-0.007912,-0.004067,26.317006,18.043904,23.278452,42.131739,-11.559725,-13.881820
0.004755,-0.008236,-0.003090,13.069386,34.673913,29.945775,47.186423,-10.488688,-15.592797
0.004891,-0.008471,-0.002079,0.554147,59.691300,35.523534,46.967523,-3.512048,-19.412962
0.004973,-0.008613,-0.001045,-7.380503,95.005736,32.528066,44.365995,11.374089,-31.835558
0.005000,-0.008660,0.000000,-7.083384,123.209883,1.965533,46.818032,22.815996,-65.198084
0.004973,-0.008613,0.001045,0.898584,105.562102,-32.691863,60.346711,4.981332,-101.217333
0.004891,-0.008471,0.002079,15.424969,75.294701,-41.452610,80.487556,-19.836248,-114.701460
0.004755,-0.008236,0.003090,34.648154,53.016416,-42.980507,101.381918,-34.686124,-117.499591
0.004568,-0.007912,0.004067,56.340430,36.959635,-44.979082,121.116258,-40.590361,-117.683566
0.004330,-0.007500,0.005000,78.921954,25.617768,-48.086092,140.153868,-40.676018,-117.659728
0.004045,-0.007006,0.005878,101.406520,18.476199,-51.910049,159.896958,-37.705971,-117.740712
0.003716,-0.006436,0.006691,123.313122,14.955005,-55.974592,181.867777,-33.811550,-117.338396
0.003346,-0.005795,0.007431,144.465436,14.130815,-59.645939,207.208827,-30.364258,-115.505589
0.002939,-0.005090,0.008090,164.685513,14.887861,-62.074676,236.413737,-27.951753,-111.299416
0.002500,-0.004330,0.008660,183.488830,16.178395,-62.303211,269.250767,-26.493130,-104.024808
0.002034,-0.003522,0.009135,199.887447,17.223180,-59.485676,304.824747,-25.463825,-93.350592
0.001545,-0.002676,0.009511,212.364506,17.588014,-53.126367,341.708864,-24.163208,-79.308678
0.001040,-0.001801,0.009781,219.030103,17.143093,-43.255272,378.085379,-21.956400,-62.216142
0.000523,-0.000905,0.009945,217.923726,15.952338,-30.492596,411.862039,-18.444318,-42.574317
0.000000,-0.000000,0.010000,207.400037,14.151573,-15.990896,440.765622,-13.545750,-20.991622
0.000000,-0.000000,-0.010000,-6.881043,2.869829,5.490295,-20.273631,-1.255084,0.083390
0.000699,-0.000777,-0.009945,-3.734498,4.472395,4.934411,-25.011024,-2.817444,0.358322
0.001391,-0.001545,-0.009781,1.151631,5.417182,4.373061,-29.101846,-3.465998,0.557910
0.002068,-0.002296,-0.009511,7.777599,5.528752,3.808044,-31.688345,-3.176682,0.262446
0.002722,-0.003023,-0.009135,15.774398,4.666928,3.387166,-31.812049,-2.269786,-0.869709
0.003346,-0.003716,-0.008660,24.307007,2.850730,3.429542,-28.604259,-1.363285,-2.997019
0.003933,-0.004368,-0.008090,32.062276,0.401052,4.373091,-21.542302,-1.235784,-6.007339
0.004477,-0.004973,-0.007431,37.368358,-1.958066,6.649534,-10.723023,-2.606181,-9.489157
0.004973,-0.005523,-0.006691,38.460822,-3.096974,10.529190,2.924744,-5.868311,-12.800541
0.005413,-0.006012,-0.005878,33.852831,-1.603447,16.010510,17.578977,-10.848064,-15.250599
0.005795,-0.006436,-0.005000,22.689185,4.000917,22.842890,30.682618,-16.658746,-16.364653
0.006113,-0.006789,-0.004067,4.869016,15.069741,30.758482,39.319394,-21.697091,-16.156717
0.006364,-0.007068,-0.003090,-19.447111,32.944370,39.962658,40.665298,-23.720266,-15.309357
0.006545,-0.007269,-0.002079,-52.025091,60.222221,51.887935,32.014694,-19.665653,-15.242279
0.006655,-0.007391,-0.001045,-106.543275,107.617571,68.158821,8.051747,-3.614940,-19.298116
0.006691,-0.007431,0.000000,-215.338113,193.534662,-10.138078,-37.853720,29.816372,-73.642825
0.006655,-0.007391,0.001045,-106.708196,121.311295,-111.850387,22.184109,-11.038094,-141.996804
0.006545,-0.007269,0.002079,-38.095573,75.489809,-97.120572,71.880619,-41.371600,-144.270917
0.006364,-0.007068,0.003090,4.878286,50.758006,-89.858424,105.629059,-54.933017,-140.358988
0.006113,-0.006789,0.004067,40.725676,33.559822,-87.671420,131.084725,-58.275050,-135.459277
0.005795,-0.006436,0.005000,72.677399,21.585455,-87.583997,151.788532,-55.048530,-131.176504
0.005413,-0.006012,0.005878,101.236362,14.395678,-88.290306,170.734768,-48.327811,-127.935653
0.004973,-0.005523,0.006691,126.632016,11.403037,-89.165434,190.561616,-40.662548,-125.285776
0.004477,-0.004973,0.007431,149.264053,11.532312,-89.610185,213.254038,-33.836170,-122.225392
0.003933,-0.004368,0.008090,169.534801,13.423410,-88.785075,239.903380,-28.741384,-117.570699
0.003346,-0.003716,0.008660,187.526600,15.766354,-85.651541,270.645144,-25.452145,-110.271407
0.002722,-0.003023,0.009135,202.748541,17.571803,-79.203101,304.757195,-23.453858,-99.604429
0.002068,-0.002296,0.009511,214.062849,18.296237,-68.760131,340.845086,-21.946075,-85.229719
0.001391,-0.001545,0.009781,219.817473,17.820435,-54.220157,377.037247,-20.129829,-67.143191
0.000699,-0.000777,0.009945,218.150926,16.328397,-36.192826,411.142590,-17.418259,-45.589031
0.000000,-0.000000,0.010000,207.400037,14.151573,-15.990896,440.765622,-13.545750,-20.991622
0.000000,-0.000000,-0.010000,-6.881043,2.869829,5.490295,-20.273631,-1.255084,0.083390
0.000846,-0.000614,-0.009945,-4.199969,4.478646,4.644982,-25.236900,-2.575506,-0.652552
0.001682,-0.001222,-0.009781,-0.246155,5.422293,3.760789,-29.380213,-3.028999,-1.541503
0.002500,-0.001816,-0.009511,5.037770,5.497029,2.886444,-31.990753,-2.614397,-2.839264
0.003291,-0.002391,-0.009135,11.384036,4.537513,2.193311,-32.307079,-1.633373,-4.735395
0.004045,-0.002939,-0.008660,18.112196,2.519110,1.969439,-29.664576,-0.649169,-7.276530
0.004755,-0.003455,-0.008090,24.115210,-0.331545,2.551245,-23.698929,-0.371224,-10.310241
0.005413,-0.003933,-0.007431,27.958176,-3.467453,4.201800,-14.567525,-1.475363,-13.485767
0.006012,-0.004368,-0.006691,28.102181,-6.041576,6.971920,-3.120988,-4.394734,-16.343125
0.006545,-0.004755,-0.005878,23.217711,-7.043506,10.598414,9.055612,-9.140558,-18.499988
0.007006,-0.005090,-0.005000,12.492119,-5.544189,14.484131,19.796265,-15.222259,-19.913416
0.007391,-0.005370,-0.004067,-4.215315,-1.005995,17.741223,26.718944,-21.726609,-21.174684
0.007694,-0.005590,-0.003090,-26.510607,6.393986,19.101445,27.769577,-27.592654,-23.840462
0.007913,-0.005749,-0.002079,-53.712935,15.445202,16.028158,22.036958,-32.112783,-31.002080
0.008046,-0.005846,-0.001045,-82.857960,23.666632,1.883242,12.067944,-35.685697,-48.342314
0.008090,-0.005878,0.000000,-97.801390,28.116515,-31.708330,10.627513,-40.235521,-80.798859
0.008046,-0.005846,0.001045,-77.884311,27.787632,-67.795198,33.156866,-46.893449,-114.494704
0.007913,-0.005749,0.002079,-40.649983,23.496170,-86.395064,67.954417,-53.178268,-132.257993
0.007694,-0.005590,0.003090,-3.588560,17.218611,-94.963755,100.493728,-56.006496,-137.886573
0.007391,-0.005370,0.004067,30.663573,11.154882,-100.312520,127.704487,-54.425436,-138.055064
0.007006,-0.005090,0.005000,62.158405,6.895017,-104.385775,150.761781,-49.252095,-136.285024
0.006545,-0.004755,0.005878,90.903117,5.211790,-107.568458,171.892963,-42.119212,-134.015544
0.006012,-0.004368,0.006691,117.004595,6.059816,-109.766448,193.384565,-34.739685,-131.440800
0.005413,-0.003933,0.007431,140.744510,8.751548,-110.532244,217.064436,-28.426685,-128.020322
0.004755,-0.003455,0.008090,162.379258,12.262658,-109.078227,244.008609,-23.860807,-122.881592
0.004045,-0.002939,0.008660,181.843334,15.561281,-104.407450,274.448810,-21.079070,-115.134491
0.003291,-0.002391,0.009135,198.521068,17.864160,-95.564848,307.836519,-19.626758,-104.069033
0.002500,-0.001816,0.009511,211.183605,18.767025,-81.935519,342.989592,-18.791089,-89.231632
0.001682,-0.001222,0.009781,218.118268,18.246510,-63.505076,378.248724,-17.837706,-70.413382
0.000846,-0.000614,0.009945,217.422405,16.568142,-41.016773,411.600590,-16.192993,-47.607501
0.000000,-0.000000,0.010000,207.400037,14.151573,-15.990896,440.765622,-13.545750,-20.991622
0.000000,-0.000000,-0.010000,-6.881043,2.869829,5.490295,-20.273631,-1.255084,0.083390
0.000955,-0.000425,-0.009945,-4.807065,4.430571,4.372489,-25.210577,-2.290572,-1.618510
0.001899,-0.000846,-0.009781,-2.041585,5.407752,3.143095,-29.129481,-2.572827,-3.486080
0.002823,-0.001257,-0.009511,1.514766,5.621255,1.879073,-31.541188,-2.097962,-5.558511
0.003716,-0.001654,-0.009135,5.714407,4.921284,0.724259,-32.003763,-1.075051,-7.847096
0.004568,-0.002034,-0.008660,10.118065,3.249061,-0.145892,-30.202158,0.103459,-10.306733
0.005370,-0.002391,-0.008090,14.012113,0.698368,-0.588484,-26.058032,0.937225,-12.824485
0.006113,-0.002722,-0.007431,16.506430,-2.450816,-0.574592,-19.840680,0.930071,-15.247174
0.006789,-0.003023,-0.006691,16.713371,-5.752456,-0.263408,-12.232236,-0.284750,-17.462464
0.007391,-0.003291,-0.005878,13.980842,-8.680188,-0.039083,-4.293614,-2.841015,-19.530595
0.007912,-0.003522,-0.005000,8.124620,-10.767312,-0.489759,2.712045,-6.595135,-21.841927
0.008346,-0.003716,-0.004067,-0.405754,-11.763008,-2.335520,7.657917,-11.167059,-25.257099
0.008688,-0.003868,-0.003090,-10.464764,-11.741710,-6.344333,10.054646,-16.066073,-31.170034
0.008936,-0.003978,-0.002079,-20.212641,-11.083716,-13.259049,10.716362,-20.859214,-41.366290
0.009085,-0.004045,-0.001045,-27.119769,-10.259796,-23.581138,12.468470,-25.282127,-57.285491
0.009135,-0.004067,0.000000,-28.344860,-9.513475,-36.879651,19.863753,-29.152281,-78.141714
0.009085,-0.004045,0.001045,-22.292818,-8.820945,-51.339089,35.958487,-32.106145,-99.569358
0.008936,-0.003978,0.002079,-9.806607,-8.146377,-65.169619,59.053189,-33.561057,-116.744425
0.008688,-0.003868,0.003090,7.203615,-7.376887,-77.859505,85.125070,-33.081005,-128.194549
0.008346,-0.003716,0.004067,27.197176,-6.153703,-89.494467,111.497092,-30.709347,-134.925748
0.007912,-0.003522,0.005000,49.133058,-4.050876,-100.033304,137.414872,-26.991500,-138.309624
0.007391,-0.003291,0.005878,72.299476,-0.862145,-109.166163,163.268231,-22.768207,-139.226905
0.006789,-0.003023,0.006691,96.201785,3.259739,-116.326691,189.867230,-18.894808,-137.993666
0.006113,-0.002722,0.007431,120.420175,7.841032,-120.710752,217.972015,-16.003471,-134.520071
0.005370,-0.002391,0.008090,144.409721,12.238248,-121.342768,248.026777,-14.371110,-128.501507
0.004568,-0.002034,0.008660,167.300159,15.823299,-117.223900,280.046041,-13.906602,-119.571038
0.003716,-0.001654,0.009135,187.771143,18.137344,-107.548436,313.600998,-14.234175,-107.386198
0.002823,-0.001257,0.009511,204.056127,18.975517,-91.942283,347.851031,-14.829725,-91.654331
0.001899,-0.000846,0.009781,214.091051,18.394490,-70.668347,381.576372,-15.163990,-72.126655
0.000955,-0.000425,0.009945,215.789381,16.658436,-44.751390,413.193454,-14.817054,-48.603972
0.000000,-0.000000,0.010000,207.400037,14.151573,-15.990896,440.765622,-13.545750,-20.991622
0.000000,-0.000000,-0.010000,-6.881043,2.869829,5.490295,-20.273631,-1.255084,0.083390
0.001022,-0.000217,-0.009945,-5.488208,4.324054,4.136972,-24.950492,-1.969317,-2.490555
0.002034,-0.000432,-0.009781,-3.980878,5.339509,2.584863,-28.408065,-2.091749,-5.198624
0.003023,-0.000642,-0.009511,-2.229467,5.793491,0.939771,-30.388251,-1.612910,-7.872997
0.003978,-0.000846,-0.009135,-0.273253,5.585597,-0.681233,-30.782188,-0.640742,-10.366444
0.004891,-0.001040,-0.008660,1.684090,4.663866,-2.201886,-29.644824,0.616652,-12.567290
0.005749,-0.001222,-0.008090,3.328091,3.049385,-3.630735,-27.209855,1.889944,-14.421842
0.006545,-0.001391,-0.007431,4.329415,0.848602,-5.083969,-23.888926,2.902974,-15.971027
0.007269,-0.001545,-0.006691,4.463803,-1.754970,-6.774254,-20.233764,3.431199,-17.399738
0.007913,-0.001682,-0.005878,3.724895,-4.531271,-8.956915,-16.843074,3.349783,-19.086639
0.008471,-0.001801,-0.005000,2.388024,-7.248725,-11.834628,-14.208203,2.657987,-21.632620
0.008936,-0.001899,-0.004067,0.977841,-9.717424,-15.438924,-12.510120,1.472681,-25.840148
0.009303,-0.001977,-0.003090,0.097433,-11.810329,-19.536224,-11.401183,-0.005677,-32.611697
0.009568,-0.002034,-0.002079,0.111496,-13.448322,-23.660695,-9.834425,-1.539705,-42.726159
0.009728,-0.002068,-0.001045,0.815899,-14.554863,-27.438421,-6.073046,-2.893387,-56.453168
0.009781,-0.002079,0.000000,1.525599,-15.017385,-31.218089,1.883122,-3.852002,-73.099474
0.009728,-0.002068,0.001045,1.953248,-14.703271,-36.357517,15.406180,-4.246345,-90.947146
0.009568,-0.002034,0.002079,3.049604,-13.516455,-44.359150,34.593052,-4.010384,-107.964765
0.009303,-0.001977,0.003090,6.571205,-11.421979,-55.696838,58.583334,-3.238990,-122.631878
0.008936,-0.001899,0.004067,14.043567,-8.438570,-69.668458,86.287194,-2.185800,-134.089035
0.008471,-0.001801,0.005000,26.286746,-4.654750,-84.915141,116.757803,-1.199712,-141.885916
0.007913,-0.001682,0.005878,43.449551,-0.264700,-99.829927,149.225645,-0.634190,-145.796712
0.007269,-0.001545,0.006691,65.130187,4.418239,-112.739699,183.046209,-0.758914,-145.766875
0.006545,-0.001391,0.007431,90.430812,8.991613,-122.007525,217.665413,-1.695387,-141.898700
0.005749,-0.001222,0.008090,117.966351,13.028690,-126.147464,252.605207,-3.390597,-134.413874
0.004891,-0.001040,0.008660,145.880847,16.154517,-123.970550,287.445276,-5.632180,-123.578305
0.003978,-0.000846,0.009135,171.912483,18.109384,-114.746246,321.777762,-8.097302,-109.603665
0.003023,-0.000642,0.009511,193.529445,18.784010,-98.352995,355.122446,-10.419857,-92.555999
0.002034,-0.000432,0.009781,208.141356,18.221759,-75.390861,386.806203,-12.258433,-72.307857
0.001022,-0.000217,0.009945,213.376226,16.592868,-47.232292,415.830167,-13.350663,-48.566004
0.000000,-0.000000,0.010000,207.400037,14.151573,-15.990896,440.765622,-13.545750,-20.991622
0.000000,0.000000,-0.010000,-6.881043,2.869829,5.490295,-20.273631,-1.255084,0.083390
0.001045,0.000000,-0.009945,-6.173824,4.153954,3.957647,-24.487058,-1.617350,-3.226738
0.002079,0.000000,-0.009781,-5.809186,5.164425,2.149452,-27.307854,-1.569709,-6.622656
0.003090,0.000000,-0.009511,-5.631298,5.837412,0.214969,-28.653982,-1.109847,-9.795662
0.004067,0.000000,-0.009135,-5.602668,6.123891,-1.717484,-28.661346,-0.283628,-12.497326
0.005000,0.000000,-0.008660,-5.769850,5.998453,-3.596538,-27.651294,0.823264,-14.576249
0.005878,0.000000,-0.008090,-6.192955,5.466411,-5.472203,-26.082110,2.101053,-16.012656
0.006691,0.000000,-0.007431,-6.862612,4.566680,-7.478284,-24.479683,3.436010,-16.949417
0.007431,0.000000,-0.006691,-7.633856,3.368863,-9.771451,-23.344895,4.730936,-17.711756
0.008090,0.000000,-0.005878,-8.207777,1.964808,-12.436523,-23.042780,5.921632,-18.804161
0.008660,0.000000,-0.005000,-8.188245,0.456763,-15.379989,-23.688162,6.985951,-20.874299
0.009135,0.000000,-0.004067,-7.232528,-1.054534,-18.249518,-25.049601,7.943990,-24.640307
0.009511,0.000000,-0.003090,-5.296708,-2.478457,-20.443042,-26.494048,8.850191,-30.786294
0.009781,0.000000,-0.002079,-2.922598,-3.737179,-21.313127,-26.989307,9.778939,-39.834687
0.009945,0.000000,-0.001045,-1.359248,-4.759811,-20.679411,-25.180528,10.803146,-52.001739
0.010000,0.000000,0.000000,-2.099605,-5.465504,-19.511112,-19.565274,11.961892,-67.055788
0.009945,0.000000,0.001045,-5.688583,-5.741592,-20.037649,-8.761655,13.219234,-84.244812
0.009781,0.000000,0.002079,-10.795524,-5.442081,-24.654074,8.227587,14.437595,-102.348869
0.009511,0.000000,0.003090,-14.688173,-4.428012,-34.533477,31.834430,15.394913,-119.813192
0.009135,0.000000,0.004067,-14.491751,-2.629610,-49.246174,61.802897,15.840209,-134.941292
0.008660,0.000000,0.005000,-8.053427,-0.089605,-67.198732,97.157927,15.554662,-146.177984
0.008090,0.000000,0.005878,5.750531,3.029983,-86.162506,136.346034,14.396491,-152.410456
0.007431,0.000000,0.006691,26.958071,6.471213,-103.663752,177.528412,12.326624,-153.157485
0.006691,0.000000,0.007431,54.560534,9.920642,-117.292989,218.921137,9.417634,-148.579188
0.005878,0.000000,0.008090,86.620672,13.055070,-124.977071,259.072861,5.847227,-139.321680
0.005000,0.000000,0.008660,120.470697,15.583591,-125.206762,297.008882,1.877058,-126.259196
0.004067,0.000000,0.009135,152.973847,17.279658,-117.201001,332.216735,-2.180754,-110.212334
0.003090,0.000000,0.009511,180.823392,17.999804,-100.999445,364.489094,-6.004588,-91.716602
0.002079,0.000000,0.009781,200.856044,17.688827,-77.486230,393.670985,-9.305208,-70.898401
0.001045,0.000000,0.009945,210.364672,16.373885,-48.351272,419.378626,-11.861701,-47.490732
0.000000,0.000000,0.010000,207.400037,14.151573,-15.990896,440.765622,-13.545750,-20.991622
0.000000,0.000000,-0.010000,-6.881043,2.869829,5.490295,-20.273631,-1.255084,0.083390
0.001022,0.000217,-0.009945,-6.802943,3.916871,3.850357,-23.858326,-1.240899,-3.792899
0.002034,0.000432,-0.009781,-7.316734,4.830752,1.886415,-25.945817,-0.988613,-7.706901
0.003023,0.000642,-0.009511,-8.236408,5.579497,-0.197184,-26.550952,-0.514341,-11.304430
0.003978,0.000846,-0.009135,-9.476538,6.135626,-2.225071,-25.922617,0.151885,-14.309813
0.004891,0.001040,-0.008660,-11.012994,6.481575,-4.104161,-24.488450,0.970661,-16.560103
0.005749,0.001222,-0.008090,-12.816633,6.613795,-5.840717,-22.783223,1.898836,-18.033057
0.006545,0.001391,-0.007431,-14.786859,6.544398,-7.515254,-21.362329,2.895554,-18.866861
0.007269,0.001545,-0.006691,-16.713146,6.299783,-9.219858,-20.705331,3.927825,-19.365444
0.007913,0.001682,-0.005878,-18.288024,5.916303,-10.972841,-21.120793,4.974676,-19.982831
0.008471,0.001801,-0.005000,-19.185803,5.433653,-12.634586,-22.668573,6.029182,-21.284897
0.008936,0.001899,-0.004067,-19.210025,4.887042,-13.856883,-25.114514,7.098298,-23.895972
0.009303,0.001977,-0.003090,-18.499008,4.299187,-14.112327,-27.920499,8.201030,-28.446050
0.009568,0.002034,-0.002079,-17.745693,3.673439,-12.881401,-30.250197,9.365471,-35.530655
0.009728,0.002068,-0.001045,-18.275655,2.992500,-10.098635,-30.954652,10.623265,-45.664315
0.009781,0.002079,0.000000,-21.619249,2.236432,-6.786376,-28.537717,11.996949,-59.162969
0.009728,0.002068,0.001045,-28.371131,1.434173,-5.233227,-21.193517,13.478192,-75.912120
0.009568,0.002034,0.002079,-37.207938,0.717903,-8.024280,-7.041963,15.005536,-95.085252
0.009303,0.001977,0.003090,-45.221460,0.310825,-16.691098,15.374378,16.451108,-114.984596
0.008936,0.001899,0.004067,-49.058387,0.447200,-31.210228,46.477827,17.619039,-133.247563
0.008471,0.001801,0.005000,-45.832276,1.288912,-50.214016,85.319086,18.262798,-147.438453
0.007913,0.001682,0.005878,-33.667084,2.875363,-71.370683,129.741004,18.127108,-155.702113
0.007269,0.001545,0.006691,-12.021160,5.109190,-91.808479,176.911662,17.006135,-157.168114
0.006545,0.001391,0.007431,18.198764,7.772222,-108.584208,223.963342,14.799852,-152.009486
0.005749,0.001222,0.008090,54.754147,10.563747,-119.134384,268.524373,11.551009,-141.215086
0.004891,0.001040,0.008660,94.385324,13.150008,-121.628540,309.024619,7.451939,-126.196057
0.003978,0.000846,0.009135,133.236890,15.212880,-115.179030,344.739442,2.819218,-108.355144
0.003023,0.000642,0.009511,167.314190,16.488201,-99.906977,375.602104,-1.957814,-88.729217
0.002034,0.000432,0.009781,192.909961,16.789116,-76.894297,401.859833,-6.483060,-67.782446
0.001022,0.000217,0.009945,206.971097,16.015162,-48.060197,423.673485,-10.420132,-45.387534
0.000000,0.000000,0.010000,207.400037,14.151573,-15.990896,440.765622,-13.545750,-20.991622
0.000000,0.000000,-0.010000,-6.881043,2.869829,5.490295,-20.273631,-1.255084,0.083390
0.000955,0.000425,-0.009945,-7.331573,3.614005,3.825556,-23.104982,-0.848551,-4.163481
0.001899,0.000846,-0.009781,-8.374087,4.308097,1.824573,-24.445297,-0.340163,-8.398031
0.002823,0.001257,-0.009511,-9.788277,4.915524,-0.258468,-24.345216,0.235554,-12.309265
0.003716,0.001654,-0.009135,-11.457164,5.394724,-2.195984,-23.059058,0.837773,-15.659889
0.004568,0.002034,-0.008660,-13.337346,5.709405,-3.835404,-20.986381,1.423362,-18.302581
0.005370,0.002391,-0.008090,-15.406822,5.837939,-5.117833,-18.606332,1.950626,-20.192195
0.006113,0.002722,-0.007431,-17.612521,5.779446,-6.064301,-16.407405,2.383444,-21.394607
0.006789,0.003023,-0.006691,-19.838611,5.554804,-6.733975,-14.816997,2.695746,-22.089439
0.007391,0.003291,-0.005878,-21.911591,5.201911,-7.164748,-14.138915,2.875385,-22.563652
0.007912,0.003522,-0.005000,-23.650726,4.765844,-7.310679,-14.509572,2.925780,-23.197158
0.008346,0.003716,-0.004067,-24.965679,4.285792,-6.993636,-15.880762,2.863750,-24.450081
0.008688,0.003868,-0.003090,-25.999965,3.781454,-5.893387,-18.022848,2.712890,-26.871756
0.008936,0.003978,-0.002079,-27.312922,3.241137,-3.627254,-20.507369,2.494853,-31.153174
0.009085,0.004045,-0.001045,-30.032572,2.611106,-0.038072,-22.574406,2.230874,-38.194561
0.009135,0.004067,0.000000,-35.663856,1.788732,4.190091,-22.831428,1.986587,-49.005588
0.009085,0.004045,0.001045,-45.041688,0.658025,7.031310,-19.042286,1.972162,-64.242936
0.008936,0.003978,0.002079,-57.056976,-0.788271,5.826027,-8.367483,2.560553,-83.572314
0.008688,0.003868,0.003090,-68.773252,-2.337459,-1.312190,11.811859,4.073336,-105.180941
0.008346,0.003716,0.004067,-76.479038,-3.580918,-14.857095,42.692361,6.512003,-126.000625
0.007912,0.003522,0.005000,-76.617219,-4.055709,-33.815718,83.396943,9.485230,-142.722627
0.007391,0.003291,0.005878,-66.571566,-3.418107,-55.909274,131.253938,12.334891,-152.825551
0.006789,0.003023,0.006691,-45.273949,-1.566378,-78.025086,182.601266,14.343963,-155.120807
0.006113,0.002722,0.007431,-13.467557,1.327586,-96.846026,233.674713,14.932311,-149.798786
0.005370,0.002391,0.008090,26.411764,4.870219,-109.465256,281.323911,13.790139,-138.121931
0.004568,0.002034,0.008660,70.645922,8.547130,-113.840813,323.434385,10.930317,-121.929739
0.003716,0.001654,0.009135,114.797676,11.833192,-109.032510,359.024097,6.662224,-103.106707
0.002823,0.001257,0.009511,154.297356,14.281313,-95.235731,388.051760,1.504662,-83.137598
0.001899,0.000846,0.009781,184.964191,15.574692,-73.667696,411.024894,-3.935851,-62.835934
0.000955,0.000425,0.009945,203.421014,15.542698,-46.371736,428.524164,-9.092542,-42.285838
0.000000,0.000000,0.010000,207.400037,14.151573,-15.990896,440.765622,-13.545750,-20.991622
0.000000,0.000000,-0.010000,-6.881043,2.869829,5.490295,-20.273631,-1.255084,0.083390
0.000846,0.000614,-0.009945,-7.737327,3.253172,3.887109,-22.265558,-0.452419,-4.322896
0.001682,0.001222,-0.009781,-8.948474,3.599499,1.970835,-22.910685,0.363618,-8.646338
0.002500,0.001816,-0.009511,-10.267760,3.842632,0.021757,-22.272994,1.146105,-12.671618
0.003291,0.002391,-0.009135,-11.560130,3.912564,-1.706046,-20.562425,1.835249,-16.238320
0.004045,0.002939,-0.008660,-12.784867,3.754335,-3.026191,-18.082585,2.361763,-19.237687
0.004755,0.003455,-0.008090,-13.958447,3.346021,-3.839788,-15.181964,2.652480,-21.610417
0.005413,0.003933,-0.007431,-15.113481,2.710768,-4.132685,-12.210261,2.639736,-23.348021
0.006012,0.004368,-0.006691,-16.267724,1.918760,-3.952884,-9.481130,2.273873,-24.496504
0.006545,0.004755,-0.005878,-17.412927,1.076869,-3.373246,-7.244622,1.535496,-25.159833
0.007006,0.005090,-0.005000,-18.528372,0.306269,-2.444938,-5.674720,0.442204,-25.502796
0.007391,0.005370,-0.004067,-19.621365,-0.289402,-1.144762,-4.877720,-0.955780,-25.759602
0.007694,0.005590,-0.003090,-20.802923,-0.662260,0.685506,-4.922832,-2.595429,-26.269314
0.007913,0.005749,-0.002079,-22.437020,-0.863033,3.409632,-5.872544,-4.441608,-27.596916
0.008046,0.005846,-0.001045,-25.486298,-1.081082,7.608739,-7.646374,-6.563636,-30.864998
0.008090,0.005878,0.000000,-32.092773,-1.645591,13.472629,-9.145154,-9.186533,-38.029298
0.008046,0.005846,0.001045,-44.489183,-2.989277,18.773623,-7.536424,-12.128497,-50.563683
0.007913,0.005749,0.002079,-61.207475,-5.430451,19.676337,0.504374,-14.010900,-68.682255
0.007694,0.005590,0.003090,-78.211049,-8.689802,14.112255,18.676561,-13.392493,-90.778930
0.007391,0.005370,0.004067,-91.156096,-11.900720,1.524457,49.012227,-9.921237,-113.024153
0.007006,0.005090,0.005000,-95.843414,-14.016162,-17.221747,90.668510,-4.297163,-131.280444
0.006545,0.004755,0.005878,-89.054993,-14.239758,-39.773409,140.548614,2.184717,-142.553142
0.006012,0.004368,0.006691,-69.354277,-12.281673,-62.801131,194.395922,8.102322,-145.499299
0.005413,0.003933,0.007431,-37.408605,-8.390653,-82.772609,247.828987,12.265739,-140.366313
0.004755,0.003455,0.008090,4.170831,-3.221770,-96.658472,297.144782,13.938027,-128.606159
0.004045,0.002939,0.008660,51.322632,2.371780,-102.409700,339.805185,12.916921,-112.326872
0.003291,0.002391,0.009135,99.189591,7.546023,-99.168350,374.577480,9.493957,-93.718892
0.002500,0.001816,0.009511,142.785938,11.621354,-87.247999,401.361404,4.322629,-74.574385
0.001682,0.001222,0.009781,177.577050,14.163336,-67.958619,420.789757,-1.763171,-55.983384
0.000846,0.000614,0.009945,199.925193,14.993340,-43.357633,433.722952,-7.938079,-38.245625
0.000000,0.000000,0.010000,207.400037,14.151573,-15.990896,440.765622,-13.545750,-20.991622
0.000000,0.000000,-0.010000,-6.881043,2.869829,5.490295,-20.273631,-1.255084,0.083390
0.000699,0.000777,-0.009945,-8.019675,2.849370,4.031971,-21.372972,-0.068280,-4.267238
0.001391,0.001545,-0.009781,-9.098257,2.742599,2.312575,-21.405539,1.086950,-8.421815
0.002068,0.002296,-0.009511,-9.871425,2.450948,0.604581,-20.455648,2.148765,-12.265006
0.002722,0.003023,-0.009135,-10.210025,1.889631,-0.850206,-18.684467,3.031722,-15.718130
0.003346,0.003716,-0.008660,-10.093752,1.014163,-1.871645,-16.284555,3.628882,-18.725857
0.003933,0.004368,-0.008090,-9.588020,-0.155209,-2.356079,-13.446517,3.822074,-21.247397
0.004477,0.004973,-0.007431,-8.815831,-1.518635,-2.275497,-10.339155,3.501883,-23.253952
0.004973,0.005523,-0.006691,-7.932617,-2.897643,-1.663876,-7.102557,2.594419,-24.730674
0.005413,0.006012,-0.005878,-7.107744,-4.054777,-0.594924,-3.853520,1.086842,-25.679938
0.005795,0.006436,-0.005000,-6.511840,-4.728800,0.845026,-0.703333,-0.959993,-26.123908
0.006113,0.006789,-0.004067,-6.305235,-4.675009,2.588577,2.210980,-3.424546,-26.106834
0.006364,0.007068,-0.003090,-6.618639,-3.691821,4.630939,4.675216,-6.177222,-25.698525
0.006545,0.007269,-0.002079,-7.497250,-1.595265,7.115340,6.284096,-9.209833,-24.997002
0.006655,0.007391,-0.001045,-8.618710,2.012067,10.672432,5.971558,-13.086117,-24.208952
0.006691,0.007431,0.000000,-9.885213,7.352427,21.641248,1.584160,-19.975774,-28.440723
0.006655,0.007391,0.001045,-31.873659,1.135046,35.383456,7.249885,-23.565511,-39.336706
0.006545,0.007269,0.002079,-56.834337,-6.666496,35.933686,15.697407,-27.422382,-53.588964
0.006364,0.007068,0.003090,-79.753424,-14.158695,29.962562,33.398744,-27.892012,-74.163426
0.006113,0.006789,0.004067,-97.599374,-20.786564,17.152346,63.694995,-23.754521,-95.767732
0.005795,0.006436,0.005000,-106.259938,-25.219359,-1.755784,105.808261,-16.012529,-113.670590
0.005413,0.006012,0.005878,-102.392520,-26.439043,-24.387882,156.498532,-6.562249,-124.767304
0.004973,0.005523,0.006691,-84.478888,-24.189744,-47.413460,211.290603,2.566084,-127.760713
0.004477,0.004973,0.007431,-53.186644,-18.982475,-67.401919,265.522848,9.683197,-122.969874
0.003933,0.004368,0.008090,-11.203844,-11.862349,-81.518189,315.177692,13.709325,-111.912091
0.003346,0.003716,0.008660,37.269148,-4.093429,-87.949168,357.415455,14.266768,-96.759457
0.002722,0.003023,0.009135,87.195048,3.134394,-86.054733,390.766752,11.622851,-79.780001
0.002068,0.002296,0.009511,133.393038,8.913965,-76.294072,415.002520,6.523785,-62.869287
0.001391,0.001545,0.009781,171.144921,12.720421,-60.008377,430.761469,-0.028729,-47.249202
0.000699,0.000777,0.009945,196.661138,14.410293,-39.145171,439.053158,-7.006217,-33.367819
0.000000,0.000000,0.010000,207.400037,14.151573,-15.990896,440.765622,-13.545750,-20.991622
0.000000,0.000000,-0.010000,-6.881043,2.869829,5.490295,-20.273631,-1.255084,0.083390
0.000523,0.000905,-0.009945,-8.196170,2.423791,4.250648,-20.453306,0.285487,-4.005574
0.001040,0.001801,-0.009781,-8.948925,1.801697,2.821240,-19.944739,1.776612,-7.732658
0.001545,0.002676,-0.009511,-8.939979,0.890088,1.432564,-18.863209,3.119402,-11.046731
0.002034,0.003522,-0.009135,-8.081935,-0.380053,0.277615,-17.326969,4.184357,-13.928744
0.002500,0.004330,-0.008660,-6.398252,-2.005176,-0.503796,-15.417958,4.815895,-16.380419
0.002939,0.005090,-0.008090,-4.014530,-3.886464,-0.827762,-13.161153,4.851788,-18.416036
0.003346,0.005795,-0.007431,-1.148619,-5.820769,-0.657781,-10.525184,4.156730,-20.056541
0.003716,0.006436,-0.006691,1.897962,-7.511937,0.010841,-7.443702,2.662970,-21.323465
0.004045,0.007006,-0.005878,4.748921,-8.603965,1.168632,-3.854215,0.404903,-22.230958
0.004330,0.007500,-0.005000,6.965962,-8.728331,2.809013,0.251969,-2.468972,-22.777243
0.004568,0.007912,-0.004067,8.065511,-7.546414,4.951661,4.778867,-5.723035,-22.940865
0.004755,0.008236,-0.003090,7.524118,-4.757900,7.707133,9.489131,-9.116110,-22.691438
0.004891,0.008471,-0.002079,4.709407,-0.066440,11.516394,14.007152,-12.566227,-22.041857
0.004973,0.008613,-0.001045,-1.472620,6.500902,18.032401,17.930144,-16.447361,-21.301229
0.005000,0.008660,0.000000,-13.436925,10.809752,30.677496,21.229605,-21.572799,-22.018730
0.004973,0.008613,0.001045,-33.311741,3.786649,43.254353,25.319046,-27.767871,-27.252602
0.004891,0.008471,0.002079,-58.043967,-8.620762,45.897484,34.447658,-32.909601,-39.362092
0.004755,0.008236,0.003090,-82.556300,-20.359432,40.062707,53.354097,-33.797566,-56.764400
0.004568,0.007912,0.004067,-102.063990,-29.809702,27.252684,84.265713,-29.377035,-75.115172
0.004330,0.007500,0.005000,-112.149466,-35.693044,8.970391,126.472461,-20.731277,-90.298131
0.004045,0.007006,0.005878,-109.488277,-37.172725,-12.334423,176.978375,-9.964859,-99.585193
0.003716,0.006436,0.006691,-92.567872,-34.237201,-33.620699,231.461417,0.635581,-101.869218
0.003346,0.005795,0.007431,-61.992124,-27.687693,-51.916148,285.263032,9.141313,-97.503686
0.002939,0.005090,0.008090,-20.347022,-18.873672,-64.872057,334.237912,14.289957,-87.923495
0.002500,0.004330,0.008660,28.264405,-9.339576,-71.090402,375.338755,15.595304,-75.150978
0.002034,0.003522,0.009135,78.870012,-0.496479,-70.211201,406.870618,13.288995,-61.291827
0.001545,0.002676,0.009511,126.315676,6.611919,-62.804320,428.422165,8.141627,-48.116829
0.001040,0.001801,0.009781,165.881232,11.420281,-50.139353,440.545497,1.223531,-36.794907
0.000523,0.000905,0.009945,193.762264,13.836386,-33.912187,444.297143,-6.335949,-27.801933
0.000000,0.000000,0.010000,207.400037,14.151573,-15.990896,440.765622,-13.545750,-20.991622
0.000000,0.000000,-0.010000,-6.881043,2.869829,5.490295,-20.273631,-1.255084,0.083390
0.000323,0.000994,-0.009945,-8.295793,2.001614,4.528261,-19.527081,0.589834,-3.559913
0.000642,0.001977,-0.009781,-8.658593,0.854893,3.456328,-18.505198,2.375561,-6.636584
0.000955,0.002939,-0.009511,-7.865093,-0.669909,2.434879,-17.348225,3.926021,-9.106463
0.001257,0.003868,-0.009135,-5.907422,-2.591974,1.577065,-16.123075,5.037894,-10.977886
0.001545,0.004755,-0.008660,-2.874477,-4.827071,0.953060,-14.794869,5.498199,-12.305266
0.001816,0.005590,-0.008090,1.043318,-7.177936,0.606337,-13.221827,5.119620,-13.182736
0.002068,0.006364,-0.007431,5.542845,-9.345271,0.577664,-11.177034,3.786851,-13.730413
0.002296,0.007068,-0.006691,10.194451,-10.963704,0.929828,-8.397009,1.501088,-14.071588
0.002500,0.007694,-0.005878,14.433509,-11.660539,1.766152,-4.652067,-1.593909,-14.303384
0.002676,0.008236,-0.005000,17.565685,-11.127238,3.241082,0.173025,-5.220013,-14.468762
0.002823,0.008688,-0.004067,18.787548,-9.190681,5.574398,6.007016,-9.017290,-14.541999
0.002939,0.009045,-0.003090,17.209388,-5.890391,9.102662,12.555355,-12.644069,-14.441254
0.003023,0.009303,-0.002079,11.850742,-1.658228,14.407659,19.337105,-15.931310,-14.087909
0.003073,0.009458,-0.001045,1.612824,2.084979,22.335315,25.875056,-19.114352,-13.595515
0.003090,0.009511,0.000000,-14.498874,2.048352,32.684187,32.239172,-22.955937,-13.866727
0.003073,0.009458,0.001045,-36.310945,-4.648709,41.485105,40.050564,-27.664634,-17.209668
0.003023,0.009303,0.002079,-61.424961,-15.896865,43.932726,52.794321,-31.251621,-25.440502
0.002939,0.009045,0.003090,-85.836790,-27.566207,39.022722,74.187588,-31.151117,-37.449508
0.002823,0.008688,0.004067,-105.056995,-36.903724,27.913731,106.248390,-26.440991,-50.238809
0.002676,0.008236,0.005000,-114.907731,-42.322323,12.430182,148.565501,-17.942825,-60.782757
0.002500,0.007694,0.005878,-112.267293,-43.097305,-5.157605,198.553932,-7.495543,-67.003124
0.002296,0.007068,0.006691,-95.688636,-39.357420,-22.385508,252.209751,2.772191,-68.079169
0.002068,0.006364,0.007431,-65.699670,-31.989103,-36.995625,305.030035,10.995667,-64.369221
0.001816,0.005590,0.008090,-24.720348,-22.386154,-47.300593,352.863249,15.919273,-57.103472
0.001545,0.004755,0.008660,23.345056,-12.118800,-52.396091,392.530785,17.034181,-47.969115
0.001257,0.003868,0.009135,73.715833,-2.615050,-52.191134,422.138633,14.537116,-38.693310
0.000955,0.002939,0.009511,121.404365,5.075451,-47.284643,441.075905,9.162987,-30.706942
0.000642,0.001977,0.009781,161.831668,10.400411,-38.748116,449.761799,1.956488,-24.938356
0.000323,0.000994,0.009945,191.315328,13.306857,-27.880730,449.243998,-5.955579,-21.749008
0.000000,0.000000,0.010000,207.400037,14.151573,-15.990896,440.765622,-13.545750,-20.991622
0.000000,0.000000,-0.010000,-6.881043,2.869829,5.490295,-20.273631,-1.255084,0.083390
0.000109,0.001040,-0.009945,-8.351035,1.609147,4.846041,-18.612446,0.827218,-2.963204
0.000217,0.002068,-0.009781,-8.382209,-0.019502,4.169816,-17.050716,2.837624,-5.238199
0.000323,0.003073,-0.009511,-7.002840,-2.072098,3.534295,-15.730887,4.479486,-6.667632
0.000425,0.004045,-0.009135,-4.313784,-4.488357,2.946680,-14.649876,5.446017,-7.264086
0.000523,0.004973,-0.008660,-0.484544,-7.073783,2.375266,-13.651965,5.466552,-7.133418
0.000614,0.005846,-0.008090,4.234209,-9.510354,1.791451,-12.446669,4.366747,-6.466050
0.000699,0.006655,-0.007431,9.484605,-11.402078,1.216780,-10.653082,2.126471,-5.507071
0.000777,0.007391,-0.006691,14.771516,-12.353696,0.760722,-7.869787,-1.085700,-4.505689
0.000846,0.008046,-0.005878,19.442014,-12.069963,0.635587,-3.764481,-4.921264,-3.653494
0.000905,0.008613,-0.005000,22.687129,-10.453825,1.142273,1.830084,-8.915075,-3.030000
0.000955,0.009085,-0.004067,23.571744,-7.681576,2.633461,8.836471,-12.599192,-2.579293
0.000994,0.009458,-0.003090,21.087219,-4.252050,5.472090,16.902448,-15.646027,-2.141801
0.001022,0.009728,-0.002079,14.218781,-1.053967,9.981974,25.471177,-18.003545,-1.564085
0.001040,0.009891,-0.001045,2.067995,0.486660,16.245917,34.044370,-19.954923,-0.914807
0.001045,0.009945,0.000000,-15.787770,-1.505347,23.403709,42.774426,-21.930377,-0.789674
0.001040,0.009891,0.001045,-38.573289,-8.016920,29.022079,53.247996,-23.859724,-2.336480
0.001022,0.009728,0.002079,-63.840479,-17.627144,30.552090,68.521824,-24.644266,-6.381519
0.000994,0.009458,0.003090,-87.875376,-27.622408,27.211321,91.816316,-22.845359,-12.443556
0.000955,0.009085,0.004067,-106.487140,-35.688076,19.687320,124.956298,-17.822586,-18.966739
0.000905,0.008613,0.005000,-115.761715,-40.319643,9.328793,167.616763,-10.095690,-24.227278
0.000846,0.008046,0.005878,-112.780667,-40.813161,-2.235522,217.419057,-1.039947,-27.026015
0.000777,0.007391,0.006691,-96.203908,-37.247251,-13.355014,270.557366,7.634088,-26.976197
0.000699,0.006655,0.007431,-66.560735,-30.384729,-22.622166,322.645069,14.363191,-24.474986
0.000614,0.005846,0.008090,-26.183327,-21.455258,-29.087712,369.537395,18.065965,-20.481802
0.000523,0.004973,0.008660,21.174579,-11.864726,-32.362801,407.961358,18.295807,-16.214945
0.000425,0.004045,0.009135,70.922137,-2.906704,-32.591309,435.863426,15.227407,-12.856273
0.000323,0.003073,0.009511,118.285757,4.459049,-30.317605,452.462578,9.522688,-11.325512
0.000217,0.002068,0.009781,158.915816,9.724685,-26.298207,458.059907,2.136176,-12.154108
0.000109,0.001040,0.009945,189.365022,12.843835,-21.309236,453.696521,-5.882427,-15.458642
0.000000,0.000000,0.010000,207.400037,14.151573,-15.990896,440.765622,-13.545750,-20.991622
-0.000000,0.000000,-0.010000,-6.881043,2.869829,5.490295,-20.273631,-1.255084,0.083390
-0.000109,0.001040,-0.009945,-8.390337,1.270947,5.183060,-17.729053,0.983332,-2.255409
-0.000217,0.002068,-0.009781,-8.241904,-0.754301,4.910774,-15.560194,3.136542,-3.671430
-0.000323,0.003073,-0.009511,-6.610383,-3.196955,4.657699,-13.890396,4.761779,-4.037958
-0.000425,0.004045,-0.009135,-3.719112,-5.899996,4.312912,-12.643165,5.433546,-3.367503
-0.000523,0.004973,-0.008660,0.170887,-8.536472,3.716949,-11.567445,4.832804,-1.825476
-0.000614,0.005846,-0.008090,4.749699,-10.637606,2.734093,-10.284842,2.842247,0.284536
-0.000699,0.006655,-0.007431,9.632847,-11.679144,1.330383,-8.354206,-0.379535,2.572970
-0.000777,0.007391,-0.006691,14.333031,-11.216787,-0.368939,-5.348846,-4.377029,4.652863
-0.000846,0.008046,-0.005878,18.241848,-9.041551,-2.067265,-0.939709,-8.456495,6.249241
-0.000905,0.008613,-0.005000,20.630402,-5.310686,-3.343042,5.025908,-11.833502,7.299677
-0.000955,0.009085,-0.004067,20.669671,-0.607708,-3.749114,12.465405,-13.851717,8.007682
-0.000994,0.009458,-0.003090,17.461882,4.098427,-2.940383,21.044208,-14.225176,8.809552
-0.001022,0.009728,-0.002079,10.076350,7.593023,-0.800765,30.241522,-13.223915,10.219028
-0.001040,0.009891,-0.001045,-2.357664,8.634028,2.431804,39.588819,-11.671304,12.528803
-0.001045,0.009945,0.000000,-20.286937,6.299210,6.030595,49.234389,-10.550206,15.451975
-0.001040,0.009891,0.001045,-42.949614,0.538809,8.854173,60.733122,-10.193314,18.094088
-0.001022,0.009728,0.002079,-67.860515,-7.550034,9.929998,77.114237,-9.811229,19.623244
-0.000994,0.009458,0.003090,-91.283384,-16.217515,8.949533,101.563696,-8.138160,19.965573
-0.000955,0.009085,0.004067,-109.086485,-23.698552,6.207316,135.839354,-4.438756,19.690263
-0.000905,0.008613,0.005000,-117.488260,-28.602524,2.358558,179.529206,1.097575,19.461114
-0.000846,0.008046,0.005878,-113.730251,-30.142002,-1.812247,230.172019,7.534185,19.639686
-0.000777,0.007391,0.006691,-96.613669,-28.220258,-5.599580,283.892178,13.584117,20.158734
-0.000699,0.006655,0.007431,-66.756955,-23.367604,-8.534667,336.237609,18.008714,20.584877
-0.000614,0.005846,0.008090,-26.510004,-16.553392,-10.462755,382.988683,19.915497,20.277567
-0.000523,0.004973,0.008660,20.434739,-8.931349,-11.529391,420.780946,18.914765,18.572264
-0.000425,0.004045,0.009135,69.626058,-1.585785,-12.088793,447.459637,15.135822,14.936719
-0.000323,0.003073,0.009511,116.501602,4.664131,-12.565757,462.155643,9.134099,9.071072
-0.000217,0.002068,0.009781,156.981379,9.368600,-13.310543,465.130837,1.737058,0.944597
-0.000109,0.001040,0.009945,187.923502,12.454274,-14.483039,457.477252,-6.122142,-9.219763
-0.000000,0.000000,0.010000,207.400037,14.151573,-15.990896,440.765622,-13.545750,-20.991622
-0.000000,0.000000,-0.010000,-6.881043,2.869829,5.490295,-20.273631,-1.255084,0.083390
-0.000323,0.000994,-0.009945,-8.432179,1.007426,5.518040,-16.901219,1.047985,-1.478370
-0.000642,0.001977,-0.009781,-8.307870,-1.300788,5.629143,-14.047978,3.265666,-2.072279
-0.000955,0.002939,-0.009511,-6.812085,-3.974882,5.742380,-11.820059,4.818952,-1.528105
-0.001257,0.003868,-0.009135,-4.280499,-6.767484,5.648961,-10.102885,5.172976,0.135121
-0.001545,0.004755,-0.008660,-1.064126,-9.227838,5.070959,-8.622248,3.972245,2.690097
-0.001816,0.005590,-0.008090,2.468255,-10.736314,3.760135,-7.020631,1.175087,5.719975
-0.002068,0.006364,-0.007431,5.921152,-10.623517,1.607729,-4.935553,-2.847938,8.687850
-0.002296,0.007068,-0.006691,8.867419,-8.360291,-1.273976,-2.067954,-7.293223,11.058117
-0.002500,0.007694,-0.005878,10.852050,-3.773885,-4.535355,1.769807,-11.014556,12.453025
-0.002676,0.008236,-0.005000,11.401046,2.777686,-7.658958,6.634156,-12.734186,12.812766
-0.002823,0.008688,-0.004067,10.022119,10.345309,-10.107443,12.462307,-11.351273,12.526826
-0.002939,0.009045,-0.003090,6.172566,17.494272,-11.512015,19.113437,-6.308738,12.525108
-0.003023,0.009303,-0.002079,-0.839979,22.590186,-11.842740,26.429504,1.969367,14.327547
-0.003073,0.009458,-0.001045,-12.008967,24.256796,-11.491700,34.326028,11.438569,19.828451
-0.003090,0.009511,0.000000,-28.451954,21.986365,-11.120728,43.095254,18.088614,29.753791
-0.003073,0.009458,0.001045,-50.081794,16.483052,-11.035920,54.295337,18.971254,41.272937
-0.003023,0.009303,0.002079,-74.313832,9.004085,-10.852503,71.248127,16.253287,50.936863
-0.002939,0.009045,0.003090,-97.022214,0.851128,-10.103559,97.371746,13.620633,58.316321
-0.002823,0.008688,0.004067,-113.914934,-6.628927,-8.484675,134.206243,12.822251,64.016379
-0.002676,0.008236,0.005000,-121.235160,-12.281695,-5.871715,180.864589,14.000862,68.196780
-0.002500,0.007694,0.005878,-116.338039,-15.371978,-2.397070,234.407472,16.444224,70.585775
-0.002296,0.007068,0.006691,-98.178592,-15.683659,1.534691,290.593542,19.066039,70.737466
-0.002068,0.006364,0.007431,-67.526289,-13.502321,5.302109,344.738334,20.767315,68.226648
-0.001816,0.005590,0.008090,-26.836070,-9.490078,8.170843,392.502083,20.707519,62.775928
-0.001545,0.004755,0.008660,20.174325,-4.490493,9.429234,430.479561,18.462643,54.324686
-0.001257,0.003868,0.009135,69.126132,0.676761,8.533333,456.526687,14.062907,43.044209
-0.000955,0.002939,0.009511,115.628399,5.375305,5.232941,469.822061,7.930043,29.308816
-0.000642,0.001977,0.009781,155.857121,9.231898,-0.349045,470.713812,0.751565,13.641236
-0.000323,0.000994,0.009945,186.982149,12.132048,-7.703063,460.433485,-6.667763,-3.345513
-0.000000,0.000000,0.010000,207.400037,14.151573,-15.990896,440.765622,-13.545750,-20.991622
-0.000000,0.000000,-0.010000,-6.881043,2.869829,5.490295,-20.273631,-1.255084,0.083390
-0.000523,0.000905,-0.009945,-8.481633,0.833255,5.831116,-16.159318,1.015182,-0.670715
-0.001040,0.001801,-0.009781,-8.591049,-1.631455,6.278087,-12.570060,3.229284,-0.550928
-0.001545,0.002676,-0.009511,-7.596121,-4.384641,6.730488,-9.629148,4.723137,0.628743
-0.002034,0.003522,-0.009135,-5.900946,-7.123799,6.944765,-7.258689,4.890242,2.843882
-0.002500,0.004330,-0.008660,-3.907443,-9.333376,6.590800,-5.264950,3.347394,5.838989
-0.002939,0.005090,-0.008090,-2.006292,-10.314824,5.359304,-3.430940,0.094922,9.145737
-0.003346,0.005795,-0.007431,-0.563336,-9.317229,3.085969,-1.597388,-4.365968,12.153860
-0.003716,0.006436,-0.006691,0.105239,-5.754546,-0.154324,0.285004,-9.002829,14.235777
-0.004045,0.007006,-0.005878,-0.236583,0.542849,-4.028371,2.144391,-12.341323,14.905330
-0.004330,0.007500,-0.005000,-1.725310,9.124079,-8.027461,3.821724,-12.670437,13.973137
-0.004568,0.007912,-0.004067,-4.413544,18.851026,-11.647406,5.146323,-8.296981,11.667468
-0.004755,0.008236,-0.003090,-8.348524,28.040565,-14.623275,6.057444,2.300431,8.775227
-0.004891,0.008471,-0.002079,-13.763277,34.850765,-17.122412,6.839051,20.585837,7.254022
-0.004973,0.008613,-0.001045,-21.556886,37.831600,-19.628266,8.668353,47.195129,13.245075
-0.005000,0.008660,0.000000,-34.347949,35.931807,-22.343989,14.000042,69.612350,40.004502
-0.004973,0.008613,0.001045,-54.545127,29.589955,-25.784874,25.229412,61.436030,72.215640
-0.004891,0.008471,0.002079,-78.554952,21.999544,-28.125920,45.341808,44.350104,88.440442
-0.004755,0.008236,0.003090,-101.143757,14.355189,-27.157133,76.568529,33.156493,99.475947
-0.004568,0.007912,0.004067,-117.846407,7.366426,-22.295166,119.286415,26.834843,109.334053
-0.004330,0.007500,0.005000,-124.788786,1.686538,-13.904318,171.816567,23.705321,117.089147
-0.004045,0.007006,0.005878,-119.266027,-2.217330,-3.138566,230.646320,22.527507,121.217094
-0.003716,0.006436,0.006691,-100.301148,-4.135378,8.336847,291.151663,22.156169,120.625280
-0.003346,0.005795,0.007431,-68.823759,-4.158193,18.690780,348.450511,21.537998,114.833189
-0.002939,0.005090,0.008090,-27.463398,-2.640007,26.241064,398.163774,19.857211,103.947596
-0.002500,0.004330,0.008660,19.941065,-0.085421,29.709156,436.964057,16.661149,88.556000
-0.002034,0.003522,0.009135,68.983492,2.989630,28.398999,462.859257,11.902163,69.574179
-0.001545,0.002676,0.009511,115.351426,6.167298,22.285015,475.218591,5.892740,48.079864
-0.001040,0.001801,0.009781,155.394456,9.174437,12.000189,474.596989,-0.801382,25.166849
-0.000523,0.000905,0.009945,186.523033,11.863621,-1.272787,462.441387,-7.498936,1.846680
-0.000000,0.000000,0.010000,207.400037,14.151573,-15.990896,440.765622,-13.545750,-20.991622
-0.000000,0.000000,-0.010000,-6.881043,2.869829,5.490295,-20.273631,-1.255084,0.083390
-0.000699,0.000777,-0.009945,-8.529637,0.756658,6.105447,-15.538980,0.882836,0.135930
-0.001391,0.001545,-0.009781,-9.046275,-1.738689,6.815864,-11.216764,3.030731,0.827898
-0.002068,0.002296,-0.009511,-8.837227,-4.440763,7.556357,-7.504240,4.521984,2.326967
-0.002722,0.003023,-0.009135,-8.299918,-7.043857,8.138492,-4.450414,4.741892,4.621463
-0.003346,0.003716,-0.008660,-7.796907,-9.059637,8.288173,-2.036873,3.293316,7.507053
-0.003933,0.004368,-0.008090,-7.636117,-9.838351,7.731017,-0.256511,0.152380,10.604792
-0.004477,0.004973,-0.007431,-8.044855,-8.685271,6.294653,0.826865,-4.220379,13.419937
-0.004973,0.005523,-0.006691,-9.136612,-5.060897,3.985724,1.050875,-8.854049,15.440267
-0.005413,0.006012,-0.005878,-10.883573,1.183418,1.000655,0.161163,-12.356945,16.253293
-0.005795,0.006436,-0.005000,-13.118775,9.611298,-2.355382,-2.166681,-13.118358,15.640476
-0.006113,0.006789,-0.004067,-15.596712,19.133543,-5.843322,-6.349268,-9.557466,13.591698
-0.006364,0.007068,-0.003090,-18.147928,28.136855,-9.546153,-13.122715,-0.242998,10.176696
-0.006545,0.007269,-0.002079,-21.029753,34.876644,-14.223464,-24.558274,16.626857,5.233891
-0.006655,0.007391,-0.001045,-26.160356,38.495363,-21.836387,-49.275996,46.827346,-0.962339
-0.006691,0.007431,0.000000,-40.128263,40.328482,-28.419758,-106.008658,99.620741,47.862837
-0.006655,0.007391,0.001045,-53.045411,31.603422,-36.592868,-41.328877,63.691169,115.325896
-0.006545,0.007269,0.002079,-76.278136,25.444799,-43.544509,6.904970,42.111786,120.822414
-0.006364,0.007068,0.003090,-99.750735,19.585494,-42.535894,50.049482,32.905271,132.816005
-0.006113,0.006789,0.004067,-117.658507,14.052780,-34.553244,100.629711,27.808291,147.293669
-0.005795,0.006436,0.005000,-125.636908,9.288381,-20.750233,159.561172,24.758849,159.418060
-0.005413,0.006012,0.005878,-120.708355,5.602942,-3.254876,223.780537,22.864649,165.925899
-0.004973,0.005523,0.006691,-101.840345,3.170235,15.115775,288.602859,21.394627,165.065259
-0.004477,0.004973,0.007431,-70.075475,2.010473,31.421289,349.045854,19.657545,156.385068
-0.003933,0.004368,0.008090,-28.239085,1.999326,43.117525,400.727635,17.103733,140.469810
-0.003346,0.003716,0.008660,19.633617,2.920989,48.433284,440.433602,13.436525,118.627458
-0.002722,0.003023,0.009135,68.997894,4.538261,46.577341,466.372806,8.661772,92.558862
-0.002068,0.002296,0.009511,115.489236,6.642763,37.775615,478.162615,3.064498,64.054378
-0.001391,0.001545,0.009781,155.493693,9.063486,23.156377,476.613970,-2.871965,34.762589
-0.000699,0.000777,0.009945,186.528168,11.635558,4.516164,463.409634,-8.581673,6.058145
-0.000000,0.000000,0.010000,207.400037,14.151573,-15.990896,440.765622,-13.545750,-20.991622
-0.000000,0.000000,-0.010000,-6.881043,2.869829,5.490295,-20.273631,-1.255084,0.083390
-0.000846,0.000614,-0.009945,-8.554830,0.779495,6.328591,-15.078344,0.652726,0.918447
-0.001682,0.001222,-0.009781,-9.582584,-1.630835,7.209280,-10.097357,2.664277,2.050996
-0.002500,0.001816,-0.009511,-10.332149,-4.178352,8.143290,-5.658186,4.200192,3.596944
-0.003291,0.002391,-0.009135,-11.115219,-6.599033,9.074137,-2.010368,4.714467,5.578898
-0.004045,0.002939,-0.008660,-12.145424,-8.508125,9.883090,0.634319,3.830151,7.930854
-0.004755,0.003455,-0.008090,-13.509768,-9.413894,10.421279,2.076199,1.461798,10.519047
-0.005413,0.003933,-0.007431,-15.150523,-8.801313,10.550008,2.125173,-2.102755,13.180192
-0.006012,0.004368,-0.006691,-16.862725,-6.277286,10.164870,0.622477,-6.192486,15.774271
-0.006545,0.004755,-0.005878,-18.320033,-1.741473,9.181831,-2.523111,-9.839823,18.242483
-0.007006,0.005090,-0.005000,-19.145177,4.473774,7.473702,-7.309459,-11.969349,20.659468
-0.007391,0.005370,-0.004067,-19.040753,11.555445,4.758763,-13.666760,-11.667738,23.287959
-0.007694,0.005590,-0.003090,-18.001519,18.299351,0.452558,-21.576400,-8.495243,26.722688
-0.007913,0.005749,-0.002079,-16.677395,23.356981,-6.494408,-31.179576,-2.803985,32.459966
-0.008046,0.005846,-0.001045,-17.126993,25.673648,-17.591917,-41.644015,4.018468,44.556528
-0.008090,0.005878,0.000000,-24.027515,25.221523,-33.351976,-45.010925,10.014334,68.867039
-0.008046,0.005846,0.001045,-42.029204,23.156862,-48.855512,-29.004537,14.274332,98.972147
-0.007913,0.005749,0.002079,-67.726158,20.180790,-56.759427,1.522561,16.887149,125.586335
-0.007694,0.005590,0.003090,-93.777348,16.621338,-54.847810,41.966519,18.261944,150.698010
-0.007391,0.005370,0.004067,-114.190913,12.976245,-43.678233,92.982467,18.833204,173.825286
-0.007006,0.005090,0.005000,-124.252268,9.659519,-25.025566,153.421488,18.849242,191.664944
-0.006545,0.004755,0.005878,-120.798784,6.932101,-1.839619,219.551507,18.361758,201.112174
-0.006012,0.004368,0.006691,-102.736630,4.941069,22.165854,286.247659,17.267054,200.436690
-0.005413,0.003933,0.007431,-71.170754,3.750000,43.203728,348.208903,15.393617,189.464241
-0.004755,0.003455,0.008090,-29.088415,3.360828,58.078336,400.880090,12.609098,169.336223
-0.004045,0.002939,0.008660,19.263483,3.737514,64.661121,441.025861,8.906506,142.085280
-0.003291,0.002391,0.009135,69.132399,4.825378,62.120569,466.961716,4.445239,110.161419
-0.002500,0.001816,0.009511,115.989308,6.553891,50.912889,478.491961,-0.457808,76.006975
-0.001682,0.001222,0.009781,156.116551,8.817489,32.577273,476.641110,-5.379192,41.748077
-0.000846,0.000614,0.009945,186.985383,11.441554,9.399045,463.283045,-9.868932,9.032983
-0.000000,0.000000,0.010000,207.400037,14.151573,-15.990896,440.765622,-13.545750,-20.991622
-0.000000,0.000000,-0.010000,-6.881043,2.869829,5.490295,-20.273631,-1.255084,0.083390
-0.000955,0.000425,-0.009945,-8.527515,0.897892,6.493455,-14.814010,0.331070,1.661183
-0.001899,0.000846,-0.009781,-10.077183,-1.327171,7.439603,-9.322894,2.116357,3.148489
-0.002823,0.001257,-0.009511,-11.829969,-3.641651,8.422900,-4.290085,3.674914,4.579027
-0.003716,0.001654,-0.009135,-13.968964,-5.845810,9.545112,-0.200770,4.595223,6.008779
-0.004568,0.002034,-0.008660,-16.494992,-7.684025,10.883651,2.488841,4.570880,7.543684
-0.005370,0.002391,-0.008090,-19.191860,-8.854025,12.454977,3.403629,3.478943,9.362525
-0.006113,0.002722,-0.007431,-21.633947,-9.054143,14.171405,2.325115,1.428583,11.725183
-0.006789,0.003023,-0.006691,-23.247233,-8.062951,15.791979,-0.725356,-1.237164,14.958946
-0.007391,0.003291,-0.005878,-23.430420,-5.830201,16.872556,-5.420991,-3.997811,19.421181
-0.007912,0.003522,-0.005000,-21.735776,-2.546997,16.724025,-11.110162,-6.268163,25.446335
-0.008346,0.003716,-0.004067,-18.106175,1.338893,14.390080,-16.864840,-7.546511,33.299505
-0.008688,0.003868,-0.003090,-13.179373,5.187639,8.667781,-21.595124,-7.555548,43.175381
-0.008936,0.003978,-0.002079,-8.705991,8.319052,-1.729115,-24.182247,-6.312180,55.289446
-0.009085,0.004045,-0.001045,-8.032674,10.230395,-17.485768,-23.513714,-4.058917,70.072658
-0.009135,0.004067,0.000000,-15.726627,10.793410,-36.895654,-18.259405,-1.079910,88.333493
-0.009085,0.004045,0.001045,-34.377186,10.244665,-54.434211,-6.377025,2.356664,110.988341
-0.008936,0.003978,0.002079,-61.038411,8.944287,-63.673843,15.062790,5.839148,137.977062
-0.008688,0.003868,0.003090,-89.043542,7.226246,-61.471318,48.785966,8.858820,167.105967
-0.008346,0.003716,0.004067,-111.667491,5.396037,-48.107016,95.570187,11.042809,194.303681
-0.007912,0.003522,0.005000,-123.601616,3.713031,-25.965392,153.451409,12.215046,215.058676
-0.007391,0.003291,0.005878,-121.448718,2.368654,1.239882,218.157834,12.326390,225.799754
-0.006789,0.003023,0.006691,-104.059088,1.490053,29.104784,284.164893,11.393241,224.653417
-0.006113,0.002722,0.007431,-72.580394,1.156854,53.272653,345.841927,9.479429,211.592012
-0.005370,0.002391,0.008090,-30.121521,1.417198,70.139894,398.395199,6.705088,188.150454
-0.004568,0.002034,0.008660,18.888726,2.296438,77.366544,438.470984,3.260086,156.901422
-0.003716,0.001654,0.009135,69.484546,3.794967,74.110188,464.388052,-0.593069,120.858036
-0.002823,0.001257,0.009511,116.922126,5.874124,60.984118,476.045435,-4.533358,82.939355
-0.001899,0.000846,0.009781,157.288676,8.433347,39.796333,474.602128,-8.212780,45.588484
-0.000955,0.000425,0.009945,187.890269,11.286845,13.152552,462.046527,-11.302142,10.580570
-0.000000,0.000000,0.010000,207.400037,14.151573,-15.990896,440.765622,-13.545750,-20.991622
-0.000000,0.000000,-0.010000,-6.881043,2.869829,5.490295,-20.273631,-1.255084,0.083390
-0.001022,0.000217,-0.009945,-8.415179,1.103155,6.598569,-14.776464,-0.070356,2.352754
-0.002034,0.000432,-0.009781,-10.391359,-0.852959,7.508811,-8.991360,1.377287,4.174250
-0.003023,0.000642,-0.009511,-13.049624,-2.875346,8.370510,-3.563940,2.834215,5.476320
-0.003978,0.000846,-0.009135,-16.459298,-4.832806,9.411811,0.795394,4.048860,6.312838
-0.004891,0.001040,-0.008660,-20.430131,-6.581907,10.878199,3.398838,4.819919,6.911773
-0.005749,0.001222,-0.008090,-24.473080,-7.973477,12.936697,3.705919,5.036231,7.698999
-0.006545,0.001391,-0.007431,-27.836668,-8.872634,15.559077,1.467545,4.700015,9.277560
-0.007269,0.001545,-0.006691,-29.634714,-9.189316,18.408307,-3.144869,3.926997,12.350454
-0.007913,0.001682,-0.005878,-29.064254,-8.910416,20.759607,-9.469495,2.921056,17.590467
-0.008471,0.001801,-0.005000,-25.693910,-8.121216,21.488451,-16.386393,1.927394,25.481210
-0.008936,0.001899,-0.004067,-19.791283,-7.004314,19.156524,-22.479971,1.175512,36.176086
-0.009303,0.001977,-0.003090,-12.655528,-5.809431,12.242190,-26.329428,0.828817,49.446515
-0.009568,0.002034,-0.002079,-6.888580,-4.796140,-0.371563,-26.864961,0.957880,64.821946
-0.009728,0.002068,-0.001045,-6.330437,-4.162744,-18.462346,-23.579791,1.544823,82.027226
-0.009781,0.002079,0.000000,-14.937571,-3.988592,-39.237497,-16.157439,2.505295,101.574900
-0.009728,0.002068,0.001045,-34.231126,-4.224938,-57.190021,-3.348391,3.697813,124.677071
-0.009568,0.002034,0.002079,-61.327855,-4.737867,-66.451143,17.663370,4.917516,151.747792
-0.009303,0.001977,0.003090,-90.021111,-5.356929,-63.716185,49.979934,5.916904,180.847896
-0.008936,0.001899,0.004067,-113.464939,-5.902878,-49.017236,94.902917,6.463533,207.907947
-0.008471,0.001801,0.005000,-126.025870,-6.208343,-24.914873,150.928489,6.391066,228.265378
-0.007913,0.001682,0.005878,-124.120850,-6.136427,4.487597,214.080145,5.618983,238.166656
-0.007269,0.001545,0.006691,-106.557745,-5.591026,34.406865,278.950536,4.150341,235.635978
-0.006545,0.001391,0.007431,-74.523972,-4.518066,60.192185,339.900258,2.062074,220.689150
-0.005749,0.001222,0.008090,-31.222166,-2.902218,78.042495,392.080466,-0.505534,195.051276
-0.004891,0.001040,0.008660,18.778483,-0.764186,85.515306,432.104845,-3.359767,161.577829
-0.003978,0.000846,0.009135,70.331511,1.838344,81.753336,458.316906,-6.268661,123.575541
-0.003023,0.000642,0.009511,118.482949,4.805732,67.428162,470.692886,-8.978311,84.187498
-0.002034,0.000432,0.009781,159.093946,7.989619,44.460509,470.483942,-11.235269,45.953482
-0.001022,0.000217,0.009945,189.244128,11.188615,15.607515,459.729197,-12.813739,10.594011
-0.000000,0.000000,0.010000,207.400037,14.151573,-15.990896,440.765622,-13.545750,-20.991622
-0.000000,0.000000,-0.010000,-6.881043,2.869829,5.490295,-20.273631,-1.255084,0.083390
-0.001045,0.000000,-0.009945,-8.188909,1.382670,6.647477,-14.985686,-0.533137,2.981719
-0.002079,0.000000,-0.009781,-10.388956,-0.235796,7.441725,-9.176130,0.458871,5.179682
-0.003090,0.000000,-0.009511,-13.696103,-1.915917,8.031616,-3.600527,1.606827,6.494474
-0.004067,0.000000,-0.009135,-18.122189,-3.591846,8.707051,0.859079,2.790511,6.924132
-0.005000,0.000000,-0.008660,-23.369199,-5.203448,9.816286,3.321598,3.901931,6.712170
-0.005878,0.000000,-0.008090,-28.783149,-6.699706,11.639053,3.078359,4.860003,6.376921
-0.006691,0.000000,-0.007431,-33.404660,-8.043826,14.227559,-0.218517,5.618519,6.680675
-0.007431,0.000000,-0.006691,-36.135665,-9.218813,17.253421,-6.396922,6.165625,8.524635
-0.008090,0.000000,-0.005878,-36.015766,-10.231093,19.908180,-14.690548,6.514925,12.777520
-0.008660,0.000000,-0.005000,-32.573786,-11.109645,20.904656,-23.798545,6.690454,20.074308
-0.009135,0.000000,-0.004067,-26.199633,-11.899286,18.620407,-32.100218,6.709585,30.650434
-0.009511,0.000000,-0.003090,-18.468512,-12.649213,11.430282,-37.995704,6.568850,44.299105
-0.009781,0.000000,-0.002079,-12.303590,-13.400262,-1.689576,-40.262815,6.237664,60.544451
-0.009945,0.000000,-0.001045,-11.684328,-14.174580,-20.211780,-38.196524,5.664979,79.062245
-0.010000,0.000000,0.000000,-20.361863,-14.967566,-41.071380,-31.218232,4.803363,100.121497
-0.009945,0.000000,0.001045,-39.559239,-15.738550,-58.821543,-18.004094,3.645835,124.407177
-0.009781,0.000000,0.002079,-66.390404,-16.402634,-67.802739,3.904968,2.248136,151.856607
-0.009511,0.000000,0.003090,-94.797119,-16.834295,-64.726564,37.093506,0.707914,180.491926
-0.009135,0.000000,0.004067,-117.942401,-16.885989,-49.537023,82.587235,-0.883816,206.535098
-0.008660,0.000000,0.005000,-130.089913,-16.414049,-24.786526,138.889289,-2.478208,225.643975
-0.008090,0.000000,0.005878,-127.566090,-15.304702,5.345159,202.152907,-4.073308,234.288153
-0.007431,0.000000,0.006691,-109.148915,-13.495806,35.975165,267.103420,-5.694744,230.639331
-0.006691,0.000000,0.007431,-76.055721,-10.990520,62.366178,328.205115,-7.365509,214.835687
-0.005878,0.000000,0.008090,-31.570070,-7.860505,80.651922,380.701689,-9.076399,188.722250
-0.005000,0.000000,0.008660,19.613250,-4.239081,88.343051,421.313755,-10.765704,155.260259
-0.004067,0.000000,0.009135,72.182673,-0.307344,84.548728,448.514238,-12.313340,117.815944
-0.003090,0.000000,0.009511,120.985507,3.722716,69.917750,462.413460,-13.550837,79.511173
-0.002079,0.000000,0.009781,161.658990,7.624704,46.362491,464.361190,-14.285055,42.761881
-0.001045,0.000000,0.009945,191.048201,11.172239,16.658245,456.407922,-14.330769,9.062175
-0.000000,0.000000,0.010000,207.400037,14.151573,-15.990896,440.765622,-13.545750,-20.991622
