far field @z=0.050000
freq=27000000000.000000
sampling point=961
x,y,z,realEx,realEy,realEz,imgEx,imgEy,imgEz
-0.000000,0.000000,-0.050000,1.590204,-0.688713,-0.518571,3.836005,-1.735760,-0.325194
-0.005226,0.000000,-0.049726,3.353036,-0.081223,-0.920500,2.071125,-1.286866,-0.624367
-0.010396,0.000000,-0.048907,5.380974,0.714770,-1.643097,0.476792,-0.734239,-0.552872
-0.015451,0.000000,-0.047553,7.399762,1.595824,-2.728266,-0.625859,-0.122733,-0.243115
-0.020337,0.000000,-0.045677,9.106875,2.453211,-4.123063,-1.044720,0.500143,0.081215
-0.025000,0.000000,-0.043301,10.241692,3.195183,-5.679605,-0.763759,1.090282,0.176273
-0.029389,0.000000,-0.040451,10.648701,3.762840,-7.186319,0.068369,1.612791,-0.147683
-0.033457,0.000000,-0.037157,10.311250,4.136099,-8.421024,1.198685,2.046546,-0.978005
-0.037157,0.000000,-0.033457,9.344946,4.329891,-9.206329,2.351159,2.386469,-2.293028
-0.040451,0.000000,-0.029389,7.956469,4.383590,-9.447502,3.296644,2.642899,-3.993535
-0.043301,0.000000,-0.025000,6.386249,4.347944,-9.142173,3.889613,2.838239,-5.954027
-0.045677,0.000000,-0.020337,4.856294,4.273329,-8.364382,4.067089,3.001802,-8.071640
-0.047553,0.000000,-0.015451,3.537377,4.201562,-7.235300,3.819859,3.164133,-10.296846
-0.048907,0.000000,-0.010396,2.538333,4.161772,-5.895294,3.152283,3.351907,-12.640935
-0.049726,0.000000,-0.005226,1.910464,4.169493,-4.487479,2.044954,3.584005,-15.164037
-0.050000,0.000000,0.000000,1.655769,4.227607,-3.155118,0.428355,3.868869,-17.950962
-0.049726,0.000000,0.005226,1.729178,4.327797,-2.048197,-1.829729,4.202900,-21.080820
-0.048907,0.000000,0.010396,2.029941,4.451665,-1.330270,-4.922334,4.569709,-24.593371
-0.047553,0.000000,0.015451,2.383817,4.571274,-1.175731,-9.085373,4.940222,-28.453605
-0.045677,0.000000,0.020337,2.524070,4.649559,-1.749602,-14.560598,5.274011,-32.517782
-0.043301,0.000000,0.025000,2.084323,4.641568,-3.166758,-21.537563,5.522344,-36.508712
-0.040451,0.000000,0.029389,0.618409,4.497824,-5.435221,-30.078308,5.633350,-40.012682
-0.037157,0.000000,0.033457,-2.340930,4.170931,-8.397767,-40.038293,5.559214,-42.511351
-0.033457,0.000000,0.037157,-7.183205,3.625737,-11.694461,-51.007234,5.264543,-43.455680
-0.029389,0.000000,0.040451,-14.096629,2.851893,-14.770932,-62.297961,4.734390,-42.375128
-0.025000,0.000000,0.043301,-22.952849,1.875825,-16.948551,-73.004346,3.980069,-38.998190
-0.020337,0.000000,0.045677,-33.242330,0.767793,-17.553079,-82.129694,3.041202,-33.348051
-0.015451,0.000000,0.047553,-44.096160,-0.360296,-16.073774,-88.760725,1.983266,-25.777894
-0.010396,0.000000,0.048907,-54.405901,-1.368717,-12.306711,-92.241111,0.890908,-16.927138
-0.005226,0.000000,0.049726,-63.019535,-2.114196,-6.434360,-92.293824,-0.141914,-7.606844
-0.000000,0.000000,0.050000,-68.962749,-2.479345,0.988448,-89.057233,-1.023607,1.352287
-0.000000,-0.000000,-0.050000,1.590204,-0.688713,-0.518571,3.836005,-1.735760,-0.325194
-0.005112,-0.001087,-0.049726,3.202224,-0.281283,-0.843965,2.241928,-1.290569,-0.648932
-0.010168,-0.002161,-0.048907,5.225988,0.257082,-1.526279,0.914100,-0.772114,-0.653037
-0.015113,-0.003212,-0.047553,7.319664,0.866541,-2.643465,0.125133,-0.192963,-0.473819
-0.019892,-0.004228,-0.045677,9.090347,1.480599,-4.140312,0.009631,0.424167,-0.326382
-0.024454,-0.005198,-0.043301,10.199820,2.040618,-5.830788,0.523561,1.049098,-0.431386
-0.028747,-0.006110,-0.040451,10.454943,2.506946,-7.447214,1.466287,1.651003,-0.940323
-0.032725,-0.006956,-0.037157,9.849941,2.863077,-8.717593,2.553542,2.206830,-1.891598
-0.036345,-0.007725,-0.033457,8.548779,3.112430,-9.440198,3.507889,2.707687,-3.213505
-0.039567,-0.008410,-0.029389,6.821165,3.270457,-9.527866,4.129752,3.160503,-4.767259
-0.042355,-0.009003,-0.025000,4.962053,3.356174,-9.010745,4.326489,3.584580,-6.406775
-0.044679,-0.009497,-0.020337,3.224911,3.386488,-8.005378,4.098619,4.004944,-8.029653
-0.046514,-0.009887,-0.015451,1.786082,3.374506,-6.670034,3.498801,4.445331,-9.603803
-0.047839,-0.010168,-0.010396,0.740584,3.330939,-5.166631,2.583929,4.922980,-11.167971
-0.048639,-0.010339,-0.005226,0.117344,3.266580,-3.641419,1.375414,5.445898,-12.814082
-0.048907,-0.010396,0.000000,-0.102101,3.193929,-2.225782,-0.166255,6.011852,-14.661322
-0.048639,-0.010339,0.005226,0.025746,3.126754,-1.050153,-2.153160,6.607808,-16.828222
-0.047839,-0.010168,0.010396,0.400193,3.077277,-0.259865,-4.769817,7.208845,-19.403724
-0.046514,-0.009887,0.015451,0.856017,3.051382,-0.021110,-8.260605,7.776621,-22.415457
-0.044679,-0.009497,0.020337,1.137287,3.042880,-0.506991,-12.900388,8.258567,-25.794984
-0.042355,-0.009003,0.025000,0.880060,3.028544,-1.858055,-18.943003,8.589737,-29.345470
-0.039567,-0.008410,0.029389,-0.377407,2.966333,-4.119605,-26.546813,8.699188,-32.724229
-0.036345,-0.007725,0.033457,-3.139721,2.799523,-7.169629,-35.687163,8.521477,-35.456673
-0.032725,-0.006956,0.037157,-7.848164,2.468544,-10.663419,-46.078758,8.011669,-36.994429
-0.028747,-0.006110,0.040451,-14.737046,1.929886,-14.027241,-57.139672,7.159894,-36.816910
-0.024454,-0.005198,0.043301,-23.690729,1.177707,-16.526429,-68.024925,6.000254,-34.555969
-0.019892,-0.004228,0.045677,-34.155710,0.260543,-17.410026,-77.738206,4.609953,-30.106725
-0.015113,-0.003212,0.047553,-45.157789,-0.715202,-16.101196,-85.301226,3.097677,-23.684952
-0.010168,-0.002161,0.048907,-55.444696,-1.599992,-12.374937,-89.934986,1.584321,-15.807012
-0.005112,-0.001087,0.049726,-63.728786,-2.232563,-6.458456,-91.199923,0.181868,-7.196440
-0.000000,-0.000000,0.050000,-68.962749,-2.479345,0.988448,-89.057233,-1.023607,1.352287
-0.000000,-0.000000,-0.050000,1.590204,-0.688713,-0.518571,3.836005,-1.735760,-0.325194
-0.004775,-0.002126,-0.049726,2.942425,-0.490995,-0.734453,2.470082,-1.300051,-0.666440
-0.009497,-0.004228,-0.048907,4.776617,-0.235911,-1.265582,1.442839,-0.813088,-0.765480
-0.014115,-0.006284,-0.047553,6.740469,0.016014,-2.202194,0.979968,-0.280757,-0.753761
-0.018579,-0.008272,-0.045677,8.416823,0.201632,-3.495192,1.155556,0.271202,-0.821523
-0.022839,-0.010168,-0.043301,9.446703,0.277615,-4.959088,1.862363,0.799855,-1.142875
-0.026848,-0.011954,-0.040451,9.633318,0.234803,-6.329392,2.851120,1.258820,-1.806158
-0.030564,-0.013608,-0.037157,8.986217,0.097634,-7.349832,3.820035,1.616569,-2.783547
-0.033945,-0.015113,-0.033457,7.693346,-0.090258,-7.850695,4.512342,1.869647,-3.951913
-0.036954,-0.016453,-0.029389,6.041664,-0.286021,-7.786963,4.780777,2.044239,-5.149850
-0.039558,-0.017612,-0.025000,4.325420,-0.463098,-7.227939,4.599911,2.186438,-6.240551
-0.041728,-0.018579,-0.020337,2.777511,-0.616056,-6.313423,4.034082,2.347352,-7.153994
-0.043442,-0.019341,-0.015451,1.540157,-0.754897,-5.202389,3.184610,2.570475,-7.898277
-0.044679,-0.019892,-0.010396,0.670233,-0.893694,-4.035915,2.139765,2.885695,-8.546439
-0.045427,-0.020225,-0.005226,0.162656,-1.039385,-2.923658,0.940208,3.309703,-9.212686
-0.045677,-0.020337,0.000000,-0.025883,-1.184747,-1.951227,-0.439198,3.849332,-10.029626
-0.045427,-0.020225,0.005226,0.035178,-1.306963,-1.199248,-2.096652,4.503605,-11.130573
-0.044679,-0.019892,0.010396,0.245993,-1.371548,-0.763534,-4.204708,5.261636,-12.633690
-0.043442,-0.019341,0.015451,0.457090,-1.340945,-0.766581,-7.005489,6.096048,-14.621274
-0.041728,-0.018579,0.020337,0.442033,-1.187007,-1.351672,-10.793538,6.954304,-17.109136
-0.039558,-0.017612,0.025000,-0.125328,-0.905745,-2.652541,-15.876572,7.752741,-20.007530
-0.036954,-0.016453,0.029389,-1.670481,-0.530603,-4.736522,-22.507074,8.379003,-23.084748
-0.033945,-0.015113,0.033457,-4.674105,-0.137990,-7.529830,-30.788350,8.707044,-25.953185
-0.030564,-0.013608,0.037157,-9.571100,0.162006,-10.748907,-40.575604,8.624130,-28.099138
-0.026848,-0.011954,0.040451,-16.600855,0.253304,-13.874377,-51.407897,8.062829,-28.966631
-0.022839,-0.010168,0.043301,-25.647038,0.055370,-16.202829,-62.509515,7.026139,-28.082968
-0.018579,-0.008272,0.045677,-36.130039,-0.435667,-16.988667,-72.881468,5.594407,-25.189502
-0.014115,-0.006284,0.047553,-47.015833,-1.125614,-15.648071,-81.469785,3.909643,-20.330330
-0.009497,-0.004228,0.048907,-56.971756,-1.835242,-11.958741,-87.363379,2.142771,-13.864001
-0.004775,-0.002126,0.049726,-64.642184,-2.348416,-6.176128,-89.960457,0.456482,-6.394245
-0.000000,-0.000000,0.050000,-68.962749,-2.479345,0.988448,-89.057233,-1.023607,1.352287
-0.000000,-0.000000,-0.050000,1.590204,-0.688713,-0.518571,3.836005,-1.735760,-0.325194
-0.004228,-0.003072,-0.049726,2.581275,-0.694043,-0.601572,2.737402,-1.313303,-0.671566
-0.008410,-0.006110,-0.048907,4.036739,-0.699983,-0.893507,2.002134,-0.850962,-0.864260
-0.012500,-0.009082,-0.047553,5.651004,-0.783490,-1.467683,1.811594,-0.375031,-1.014541
-0.016453,-0.011954,-0.045677,7.054792,-1.013838,-2.277784,2.190336,0.061919,-1.267224
-0.020225,-0.014695,-0.043301,7.936521,-1.418537,-3.166417,2.990497,0.388637,-1.730840
-0.023776,-0.017275,-0.040451,8.141104,-1.966706,-3.925909,3.946951,0.539750,-2.421825
-0.027067,-0.019665,-0.037157,7.703655,-2.579591,-4.381459,4.776456,0.484558,-3.254458
-0.030061,-0.021840,-0.033457,6.809704,-3.162532,-4.454874,5.272054,0.243174,-4.080540
-0.032725,-0.023776,-0.029389,5.709685,-3.640977,-4.180869,5.351761,-0.119022,-4.754084
-0.035031,-0.025452,-0.025000,4.631739,-3.982810,-3.676486,5.049926,-0.514138,-5.186039
-0.036954,-0.026848,-0.020337,3.726958,-4.199226,-3.087523,4.468977,-0.858111,-5.366423
-0.038471,-0.027951,-0.015451,3.056891,-4.328656,-2.540881,3.721581,-1.087672,-5.353569
-0.039567,-0.028747,-0.010396,2.611699,-4.414800,-2.120291,2.886410,-1.162913,-5.246373
-0.040229,-0.029228,-0.005226,2.339067,-4.488659,-1.866787,1.985164,-1.059084,-5.157971
-0.040451,-0.029389,0.000000,2.167647,-4.558894,-1.794965,0.975652,-0.755669,-5.201287
-0.040229,-0.029228,0.005226,2.017084,-4.609889,-1.914254,-0.248704,-0.230368,-5.486280
-0.039567,-0.028747,0.010396,1.793524,-4.605133,-2.247731,-1.859631,0.537552,-6.121182
-0.038471,-0.027951,0.015451,1.373028,-4.494789,-2.844148,-4.094888,1.553953,-7.207247
-0.036954,-0.026848,0.020337,0.577636,-4.228295,-3.779034,-7.251792,2.789903,-8.818159
-0.035031,-0.025452,0.025000,-0.847284,-3.773087,-5.138762,-11.660866,4.162357,-10.961248
-0.032725,-0.023776,0.029389,-3.239396,-3.137351,-6.981267,-17.627657,5.525734,-13.527951
-0.030061,-0.021840,0.033457,-6.989041,-2.388770,-9.273664,-25.340243,6.684273,-16.253235
-0.027067,-0.019665,0.037157,-12.454585,-1.656265,-11.822321,-34.758463,7.428857,-18.711457
-0.023776,-0.017275,0.040451,-19.824063,-1.103292,-14.229156,-45.521690,7.590510,-20.370625
-0.020225,-0.014695,0.043301,-28.955978,-0.872880,-15.915430,-56.921459,7.091518,-20.704718
-0.016453,-0.011954,0.045677,-39.263506,-1.022372,-16.237446,-67.971209,5.972311,-19.332989
-0.012500,-0.009082,0.047553,-49.713832,-1.479033,-14.676840,-77.568495,4.381846,-16.134746
-0.008410,-0.006110,0.048907,-58.982113,-2.044658,-11.041183,-84.703400,2.536711,-11.294079
-0.004228,-0.003072,0.049726,-65.735939,-2.456020,-5.588524,-88.645833,0.667987,-5.260404
-0.000000,-0.000000,0.050000,-68.962749,-2.479345,0.988448,-89.057233,-1.023607,1.352287
-0.000000,-0.000000,-0.050000,1.590204,-0.688713,-0.518571,3.836005,-1.735760,-0.325194
-0.003497,-0.003884,-0.049726,2.137872,-0.875692,-0.459904,3.026355,-1.329026,-0.658649
-0.006956,-0.007725,-0.048907,3.046205,-1.075640,-0.474989,2.537188,-0.876877,-0.922410
-0.010339,-0.011482,-0.047553,4.096961,-1.368671,-0.606386,2.506741,-0.442627,-1.190438
-0.013608,-0.015113,-0.045677,5.017982,-1.813326,-0.812543,2.931417,-0.112188,-1.544247
-0.016728,-0.018579,-0.043301,5.586580,-2.408855,-0.984291,3.663379,0.021653,-2.020709
-0.019665,-0.021840,-0.040451,5.709457,-3.084395,-1.001690,4.469944,-0.108826,-2.578972
-0.022387,-0.024863,-0.037157,5.442125,-3.723188,-0.799716,5.125635,-0.515383,-3.109880
-0.024863,-0.027613,-0.033457,4.944520,-4.209403,-0.405676,5.490539,-1.143725,-3.483655
-0.027067,-0.030061,-0.029389,4.402530,-4.472457,0.070077,5.540390,-1.891449,-3.607239
-0.028974,-0.032179,-0.025000,3.956791,-4.507349,0.479866,5.343907,-2.643520,-3.459579
-0.030564,-0.033945,-0.020337,3.666835,-4.365684,0.692378,5.009544,-3.305421,-3.090815
-0.031819,-0.035339,-0.015451,3.514038,-4.128002,0.628179,4.631551,-3.818534,-2.594190
-0.032725,-0.036345,-0.010396,3.428150,-3.874018,0.267229,4.255075,-4.154810,-2.071593
-0.033273,-0.036954,-0.005226,3.317642,-3.662466,-0.365103,3.863497,-4.298769,-1.610804
-0.033457,-0.037157,0.000000,3.090408,-3.523070,-1.220228,3.379737,-4.228698,-1.281211
-0.033273,-0.036954,0.005226,2.660464,-3.456564,-2.246225,2.670713,-3.906547,-1.143991
-0.032725,-0.036345,0.010396,1.942168,-3.437623,-3.401677,1.548360,-3.281381,-1.266906
-0.031819,-0.035339,0.015451,0.835421,-3.418847,-4.664331,-0.232270,-2.306987,-1.732505
-0.030564,-0.033945,0.020337,-0.794351,-3.338327,-6.035262,-2.970264,-0.970441,-2.629919
-0.028974,-0.032179,0.025000,-3.135329,-3.135312,-7.535030,-6.998789,0.676118,-4.024553
-0.027067,-0.030061,0.029389,-6.435990,-2.775512,-9.184116,-12.634761,2.493250,-5.908429
-0.024863,-0.027613,0.033457,-10.981737,-2.279478,-10.961703,-20.093219,4.256312,-8.146530
-0.022387,-0.024863,0.037157,-17.024469,-1.738360,-12.748769,-29.378858,5.691308,-10.446087
-0.019665,-0.021840,0.040451,-24.662887,-1.299054,-14.280570,-40.188536,6.539859,-12.376500
-0.016728,-0.018579,0.043301,-33.700988,-1.111960,-15.147130,-51.870823,6.631935,-13.450456
-0.013608,-0.015113,0.045677,-43.543445,-1.257002,-14.872092,-63.478313,5.936906,-13.246596
-0.010339,-0.011482,0.047553,-53.196435,-1.683908,-13.064905,-73.914093,4.571863,-11.528601
-0.006956,-0.007725,0.048907,-61.413926,-2.204376,-9.594596,-82.131980,2.767107,-8.313760
-0.003497,-0.003884,0.049726,-66.968470,-2.550663,-4.705715,-87.326448,0.807904,-3.869118
-0.000000,-0.000000,0.050000,-68.962749,-2.479345,0.988448,-89.057233,-1.023607,1.352287
-0.000000,-0.000000,-0.050000,1.590204,-0.688713,-0.518571,3.836005,-1.735760,-0.325194
-0.002613,-0.004526,-0.049726,1.641660,-1.025297,-0.326039,3.322335,-1.347014,-0.623003
-0.005198,-0.009003,-0.048907,1.882267,-1.327216,-0.089527,3.010489,-0.883020,-0.919638
-0.007725,-0.013381,-0.047553,2.202132,-1.657290,0.166047,2.993056,-0.445231,-1.243516
-0.010168,-0.017612,-0.045677,2.447277,-2.051646,0.461585,3.259095,-0.142898,-1.608627
-0.012500,-0.021651,-0.043301,2.493219,-2.489028,0.844917,3.699972,-0.069708,-1.990700
-0.014695,-0.025452,-0.040451,2.300656,-2.889846,1.348966,4.157744,-0.274213,-2.320601
-0.016728,-0.028974,-0.037157,1.926171,-3.147306,1.952889,4.492812,-0.739629,-2.505337
-0.018579,-0.032179,-0.033457,1.486955,-3.174008,2.570833,4.636832,-1.387299,-2.467724
-0.020225,-0.035031,-0.029389,1.102933,-2.938943,3.075043,4.607299,-2.104829,-2.181925
-0.021651,-0.037500,-0.025000,0.847207,-2.477324,3.338831,4.483051,-2.784780,-1.684767
-0.022839,-0.039558,-0.020337,0.724742,-1.872884,3.275394,4.359080,-3.354287,-1.058902
-0.023776,-0.041182,-0.015451,0.680304,-1.226510,2.855148,4.303648,-3.783205,-0.400343
-0.024454,-0.042355,-0.010396,0.622865,-0.628109,2.099533,4.332024,-4.071315,0.211236
-0.024863,-0.043064,-0.005226,0.450832,-0.141485,1.061338,4.398238,-4.224795,0.726650
-0.025000,-0.043301,0.000000,0.067899,0.197969,-0.195577,4.397639,-4.234130,1.123344
-0.024863,-0.043064,0.005226,-0.613296,0.379194,-1.609262,4.171526,-4.062186,1.389089
-0.024454,-0.042355,0.010396,-1.677655,0.411644,-3.124663,3.509002,-3.646454,1.501980
-0.023776,-0.041182,0.015451,-3.220554,0.324201,-4.694485,2.147238,-2.916057,1.415665
-0.022839,-0.039558,0.020337,-5.363140,0.164006,-6.279703,-0.222899,-1.821322,1.057757
-0.021651,-0.037500,0.025000,-8.264221,-0.010809,-7.849396,-3.935093,-0.369747,0.347443
-0.020225,-0.035031,0.029389,-12.119178,-0.148800,-9.374427,-9.299365,1.343237,-0.766808
-0.018579,-0.032179,0.033457,-17.132640,-0.230348,-10.808162,-16.524257,3.124238,-2.258072
-0.016728,-0.028974,0.037157,-23.453560,-0.287541,-12.054071,-25.620768,4.705339,-3.979930
-0.014695,-0.025452,0.040451,-31.074294,-0.401253,-12.934138,-36.316543,5.801829,-5.657882
-0.012500,-0.021651,0.043301,-39.718929,-0.665185,-13.184731,-48.018354,6.188072,-6.928853
-0.010168,-0.017612,0.045677,-48.769671,-1.126101,-12.504823,-59.852680,5.763752,-7.423034
-0.007725,-0.013381,0.047553,-57.285710,-1.729984,-10.658387,-70.787217,4.585490,-6.860302
-0.005198,-0.009003,0.048907,-64.144006,-2.309358,-7.597660,-79.802999,2.854929,-5.125712
-0.002613,-0.004526,0.049726,-68.280978,-2.629546,-3.549322,-86.066713,0.872692,-2.300614
-0.000000,-0.000000,0.050000,-68.962749,-2.479345,0.988448,-89.057233,-1.023607,1.352287
-0.000000,-0.000000,-0.050000,1.590204,-0.688713,-0.518571,3.836005,-1.735760,-0.325194
-0.001615,-0.004971,-0.049726,1.129634,-1.137728,-0.214894,3.615058,-1.368517,-0.561983
-0.003212,-0.009887,-0.048907,0.653571,-1.451428,0.193637,3.409121,-0.868066,-0.846291
-0.004775,-0.014695,-0.047553,0.171075,-1.672017,0.667226,3.260658,-0.363823,-1.171513
-0.006284,-0.019341,-0.045677,-0.342794,-1.832690,1.188009,3.165252,0.022798,-1.501924
-0.007725,-0.023776,-0.043301,-0.910584,-1.933974,1.748851,3.079043,0.206541,-1.776857
-0.009082,-0.027951,-0.040451,-1.523120,-1.943253,2.332233,2.944933,0.158452,-1.925174
-0.010339,-0.031819,-0.037157,-2.133318,-1.815666,2.894996,2.725594,-0.090326,-1.887874
-0.011482,-0.035339,-0.033457,-2.674575,-1.522372,3.369918,2.426584,-0.464295,-1.639995
-0.012500,-0.038471,-0.029389,-3.091447,-1.069431,3.683323,2.098371,-0.872876,-1.200864
-0.013381,-0.041182,-0.025000,-3.365730,-0.498275,3.777782,1.817671,-1.240260,-0.627157
-0.014115,-0.043442,-0.020337,-3.526638,0.129457,3.627076,1.658220,-1.523269,0.007488
-0.014695,-0.045225,-0.015451,-3.644146,0.752029,3.236901,1.663447,-1.711898,0.635969
-0.015113,-0.046514,-0.010396,-3.812581,1.322047,2.633827,1.828924,-1.815922,1.213999
-0.015366,-0.047292,-0.005226,-4.133756,1.810442,1.850489,2.095381,-1.846004,1.724101
-0.015451,-0.047553,0.000000,-4.706291,2.202003,0.914836,2.348243,-1.797575,2.168330
-0.015366,-0.047292,0.005226,-5.623387,2.488075,-0.152805,2.418930,-1.642623,2.554322
-0.015113,-0.046514,0.010396,-6.977884,2.661726,-1.335793,2.085772,-1.331406,2.879913
-0.014695,-0.045225,0.015451,-8.871462,2.717610,-2.614080,1.076595,-0.804369,3.120910
-0.014115,-0.043442,0.020337,-11.423592,2.654989,-3.957869,-0.921139,-0.013377,3.226223
-0.013381,-0.041182,0.025000,-14.774215,2.479740,-5.323749,-4.234857,1.050881,3.124386
-0.012500,-0.038471,0.029389,-19.072176,2.201360,-6.651954,-9.159934,2.332389,2.743898
-0.011482,-0.035339,0.033457,-24.441161,1.824727,-7.861578,-15.891521,3.695190,2.045342
-0.010339,-0.031819,0.037157,-30.919298,1.342247,-8.842575,-24.445905,4.931940,1.056312
-0.009082,-0.027951,0.040451,-38.379937,0.735945,-9.449407,-34.592983,5.800815,-0.105307
-0.007725,-0.023776,0.043301,-46.457201,-0.003702,-9.507864,-45.826356,6.084543,-1.233681
-0.006284,-0.019341,0.045677,-54.512782,-0.846063,-8.846962,-57.391167,5.654156,-2.068523
-0.004775,-0.014695,0.047553,-61.679274,-1.692533,-7.357536,-68.372443,4.515926,-2.352679
-0.003212,-0.009887,0.048907,-66.993981,-2.374739,-5.060844,-77.825976,2.825223,-1.897056
-0.001615,-0.004971,0.049726,-69.600780,-2.691845,-2.155532,-84.920194,0.862342,-0.634328
-0.000000,-0.000000,0.050000,-68.962749,-2.479345,0.988448,-89.057233,-1.023607,1.352287
-0.000000,-0.000000,-0.050000,1.590204,-0.688713,-0.518571,3.836005,-1.735760,-0.325194
-0.000546,-0.005198,-0.049726,0.642109,-1.213297,-0.136512,3.898734,-1.396319,-0.475590
-0.001087,-0.010339,-0.048907,-0.515116,-1.472390,0.336711,3.745494,-0.841045,-0.702493
-0.001615,-0.015366,-0.047553,-1.744870,-1.508357,0.815640,3.368340,-0.213624,-0.994676
-0.002126,-0.020225,-0.045677,-2.928526,-1.396680,1.244653,2.781432,0.350079,-1.304795
-0.002613,-0.024863,-0.043301,-3.973102,-1.211080,1.600634,2.023601,0.752765,-1.565992
-0.003072,-0.029228,-0.040451,-4.813706,-1.001817,1.882362,1.156175,0.951500,-1.712917
-0.003497,-0.033273,-0.037157,-5.414940,-0.791584,2.096776,0.256954,0.956371,-1.699962
-0.003884,-0.036954,-0.033457,-5.772943,-0.583676,2.250027,-0.589070,0.815361,-1.511050
-0.004228,-0.040229,-0.029389,-5.916920,-0.373303,2.345398,-1.301472,0.592997,-1.158806
-0.004526,-0.043064,-0.025000,-5.907771,-0.155203,2.385226,-1.816972,0.351145,-0.675125
-0.004775,-0.045427,-0.020337,-5.832524,0.074189,2.372709,-2.100507,0.137700,-0.098133
-0.004971,-0.047292,-0.015451,-5.795437,0.317824,2.311262,-2.152892,-0.015568,0.539013
-0.005112,-0.048639,-0.010396,-5.908337,0.579196,2.201751,-2.014621,-0.088512,1.213997
-0.005198,-0.049454,-0.005226,-6.283008,0.861642,2.039523,-1.766916,-0.065597,1.915162
-0.005226,-0.049726,0.000000,-7.027369,1.165767,1.813118,-1.531907,0.069987,2.636678
-0.005198,-0.049454,0.005226,-8.245592,1.486100,1.505581,-1.473125,0.338864,3.371275
-0.005112,-0.048639,0.010396,-10.040767,1.808293,1.098265,-1.795819,0.763698,4.102534
-0.004971,-0.047292,0.015451,-12.517555,2.107755,0.576366,-2.744379,1.362901,4.798456
-0.004775,-0.045427,0.020337,-15.781271,2.349957,-0.064752,-4.592449,2.140160,5.407987
-0.004526,-0.043064,0.025000,-19.929099,2.492280,-0.813244,-7.620937,3.071180,5.862641
-0.004228,-0.040229,0.029389,-25.029195,2.487373,-1.635075,-12.081004,4.090906,6.085305
-0.003884,-0.036954,0.033457,-31.085408,2.288667,-2.469545,-18.143367,5.086585,6.007146
-0.003497,-0.033273,0.037157,-37.990279,1.859569,-3.227391,-25.841260,5.903014,5.590618
-0.003072,-0.029228,0.040451,-45.476683,1.187728,-3.794305,-35.019888,6.364535,4.852717
-0.002613,-0.024863,0.043301,-53.086402,0.303421,-4.043925,-45.307672,6.313207,3.879677
-0.002126,-0.020225,0.045677,-60.177497,-0.703667,-3.863445,-56.121958,5.655409,2.824387
-0.001615,-0.015366,0.047553,-65.986904,-1.679668,-3.190158,-66.714570,4.403045,1.881920
-0.001087,-0.010339,0.048907,-69.748792,-2.424708,-2.049381,-76.253231,2.693780,1.245847
-0.000546,-0.005198,0.049726,-70.847218,-2.737856,-0.577221,-83.926779,0.778857,1.055822
-0.000000,-0.000000,0.050000,-68.962749,-2.479345,0.988448,-89.057233,-1.023607,1.352287
0.000000,-0.000000,-0.050000,1.590204,-0.688713,-0.518571,3.836005,-1.735760,-0.325194
0.000546,-0.005198,-0.049726,0.217703,-1.256378,-0.094358,4.170985,-1.434338,-0.366649
0.001087,-0.010339,-0.048907,-1.504399,-1.427833,0.342121,4.050424,-0.821373,-0.494495
0.001615,-0.015366,-0.047553,-3.308741,-1.276717,0.649908,3.425265,-0.041440,-0.732533
0.002126,-0.020225,-0.045677,-4.924134,-0.962966,0.763940,2.346255,0.742283,-1.066585
0.002613,-0.024863,-0.043301,-6.137121,-0.658644,0.708041,0.955317,1.381398,-1.447730
0.003072,-0.029228,-0.040451,-6.834866,-0.483839,0.569120,-0.551693,1.770485,-1.801724
0.003497,-0.033273,-0.037157,-7.017288,-0.477283,0.451079,-1.975676,1.865324,-2.044542
0.003884,-0.036954,-0.033457,-6.779042,-0.605573,0.432823,-3.159466,1.686365,-2.101407
0.004228,-0.040229,-0.029389,-6.273057,-0.796718,0.547274,-4.013852,1.306269,-1.923352
0.004526,-0.043064,-0.025000,-5.671624,-0.977044,0.784161,-4.521169,0.826286,-1.495069
0.004775,-0.045427,-0.020337,-5.137687,-1.095690,1.107900,-4.722524,0.350575,-0.831625
0.004971,-0.047292,-0.015451,-4.811549,-1.131749,1.478173,-4.698881,-0.032813,0.033004
0.005112,-0.048639,-0.010396,-4.811210,-1.088167,1.864263,-4.554892,-0.260067,1.059247
0.005198,-0.049454,-0.005226,-5.240757,-0.980038,2.250245,-4.409881,-0.290172,2.211071
0.005226,-0.049726,0.000000,-6.200846,-0.823704,2.632679,-4.395903,-0.098778,3.457827
0.005198,-0.049454,0.005226,-7.796679,-0.629983,3.013978,-4.659905,0.327085,4.769146
0.005112,-0.048639,0.010396,-10.140293,-0.402456,3.394103,-5.366068,0.989501,6.105823
0.004971,-0.047292,0.015451,-13.344833,-0.140754,3.762349,-6.694780,1.874049,7.410870
0.004775,-0.045427,0.020337,-17.508948,0.151569,4.091066,-8.835833,2.939676,8.605127
0.004526,-0.043064,0.025000,-22.690614,0.455994,4.334076,-11.974890,4.108389,9.590928
0.004228,-0.040229,0.029389,-28.872263,0.728517,4.433123,-16.273662,5.260897,10.264994
0.003884,-0.036954,0.033457,-35.923102,0.896242,4.334196,-21.845111,6.244006,10.538306
0.003497,-0.033273,0.037157,-43.568605,0.868585,4.010996,-28.725150,6.892279,10.357208
0.003072,-0.029228,0.040451,-51.379268,0.566759,3.486648,-36.842301,7.060823,9.718625
0.002613,-0.024863,0.043301,-58.788891,-0.034109,2.840822,-45.987872,6.660728,8.674099
0.002126,-0.020225,0.045677,-65.146581,-0.867033,2.192396,-55.792329,5.686587,7.321703
0.001615,-0.015366,0.047553,-69.798210,-1.761825,1.658606,-65.718019,4.227983,5.788800
0.001087,-0.010339,0.048907,-72.184761,-2.476327,1.305855,-75.081080,2.461668,4.210001
0.000546,-0.005198,0.049726,-71.939373,-2.767724,1.116056,-83.112409,0.625357,2.703951
0.000000,-0.000000,0.050000,-68.962749,-2.479345,0.988448,-89.057233,-1.023607,1.352287
0.000000,-0.000000,-0.050000,1.590204,-0.688713,-0.518571,3.836005,-1.735760,-0.325194
0.001615,-0.004971,-0.049726,-0.111522,-1.273329,-0.085552,4.430863,-1.486671,-0.240696
0.003212,-0.009887,-0.048907,-2.221080,-1.354760,0.246415,4.360384,-0.834945,-0.231824
0.004775,-0.014695,-0.047553,-4.355045,-1.057339,0.297067,3.551229,0.088404,-0.389001
0.006284,-0.019341,-0.045677,-6.107185,-0.638790,0.032144,2.110485,1.088497,-0.764756
0.007725,-0.023776,-0.043301,-7.171202,-0.360374,-0.424136,0.300051,1.942781,-1.340584
0.009082,-0.027951,-0.040451,-7.427764,-0.374323,-0.855500,-1.544336,2.456041,-2.011672
0.010339,-0.031819,-0.037157,-6.961598,-0.680578,-1.057308,-3.116106,2.517471,-2.606662
0.011482,-0.035339,-0.033457,-6.009304,-1.160876,-0.920282,-4.220296,2.133269,-2.939630
0.012500,-0.038471,-0.029389,-4.869806,-1.656966,-0.456472,-4.806506,1.417631,-2.869872
0.013381,-0.041182,-0.025000,-3.819785,-2.045232,0.232802,-4.950318,0.547548,-2.339780
0.014115,-0.043442,-0.020337,-3.064174,-2.275017,1.018093,-4.803970,-0.294616,-1.375537
0.014695,-0.045225,-0.015451,-2.728742,-2.365652,1.797417,-4.544262,-0.964715,-0.057297
0.015113,-0.046514,-0.010396,-2.883026,-2.377809,2.525749,-4.337650,-1.373227,1.520568
0.015366,-0.047292,-0.005226,-3.574965,-2.379441,3.216784,-4.328066,-1.477407,3.278877
0.015451,-0.047553,0.000000,-4.861947,-2.419474,3.926687,-4.641489,-1.262128,5.162460
0.015366,-0.047292,0.005226,-6.829928,-2.512977,4.730319,-5.396592,-0.723403,7.129401
0.015113,-0.046514,0.010396,-9.597495,-2.636486,5.695371,-6.712024,0.136098,9.129055
0.014695,-0.045225,0.015451,-13.303481,-2.732539,6.855458,-8.705248,1.296844,11.080177
0.014115,-0.043442,0.020337,-18.076925,-2.725005,8.183633,-11.483117,2.701509,12.860422
0.013381,-0.041182,0.025000,-23.989947,-2.546906,9.572824,-15.129042,4.233602,14.315519
0.012500,-0.038471,0.029389,-30.999776,-2.177025,10.835440,-19.694043,5.710204,15.289460
0.011482,-0.035339,0.033457,-38.894822,-1.671720,11.734190,-25.196891,6.901858,15.666326
0.010339,-0.031819,0.037157,-47.266446,-1.170619,12.045141,-31.631253,7.582386,15.404666
0.009082,-0.027951,0.040451,-55.526444,-0.858816,11.634474,-38.968195,7.594537,14.544599
0.007725,-0.023776,0.043301,-62.976649,-0.888396,10.514013,-47.138022,6.903745,13.180746
0.006284,-0.019341,0.045677,-68.916101,-1.290823,8.842349,-55.983395,5.613341,11.415155
0.004775,-0.014695,0.047553,-72.754655,-1.929231,6.863809,-65.195475,3.933169,9.318700
0.003212,-0.009887,0.048907,-74.100543,-2.528392,4.813751,-74.265628,2.118157,6.924291
0.001615,-0.004971,0.049726,-72.804411,-2.780472,2.840942,-82.491225,0.406110,4.253002
0.000000,-0.000000,0.050000,-68.962749,-2.479345,0.988448,-89.057233,-1.023607,1.352287
0.000000,-0.000000,-0.050000,1.590204,-0.688713,-0.518571,3.836005,-1.735760,-0.325194
0.002613,-0.004526,-0.049726,-0.323869,-1.270429,-0.102785,4.676561,-1.556246,-0.105679
0.005198,-0.009003,-0.048907,-2.611669,-1.280575,0.103574,4.703440,-0.907664,0.072341
0.007725,-0.013381,-0.047553,-4.815957,-0.887480,-0.085739,3.833809,0.108715,0.042343
0.010168,-0.017612,-0.045677,-6.448811,-0.423343,-0.648111,2.235351,1.285513,-0.325526
0.012500,-0.021651,-0.043301,-7.167082,-0.210442,-1.349117,0.282167,2.344903,-1.047779
0.014695,-0.025452,-0.040451,-6.894114,-0.413647,-1.854391,-1.571124,3.017268,-1.985325
0.016728,-0.028974,-0.037157,-5.831115,-0.992127,-1.888860,-2.943618,3.133623,-2.871423
0.018579,-0.032179,-0.033457,-4.361805,-1.758641,-1.353101,-3.641987,2.684105,-3.403695
0.020225,-0.035031,-0.029389,-2.907067,-2.494767,-0.341605,-3.690133,1.811205,-3.352253
0.021651,-0.037500,-0.025000,-1.800768,-3.051924,0.929166,-3.277963,0.745299,-2.627612
0.022839,-0.039558,-0.020337,-1.231885,-3.394066,2.229434,-2.670067,-0.279002,-1.281063
0.023776,-0.041182,-0.015451,-1.256118,-3.580657,3.403961,-2.122589,-1.084588,0.548755
0.024454,-0.042355,-0.010396,-1.850035,-3.717479,4.409818,-1.837715,-1.571966,2.705156
0.024863,-0.043064,-0.005226,-2.974325,-3.905987,5.307679,-1.958457,-1.703851,5.063359
0.025000,-0.043301,0.000000,-4.623524,-4.208281,6.227166,-2.588220,-1.474724,7.544810
0.024863,-0.043064,0.005226,-6.853904,-4.629686,7.324785,-3.814956,-0.885967,10.099088
0.024454,-0.042355,0.010396,-9.789476,-5.114386,8.741888,-5.724671,0.060702,12.667982
0.023776,-0.041182,0.015451,-13.606620,-5.551816,10.561504,-8.397654,1.348353,15.150118
0.022839,-0.039558,0.020337,-18.495048,-5.797231,12.763430,-11.890074,2.914476,17.383901
0.021651,-0.037500,0.025000,-24.593147,-5.711600,15.186548,-16.211907,4.619774,19.162056
0.020225,-0.035031,0.029389,-31.903992,-5.218580,17.519267,-21.317354,6.237305,20.279970
0.018579,-0.032179,0.033457,-40.213646,-4.360481,19.341734,-27.121044,7.481558,20.601852
0.016728,-0.028974,0.037157,-49.047189,-3.320520,20.227183,-33.538969,8.081521,20.111362
0.014695,-0.025452,0.040451,-57.696846,-2.380831,19.876216,-40.531408,7.875102,18.911561
0.012500,-0.021651,0.043301,-65.332362,-1.814193,18.226335,-48.110469,6.880051,17.162972
0.010168,-0.017612,0.045677,-71.164492,-1.751790,15.476931,-56.284007,5.298945,14.989063
0.007725,-0.013381,0.047553,-74.601906,-2.099491,12.009438,-64.943625,3.448754,12.406993
0.005198,-0.009003,0.048907,-75.343638,-2.561648,8.243071,-73.747672,1.649338,9.331581
0.002613,-0.004526,0.049726,-73.385219,-2.773878,4.505967,-82.069353,0.127416,5.654517
0.000000,-0.000000,0.050000,-68.962749,-2.479345,0.988448,-89.057233,-1.023607,1.352287
0.000000,-0.000000,-0.050000,1.590204,-0.688713,-0.518571,3.836005,-1.735760,-0.325194
0.003497,-0.003884,-0.049726,-0.410120,-1.252308,-0.137104,4.903502,-1.643387,0.028520
0.006956,-0.007725,-0.048907,-2.665893,-1.220752,-0.034573,5.088839,-1.057817,0.398164
0.010339,-0.011482,-0.047553,-4.712688,-0.775187,-0.366498,4.303353,-0.038033,0.556686
0.013608,-0.015113,-0.045677,-6.060000,-0.270281,-1.056099,2.750222,1.232681,0.309570
0.016728,-0.018579,-0.043301,-6.387721,-0.052801,-1.801221,0.868416,2.475380,-0.397314
0.019665,-0.021840,-0.040451,-5.679934,-0.305816,-2.208720,-0.821427,3.397194,-1.416369
0.022387,-0.024863,-0.037157,-4.227039,-0.995504,-1.977785,-1.902671,3.794329,-2.429405
0.024863,-0.027613,-0.033457,-2.502224,-1.930758,-1.028050,-2.194435,3.622875,-3.062532
0.027067,-0.030061,-0.029389,-0.984213,-2.882569,0.489678,-1.776596,3.000664,-3.023481
0.028974,-0.032179,-0.025000,-0.014267,-3.689945,2.287872,-0.915861,2.145521,-2.190021
0.030564,-0.033945,-0.020337,0.259948,-4.305532,4.076565,0.052614,1.289501,-0.614590
0.031819,-0.035339,-0.015451,-0.145026,-4.778776,5.668824,0.826674,0.612961,1.538597
0.032725,-0.036345,-0.010396,-1.125640,-5.205011,7.023388,1.186946,0.220485,4.077672
0.033273,-0.036954,-0.005226,-2.573607,-5.672695,8.230135,0.995179,0.153554,6.845133
0.033457,-0.037157,0.000000,-4.436918,-6.227107,9.463984,0.163539,0.419359,9.737530
0.033273,-0.036954,0.005226,-6.752453,-6.853129,10.930198,-1.378646,1.014591,12.686317
0.032725,-0.036345,0.010396,-9.652961,-7.472682,12.810434,-3.701817,1.931235,15.617334
0.031819,-0.035339,0.015451,-13.350288,-7.954388,15.208366,-6.869436,3.141515,18.410901
0.030564,-0.033945,0.020337,-18.091466,-8.138459,18.094180,-10.911845,4.568705,20.883527
0.028974,-0.032179,0.025000,-24.083086,-7.881288,21.258512,-15.795806,6.059360,22.806452
0.027067,-0.030061,0.029389,-31.389081,-7.116308,24.300768,-21.412032,7.378519,23.962631
0.024863,-0.027613,0.033457,-39.827015,-5.911409,26.680435,-27.600044,8.246615,24.222035
0.022387,-0.024863,0.037157,-48.907368,-4.488662,27.841011,-34.211027,8.419550,23.594787
0.019665,-0.021840,0.040451,-57.860994,-3.175262,27.376317,-41.179263,7.785259,22.220595
0.016728,-0.018579,0.043301,-65.769876,-2.285141,25.170691,-48.550409,6.428101,20.283353
0.013608,-0.015113,0.045677,-71.765022,-1.977139,21.440745,-56.423697,4.617667,17.890160
0.010339,-0.011482,0.047553,-75.214612,-2.166287,16.651677,-64.811448,2.716459,14.989113
0.006956,-0.007725,0.048907,-75.827574,-2.549420,11.352253,-73.477981,1.049121,11.386902
0.003497,-0.003884,0.049726,-73.646155,-2.745240,6.019259,-81.849092,-0.201125,6.867890
0.000000,-0.000000,0.050000,-68.962749,-2.479345,0.988448,-89.057233,-1.023607,1.352287
0.000000,-0.000000,-0.050000,1.590204,-0.688713,-0.518571,3.836005,-1.735760,-0.325194
0.004228,-0.003072,-0.049726,-0.373780,-1.221067,-0.180557,5.103341,-1.744719,0.150877
0.008410,-0.006110,-0.048907,-2.412054,-1.180128,-0.133855,5.502876,-1.288544,0.716724
0.012500,-0.009082,-0.047553,-4.127369,-0.720296,-0.473348,4.932770,-0.383656,1.116403
0.016453,-0.011954,-0.045677,-5.111134,-0.156206,-1.092330,3.583693,0.841198,1.118064
0.020225,-0.014695,-0.043301,-5.114961,0.186314,-1.693359,1.883132,2.162207,0.629366
0.023776,-0.017275,-0.040451,-4.167625,0.105149,-1.908017,0.343704,3.323287,-0.235290
0.027067,-0.019665,-0.037157,-2.573354,-0.420513,-1.459105,-0.619744,4.121166,-1.178942
0.030061,-0.021840,-0.033457,-0.795302,-1.263765,-0.275062,-0.821592,4.471094,-1.829664
0.032725,-0.023776,-0.029389,0.710488,-2.238842,1.499316,-0.333630,4.421492,-1.874981
0.035031,-0.025452,-0.025000,1.628888,-3.189485,3.587888,0.584055,4.116368,-1.155685
0.036954,-0.026848,-0.020337,1.837039,-4.036483,5.707793,1.597945,3.732015,0.317080
0.038471,-0.027951,-0.015451,1.373365,-4.776374,7.671513,2.402022,3.421381,2.411136
0.039567,-0.028747,-0.010396,0.359557,-5.448628,9.432407,2.769526,3.286239,4.948839
0.040229,-0.029228,-0.005226,-1.083180,-6.095501,11.074916,2.554134,3.377378,7.768031
0.040451,-0.029389,0.000000,-2.897136,-6.731199,12.770561,1.661705,3.709758,10.746676
0.040229,-0.029228,0.005226,-5.122239,-7.326025,14.721013,0.018777,4.277055,13.791559
0.039567,-0.028747,0.010396,-7.903165,-7.804813,17.099107,-2.443063,5.055255,16.806118
0.038471,-0.027951,0.015451,-11.470914,-8.058524,19.989887,-5.779581,5.993018,19.658041
0.036954,-0.026848,0.020337,-16.095763,-7.969966,23.334085,-10.007951,6.994657,22.166418
0.035031,-0.025452,0.025000,-22.007966,-7.453796,26.885862,-15.078287,7.908310,24.121479
0.032725,-0.023776,0.029389,-29.292546,-6.504111,30.207949,-20.864964,8.534902,25.335926
0.030061,-0.021840,0.033457,-37.783883,-5.231598,32.728383,-27.195793,8.668589,25.707157
0.027067,-0.019665,0.037157,-47.003914,-3.864434,33.864430,-33.917595,8.164348,25.253526
0.023776,-0.017275,0.040451,-56.187340,-2.693881,33.183690,-40.967337,7.007769,24.090638
0.020225,-0.014695,0.043301,-64.407798,-1.971202,30.540320,-48.397527,5.349362,22.343735
0.016453,-0.011954,0.045677,-70.770295,-1.796570,26.122639,-56.315008,3.474806,20.037286
0.012500,-0.009082,0.047553,-74.597326,-2.059239,20.388203,-64.738257,1.714250,17.031350
0.008410,-0.006110,0.048907,-75.538251,-2.471771,13.922581,-73.435299,0.329794,13.058593
0.004228,-0.003072,0.049726,-73.576161,-2.692584,7.296950,-81.832243,-0.565606,7.859382
0.000000,-0.000000,0.050000,-68.962749,-2.479345,0.988448,-89.057233,-1.023607,1.352287
0.000000,-0.000000,-0.050000,1.590204,-0.688713,-0.518571,3.836005,-1.735760,-0.325194
0.004775,-0.002126,-0.049726,-0.229615,-1.176084,-0.227889,5.264138,-1.852814,0.250431
0.009497,-0.004228,-0.048907,-1.908381,-1.154118,-0.185031,5.910690,-1.582320,0.991647
0.014115,-0.006284,-0.047553,-3.175064,-0.723767,-0.406400,5.651632,-0.913141,1.646455
0.018579,-0.008272,-0.045677,-3.771313,-0.111505,-0.780934,4.620155,0.085321,1.975732
0.022839,-0.010168,-0.043301,-3.559075,0.425571,-1.080188,3.161329,1.270707,1.855265
0.026848,-0.011954,-0.040451,-2.594624,0.693273,-1.035674,1.709699,2.463588,1.336339
0.030564,-0.013608,-0.037157,-1.125989,0.612822,-0.444243,0.640472,3.500098,0.634186
0.033945,-0.015113,-0.033457,0.486537,0.218073,0.754723,0.156852,4.278580,0.050261
0.036954,-0.016453,-0.029389,1.885978,-0.388225,2.468069,0.254187,4.780271,-0.131930
0.039558,-0.017612,-0.025000,2.815576,-1.089463,4.502628,0.760539,5.058695,0.271340
0.041728,-0.018579,-0.020337,3.160121,-1.795234,6.650703,1.419155,5.208055,1.314390
0.043442,-0.019341,-0.015451,2.927569,-2.455258,8.766112,1.969005,5.327933,2.943378
0.044679,-0.019892,-0.010396,2.192527,-3.051176,10.804238,2.193970,5.497883,5.044238
0.045427,-0.020225,-0.005226,1.030670,-3.577767,12.821576,1.934893,5.766263,7.488513
0.045677,-0.020337,0.000000,-0.534377,-4.024634,14.945376,1.076813,6.149639,10.158566
0.045427,-0.020225,0.005226,-2.562006,-4.365053,17.327305,-0.470053,6.635901,12.948701
0.044679,-0.019892,0.010396,-5.201466,-4.554608,20.090820,-2.780661,7.185735,15.750512
0.043442,-0.019341,0.015451,-8.673912,-4.540139,23.277615,-5.910550,7.731201,18.436400
0.041728,-0.018579,0.020337,-13.227692,-4.278217,26.799103,-9.879844,8.174697,20.854877
0.039558,-0.017612,0.025000,-19.066501,-3.760014,30.404438,-14.657567,8.394775,22.845484
0.036954,-0.016453,0.029389,-26.258590,-3.035070,33.682190,-20.161489,8.265196,24.270471
0.033945,-0.015113,0.033457,-34.649131,-2.221817,36.110846,-26.283505,7.688776,25.047522
0.030564,-0.013608,0.037157,-43.809218,-1.492176,37.158909,-32.935241,6.638459,25.160024
0.026848,-0.011954,0.040451,-53.052616,-1.025187,36.411810,-40.088889,5.188647,24.627213
0.022839,-0.010168,0.043301,-61.529912,-0.940445,33.683365,-47.777614,3.517237,23.438857
0.018579,-0.008272,0.045677,-68.376808,-1.238443,29.069470,-56.031606,1.868147,21.487624
0.014115,-0.006284,0.047553,-72.868262,-1.780187,22.925969,-64.760608,0.483086,18.546908
0.009497,-0.004228,0.048907,-74.530506,-2.324791,15.787953,-73.633323,-0.470942,14.326889
0.004775,-0.002126,0.049726,-73.188953,-2.615699,8.270749,-82.021634,-0.947673,8.600962
0.000000,-0.000000,0.050000,-68.962749,-2.479345,0.988448,-89.057233,-1.023607,1.352287
0.000000,-0.000000,-0.050000,1.590204,-0.688713,-0.518571,3.836005,-1.735760,-0.325194
0.005112,-0.001087,-0.049726,-0.000866,-1.114446,-0.276918,5.371667,-1.956868,0.317814
0.010168,-0.002161,-0.048907,-1.233791,-1.128384,-0.201747,6.262034,-1.900393,1.185910
0.015113,-0.003212,-0.047553,-1.988443,-0.777631,-0.228916,6.359938,-1.549859,2.052983
0.019892,-0.004228,-0.045677,-2.189113,-0.189030,-0.255233,5.724254,-0.934217,2.695535
0.024454,-0.005198,-0.043301,-1.834672,0.476105,-0.147609,4.586825,-0.124680,2.972720
0.028747,-0.006110,-0.040451,-1.016727,1.071504,0.226574,3.266871,0.780902,2.873465
0.032725,-0.006956,-0.037157,0.089974,1.501507,0.960067,2.067698,1.682012,2.514470
0.036345,-0.007725,-0.033457,1.265945,1.733026,2.077310,1.194110,2.499298,2.094806
0.039567,-0.008410,-0.029389,2.299208,1.785616,3.531776,0.715232,3.189731,1.830335
0.042355,-0.009003,-0.025000,3.029531,1.709369,5.230216,0.574941,3.748824,1.895692
0.044679,-0.009497,-0.020337,3.368370,1.562127,7.071792,0.633216,4.201400,2.392517
0.046514,-0.009887,-0.015451,3.290805,1.393867,8.985302,0.714864,4.586291,3.347240
0.047839,-0.010168,-0.010396,2.807203,1.240535,10.951598,0.647152,4.940936,4.729081
0.048639,-0.010339,-0.005226,1.927275,1.125120,13.006495,0.279027,5.289760,6.474259
0.048907,-0.010396,0.000000,0.627884,1.061912,15.226171,-0.515408,5.637524,8.505150
0.048639,-0.010339,0.005226,-1.168107,1.060104,17.699966,-1.841393,5.966933,10.739580
0.047839,-0.010168,0.010396,-3.597889,1.124325,20.495451,-3.788291,6.239456,13.091473
0.046514,-0.009887,0.015451,-6.846903,1.251334,23.620216,-6.430369,6.399054,15.467756
0.044679,-0.009497,0.020337,-11.117111,1.423838,26.986123,-9.823731,6.379511,17.766879
0.042355,-0.009003,0.025000,-16.575581,1.604159,30.384543,-14.003245,6.116391,19.881972
0.039567,-0.008410,0.029389,-23.289100,1.731951,33.483315,-18.984232,5.563630,21.707198
0.036345,-0.007725,0.033457,-31.158129,1.730523,35.854662,-24.770651,4.712269,23.141261
0.032725,-0.006956,0.037157,-39.869554,1.524339,37.036206,-31.364623,3.605789,24.080524
0.028747,-0.006110,0.040451,-48.887630,1.065640,36.616097,-38.765032,2.344786,24.398694
0.024454,-0.005198,0.043301,-57.494146,0.362116,34.323024,-46.941298,1.075269,23.920441
0.019892,-0.004228,0.045677,-64.874572,-0.506568,30.098183,-55.777358,-0.039606,22.407432
0.015113,-0.003212,0.047553,-70.233630,-1.394395,24.131436,-64.999010,-0.857228,19.578675
0.010168,-0.002161,0.048907,-72.917366,-2.120204,16.854455,-74.116457,-1.290182,15.176709
0.005112,-0.001087,0.049726,-72.520469,-2.516576,8.893383,-82.420445,-1.325657,9.069154
0.000000,-0.000000,0.050000,-68.962749,-2.479345,0.988448,-89.057233,-1.023607,1.352287
0.000000,0.000000,-0.050000,1.590204,-0.688713,-0.518571,3.836005,-1.735760,-0.325194
0.005226,0.000000,-0.049726,0.284449,-1.031984,-0.327710,5.411597,-2.044418,0.346809
0.010396,0.000000,-0.048907,-0.478902,-1.078834,-0.210668,6.499702,-2.189542,1.271669
0.015451,0.000000,-0.047553,-0.715674,-0.844980,-0.039760,6.938117,-2.164510,2.256872
0.020337,0.000000,-0.045677,-0.517228,-0.386217,0.278961,6.726020,-1.980588,3.106321
0.025000,0.000000,-0.043301,-0.017389,0.218377,0.796873,5.998594,-1.665115,3.681618
0.029389,0.000000,-0.040451,0.638160,0.886277,1.525911,4.967684,-1.256541,3.935818
0.033457,0.000000,-0.037157,1.314866,1.548338,2.448482,3.853838,-0.797293,3.913778
0.037157,0.000000,-0.033457,1.903359,2.158574,3.529822,2.831952,-0.326348,3.726471
0.040451,0.000000,-0.029389,2.325264,2.695951,4.730176,2.002296,0.126398,3.513713
0.043301,0.000000,-0.025000,2.532141,3.159911,6.015404,1.387061,0.542573,3.409454
0.045677,0.000000,-0.020337,2.499185,3.562686,7.365259,0.944686,0.914330,3.518573
0.047553,0.000000,-0.015451,2.215300,3.921347,8.778865,0.591670,1.240785,3.907610
0.048907,0.000000,-0.010396,1.671107,4.251410,10.277050,0.223271,1.523304,4.606941
0.049726,0.000000,-0.005226,0.846211,4.562563,11.901125,-0.271924,1.761066,5.619603
0.050000,0.000000,0.000000,-0.302992,4.856142,13.707438,-1.005011,1.947890,6.931769
0.049726,0.000000,0.005226,-1.853381,5.123669,15.756849,-2.086259,2.070874,8.521010
0.048907,0.000000,0.010396,-3.920748,5.345983,18.098381,-3.628491,2.111033,10.359855
0.047553,0.000000,0.015451,-6.657818,5.493043,20.747139,-5.751164,2.045986,12.413723
0.045677,0.000000,0.020337,-10.240907,5.525053,23.658282,-8.582026,1.854577,14.633607
0.043301,0.000000,0.025000,-14.841952,5.395992,26.701312,-12.253718,1.523058,16.945088
0.040451,0.000000,0.029389,-20.584840,5.060510,29.641745,-16.893563,1.051948,19.236047
0.037157,0.000000,0.033457,-27.489218,4.484458,32.139247,-22.605756,0.462050,21.345871
0.033457,0.000000,0.037157,-35.410885,3.657834,33.771173,-29.445956,-0.202336,23.059136
0.029389,0.000000,0.040451,-43.993932,2.607196,34.086874,-37.389188,-0.874840,24.106989
0.025000,0.000000,0.043301,-52.653503,1.403213,32.690602,-46.293426,-1.473973,24.180110
0.020337,0.000000,0.045677,-60.606719,0.158978,29.340625,-55.864273,-1.914895,22.957505
0.015451,0.000000,0.047553,-66.961036,-0.983417,24.042017,-65.630662,-2.123569,20.154223
0.010396,0.000000,0.048907,-70.854489,-1.876955,17.104768,-74.945952,-2.049942,15.586469
0.005226,0.000000,0.049726,-71.624070,-2.399221,9.141099,-83.029527,-1.676956,9.244289
0.000000,0.000000,0.050000,-68.962749,-2.479345,0.988448,-89.057233,-1.023607,1.352287
0.000000,0.000000,-0.050000,1.590204,-0.688713,-0.518571,3.836005,-1.735760,-0.325194
0.005112,0.001087,-0.049726,0.597695,-0.924807,-0.381122,5.372107,-2.103752,0.335499
0.010168,0.002161,-0.048907,0.264260,-0.975476,-0.237626,6.570119,-2.395508,1.238747
0.015113,0.003212,-0.047553,0.480327,-0.852349,0.068305,7.262384,-2.613579,2.224562
0.019892,0.004228,-0.045677,1.043876,-0.586052,0.617383,7.414951,-2.760828,3.128055
0.024454,0.005198,-0.043301,1.729279,-0.216501,1.408752,7.104828,-2.841151,3.829070
0.028747,0.006110,-0.040451,2.344623,0.216394,2.380603,6.472464,-2.861029,4.275995
0.032725,0.006956,-0.037157,2.763682,0.679331,3.443770,5.672000,-2.830575,4.483366
0.036345,0.007725,-0.033457,2.930687,1.148729,4.514055,4.834710,-2.763388,4.512866
0.039567,0.008410,-0.029389,2.845240,1.610895,5.533691,4.050478,-2.675282,4.449614
0.042355,0.009003,-0.025000,2.538578,2.060369,6.479193,3.364154,-2.582428,4.382299
0.044679,0.009497,-0.020337,2.051016,2.497500,7.358607,2.780608,-2.499455,4.390711
0.046514,0.009887,-0.015451,1.415861,2.925885,8.203872,2.272881,-2.437908,4.540612
0.047839,0.010168,-0.010396,0.650237,3.349818,9.063389,1.789657,-2.405259,4.884187
0.048639,0.010339,-0.005226,-0.249937,3.771647,9.997281,1.259907,-2.404586,5.463889
0.048907,0.010396,0.000000,-1.314216,4.188974,11.074790,0.593619,-2.434990,6.317125
0.048639,0.010339,0.005226,-2.603315,4.591795,12.371175,-0.321234,-2.492692,7.478925
0.047839,0.010168,0.010396,-4.216126,4.959971,13.960607,-1.623813,-2.572603,8.979632
0.046514,0.009887,0.015451,-6.295431,5.261646,15.901970,-3.484143,-2.669951,10.835477
0.044679,0.009497,0.020337,-9.027337,5.453481,18.215866,-6.100630,-2.781370,13.031865
0.042355,0.009003,0.025000,-12.627753,5.483667,20.853933,-9.686589,-2.904857,15.502089
0.039567,0.008410,0.029389,-17.309163,5.298619,23.665780,-14.442964,-3.038201,18.107172
0.036345,0.007725,0.033457,-23.224023,4.853635,26.374047,-20.518329,-3.175963,20.624317
0.032725,0.006956,0.037157,-30.388398,4.126669,28.572344,-27.961927,-3.305693,22.750819
0.028747,0.006110,0.040451,-38.600469,3.132625,29.760966,-36.679122,-3.404612,24.127010
0.024454,0.005198,0.043301,-47.379845,1.933870,29.428327,-46.399421,-3.438132,24.377044
0.019892,0.004228,0.045677,-55.959372,0.641857,27.171296,-56.665170,-3.361294,23.162208
0.015113,0.003212,0.047553,-63.355272,-0.594132,22.828715,-66.845659,-3.123453,20.239612
0.010168,0.002161,0.048907,-68.521501,-1.611705,16.586913,-76.179020,-2.675849,15.519092
0.005112,0.001087,0.049726,-70.564207,-2.269163,9.013192,-83.843458,-1.981146,9.110685
0.000000,0.000000,0.050000,-68.962749,-2.479345,0.988448,-89.057233,-1.023607,1.352287
0.000000,0.000000,-0.050000,1.590204,-0.688713,-0.518571,3.836005,-1.735760,-0.325194
0.004775,0.002126,-0.049726,0.913724,-0.791089,-0.437446,5.246406,-2.126383,0.286627
0.009497,0.004228,-0.048907,0.915673,-0.791790,-0.295472,6.435046,-2.478511,1.097832
0.014115,0.006284,-0.047553,1.438988,-0.712370,0.050358,7.232815,-2.791327,1.979857
0.018579,0.008272,-0.045677,2.239551,-0.589627,0.654240,7.589008,-3.056304,2.801513
0.022839,0.010168,-0.043301,3.067416,-0.460875,1.483022,7.549974,-3.262914,3.470546
0.026848,0.011954,-0.040451,3.728683,-0.352948,2.445596,7.216654,-3.405743,3.949716
0.030564,0.013608,-0.037157,4.114286,-0.277600,3.432792,6.703335,-3.488907,4.250524
0.033945,0.015113,-0.033457,4.196905,-0.232640,4.351563,6.110194,-3.526223,4.416010
0.036954,0.016453,-0.029389,4.007348,-0.206181,5.144281,5.510882,-3.538026,4.503556
0.039558,0.017612,-0.025000,3.604640,-0.181155,5.792381,4.949967,-3.546553,4.573260
0.041728,0.018579,-0.020337,3.050854,-0.138425,6.309653,4.444444,-3.571426,4.682414
0.043442,0.019341,-0.015451,2.395429,-0.058340,6.732410,3.985693,-3.626089,4.884335
0.044679,0.019892,-0.010396,1.668001,0.078411,7.112030,3.540396,-3.715559,5.229785
0.045427,0.020225,-0.005226,0.875557,0.289528,7.511847,3.049718,-3.835746,5.769572
0.045677,0.020337,0.000000,-0.000465,0.588745,8.007178,2.426319,-3.974579,6.556738
0.045427,0.020225,0.005226,-1.009839,0.982232,8.685392,1.549376,-4.114962,7.645975
0.044679,0.019892,0.010396,-2.242321,1.464073,9.642320,0.259322,-4.239141,9.087547
0.043442,0.019341,0.015451,-3.837322,2.011418,10.971380,-1.643996,-4.333536,10.913635
0.041728,0.018579,0.020337,-5.989619,2.580345,12.742533,-4.394453,-4.392605,13.117177
0.039558,0.017612,0.025000,-8.943547,3.104102,14.970137,-8.238799,-4.420146,15.626672
0.036954,0.016453,0.029389,-12.966545,3.496155,17.572869,-13.399068,-4.426811,18.284122
0.033945,0.015113,0.033457,-18.294417,3.660602,20.335337,-20.020722,-4.423692,20.835619
0.030564,0.013608,0.037157,-25.047740,3.511285,22.888005,-28.115549,-4.413491,22.943096
0.026848,0.011954,0.040451,-33.131800,2.997744,24.725585,-37.513318,-4.382260,24.220585
0.022839,0.010168,0.043301,-42.148224,2.131614,25.279258,-47.836518,-4.295136,24.290443
0.018579,0.008272,0.045677,-51.357595,1.003213,24.042317,-58.507251,-4.098276,22.848205
0.014115,0.006284,0.047553,-59.730182,-0.222355,20.725111,-68.787181,-3.726953,19.722753
0.009497,0.004228,0.048907,-66.101045,-1.335263,15.392634,-77.845217,-3.117822,14.921865
0.004775,0.002126,0.049726,-69.409398,-2.133012,8.529187,-84.846412,-2.222902,8.658205
0.000000,0.000000,0.050000,-68.962749,-2.479345,0.988448,-89.057233,-1.023607,1.352287
0.000000,0.000000,-0.050000,1.590204,-0.688713,-0.518571,3.836005,-1.735760,-0.325194
0.004228,0.003072,-0.049726,1.214266,-0.632593,-0.495752,5.034593,-2.108855,0.207030
0.008410,0.006110,-0.048907,1.422846,-0.516720,-0.379220,6.081552,-2.424483,0.877054
0.012500,0.009082,-0.047553,2.043270,-0.370340,-0.071048,6.806452,-2.667156,1.591813
0.016453,0.011954,-0.045677,2.839147,-0.241694,0.443190,7.143457,-2.816991,2.258774
0.020225,0.014695,-0.043301,3.591179,-0.175287,1.104633,7.114387,-2.860079,2.817424
0.023776,0.017275,-0.040451,4.151789,-0.195779,1.816288,6.793122,-2.797619,3.247657
0.027067,0.019665,-0.037157,4.462104,-0.303184,2.483379,6.272162,-2.647996,3.561309
0.030061,0.021840,-0.033457,4.536665,-0.477994,3.042294,5.640911,-2.441791,3.788946
0.032725,0.023776,-0.029389,4.431126,-0.690981,3.470678,4.974548,-2.213776,3.970294
0.035031,0.025452,-0.025000,4.209451,-0.911950,3.781041,4.328132,-1.996026,4.149839
0.036954,0.026848,-0.020337,3.921496,-1.114081,4.006370,3.732147,-1.813915,4.375121
0.038471,0.027951,-0.015451,3.593691,-1.273756,4.186857,3.188726,-1.684475,4.695357
0.039567,0.028747,-0.010396,3.229165,-1.368075,4.363287,2.669042,-1.615980,5.160033
0.040229,0.029228,-0.005226,2.811044,-1.372746,4.577761,2.111732,-1.608248,5.818160
0.040451,0.029389,0.000000,2.303626,-1.262136,4.879021,1.421226,-1.653955,6.718135
0.040229,0.029228,0.005226,1.648642,-1.012179,5.328382,0.465090,-1.741489,7.906523
0.039567,0.028747,0.010396,0.756431,-0.606095,6.002403,-0.928882,-1.859321,9.422858
0.038471,0.027951,0.015451,-0.505887,-0.042592,6.988689,-2.972604,-2.001029,11.287736
0.036954,0.026848,0.020337,-2.324759,0.654349,8.371306,-5.909267,-2.169128,13.483386
0.035031,0.025452,0.025000,-4.941589,1.426230,10.202997,-9.990567,-2.375297,15.929485
0.032725,0.023776,0.029389,-8.634902,2.175468,12.464521,-15.435927,-2.634996,18.461430
0.030061,0.021840,0.033457,-13.672886,2.771186,15.018092,-22.375824,-2.956267,20.821731
0.027067,0.019665,0.037157,-20.231601,3.070328,17.571114,-30.789405,-3.325608,22.674863
0.023776,0.017275,0.040451,-28.287716,2.954434,19.673635,-40.453287,-3.696803,23.649914
0.020225,0.014695,0.043301,-37.513255,2.374220,20.771597,-50.919499,-3.989151,23.404944
0.016453,0.011954,0.045677,-47.215690,1.385705,20.323114,-61.533529,-4.098398,21.697216
0.012500,0.009082,0.047553,-56.368460,0.158486,17.958256,-71.491599,-3.917990,18.440642
0.008410,0.006110,0.048907,-63.757012,-1.056708,13.634424,-79.926472,-3.363603,13.737938
0.004228,0.003072,0.049726,-68.225468,-1.998206,7.724743,-86.009040,-2.393790,7.885197
0.000000,0.000000,0.050000,-68.962749,-2.479345,0.988448,-89.057233,-1.023607,1.352287
0.000000,0.000000,-0.050000,1.590204,-0.688713,-0.518571,3.836005,-1.735760,-0.325194
0.003497,0.003884,-0.049726,1.489894,-0.455417,-0.554147,4.744434,-2.053382,0.106305
0.006956,0.007725,-0.048907,1.773417,-0.162796,-0.470907,5.526422,-2.247561,0.613760
0.010339,0.011482,-0.047553,2.268735,0.156704,-0.223496,6.016085,-2.289376,1.147357
0.013608,0.015113,-0.045677,2.771298,0.446964,0.163479,6.132296,-2.161820,1.658482
0.016728,0.018579,-0.043301,3.118244,0.656769,0.610390,5.870688,-1.869850,2.116360
0.019665,0.021840,-0.040451,3.232798,0.760824,1.019923,5.279984,-1.443836,2.508470
0.022387,0.024863,-0.037157,3.128817,0.765256,1.316737,4.438723,-0.932083,2.833369
0.024863,0.027613,-0.033457,2.883213,0.698544,1.472059,3.438374,-0.386629,3.096309
0.027067,0.030061,-0.029389,2.594394,0.595498,1.505804,2.370662,0.149441,3.311278
0.028974,0.032179,-0.025000,2.345312,0.483604,1.470223,1.315413,0.647471,3.505719
0.030564,0.033945,-0.020337,2.182414,0.377612,1.426363,0.328340,1.091434,3.722261
0.031819,0.035339,-0.015451,2.111898,0.282767,1.424981,-0.568959,1.472699,4.015177
0.032725,0.036345,-0.010396,2.107271,0.202874,1.498533,-1.394626,1.785430,4.443525
0.033273,0.036954,-0.005226,2.119796,0.148327,1.664481,-2.207920,2.024275,5.064629
0.033457,0.037157,0.000000,2.085098,0.140618,1.935843,-3.108510,2.183656,5.929976
0.033273,0.036954,0.005226,1.922645,0.211850,2.333806,-4.235957,2.256938,7.082718
0.032725,0.036345,0.010396,1.527988,0.399013,2.897829,-5.769758,2.234366,8.553644
0.031819,0.035339,0.015451,0.760008,0.733255,3.689339,-7.927298,2.100124,10.352051
0.030564,0.033945,0.020337,-0.572178,1.224863,4.784961,-10.954316,1.830552,12.449527
0.028974,0.032179,0.025000,-2.714997,1.846379,6.255207,-15.101402,1.396730,14.758409
0.027067,0.030061,0.029389,-5.958005,2.519249,8.126743,-20.582058,0.774323,17.111776
0.024863,0.027613,0.033457,-10.591528,3.112377,10.332763,-27.513960,-0.039016,19.256244
0.022387,0.024863,0.037157,-16.827649,3.461060,12.666309,-35.853959,-1.003263,20.869254
0.019665,0.021840,0.040451,-24.691372,3.409190,14.760987,-45.345405,-2.021986,21.606059
0.016728,0.018579,0.043301,-33.908566,2.866392,16.124917,-55.498113,-2.944971,21.169296
0.013608,0.015113,0.045677,-43.835047,1.859365,16.240283,-65.613775,-3.592385,19.381731
0.010339,0.011482,0.047553,-53.474730,0.551109,14.713351,-74.855493,-3.795264,16.238903
0.006956,0.007725,0.048907,-61.615419,-0.790515,11.429074,-82.347508,-3.438569,11.926522
0.003497,0.003884,0.049726,-67.069980,-1.872753,6.647349,-87.287341,-2.492292,6.802300
0.000000,0.000000,0.050000,-68.962749,-2.479345,0.988448,-89.057233,-1.023607,1.352287
0.000000,0.000000,-0.050000,1.590204,-0.688713,-0.518571,3.836005,-1.735760,-0.325194
0.002613,0.004526,-0.049726,1.740007,-0.269601,-0.610694,4.390886,-1.967194,-0.004916
0.005198,0.009003,-0.048907,1.998007,0.235134,-0.551369,4.812810,-1.983761,0.345136
0.007725,0.013381,-0.047553,2.206437,0.779732,-0.331570,4.960740,-1.758403,0.723560
0.010168,0.017612,-0.045677,2.209538,1.290299,0.000109,4.750656,-1.301831,1.126169
0.012500,0.021651,-0.043301,1.915364,1.697251,0.350663,4.157925,-0.664142,1.544630
0.014695,0.025452,-0.040451,1.327789,1.962412,0.617166,3.208410,0.075922,1.960198
0.016728,0.028974,-0.037157,0.539976,2.088694,0.725138,1.967036,0.833016,2.341545
0.018579,0.032179,-0.033457,-0.302291,2.110653,0.653097,0.526018,1.539110,2.652811
0.020225,0.035031,-0.029389,-1.048637,2.074028,0.434062,-1.009273,2.158203,2.869463
0.021651,0.037500,-0.025000,-1.584319,2.016272,0.136816,-2.537883,2.686522,2.993183
0.022839,0.039558,-0.020337,-1.851173,1.956969,-0.161565,-3.981856,3.141204,3.057755
0.023776,0.041182,-0.015451,-1.848387,1.900007,-0.398879,-5.301344,3.545202,3.123968
0.024454,0.042355,-0.010396,-1.620166,1.843387,-0.538609,-6.503082,3.915400,3.267680
0.024863,0.043064,-0.005226,-1.240037,1.790368,-0.567412,-7.642300,4.256701,3.567227
0.025000,0.043301,0.000000,-0.799743,1.756991,-0.483404,-8.820727,4.560828,4.094286
0.024863,0.043064,0.005226,-0.406745,1.773597,-0.281008,-10.183643,4.806844,4.908312
0.024454,0.042355,0.010396,-0.190647,1.879805,0.062514,-11.916951,4.961155,6.051504
0.023776,0.041182,0.015451,-0.315894,2.113236,0.594635,-14.242076,4.976925,7.540184
0.022839,0.039558,0.020337,-0.995448,2.492887,1.385099,-17.403577,4.795296,9.350059
0.021651,0.037500,0.025000,-2.497151,2.999897,2.509186,-21.643292,4.352430,11.396663
0.020225,0.035031,0.029389,-5.131701,3.561686,4.014350,-27.157002,3.595857,13.517677
0.018579,0.032179,0.033457,-9.210795,4.048769,5.873688,-34.035696,2.510025,15.468496
0.016728,0.028974,0.037157,-14.969482,4.293648,7.939473,-42.202373,1.144544,16.942728
0.014695,0.025452,0.040451,-22.459987,4.134992,9.919333,-51.363121,-0.367550,17.622575
0.012500,0.021651,0.043301,-31.443046,3.477936,11.399426,-60.992847,-1.815303,17.250850
0.010168,0.017612,0.045677,-41.319006,2.348040,11.926723,-70.368474,-2.945730,15.703240
0.007725,0.013381,0.047553,-51.143398,0.911115,11.137370,-78.648042,-3.523019,13.034951
0.005198,0.009003,0.048907,-59.752810,-0.559582,8.890485,-84.980371,-3.391758,9.484678
0.002613,0.004526,0.049726,-65.988629,-1.764708,5.352540,-88.624003,-2.522119,5.436181
0.000000,0.000000,0.050000,-68.962749,-2.479345,0.988448,-89.057233,-1.023607,1.352287
0.000000,0.000000,-0.050000,1.590204,-0.688713,-0.518571,3.836005,-1.735760,-0.325194
0.001615,0.004971,-0.049726,1.970754,-0.087683,-0.664383,3.994541,-1.860860,-0.116643
0.003212,0.009887,-0.048907,2.159679,0.630737,-0.612084,4.000424,-1.679501,0.101012
0.004775,0.014695,-0.047553,2.035695,1.378850,-0.363373,3.771812,-1.188179,0.370895
0.006284,0.019341,-0.045677,1.518100,2.040746,0.023053,3.249585,-0.447724,0.725111
0.007725,0.023776,-0.043301,0.607187,2.512150,0.441046,2.405264,0.430119,1.167229
0.009082,0.027951,-0.040451,-0.602997,2.736028,0.768715,1.245358,1.312176,1.662207
0.010339,0.031819,-0.037157,-1.944464,2.717862,0.908159,-0.187167,2.080714,2.141258
0.011482,0.035339,-0.033457,-3.218546,2.515867,0.815278,-1.816685,2.663999,2.522327
0.012500,0.038471,-0.029389,-4.245107,2.214086,0.507596,-3.546520,3.049146,2.738162
0.013381,0.041182,-0.025000,-4.900490,1.892953,0.049633,-5.277741,3.274435,2.759799
0.014115,0.043442,-0.020337,-5.134420,1.609935,-0.474415,-6.930697,3.407474,2.606357
0.014695,0.045225,-0.015451,-4.966039,1.395152,-0.987389,-8.463431,3.520068,2.339673
0.015113,0.046514,-0.010396,-4.466654,1.259029,-1.435331,-9.882936,3.668791,2.049171
0.015366,0.047292,-0.005226,-3.739437,1.204985,-1.789920,-11.248688,3.884778,1.834742
0.015451,0.047553,0.000000,-2.904496,1.240399,-2.039769,-12.670656,4.171078,1.793180
0.015366,0.047292,0.005226,-2.093846,1.381606,-2.175984,-14.304534,4.503595,2.009294
0.015113,0.046514,0.010396,-1.456627,1.651270,-2.177587,-16.345239,4.832474,2.549066
0.014695,0.045225,0.015451,-1.171556,2.068226,-2.001795,-19.016925,5.083461,3.450721
0.014115,0.043442,0.020337,-1.460552,2.631373,-1.583728,-22.555249,5.161910,4.710945
0.013381,0.041182,0.025000,-2.594765,3.301414,-0.849595,-27.177074,4.963917,6.267274
0.012500,0.038471,0.029389,-4.882232,3.987312,0.254814,-33.035279,4.398328,7.982897
0.011482,0.035339,0.033457,-8.627153,4.546699,1.723993,-40.162323,3.418997,9.644347
0.010339,0.031819,0.037157,-14.056860,4.808398,3.452835,-48.414044,2.059511,10.982599
0.009082,0.027951,0.040451,-21.224846,4.618079,5.216129,-57.431565,0.456014,11.721543
0.007725,0.023776,0.043301,-29.914305,3.896145,6.686845,-66.639693,-1.157492,11.645538
0.006284,0.019341,0.045677,-39.579198,2.685505,7.501512,-75.292551,-2.489313,10.665507
0.004775,0.014695,0.047553,-49.360221,1.164278,7.360351,-82.563343,-3.259066,8.858514
0.003212,0.009887,0.048907,-58.195570,-0.390594,6.129079,-87.661368,-3.274488,6.463430
0.001615,0.004971,0.049726,-65.014025,-1.681238,3.900865,-89.952040,-2.489490,3.832130
0.000000,0.000000,0.050000,-68.962749,-2.479345,0.988448,-89.057233,-1.023607,1.352287
0.000000,0.000000,-0.050000,1.590204,-0.688713,-0.518571,3.836005,-1.735760,-0.325194
0.000546,0.005198,-0.049726,2.191408,0.077271,-0.715572,3.579448,-1.746153,-0.220813
0.001087,0.010339,-0.048907,2.332929,0.980921,-0.660481,3.153500,-1.379767,-0.099543
0.001615,0.015366,-0.047553,1.956915,1.857526,-0.347371,2.573204,-0.674394,0.110535
0.002126,0.020225,-0.045677,1.084302,2.528517,0.153258,1.838401,0.250455,0.459663
0.002613,0.024863,-0.043301,-0.177784,2.858525,0.708609,0.937615,1.222883,0.950070
0.003072,0.029228,-0.040451,-1.650717,2.797921,1.163438,-0.139480,2.065441,1.525870
0.003497,0.033273,-0.037157,-3.118774,2.393327,1.388930,-1.387232,2.643518,2.085100
0.003884,0.036954,-0.033457,-4.373288,1.764281,1.319858,-2.774964,2.898094,2.509909
0.004228,0.040229,-0.029389,-5.253040,1.059490,0.966102,-4.249202,2.852489,2.702607
0.004526,0.043064,-0.025000,-5.669597,0.412716,0.397635,-5.747199,2.594063,2.613324
0.004775,0.045427,-0.020337,-5.612787,-0.085556,-0.286542,-7.216828,2.241422,2.250372
0.004971,0.047292,-0.015451,-5.138999,-0.394820,-0.990717,-8.636057,1.910872,1.673063
0.005112,0.048639,-0.010396,-4.350153,-0.513713,-1.644441,-10.026854,1.692318,0.973774
0.005198,0.049454,-0.005226,-3.372419,-0.460955,-2.209544,-11.461594,1.637932,0.258145
0.005226,0.049726,0.000000,-2.341760,-0.257254,-2.673952,-13.062848,1.760911,-0.370190
0.005198,0.049454,0.005226,-1.399668,0.085738,-3.037495,-14.998212,2.039012,-0.818577
0.005112,0.048639,0.010396,-0.698726,0.566818,-3.295538,-17.470763,2.418481,-1.010397
0.004971,0.047292,0.015451,-0.414465,1.187052,-3.425700,-20.703603,2.817107,-0.890432
0.004775,0.045427,0.020337,-0.757394,1.934112,-3.382302,-24.915360,3.128724,-0.433992
0.004526,0.043064,0.025000,-1.977046,2.763595,-3.102511,-30.283753,3.233817,0.339960
0.004228,0.040229,0.029389,-4.348872,3.584593,-2.526237,-36.897427,3.020465,1.355993
0.003884,0.036954,0.033457,-8.136570,4.258753,-1.627399,-44.702002,2.415884,2.477954
0.003497,0.033273,0.037157,-13.528248,4.620632,-0.447638,-53.453103,1.421947,3.522176
0.003072,0.029228,0.040451,-20.555205,4.520352,0.882400,-62.693650,0.141316,4.292327
0.002613,0.024863,0.043301,-29.014216,3.878362,2.149645,-71.771471,-1.221331,4.630477
0.002126,0.020225,0.045677,-38.422683,2.731651,3.100434,-79.904532,-2.392571,4.468604
0.001615,0.015366,0.047553,-48.034449,1.248162,3.509585,-86.286869,-3.094347,3.859879
0.001087,0.010339,0.048907,-56.929560,-0.304117,3.253205,-90.214125,-3.120658,2.974027
0.000546,0.005198,0.049726,-64.166792,-1.627512,2.355516,-91.200017,-2.400426,2.054680
0.000000,0.000000,0.050000,-68.962749,-2.479345,0.988448,-89.057233,-1.023607,1.352287
-0.000000,0.000000,-0.050000,1.590204,-0.688713,-0.518571,3.836005,-1.735760,-0.325194
-0.000546,0.005198,-0.049726,2.410168,0.213504,-0.765587,3.170810,-1.634006,-0.312049
-0.001087,0.010339,-0.048907,2.580432,1.256958,-0.716353,2.331343,-1.119424,-0.248182
-0.001615,0.015366,-0.047553,2.122105,2.176509,-0.352918,1.455043,-0.278001,-0.057927
-0.002126,0.020225,-0.045677,1.159403,2.727219,0.227889,0.626495,0.720694,0.300612
-0.002613,0.024863,-0.043301,-0.114344,2.768664,0.848915,-0.132201,1.663924,0.811166
-0.003072,0.029228,-0.040451,-1.478263,2.306277,1.318295,-0.847728,2.353850,1.394186
-0.003497,0.033273,-0.037157,-2.723448,1.476475,1.495598,-1.568921,2.661979,1.926354
-0.003884,0.036954,-0.033457,-3.683914,0.488747,1.330980,-2.340639,2.558987,2.277535
-0.004228,0.040229,-0.029389,-4.255443,-0.445830,0.866049,-3.188608,2.110497,2.349108
-0.004526,0.043064,-0.025000,-4.401242,-1.170544,0.203817,-4.119139,1.445055,2.098133
-0.004775,0.045427,-0.020337,-4.145759,-1.607802,-0.533835,-5.131122,0.710881,1.540470
-0.004971,0.047292,-0.015451,-3.560279,-1.753488,-1.242992,-6.234000,0.038461,0.736390
-0.005112,0.048639,-0.010396,-2.745497,-1.652560,-1.858531,-7.465196,-0.481124,-0.231526
-0.005198,0.049454,-0.005226,-1.816478,-1.369797,-2.357897,-8.902640,-0.801406,-1.278263
-0.005226,0.049726,0.000000,-0.894103,-0.965761,-2.752569,-10.670500,-0.914720,-2.328207
-0.005198,0.049454,0.005226,-0.104862,-0.482523,-3.073290,-12.937633,-0.842583,-3.318109
-0.005112,0.048639,0.010396,0.411831,0.060344,-3.353650,-15.908026,-0.627755,-4.193977
-0.004971,0.047292,0.015451,0.492196,0.660628,-3.614733,-19.801409,-0.330134,-4.906414
-0.004775,0.045427,0.020337,-0.061757,1.320661,-3.852861,-24.821678,-0.025184,-5.408811
-0.004526,0.043064,0.025000,-1.483009,2.029007,-4.033267,-31.112074,0.199158,-5.661276
-0.004228,0.040229,0.029389,-4.023602,2.741070,-4.093508,-38.700213,0.252204,-5.640228
-0.003884,0.036954,0.033457,-7.916938,3.366436,-3.959657,-47.442375,0.060158,-5.349753
-0.003497,0.033273,0.037157,-13.319513,3.772890,-3.574165,-56.982801,-0.406122,-4.827745
-0.003072,0.029228,0.040451,-20.242369,3.814388,-2.927267,-66.746584,-1.104192,-4.140037
-0.002613,0.024863,0.043301,-28.491188,3.380949,-2.077628,-75.980708,-1.907835,-3.360686
-0.002126,0.020225,0.045677,-37.637673,2.454928,-1.147895,-83.846144,-2.621877,-2.544779
-0.001615,0.015366,0.047553,-47.039900,1.147952,-0.289955,-89.547434,-3.026094,-1.706640
-0.001087,0.010339,0.048907,-55.916005,-0.305547,0.369649,-92.471164,-2.936082,-0.815757
-0.000546,0.005198,0.049726,-63.458474,-1.605838,0.780326,-92.297880,-2.259038,0.185805
-0.000000,0.000000,0.050000,-68.962749,-2.479345,0.988448,-89.057233,-1.023607,1.352287
-0.000000,0.000000,-0.050000,1.590204,-0.688713,-0.518571,3.836005,-1.735760,-0.325194
-0.001615,0.004971,-0.049726,2.630481,0.311714,-0.815596,2.792954,-1.533008,-0.387866
-0.003212,0.009887,-0.048907,2.935913,1.447325,-0.802169,1.584168,-0.918939,-0.345412
-0.004775,0.014695,-0.047553,2.596852,2.353736,-0.452501,0.470742,-0.022772,-0.145352
-0.006284,0.019341,-0.045677,1.804905,2.729851,0.100861,-0.372697,0.956611,0.217136
-0.007725,0.023776,-0.043301,0.780000,2.451910,0.633274,-0.886032,1.794779,0.687936
-0.009082,0.027951,-0.040451,-0.283622,1.605670,0.930058,-1.114496,2.302374,1.160232
-0.010339,0.031819,-0.037157,-1.241636,0.432832,0.871125,-1.173251,2.378215,1.503087
-0.011482,0.035339,-0.033457,-2.000559,-0.771484,0.462298,-1.202010,2.030677,1.602165
-0.012500,0.038471,-0.029389,-2.508840,-1.758422,-0.189478,-1.325969,1.359542,1.393150
-0.013381,0.041182,-0.025000,-2.748343,-2.384280,-0.932768,-1.634388,0.511047,0.872733
-0.014115,0.043442,-0.020337,-2.729141,-2.618836,-1.628356,-2.180167,-0.370842,0.085624
-0.014695,0.045225,-0.015451,-2.485659,-2.517195,-2.184746,-2.995989,-1.177978,-0.901877
-0.015113,0.046514,-0.010396,-2.071945,-2.178131,-2.568054,-4.118212,-1.849683,-2.027749
-0.015366,0.047292,-0.005226,-1.556421,-1.707173,-2.794052,-5.609758,-2.366704,-3.249997
-0.015451,0.047553,0.000000,-1.018795,-1.192435,-2.913192,-7.575993,-2.736404,-4.549540
-0.015366,0.047292,0.005226,-0.552111,-0.692783,-2.995893,-10.170525,-2.977330,-5.922274
-0.015113,0.046514,0.010396,-0.271100,-0.234458,-3.119736,-13.589005,-3.108243,-7.364039
-0.014695,0.045225,0.015451,-0.324803,0.186804,-3.356213,-18.048706,-3.143953,-8.852459
-0.014115,0.043442,0.020337,-0.907807,0.598247,-3.754001,-23.751374,-3.098096,-10.330241
-0.013381,0.041182,0.025000,-2.261388,1.035081,-4.318774,-30.828889,-2.990683,-11.695744
-0.012500,0.038471,0.029389,-4.655273,1.516938,-4.995199,-39.276953,-2.855407,-12.806812
-0.011482,0.035339,0.033457,-8.344475,2.020166,-5.661920,-48.890391,-2.739720,-13.500890
-0.010339,0.031819,0.037157,-13.504642,2.458320,-6.150299,-59.221266,-2.692341,-13.627881
-0.009082,0.027951,0.040451,-20.160925,2.687946,-6.288942,-69.582703,-2.739556,-13.085189
-0.007725,0.023776,0.043301,-28.133805,2.551100,-5.960498,-79.113381,-2.860682,-11.842062
-0.006284,0.019341,0.045677,-37.024201,1.947617,-5.144184,-86.900614,-2.977646,-9.945470
-0.004775,0.014695,0.047553,-46.247660,0.906976,-3.918394,-92.139429,-2.968297,-7.509078
-0.003212,0.009887,0.048907,-55.109069,-0.382348,-2.417107,-94.288947,-2.699804,-4.692851
-0.001615,0.004971,0.049726,-62.895407,-1.615478,-0.762097,-93.182500,-2.067374,-1.679321
-0.000000,0.000000,0.050000,-68.962749,-2.479345,0.988448,-89.057233,-1.023607,1.352287
-0.000000,0.000000,-0.050000,1.590204,-0.688713,-0.518571,3.836005,-1.735760,-0.325194
-0.002613,0.004526,-0.049726,2.848752,0.365400,-0.865228,2.467705,-1.448650,-0.448445
-0.005198,0.009003,-0.048907,3.397195,1.552413,-0.932470,0.953672,-0.784156,-0.398599
-0.007725,0.013381,-0.047553,3.359897,2.438146,-0.690387,-0.346357,0.098878,-0.165929
-0.010168,0.017612,-0.045677,2.936465,2.681338,-0.294975,-1.185944,0.995467,0.196106
-0.012500,0.021651,-0.043301,2.305373,2.168961,0.005142,-1.476871,1.695583,0.580802
-0.014695,0.025452,-0.040451,1.577612,1.040597,-0.000916,-1.286029,2.038630,0.851291
-0.016728,0.028974,-0.037157,0.804399,-0.393850,-0.391826,-0.793283,1.958151,0.878877
-0.018579,0.032179,-0.033457,0.012664,-1.787691,-1.096468,-0.227509,1.492431,0.583479
-0.020225,0.035031,-0.029389,-0.763973,-2.874257,-1.945446,0.196965,0.755690,-0.044496
-0.021651,0.037500,-0.025000,-1.476298,-3.524086,-2.750878,0.322973,-0.112803,-0.952472
-0.022839,0.039558,-0.020337,-2.070252,-3.738928,-3.371562,0.061755,-0.995472,-2.057953
-0.023776,0.041182,-0.015451,-2.503974,-3.607325,-3.741896,-0.624116,-1.821131,-3.286679
-0.024454,0.042355,-0.010396,-2.759338,-3.252503,-3.867732,-1.753502,-2.565174,-4.599701
-0.024863,0.043064,-0.005226,-2.844643,-2.792805,-3.805759,-3.360950,-3.233825,-6.002008
-0.025000,0.043301,0.000000,-2.792672,-2.320150,-3.642439,-5.522504,-3.843388,-7.534441
-0.024863,0.043064,0.005226,-2.661068,-1.892146,-3.480179,-8.368591,-4.402223,-9.254230
-0.024454,0.042355,0.010396,-2.539891,-1.530923,-3.429355,-12.082134,-4.899310,-11.208559
-0.023776,0.041182,0.015451,-2.566381,-1.224408,-3.599291,-16.879590,-5.301336,-13.403982
-0.022839,0.039558,0.020337,-2.940946,-0.930641,-4.080498,-22.971523,-5.559644,-15.775691
-0.021651,0.037500,0.025000,-3.933023,-0.589807,-4.914921,-30.501037,-5.626819,-18.164692
-0.020225,0.035031,0.029389,-5.863191,-0.148829,-6.060131,-39.465477,-5.478691,-20.314780
-0.018579,0.032179,0.033457,-9.052425,0.402812,-7.364034,-49.638283,-5.132397,-21.899899
-0.016728,0.028974,0.037157,-13.742244,0.999126,-8.571504,-60.518584,-4.649229,-22.583098
-0.014695,0.025452,0.040451,-20.006854,1.488887,-9.375599,-71.338171,-4.116319,-22.093820
-0.012500,0.021651,0.043301,-27.690467,1.673280,-9.502925,-81.143643,-3.612927,-20.299335
-0.010168,0.017612,0.045677,-36.398757,1.389789,-8.797269,-88.947849,-3.177258,-17.246662
-0.007725,0.013381,0.047553,-45.551214,0.609274,-7.257429,-93.918648,-2.789497,-13.162855
-0.005198,0.009003,0.048907,-54.472224,-0.509393,-5.006548,-95.555550,-2.375790,-8.414977
-0.002613,0.004526,0.049726,-62.482664,-1.653269,-2.212256,-93.802344,-1.826765,-3.438641
-0.000000,0.000000,0.050000,-68.962749,-2.479345,0.988448,-89.057233,-1.023607,1.352287
-0.000000,0.000000,-0.050000,1.590204,-0.688713,-0.518571,3.836005,-1.735760,-0.325194
-0.003497,0.003884,-0.049726,3.053818,0.370669,-0.911485,2.213087,-1.383296,-0.496066
-0.006956,0.007725,-0.048907,3.928456,1.575063,-1.106421,0.475168,-0.709026,-0.420707
-0.010339,0.011482,-0.047553,4.323573,2.473173,-1.069685,-0.961439,0.116813,-0.138054
-0.013608,0.015113,-0.045677,4.390061,2.706278,-0.946874,-1.811581,0.901346,0.234688
-0.016728,0.018579,-0.043301,4.223953,2.147214,-0.964031,-1.976597,1.462694,0.535447
-0.019665,0.021840,-0.040451,3.839954,0.926293,-1.295419,-1.544316,1.672399,0.598442
-0.022387,0.024863,-0.037157,3.209278,-0.650589,-1.975150,-0.741224,1.488536,0.299668
-0.024863,0.027613,-0.033457,2.320212,-2.235293,-2.891757,0.145097,0.959207,-0.407728
-0.027067,0.030061,-0.029389,1.217820,-3.554054,-3.851597,0.846212,0.192682,-1.485759
-0.028974,0.032179,-0.025000,0.003928,-4.464923,-4.664254,1.168708,-0.689356,-2.837022
-0.030564,0.033945,-0.020337,-1.192907,-4.952914,-5.205160,1.010743,-1.591781,-4.350555
-0.031819,0.035339,-0.015451,-2.254106,-5.087501,-5.436439,0.342274,-2.463950,-5.946221
-0.032725,0.036345,-0.010396,-3.095791,-4.972686,-5.393766,-0.835130,-3.294903,-7.600563
-0.033273,0.036954,-0.005226,-3.676523,-4.709332,-5.159556,-2.530705,-4.094899,-9.349233
-0.033457,0.037157,0.000000,-3.994591,-4.375046,-4.839966,-4.796929,-4.873908,-11.270724
-0.033273,0.036954,0.005226,-4.085437,-4.017384,-4.552745,-7.747032,-5.624161,-13.458561
-0.032725,0.036345,0.010396,-4.027250,-3.653635,-4.422904,-11.556201,-6.310237,-15.986596
-0.031819,0.035339,0.015451,-3.956430,-3.272870,-4.577104,-16.444300,-6.868554,-18.869743
-0.030564,0.033945,0.020337,-4.086868,-2.840551,-5.126772,-22.635822,-7.217815,-22.024073
-0.028974,0.032179,0.025000,-4.719647,-2.309931,-6.134600,-30.294043,-7.280466,-25.235891
-0.027067,0.030061,0.029389,-6.226042,-1.644875,-7.569568,-39.434181,-7.010975,-28.155321
-0.024863,0.027613,0.033457,-8.991209,-0.853047,-9.268892,-49.834179,-6.421005,-30.329815
-0.022387,0.024863,0.037157,-13.321393,-0.017136,-10.933325,-60.975136,-5.588539,-31.282295
-0.019665,0.021840,0.040451,-19.339593,0.698379,-12.175230,-72.046523,-4.642447,-30.619752
-0.016728,0.018579,0.043301,-26.910484,1.085655,-12.613826,-82.037267,-3.725457,-28.140931
-0.013608,0.015113,0.045677,-35.630785,0.977159,-11.980886,-89.905350,-2.949870,-23.907430
-0.010339,0.011482,0.047553,-44.892795,0.342064,-10.185540,-94.787791,-2.362833,-18.253731
-0.006956,0.007725,0.048907,-53.991716,-0.660067,-7.305327,-96.193593,-1.930311,-11.730374
-0.003497,0.003884,0.049726,-62.227175,-1.714784,-3.515665,-94.121045,-1.540089,-4.991048
-0.000000,0.000000,0.050000,-68.962749,-2.479345,0.988448,-89.057233,-1.023607,1.352287
-0.000000,0.000000,-0.050000,1.590204,-0.688713,-0.518571,3.836005,-1.735760,-0.325194
-0.004228,0.003072,-0.049726,3.228126,0.326002,-0.948416,2.042206,-1.336740,-0.534268
-0.008410,0.006110,-0.048907,4.468390,1.512415,-1.304900,0.177660,-0.680211,-0.429223
-0.012500,0.009082,-0.047553,5.357477,2.464473,-1.552887,-1.328716,0.072339,-0.090374
-0.016453,0.011954,-0.045677,5.958317,2.841566,-1.790028,-2.186380,0.752798,0.312101
-0.020225,0.014695,-0.043301,6.278078,2.489927,-2.168001,-2.301172,1.211016,0.571060
-0.023776,0.017275,-0.040451,6.262320,1.476031,-2.789870,-1.774326,1.343454,0.498185
-0.027067,0.019665,-0.037157,5.844292,0.031880,-3.645749,-0.850638,1.115386,-0.028115
-0.030061,0.021840,-0.033457,5.006848,-1.547553,-4.616042,0.163957,0.563227,-1.036141
-0.032725,0.023776,-0.029389,3.816033,-3.002386,-5.528085,0.986439,-0.226463,-2.466044
-0.035031,0.025452,-0.025000,2.411347,-4.165320,-6.226746,1.414542,-1.150964,-4.204784
-0.036954,0.026848,-0.020337,0.965681,-4.971010,-6.622965,1.343609,-2.122048,-6.135307
-0.038471,0.027951,-0.015451,-0.359695,-5.432021,-6.706403,0.745863,-3.081647,-8.179355
-0.039567,0.028747,-0.010396,-1.445491,-5.603194,-6.530377,-0.371595,-4.000715,-10.319726
-0.040229,0.029228,-0.005226,-2.224973,-5.550794,-6.187068,-2.011523,-4.866881,-12.599003
-0.040451,0.029389,0.000000,-2.681776,-5.333042,-5.787806,-4.221311,-5.668680,-15.099976
-0.040229,0.029228,0.005226,-2.846438,-4.991163,-5.453824,-7.112367,-6.382413,-17.914580
-0.039567,0.028747,0.010396,-2.800597,-4.547179,-5.313851,-10.862326,-6.965284,-21.105897
-0.038471,0.027951,0.015451,-2.691155,-4.005611,-5.499437,-15.697672,-7.356839,-24.665852
-0.036954,0.026848,0.020337,-2.748532,-3.358848,-6.128206,-21.852478,-7.489732,-28.473273
-0.035031,0.025452,0.025000,-3.295369,-2.598214,-7.269695,-29.500442,-7.308951,-32.262722
-0.032725,0.023776,0.029389,-4.728168,-1.732343,-8.898384,-38.665440,-6.795134,-35.620225
-0.030061,0.021840,0.033457,-7.458846,-0.809962,-10.851240,-49.129689,-5.983618,-38.021939
-0.027067,0.019665,0.037157,-11.818614,0.063330,-12.815389,-60.372060,-4.969396,-38.921328
-0.023776,0.017275,0.040451,-17.948797,0.730283,-14.366605,-71.572260,-3.891960,-37.871335
-0.020225,0.014695,0.043301,-25.719558,1.021380,-15.057795,-81.702782,-2.902442,-34.649061
-0.016453,0.011954,0.045677,-34.714109,0.823880,-14.528039,-89.701833,-2.123469,-29.342555
-0.012500,0.009082,0.047553,-44.289072,0.152838,-12.586055,-94.688685,-1.614227,-22.367469
-0.008410,0.006110,0.048907,-53.685039,-0.817730,-9.232941,-96.162021,-1.349143,-14.401138
-0.004228,0.003072,0.049726,-62.139364,-1.795490,-4.624637,-94.119849,-1.214033,-6.244952
-0.000000,0.000000,0.050000,-68.962749,-2.479345,0.988448,-89.057233,-1.023607,1.352287
-0.000000,0.000000,-0.050000,1.590204,-0.688713,-0.518571,3.836005,-1.735760,-0.325194
-0.004775,0.002126,-0.049726,3.350248,0.232405,-0.967805,1.962270,-1.307046,-0.566800
-0.009497,0.004228,-0.048907,4.941249,1.353973,-1.491948,0.080189,-0.682419,-0.443837
-0.014115,0.006284,-0.047553,6.310439,2.366128,-2.065275,-1.402175,0.004990,-0.064304
-0.018579,0.008272,-0.045677,7.408169,2.989418,-2.718878,-2.212699,0.622430,0.367725
-0.022839,0.010168,-0.043301,8.158239,3.062066,-3.495934,-2.270594,1.054091,0.616882
-0.026848,0.011954,-0.040451,8.470592,2.575675,-4.398616,-1.682422,1.218057,0.481842
-0.030564,0.013608,-0.037157,8.283618,1.654261,-5.361687,-0.688502,1.079594,-0.157208
-0.033945,0.015113,-0.033457,7.605497,0.495892,-6.266236,0.417152,0.654350,-1.321246
-0.036954,0.016453,-0.029389,6.528557,-0.693303,-6.981437,1.364432,-0.001211,-2.947775
-0.039558,0.017612,-0.025000,5.210154,-1.748280,-7.409142,1.957986,-0.808337,-4.929925
-0.041728,0.018579,-0.020337,3.832767,-2.567020,-7.510523,2.090408,-1.685616,-7.162482
-0.043442,0.019341,-0.015451,2.563251,-3.108523,-7.308651,1.722367,-2.562751,-9.578011
-0.044679,0.019892,-0.010396,1.525731,-3.377072,-6.874399,0.844269,-3.385669,-12.163273
-0.045427,0.020225,-0.005226,0.791196,-3.403041,-6.308213,-0.564525,-4.114363,-14.955029
-0.045677,0.020337,0.000000,0.377539,-3.226719,-5.727152,-2.567675,-4.717037,-18.019979
-0.045427,0.020225,0.005226,0.250477,-2.887559,-5.259554,-5.289517,-5.164288,-21.424489
-0.044679,0.019892,0.010396,0.318175,-2.418826,-5.043071,-8.915880,-5.426124,-25.198001
-0.043442,0.019341,0.015451,0.418318,-1.846970,-5.218124,-13.675351,-5.473522,-29.293105
-0.041728,0.018579,0.020337,0.303572,-1.195412,-5.908876,-19.797412,-5.284945,-33.547439
-0.039558,0.017612,0.025000,-0.362202,-0.492557,-7.188115,-27.445985,-4.856644,-37.657473
-0.036954,0.016453,0.029389,-1.981926,0.217295,-9.030832,-36.634435,-4.213512,-41.178828
-0.033945,0.015113,0.033457,-4.966810,0.864155,-11.271538,-47.140110,-3.415708,-43.567242
-0.030564,0.013608,0.037157,-9.643908,1.350674,-13.587238,-58.447761,-2.556333,-44.265303
-0.026848,0.011954,0.040451,-16.150637,1.566178,-15.525164,-69.753923,-1.748001,-42.823366
-0.022839,0.010168,0.043301,-24.351422,1.419244,-16.578996,-80.052651,-1.100329,-39.025157
-0.018579,0.008272,0.045677,-33.811123,0.881342,-16.295062,-88.297898,-0.693820,-32.978546
-0.014115,0.006284,0.047553,-43.840736,0.022873,-14.373334,-93.608325,-0.556562,-25.136244
-0.009497,0.004228,0.048907,-53.601707,-0.981365,-10.728937,-95.458778,-0.648924,-16.229752
-0.004775,0.002126,0.049726,-62.232872,-1.891393,-5.499676,-93.798977,-0.860468,-7.126617
-0.000000,0.000000,0.050000,-68.962749,-2.479345,0.988448,-89.057233,-1.023607,1.352287
-0.000000,0.000000,-0.050000,1.590204,-0.688713,-0.518571,3.836005,-1.735760,-0.325194
-0.005112,0.001087,-0.049726,3.398201,0.094008,-0.960845,1.973919,-1.291419,-0.596509
-0.010168,0.002161,-0.048907,5.268707,1.088125,-1.620525,0.185822,-0.703018,-0.481962
-0.015113,0.003212,-0.047553,7.033216,2.098188,-2.499105,-1.159938,-0.060885,-0.105207
-0.019892,0.004228,-0.045677,8.514395,2.934052,-3.571345,-1.824890,0.545632,0.313455
-0.024454,0.005198,-0.043301,9.547761,3.460134,-4.770396,-1.751704,1.038809,0.526637
-0.028747,0.006110,-0.040451,10.016444,3.622952,-5.984328,-1.057284,1.361871,0.330869
-0.032725,0.006956,-0.037157,9.883788,3.451435,-7.072358,0.022255,1.485864,-0.385688
-0.036345,0.007725,-0.033457,9.206926,3.035186,-7.896575,1.209132,1.412127,-1.632099
-0.039567,0.008410,-0.029389,8.123683,2.492266,-8.355636,2.254487,1.169261,-3.338063
-0.042355,0.009003,-0.025000,6.818471,1.938496,-8.406473,2.980554,0.805376,-5.397502
-0.044679,0.009497,-0.020337,5.481477,1.466128,-8.067660,3.287598,0.378111,-7.713477
-0.046514,0.009887,-0.015451,4.275390,1.134281,-7.407782,3.132504,-0.054750,-10.229451
-0.047839,0.010168,-0.010396,3.316794,0.969160,-6.528034,2.493054,-0.442093,-12.940400
-0.048639,0.010339,-0.005226,2.670726,0.970212,-5.548106,1.331725,-0.743202,-15.885100
-0.048907,0.010396,0.000000,2.351200,1.118335,-4.599731,-0.431746,-0.929012,-19.124901
-0.048639,0.010339,0.005226,2.319753,1.383404,-3.826379,-2.934484,-0.982093,-22.714183
-0.047839,0.010168,0.010396,2.477279,1.729544,-3.383172,-6.369014,-0.896509,-26.665875
-0.046514,0.009887,0.015451,2.649869,2.117577,-3.429283,-10.963741,-0.678292,-30.914802
-0.044679,0.009497,0.020337,2.575364,2.504848,-4.106304,-16.942490,-0.346607,-35.283625
-0.042355,0.009003,0.025000,1.902134,2.843391,-5.500429,-24.462358,0.065040,-39.460457
-0.039567,0.008410,0.029389,0.213198,3.078292,-7.593517,-33.535674,0.508805,-43.001046
-0.036345,0.007725,0.033457,-2.915155,3.148945,-10.216704,-43.951935,0.925123,-45.368135
-0.032725,0.006956,0.037157,-7.821884,2.995961,-13.026587,-55.225186,1.248886,-46.013059
-0.028747,0.006110,0.040451,-14.653812,2.575111,-15.523502,-66.595155,1.419052,-44.490220
-0.024454,0.005198,0.043301,-23.273059,1.876477,-17.121028,-77.101406,1.390351,-40.578284
-0.019892,0.004228,0.045677,-33.213984,0.942813,-17.257570,-85.728485,1.144966,-34.370900
-0.015113,0.003212,0.047553,-43.713425,-0.121843,-15.522211,-91.593185,0.701854,-26.301725
-0.010168,0.002161,0.048907,-53.814931,-1.161599,-11.757786,-94.123932,0.121478,-17.085852
-0.005112,0.001087,0.049726,-62.522328,-1.998906,-6.110188,-93.177818,-0.496327,-7.587128
-0.000000,0.000000,0.050000,-68.962749,-2.479345,0.988448,-89.057233,-1.023607,1.352287
-0.000000,0.000000,-0.050000,1.590204,-0.688713,-0.518571,3.836005,-1.735760,-0.325194
-0.005226,0.000000,-0.049726,3.353036,-0.081223,-0.920500,2.071125,-1.286866,-0.624367
-0.010396,0.000000,-0.048907,5.380974,0.714770,-1.643097,0.476792,-0.734239,-0.552872
-0.015451,0.000000,-0.047553,7.399762,1.595824,-2.728266,-0.625859,-0.122733,-0.243115
-0.020337,0.000000,-0.045677,9.106875,2.453211,-4.123063,-1.044720,0.500143,0.081215
-0.025000,0.000000,-0.043301,10.241692,3.195183,-5.679605,-0.763759,1.090282,0.176273
-0.029389,0.000000,-0.040451,10.648701,3.762840,-7.186319,0.068369,1.612791,-0.147683
-0.033457,0.000000,-0.037157,10.311250,4.136099,-8.421024,1.198685,2.046546,-0.978005
-0.037157,0.000000,-0.033457,9.344946,4.329891,-9.206329,2.351159,2.386469,-2.293028
-0.040451,0.000000,-0.029389,7.956469,4.383590,-9.447502,3.296644,2.642899,-3.993535
-0.043301,0.000000,-0.025000,6.386249,4.347944,-9.142173,3.889613,2.838239,-5.954027
-0.045677,0.000000,-0.020337,4.856294,4.273329,-8.364382,4.067089,3.001802,-8.071640
-0.047553,0.000000,-0.015451,3.537377,4.201562,-7.235300,3.819859,3.164133,-10.296846
-0.048907,0.000000,-0.010396,2.538333,4.161772,-5.895294,3.152283,3.351907,-12.640935
-0.049726,0.000000,-0.005226,1.910464,4.169493,-4.487479,2.044954,3.584005,-15.164037
-0.050000,0.000000,0.000000,1.655769,4.227607,-3.155118,0.428355,3.868869,-17.950962
-0.049726,0.000000,0.005226,1.729178,4.327797,-2.048197,-1.829729,4.202900,-21.080820
-0.048907,0.000000,0.010396,2.029941,4.451665,-1.330270,-4.922334,4.569709,-24.593371
-0.047553,0.000000,0.015451,2.383817,4.571274,-1.175731,-9.085373,4.940222,-28.453605
-0.045677,0.000000,0.020337,2.524070,4.649559,-1.749602,-14.560598,5.274011,-32.517782
-0.043301,0.000000,0.025000,2.084323,4.641568,-3.166758,-21.537563,5.522344,-36.508712
-0.040451,0.000000,0.029389,0.618409,4.497824,-5.435221,-30.078308,5.633350,-40.012682
-0.037157,0.000000,0.033457,-2.340930,4.170931,-8.397767,-40.038293,5.559214,-42.511351
-0.033457,0.000000,0.037157,-7.183205,3.625737,-11.694461,-51.007234,5.264543,-43.455680
-0.029389,0.000000,0.040451,-14.096629,2.851893,-14.770932,-62.297961,4.734390,-42.375128
-0.025000,0.000000,0.043301,-22.952849,1.875825,-16.948551,-73.004346,3.980069,-38.998190
-0.020337,0.000000,0.045677,-33.242330,0.767793,-17.553079,-82.129694,3.041202,-33.348051
-0.015451,0.000000,0.047553,-44.096160,-0.360296,-16.073774,-88.760725,1.983266,-25.777894
-0.010396,0.000000,0.048907,-54.405901,-1.368717,-12.306711,-92.241111,0.890908,-16.927138
-0.005226,0.000000,0.049726,-63.019535,-2.114196,-6.434360,-92.293824,-0.141914,-7.606844
-0.000000,0.000000,0.050000,-68.962749,-2.479345,0.988448,-89.057233,-1.023607,1.352287
