far field @z=0.050000
freq=27000000000.000000
sampling point=1024
x,y,z,realEx,realEy,realEz,imgEx,imgEy,imgEz
-0.038750,-0.038750,0.015000,-1.061853,3.887966,4.176802,0.869448,-0.714371,-0.575988
-0.038750,-0.036250,0.015000,-1.630100,3.405231,2.669415,0.343924,2.321144,3.811924
-0.038750,-0.033750,0.015000,-2.075809,1.042331,-2.310316,-0.779787,4.154805,4.729971
-0.038750,-0.031250,0.015000,-1.608090,-1.819146,-6.081523,-2.484151,4.064107,0.582953
-0.038750,-0.028750,0.015000,0.343441,-3.971323,-4.684035,-3.825415,2.428908,-5.531212
-0.038750,-0.026250,0.015000,3.295414,-4.934169,1.680400,-3.525091,0.077195,-8.563407
-0.038750,-0.023750,0.015000,5.788898,-4.804215,8.990795,-1.029701,-2.342820,-5.567667
-0.038750,-0.021250,0.015000,6.313617,-3.830252,12.571132,2.948541,-4.527116,2.423608
-0.038750,-0.018750,0.015000,4.269512,-2.180814,10.096581,6.830667,-6.333142,11.621053
-0.038750,-0.016250,0.015000,0.247410,0.000644,2.406653,9.106573,-7.603747,18.148801
-0.038750,-0.013750,0.015000,-4.442715,2.458112,-7.734712,9.084676,-8.186118,20.025607
-0.038750,-0.011250,0.015000,-8.532961,4.803853,-17.496230,7.038148,-8.065437,17.528256
-0.038750,-0.008750,0.015000,-11.334572,6.632123,-25.194557,3.840331,-7.437778,12.367014
-0.038750,-0.006250,0.015000,-12.842294,7.648435,-30.502083,0.461233,-6.640923,6.605817
-0.038750,-0.003750,0.015000,-13.513849,7.716766,-33.972785,-2.359551,-5.991441,1.967331
-0.038750,-0.001250,0.015000,-13.945374,6.828210,-36.371363,-4.169352,-5.624620,-0.361049
-0.038750,0.001250,0.015000,-14.591302,5.067600,-38.113175,-4.679152,-5.406512,0.357083
-0.038750,0.003750,0.015000,-15.558144,2.649187,-38.919173,-3.624001,-4.951546,4.474176
-0.038750,0.006250,0.015000,-16.454633,0.020367,-37.724483,-0.760590,-3.769793,11.810807
-0.038750,0.008750,0.015000,-16.340630,-2.067030,-32.930658,3.904374,-1.553904,21.280100
-0.038750,0.011250,0.015000,-13.927851,-2.685195,-23.123850,9.690162,1.461498,30.511998
-0.038750,0.013750,0.015000,-8.207632,-1.173738,-8.229607,14.879464,4.280476,35.935620
-0.038750,0.016250,0.015000,0.548701,2.220218,9.330687,16.893552,5.376921,33.810686
-0.038750,0.018750,0.015000,9.965891,5.954889,24.390295,13.419232,3.536403,22.276920
-0.038750,0.021250,0.015000,15.877352,7.637652,30.644082,4.280640,-1.016268,3.567496
-0.038750,0.023750,0.015000,14.417738,5.460171,24.143624,-7.162364,-6.074030,-15.375174
-0.038750,0.026250,0.015000,5.161232,-0.133549,6.951018,-14.812671,-8.355261,-25.492672
-0.038750,0.028750,0.015000,-7.084659,-6.008516,-12.116932,-13.464607,-5.763376,-21.067458
-0.038750,0.031250,0.015000,-14.322212,-8.112680,-21.791034,-3.289392,0.537779,-4.734697
-0.038750,0.033750,0.015000,-11.061785,-4.641554,-16.090630,8.806439,6.293156,12.592694
-0.038750,0.036250,0.015000,0.460733,1.979684,0.204022,13.551798,7.166354,18.711053
-0.038750,0.038750,0.015000,10.897953,6.552058,14.090005,7.030064,2.487557,9.760269
-0.036250,-0.038750,0.015000,-1.046813,2.543823,3.340227,-0.640730,3.031103,2.612963
-0.036250,-0.036250,0.015000,-0.848744,-0.453567,-1.002584,-1.160622,4.147143,4.493609
-0.036250,-0.033750,0.015000,-0.231376,-3.340201,-4.964248,-1.986264,2.843377,1.250951
-0.036250,-0.031250,0.015000,1.387846,-4.606826,-3.990364,-2.441461,0.026788,-4.299055
-0.036250,-0.028750,0.015000,3.531153,-3.920228,1.848019,-1.384217,-2.857189,-6.675483
-0.036250,-0.026250,0.015000,4.675619,-1.881352,7.872488,1.506593,-4.798245,-2.863459
-0.036250,-0.023750,0.015000,3.418218,0.696156,8.882812,5.092919,-5.523796,5.156904
-0.036250,-0.021250,0.015000,-0.346217,3.276329,3.161310,7.412987,-5.200409,12.234656
-0.036250,-0.018750,0.015000,-5.257766,5.615466,-6.775036,6.976651,-4.045335,13.906711
-0.036250,-0.016250,0.015000,-9.358742,7.550607,-16.449344,3.641018,-2.209827,8.955686
-0.036250,-0.013750,0.015000,-11.215070,8.894339,-22.322465,-1.484752,0.104945,-0.709256
-0.036250,-0.011250,0.015000,-10.514175,9.518374,-23.291736,-6.832670,2.542251,-11.896568
-0.036250,-0.008750,0.015000,-7.932040,9.476296,-20.445457,-11.205239,4.636272,-21.978980
-0.036250,-0.006250,0.015000,-4.590460,9.005477,-15.934694,-14.168537,5.957561,-29.719294
-0.036250,-0.003750,0.015000,-1.552898,8.386462,-11.930379,-15.956820,6.232352,-35.073174
-0.036250,-0.001250,0.015000,0.397658,7.754729,-10.089805,-17.107437,5.383271,-38.488076
-0.036250,0.001250,0.015000,0.730184,6.980926,-11.423581,-18.058254,3.538297,-40.191230
-0.036250,0.003750,0.015000,-0.920145,5.700419,-16.241446,-18.825645,1.074197,-39.738802
-0.036250,0.006250,0.015000,-4.685622,3.528708,-23.940056,-18.815183,-1.317991,-35.963924
-0.036250,0.008750,0.015000,-10.147409,0.430443,-32.655889,-16.868322,-2.673809,-27.439812
-0.036250,0.011250,0.015000,-15.895556,-2.923081,-39.126821,-11.728096,-2.073471,-13.502465
-0.036250,0.013750,0.015000,-19.401337,-5.124751,-39.314945,-3.009257,0.737226,4.427081
-0.036250,0.016250,0.015000,-17.777585,-4.632479,-30.161972,7.674214,4.738606,22.000630
-0.036250,0.018750,0.015000,-9.606725,-0.924244,-12.063525,16.364483,7.660849,32.702905
-0.036250,0.021250,0.015000,3.032594,4.512906,9.485893,18.243729,7.104908,30.845009
-0.036250,0.023750,0.015000,14.229468,8.431230,25.137734,10.915748,2.399000,15.785730
-0.036250,0.026250,0.015000,17.121950,7.769291,26.597961,-2.544218,-4.188521,-5.570118
-0.036250,0.028750,0.015000,9.064904,2.241134,12.879743,-13.949058,-8.373216,-21.193136
-0.036250,0.031250,0.015000,-4.881964,-4.679085,-7.087981,-15.159833,-6.922029,-21.449850
-0.036250,0.033750,0.015000,-14.356027,-7.916141,-19.362188,-4.986879,-0.649646,-6.922745
-0.036250,0.036250,0.015000,-11.734050,-4.941440,-15.404396,8.455794,5.607656,10.635477
-0.036250,0.038750,0.015000,0.595424,1.667799,0.291111,13.724069,6.779847,17.053266
-0.033750,-0.038750,0.015000,0.332777,-1.269517,0.628699,-1.055510,3.685078,4.297635
-0.033750,-0.036250,0.015000,0.598120,-3.814001,-3.918322,-0.963635,1.645670,2.497404
-0.033750,-0.033750,0.015000,1.364923,-4.112578,-4.269313,-0.982138,-1.625725,-2.725071
-0.033750,-0.031250,0.015000,2.569181,-2.108156,0.625590,-0.021433,-4.205542,-5.652530
-0.033750,-0.028750,0.015000,2.832309,1.015801,6.133752,2.342893,-4.906256,-2.503070
-0.033750,-0.026250,0.015000,0.819353,3.871574,6.481252,4.885455,-3.713833,4.676894
-0.033750,-0.023750,0.015000,-3.229079,5.654941,0.110381,5.493313,-1.338468,9.882890
-0.033750,-0.021250,0.015000,-7.354840,6.233603,-9.160572,2.876673,1.472701,8.292360
-0.033750,-0.018750,0.015000,-9.187170,5.787994,-15.425500,-2.379641,4.270932,-0.275314
-0.033750,-0.016250,0.015000,-7.477184,4.507307,-14.861257,-8.217657,6.822348,-11.945633
-0.033750,-0.013750,0.015000,-2.686630,2.572264,-7.506196,-12.437153,8.920231,-21.937035
-0.033750,-0.011250,0.015000,3.570053,0.286028,3.809161,-13.862305,10.355888,-27.367682
-0.033750,-0.008750,0.015000,9.579571,-1.880880,15.689621,-12.667554,11.029727,-28.106081
-0.033750,-0.006250,0.015000,14.307597,-3.402934,25.782921,-9.952114,11.021856,-25.964264
-0.033750,-0.003750,0.015000,17.560528,-3.874434,33.124236,-7.082167,10.511171,-23.386846
-0.033750,-0.001250,0.015000,19.655387,-3.142991,37.575219,-5.236501,9.595157,-22.477568
-0.033750,0.001250,0.015000,20.903320,-1.387788,39.020986,-5.250718,8.158012,-24.514824
-0.033750,0.003750,0.015000,21.159327,0.827956,36.835120,-7.574638,5.922456,-29.692211
-0.033750,0.006250,0.015000,19.616634,2.569052,29.905221,-12.094679,2.733303,-36.843680
-0.033750,0.008750,0.015000,15.035797,2.748111,17.350729,-17.747647,-1.027920,-43.234855
-0.033750,0.011250,0.015000,6.573237,0.672922,-0.188614,-22.208402,-4.189079,-44.873971
-0.033750,0.013750,0.015000,-4.939821,-3.228195,-19.304650,-22.269111,-5.086962,-37.888376
-0.033750,0.016250,0.015000,-16.068836,-7.054696,-33.757663,-15.424248,-2.585349,-20.984821
-0.033750,0.018750,0.015000,-21.482218,-8.123279,-36.686803,-2.266084,2.659662,2.150901
-0.033750,0.021250,0.015000,-16.970894,-4.763819,-24.890473,12.078419,7.792785,22.706037
-0.033750,0.023750,0.015000,-3.423955,1.872658,-2.731862,19.691372,9.148619,30.574862
-0.033750,0.026250,0.015000,11.678285,7.773273,18.138774,15.105073,5.010722,21.134179
-0.033750,0.028750,0.015000,18.156423,8.629399,25.203473,0.679207,-2.368399,0.293050
-0.033750,0.031250,0.015000,11.002430,3.478358,14.424443,-13.264972,-7.769411,-17.638105
-0.033750,0.033750,0.015000,-4.191453,-3.832850,-5.180763,-15.757468,-7.020694,-19.935719
-0.033750,0.036250,0.015000,-14.591632,-7.402044,-17.583794,-4.918221,-0.852738,-6.177934
-0.033750,0.038750,0.015000,-11.192952,-4.424903,-13.174813,9.256301,5.293933,10.569968
-0.031250,-0.038750,0.015000,1.124442,-3.672902,-2.479376,0.195280,0.863597,3.775404
-0.031250,-0.036250,0.015000,0.738170,-3.296513,-4.715453,0.282507,-2.364794,-0.833894
-0.031250,-0.033750,0.015000,1.123746,-0.614808,-1.212517,0.483150,-4.327474,-4.983653
-0.031250,-0.031250,0.015000,1.245454,2.721404,4.429495,1.822155,-3.851617,-3.461500
-0.031250,-0.028750,0.015000,-0.437725,4.930589,5.734411,3.432934,-1.294467,2.833648
-0.031250,-0.026250,0.015000,-3.789254,5.139336,0.279731,3.147131,2.044111,7.608942
-0.031250,-0.023750,0.015000,-6.572276,3.540721,-7.750694,-0.271702,4.901404,5.369358
-0.031250,-0.021250,0.015000,-6.183149,0.862298,-11.405849,-5.670662,6.636049,-3.574336
-0.031250,-0.018750,0.015000,-1.755011,-2.221594,-6.743033,-10.174219,7.182013,-13.667522
-0.031250,-0.016250,0.015000,5.221337,-5.296494,4.722123,-11.180348,6.707558,-18.693737
-0.031250,-0.013750,0.015000,12.019722,-8.088686,18.019750,-7.922283,5.409298,-15.832467
-0.031250,-0.011250,0.015000,16.392642,-10.331496,28.466746,-1.571970,3.552736,-6.420611
-0.031250,-0.008750,0.015000,17.613326,-11.789079,34.077215,5.804640,1.569820,5.960610
-0.031250,-0.006250,0.015000,16.436284,-12.349211,35.669450,12.441338,0.018913,17.824732
-0.031250,-0.003750,0.015000,14.397538,-12.022034,35.569152,17.454109,-0.603475,26.960307
-0.031250,-0.001250,0.015000,13.081263,-10.819192,36.166308,20.686713,-0.087156,32.299185
-0.031250,0.001250,0.015000,13.659597,-8.652618,38.929280,22.141221,1.325414,33.181140
-0.031250,0.003750,0.015000,16.609294,-5.427182,43.833705,21.423021,2.883112,28.808098
-0.031250,0.006250,0.015000,21.377588,-1.372752,49.046957,17.576616,3.467362,18.395610
-0.031250,0.008750,0.015000,26.015056,2.581416,51.031103,9.603477,2.056144,2.141957
-0.031250,0.011250,0.015000,27.255948,4.810085,45.562191,-2.302270,-1.511919,-17.391207
-0.031250,0.013750,0.015000,21.752936,3.745125,29.991189,-15.395137,-5.889082,-34.545903
-0.031250,0.016250,0.015000,8.575193,-0.783184,6.091303,-24.250976,-8.429229,-41.860959
-0.031250,0.018750,0.015000,-8.418916,-6.587627,-18.528435,-23.167922,-6.704234,-33.953052
-0.031250,0.021250,0.015000,-20.947610,-9.807914,-32.836541,-10.625147,-0.657946,-12.333036
-0.031250,0.023750,0.015000,-21.000225,-7.491058,-28.943030,7.430568,6.411101,12.752525
-0.031250,0.026250,0.015000,-7.630801,-0.391905,-9.062390,19.611975,9.592095,26.935366
-0.031250,0.028750,0.015000,10.074628,6.728534,13.507943,17.066213,6.201038,21.619834
-0.031250,0.031250,0.015000,18.538250,8.474797,22.785286,1.730851,-1.404871,1.881843
-0.031250,0.033750,0.015000,11.026595,3.535301,12.917965,-13.542895,-7.154714,-15.947882
-0.031250,0.036250,0.015000,-5.302185,-3.684638,-5.978439,-15.484152,-6.373243,-17.461540
-0.031250,0.038750,0.015000,-15.036131,-6.757673,-16.321132,-3.016004,-0.208964,-3.236011
-0.028750,-0.038750,0.015000,0.025802,-2.606013,-4.531550,1.497828,-2.471809,1.388193
-0.028750,-0.036250,0.015000,-0.452863,0.232519,-3.193809,0.567771,-3.873051,-3.871353
-0.028750,-0.033750,0.015000,0.082175,3.269503,2.464452,0.571036,-2.666624,-4.717026
-0.028750,-0.031250,0.015000,-0.439191,4.594567,5.693548,1.630627,0.431068,0.442256
-0.028750,-0.028750,0.015000,-2.701555,3.469944,2.072771,1.556866,3.700898,5.958512
-0.028750,-0.026250,0.015000,-4.606134,0.495089,-5.230934,-1.349598,5.582202,5.108617
-0.028750,-0.023750,0.015000,-3.239916,-3.046441,-8.553175,-5.895159,5.429966,-2.643552
-0.028750,-0.021250,0.015000,2.118912,-6.018303,-3.250160,-8.627370,3.518538,-10.961777
-0.028750,-0.018750,0.015000,9.051957,-7.862457,8.227949,-6.664899,0.543434,-12.397252
-0.028750,-0.016250,0.015000,13.757065,-8.519999,18.836013,0.086250,-2.852217,-4.300841
-0.028750,-0.013750,0.015000,13.650201,-8.157958,22.514718,9.072421,-6.215877,10.119344
-0.028750,-0.011250,0.015000,8.686469,-7.034627,17.727667,17.016791,-9.184605,25.150619
-0.028750,-0.008750,0.015000,0.820185,-5.535568,7.095973,21.863920,-11.404697,36.559076
-0.028750,-0.006250,0.015000,-7.466112,-4.185637,-5.146698,23.515227,-12.569768,43.328880
-0.028750,-0.003750,0.015000,-14.316106,-3.493828,-15.345479,23.348390,-12.476323,46.967703
-0.028750,-0.001250,0.015000,-18.744481,-3.675007,-21.129061,23.228417,-11.009385,49.752505
-0.028750,0.001250,0.015000,-20.172708,-4.406510,-21.055382,24.609636,-8.136264,53.134170
-0.028750,0.003750,0.015000,-17.871116,-4.792710,-14.219945,27.865109,-4.065784,56.746355
-0.028750,0.006250,0.015000,-10.946254,-3.692686,-0.582632,31.771438,0.425280,58.104798
-0.028750,0.008750,0.015000,0.761778,-0.457671,17.925963,33.360320,3.809661,53.253226
-0.028750,0.011250,0.015000,15.163077,4.207669,36.325537,28.794877,4.254948,38.723890
-0.028750,0.013750,0.015000,27.046554,7.984043,47.021517,15.764515,0.855539,14.561260
-0.028750,0.016250,0.015000,29.614600,8.007855,42.961856,-3.447659,-5.036711,-13.239282
-0.028750,0.018750,0.015000,18.940138,3.092923,22.813011,-20.876994,-9.762440,-33.581946
-0.028750,0.021250,0.015000,-1.225177,-4.493805,-5.365738,-26.477887,-9.461197,-35.977657
-0.028750,0.023750,0.015000,-19.226852,-9.755601,-26.497558,-15.699193,-3.309339,-18.699816
-0.028750,0.026250,0.015000,-22.687910,-8.546293,-27.936851,4.719495,4.914373,7.167148
-0.028750,0.028750,0.015000,-9.029282,-1.423872,-10.031410,19.609239,9.146310,23.588721
-0.028750,0.031250,0.015000,10.365767,6.046828,12.153252,17.204332,6.085355,19.292893
-0.028750,0.033750,0.015000,18.676031,7.745706,20.323835,0.358978,-1.463607,0.052283
-0.028750,0.036250,0.015000,9.063030,2.628158,9.181165,-14.825934,-6.708523,-15.676082
-0.028750,0.038750,0.015000,-8.061525,-4.075064,-8.477895,-14.028131,-5.149179,-13.914857
-0.026250,-0.038750,0.015000,-2.022265,0.552914,-4.660623,0.896418,-3.330378,-1.749630
-0.026250,-0.036250,0.015000,-1.064896,3.160038,-0.100214,-0.841920,-1.799266,-5.304127
-0.026250,-0.033750,0.015000,0.158831,3.759805,5.165973,-0.278663,1.261916,-2.226727
-0.026250,-0.031250,0.015000,-0.757960,1.922994,4.279381,0.734830,3.936877,4.160573
-0.026250,-0.028750,0.015000,-2.562516,-1.388028,-2.375630,-0.669333,4.697175,5.968242
-0.026250,-0.026250,0.015000,-1.776016,-4.574992,-7.180003,-4.195831,3.103514,0.137360
-0.026250,-0.023750,0.015000,2.977771,-6.281512,-3.710662,-6.104736,-0.202616,-7.694087
-0.026250,-0.021250,0.015000,8.887170,-5.944994,6.253848,-2.930577,-4.031261,-8.855569
-0.026250,-0.018750,0.015000,11.159314,-3.812309,14.332101,5.018571,-7.308622,-0.056198
-0.026250,-0.016250,0.015000,6.942682,-0.556356,13.026602,13.737194,-9.464827,14.010683
-0.026250,-0.013750,0.015000,-2.735058,3.123610,1.259582,18.582963,-10.417668,25.170622
-0.026250,-0.011250,0.015000,-14.183750,6.648564,-16.211263,17.296351,-10.369081,27.976969
-0.026250,-0.008750,0.015000,-23.766718,9.508313,-33.277305,10.798417,-9.671493,22.394149
-0.026250,-0.006250,0.015000,-29.851890,11.216432,-46.302866,1.930264,-8.777574,12.325046
-0.026250,-0.003750,0.015000,-33.028710,11.358081,-54.940000,-6.296222,-8.113696,2.668228
-0.026250,-0.001250,0.015000,-35.051462,9.690611,-60.588439,-11.641698,-7.811365,-2.642942
-0.026250,0.001250,0.015000,-37.416260,6.293858,-64.263463,-12.596862,-7.452955,-1.177733
-0.026250,0.003750,0.015000,-40.159872,1.813888,-65.136854,-8.066559,-6.118050,7.923719
-0.026250,0.006250,0.015000,-41.210316,-2.321735,-60.350528,2.321666,-2.940706,23.420832
-0.026250,0.008750,0.015000,-36.813724,-4.124909,-46.434991,16.968730,1.948780,41.044706
-0.026250,0.011250,0.015000,-23.669457,-2.073840,-22.241622,31.000066,6.748884,53.400534
-0.026250,0.013750,0.015000,-2.437765,3.382215,7.895093,36.887101,8.504016,52.313782
-0.026250,0.016250,0.015000,19.782930,9.120937,33.491128,28.475448,5.120289,33.884742
-0.026250,0.018750,0.015000,31.547141,10.784418,42.285323,6.886293,-2.315111,3.524823
-0.026250,0.021250,0.015000,24.713389,6.086031,28.790144,-16.877438,-9.194976,-24.062909
-0.026250,0.023750,0.015000,2.778462,-2.550048,1.017772,-27.508506,-10.320734,-33.034945
-0.026250,0.026250,0.015000,-18.642739,-8.996591,-22.239238,-17.391472,-4.366464,-18.727193
-0.026250,0.028750,0.015000,-22.954462,-8.244755,-24.774516,4.989729,4.199401,6.422201
-0.026250,0.031250,0.015000,-7.482421,-1.134487,-7.048357,20.311128,8.393334,21.450612
-0.026250,0.033750,0.015000,12.641208,5.885508,13.226023,15.451196,4.968964,14.981927
-0.026250,0.036250,0.015000,18.126869,6.585821,17.293523,-3.389419,-2.314229,-4.040256
-0.026250,0.038750,0.015000,4.846553,1.019000,3.644557,-16.367993,-6.235248,-15.427376
-0.023750,-0.038750,0.015000,-2.729049,2.861956,-2.920302,-1.745665,-1.347210,-4.294688
-0.023750,-0.036250,0.015000,0.435177,2.998678,3.224588,-2.404570,1.516110,-4.578837
-0.023750,-0.033750,0.015000,1.502305,0.894966,5.821705,-0.079243,3.520682,1.417837
-0.023750,-0.031250,0.015000,-0.479933,-2.102270,0.918992,0.883276,3.420914,6.299595
-0.023750,-0.028750,0.015000,-1.593831,-4.377305,-5.836334,-1.530827,1.217102,3.415982
-0.023750,-0.026250,0.015000,1.438485,-4.773703,-5.769624,-3.981523,-2.176241,-4.499492
-0.023750,-0.023750,0.015000,6.547535,-2.918089,2.305439,-1.711043,-5.404952,-8.007619
-0.023750,-0.021250,0.015000,7.978510,0.700578,10.170678,5.675381,-7.203229,-1.494582
-0.023750,-0.018750,0.015000,2.033936,4.990798,8.508175,13.142126,-6.912545,10.644432
-0.023750,-0.016250,0.015000,-9.376609,8.822212,-4.267471,14.500687,-4.689133,18.167788
-0.023750,-0.013750,0.015000,-20.400180,11.517343,-21.301321,7.288237,-1.260672,13.911946
-0.023750,-0.011250,0.015000,-25.738235,12.958764,-33.734626,-6.035912,2.489183,-1.495044
-0.023750,-0.008750,0.015000,-23.825440,13.393300,-37.150762,-20.639337,5.757242,-21.925383
-0.023750,-0.006250,0.015000,-16.856437,13.187956,-33.164013,-32.688843,7.843778,-41.001098
-0.023750,-0.003750,0.015000,-8.806859,12.619887,-26.892064,-40.972946,8.169308,-55.327391
-0.023750,-0.001250,0.015000,-3.506912,11.651363,-23.647414,-46.284344,6.440260,-64.219683
-0.023750,0.001250,0.015000,-3.732658,9.787922,-26.865241,-49.581687,2.955742,-67.547188
-0.023750,0.003750,0.015000,-10.816702,6.315391,-37.101501,-50.231568,-1.099815,-63.964061
-0.023750,0.006250,0.015000,-23.827332,1.074202,-51.332870,-45.425429,-3.719378,-50.973903
-0.023750,0.008750,0.015000,-38.321368,-4.641691,-62.804367,-31.660507,-2.903921,-27.174862
-0.023750,0.011250,0.015000,-46.330006,-8.047312,-62.814787,-8.342755,1.790325,4.321484
-0.023750,0.013750,0.015000,-39.753694,-6.445584,-45.405799,18.538593,8.032943,33.950159
-0.023750,0.016250,0.015000,-16.895602,0.226058,-13.248313,36.740754,11.406281,48.475144
-0.023750,0.018750,0.015000,12.664232,8.110307,20.196451,34.806475,8.449962,39.177843
-0.023750,0.021250,0.015000,31.436326,11.440932,36.938817,12.410267,0.064496,10.586280
-0.023750,0.023750,0.015000,26.610670,7.145693,27.541508,-15.477310,-8.116938,-18.921258
-0.023750,0.026250,0.015000,2.564225,-1.827511,0.860839,-27.912904,-9.834445,-29.051306
-0.023750,0.028750,0.015000,-20.077170,-8.277229,-20.771835,-15.791200,-3.842311,-14.509077
-0.023750,0.031250,0.015000,-21.755714,-6.993076,-20.185889,8.386572,4.389304,9.169279
-0.023750,0.033750,0.015000,-2.856473,0.174141,-1.332632,21.142516,7.435066,19.445497
-0.023750,0.036250,0.015000,16.091704,5.935229,14.878153,11.152635,3.081516,8.681699
-0.023750,0.038750,0.015000,15.641821,4.891634,12.517471,-8.960290,-3.499081,-8.813753
-0.021250,-0.038750,0.015000,-0.662853,2.614945,-0.179012,-4.497718,1.475393,-5.342843
-0.021250,-0.036250,0.015000,3.379619,0.368007,5.451870,-1.874819,3.087685,-2.121324
-0.021250,-0.033750,0.015000,2.168674,-2.238490,4.225587,2.118552,2.388638,4.744368
-0.021250,-0.031250,0.015000,-1.473718,-3.548799,-3.102841,1.714570,0.052764,6.087391
-0.021250,-0.028750,0.015000,-1.385248,-2.994985,-7.249702,-1.969299,-2.660648,-0.667777
-0.021250,-0.026250,0.015000,3.165313,-0.716007,-2.171534,-2.540003,-4.657662,-7.442451
-0.021250,-0.023750,0.015000,5.976830,2.734108,6.759254,3.089713,-5.016750,-5.102934
-0.021250,-0.021250,0.015000,1.140756,6.285426,8.427756,10.130083,-3.127486,5.256618
-0.021250,-0.018750,0.015000,-9.955471,8.568190,-1.595622,10.435844,0.835050,12.772419
-0.021250,-0.016250,0.015000,-19.401935,8.649156,-16.153883,0.453981,5.804824,7.717942
-0.021250,-0.013750,0.015000,-19.582409,6.595140,-23.366978,-15.743538,10.428478,-9.672118
-0.021250,-0.011250,0.015000,-8.780779,3.327536,-16.692338,-30.286684,13.812577,-30.655477
-0.021250,-0.008750,0.015000,8.822087,0.051933,1.459410,-37.506628,15.751952,-46.151901
-0.021250,-0.006250,0.015000,27.144659,-2.177160,23.561676,-36.982395,16.421739,-53.021509
-0.021250,-0.003750,0.015000,41.904058,-2.638038,42.530426,-32.549505,15.938829,-54.305644
-0.021250,-0.001250,0.015000,51.440996,-1.137011,54.139683,-29.440714,14.102155,-55.489965
-0.021250,0.001250,0.015000,55.089467,1.656240,56.121535,-31.735920,10.467773,-60.507926
-0.021250,0.003750,0.015000,51.211582,4.039345,46.716996,-40.568366,4.887849,-69.266782
-0.021250,0.006250,0.015000,37.111684,3.826389,25.121790,-52.720688,-1.634334,-76.903698
-0.021250,0.008750,0.015000,11.884684,-0.178625,-5.898609,-60.336304,-6.549707,-75.220591
-0.021250,0.011250,0.015000,-19.261533,-6.577756,-37.481253,-53.836991,-6.825300,-57.072568
-0.021250,0.013750,0.015000,-43.598452,-11.308616,-55.958956,-28.816261,-1.407984,-22.749664
-0.021250,0.016250,0.015000,-46.742353,-10.162272,-50.109012,7.063051,6.799870,16.029907
-0.021250,0.018750,0.015000,-24.331647,-2.577349,-21.040477,34.878150,11.943807,40.211354
-0.021250,0.021250,0.015000,10.144697,6.725959,14.151014,36.800072,9.530809,36.309019
-0.021250,0.023750,0.015000,31.988437,10.786108,32.140805,12.282845,0.786840,9.219555
-0.021250,0.026250,0.015000,25.108906,6.401029,22.015528,-17.849272,-7.478067,-18.492177
-0.021250,0.028750,0.015000,-2.078160,-2.408617,-3.874062,-27.693358,-8.528004,-24.521012
-0.021250,0.031250,0.015000,-22.830913,-7.644612,-20.312029,-10.480356,-2.111030,-7.206924
-0.021250,0.033750,0.015000,-17.903284,-4.957643,-13.509192,14.142296,5.054995,13.116475
-0.021250,0.036250,0.015000,4.667701,2.007648,5.597196,20.279609,5.993115,15.585313
-0.021250,0.038750,0.015000,18.722685,5.610946,14.643029,3.598771,0.665118,0.765102
-0.018750,-0.038750,0.015000,3.483618,0.385253,2.436065,-5.008621,2.912306,-4.824258
-0.018750,-0.036250,0.015000,5.395564,-2.236784,5.928885,1.469717,1.934974,0.939926
-0.018750,-0.033750,0.015000,0.222526,-2.925175,1.158459,4.918386,-0.587886,6.532675
-0.018750,-0.031250,0.015000,-4.039028,-1.617393,-6.275112,1.118537,-2.613896,3.668408
-0.018750,-0.028750,0.015000,-1.217072,0.562407,-6.156640,-3.601794,-3.288502,-4.900587
-0.018750,-0.026250,0.015000,4.373316,2.871385,2.463238,-1.411003,-2.659406,-8.052058
-0.018750,-0.023750,0.015000,3.463620,4.885354,8.991525,6.039690,-0.608784,-0.616158
-0.018750,-0.021250,0.015000,-6.088134,5.672095,4.020565,8.784339,2.979623,9.180118
-0.018750,-0.018750,0.015000,-15.648322,4.043437,-8.832078,-0.110049,7.286021,8.560293
-0.018750,-0.016250,0.015000,-14.177083,-0.250233,-15.974927,-16.613668,10.593354,-5.628292
-0.018750,-0.013750,0.015000,1.461816,-6.017437,-7.260565,-29.237925,11.536941,-23.554862
-0.018750,-0.011250,0.015000,24.588827,-11.454755,15.456960,-28.868269,10.143692,-31.973996
-0.018750,-0.008750,0.015000,45.245333,-15.275253,41.937339,-14.902497,7.656352,-25.214933
-0.018750,-0.006250,0.015000,57.678430,-17.014984,63.058399,6.260219,5.588036,-7.673855
-0.018750,-0.003750,0.015000,62.820338,-16.566273,76.396180,26.554640,4.906184,11.292562
-0.018750,-0.001250,0.015000,65.662719,-13.749981,84.721074,39.908445,5.611996,23.148834
-0.018750,0.001250,0.015000,70.687162,-8.520985,90.923739,42.444531,6.582945,22.582340
-0.018750,0.003750,0.015000,77.981599,-1.737486,93.947247,31.487646,5.884317,7.775657
-0.018750,0.006250,0.015000,81.580297,4.244726,88.205423,6.573204,1.965203,-18.711170
-0.018750,0.008750,0.015000,71.741539,6.211420,67.143948,-26.968766,-4.606724,-48.308858
-0.018750,0.011250,0.015000,42.123099,2.308464,29.806571,-55.655619,-10.413836,-67.136355
-0.018750,0.013750,0.015000,-1.479972,-5.588520,-13.722467,-62.431997,-10.989867,-62.226251
-0.018750,0.016250,0.015000,-39.241027,-11.958022,-44.219976,-39.019350,-4.600240,-31.761520
-0.018750,0.018750,0.015000,-48.754966,-11.350916,-45.272758,2.977311,5.153806,8.897172
-0.018750,0.021250,0.015000,-24.309160,-3.321023,-18.133837,35.599766,11.154946,34.524150
-0.018750,0.023750,0.015000,13.747878,6.191606,15.130264,35.564548,8.594354,29.338128
-0.018750,0.026250,0.015000,33.277665,9.493001,27.982354,6.216533,-0.196354,2.158725
-0.018750,0.028750,0.015000,19.353000,4.302039,13.164510,-23.183404,-7.262889,-20.082717
-0.018750,0.031250,0.015000,-10.581614,-3.738397,-10.466132,-24.930155,-6.475585,-17.858031
-0.018750,0.033750,0.015000,-24.403902,-6.610927,-17.884087,-0.975595,0.325572,1.908510
-0.018750,0.036250,0.015000,-9.691280,-2.238558,-4.447651,19.916567,5.423100,15.114672
-0.018750,0.038750,0.015000,13.470307,3.623237,11.059264,15.050859,3.749143,8.440849
-0.016250,-0.038750,0.015000,7.516373,-2.007752,4.169353,-2.299209,2.205964,-3.366308
-0.016250,-0.036250,0.015000,4.421544,-2.883604,4.928948,6.170563,-0.663522,3.464499
-0.016250,-0.033750,0.015000,-4.257977,-1.008912,-2.061446,5.769904,-2.694612,6.448845
-0.016250,-0.031250,0.015000,-6.216806,1.380448,-7.569655,-2.325674,-2.387720,0.141895
-0.016250,-0.028750,0.015000,0.957193,2.566662,-3.030979,-6.117270,-0.821034,-7.816528
-0.016250,-0.026250,0.015000,6.384112,2.810636,6.772037,0.282857,0.788295,-6.158267
-0.016250,-0.023750,0.015000,0.700028,2.613310,8.827565,8.028931,2.668044,4.389422
-0.016250,-0.021250,0.015000,-10.779361,1.138259,-1.151599,4.390822,5.159992,10.598866
-0.016250,-0.018750,0.015000,-13.100615,-2.706278,-11.950252,-11.088323,7.021214,2.655656
-0.016250,-0.016250,0.015000,1.874159,-8.281351,-8.847026,-24.593348,6.148738,-13.366092
-0.016250,-0.013750,0.015000,26.778550,-13.264925,10.467736,-21.315126,1.814747,-21.057282
-0.016250,-0.011250,0.015000,45.848695,-15.698327,34.000629,1.566824,-4.438756,-9.526592
-0.016250,-0.008750,0.015000,48.375763,-15.535483,47.561775,34.514638,-10.055814,18.194976
-0.016250,-0.006250,0.015000,35.420782,-14.201058,46.566176,65.211622,-13.126889,50.450077
-0.016250,-0.003750,0.015000,16.677936,-13.009170,37.409711,87.189437,-12.893428,77.077581
-0.016250,-0.001250,0.015000,3.582746,-11.999196,30.837559,100.795927,-9.431408,93.838843
-0.016250,0.001250,0.015000,4.532968,-9.912408,34.843919,108.034901,-3.648807,99.671379
-0.016250,0.003750,0.015000,22.468807,-5.291102,50.721063,106.920216,2.277435,92.460510
-0.016250,0.006250,0.015000,52.425294,1.778199,71.759842,90.533032,5.142952,68.834200
-0.016250,0.008750,0.015000,79.938868,8.542621,84.704140,53.087701,2.536505,28.984005
-0.016250,0.011250,0.015000,85.421127,10.683810,75.869366,-0.104918,-4.658682,-17.467849
-0.016250,0.013750,0.015000,57.113017,5.731703,41.444686,-48.137395,-11.605305,-51.507011
-0.016250,0.016250,0.015000,4.914206,-3.800746,-4.946315,-64.582094,-12.464549,-55.126802
-0.016250,0.018750,0.015000,-40.185252,-11.098575,-37.333833,-39.087972,-5.426771,-26.959231
-0.016250,0.021250,0.015000,-47.918905,-10.261214,-36.504860,8.308575,4.709096,11.617914
-0.016250,0.023750,0.015000,-16.439920,-1.956288,-8.294910,39.075662,9.904038,30.910234
-0.016250,0.026250,0.015000,22.553154,6.430006,19.231165,29.560606,6.180480,18.846664
-0.016250,0.028750,0.015000,32.345467,7.521970,21.614889,-5.651795,-2.188730,-7.423789
-0.016250,0.031250,0.015000,7.776869,1.338608,1.817726,-28.150376,-6.737974,-19.500387
-0.016250,0.033750,0.015000,-20.329453,-4.843758,-15.015109,-16.464879,-3.591218,-7.861465
-0.016250,0.036250,0.015000,-20.638918,-4.595664,-11.054507,11.436112,2.653046,9.853662
-0.016250,0.038750,0.015000,3.106788,0.666433,4.987943,21.195332,4.639195,12.067461
-0.013750,-0.038750,0.015000,9.362509,-3.106518,4.917362,2.764784,0.139983,-1.793250
-0.013750,-0.036250,0.015000,0.204934,-1.448387,3.313271,9.800175,-2.750436,4.903106
-0.013750,-0.033750,0.015000,-9.209875,1.688599,-4.373165,3.127108,-2.494820,5.113257
-0.013750,-0.031250,0.015000,-5.551419,2.787497,-7.020172,-7.760675,0.076640,-3.063644
-0.013750,-0.028750,0.015000,5.933465,1.508435,0.758103,-7.223655,1.898326,-8.649419
-0.013750,-0.026250,0.015000,8.417684,0.119196,9.405301,4.342818,2.038625,-2.527730
-0.013750,-0.023750,0.015000,-3.130451,-0.466468,6.338224,10.150961,2.161341,8.683686
-0.013750,-0.021250,0.015000,-13.697487,-1.912238,-6.336149,-0.918415,3.037970,9.834658
-0.013750,-0.018750,0.015000,-5.869365,-5.442491,-12.565114,-18.547535,2.652258,-2.956354
-0.013750,-0.016250,0.015000,18.870730,-9.253592,-1.398237,-20.916563,-1.371908,-15.568698
-0.013750,-0.013750,0.015000,40.103476,-10.048078,19.386406,2.447825,-8.526123,-10.635344
-0.013750,-0.011250,0.015000,37.780928,-6.594527,30.770009,40.888588,-15.609680,14.568239
-0.013750,-0.008750,0.015000,8.731234,-0.980511,20.750532,73.948349,-19.753828,47.031813
-0.013750,-0.006250,0.015000,-34.196731,3.348678,-6.718787,89.156172,-20.440995,71.970963
-0.013750,-0.003750,0.015000,-74.404081,4.156227,-37.724847,89.403955,-18.682698,84.943449
-0.013750,-0.001250,0.015000,-100.719373,1.477440,-58.851199,87.202113,-15.096358,91.583395
-0.013750,0.001250,0.015000,-107.276231,-2.625712,-62.033953,93.820054,-9.381434,98.795743
-0.013750,0.003750,0.015000,-89.680215,-4.934251,-44.330811,110.597965,-1.688981,106.696009
-0.013750,0.006250,0.015000,-46.121598,-2.751566,-8.418218,125.698343,5.788883,106.870602
-0.013750,0.008750,0.015000,15.020808,3.820107,34.669764,119.149575,9.164897,87.961772
-0.013750,0.011250,0.015000,69.975076,10.841198,65.759655,77.411140,5.690950,46.243820
-0.013750,0.013750,0.015000,88.549617,12.692966,66.506727,9.845336,-3.015493,-5.767507
-0.013750,0.016250,0.015000,57.173935,6.745722,34.437537,-49.409914,-10.791439,-42.555184
-0.013750,0.018750,0.015000,-3.072832,-3.366300,-9.553578,-64.058395,-11.272316,-43.700143
-0.013750,0.021250,0.015000,-46.703516,-9.841940,-34.031190,-28.482933,-3.746925,-13.637003
-0.013750,0.023750,0.015000,-41.576633,-7.559116,-23.912628,21.941462,5.343326,18.563508
-0.013750,0.026250,0.015000,-0.127181,0.636416,4.682960,40.749786,8.036822,24.812970
-0.013750,0.028750,0.015000,32.086084,6.420092,20.691693,15.519014,2.781097,5.076015
-0.013750,0.031250,0.015000,23.893233,4.580552,10.705067,-20.455863,-3.987095,-14.706242
-0.013750,0.033750,0.015000,-8.959298,-1.595273,-8.671055,-26.523756,-5.037105,-13.101352
-0.013750,0.036250,0.015000,-25.108308,-4.602878,-13.279027,-0.776103,-0.330430,3.446983
-0.013750,0.038750,0.015000,-8.117338,-1.663220,-0.664714,21.209190,3.691809,12.083427
-0.011250,-0.038750,0.015000,8.251799,-2.605355,5.067055,8.335554,-1.963170,-0.671289
-0.011250,-0.036250,0.015000,-5.807236,0.881372,1.934991,10.660836,-3.221698,5.411658
-0.011250,-0.033750,0.015000,-12.243231,3.295664,-5.487513,-2.524420,-0.476058,3.565478
-0.011250,-0.031250,0.015000,-1.161188,1.780313,-5.576041,-12.757972,2.631755,-5.046879
-0.011250,-0.028750,0.015000,12.210738,-1.263620,3.747645,-4.804902,2.504621,-7.828270
-0.011250,-0.026250,0.015000,8.117738,-2.092139,9.910747,10.949014,0.304476,1.248927
-0.011250,-0.023750,0.015000,-9.486253,-0.965706,2.544128,11.403738,-0.449145,11.088561
-0.011250,-0.021250,0.015000,-15.914873,-1.258646,-10.541571,-7.680426,0.538718,7.152945
-0.011250,-0.018750,0.015000,3.088526,-3.964510,-11.576399,-23.155115,-0.275704,-8.040389
-0.011250,-0.016250,0.015000,31.397038,-5.566608,4.295595,-10.221700,-5.241989,-15.526546
-0.011250,-0.013750,0.015000,37.566421,-2.122044,20.906922,29.145608,-11.941998,-1.598732
-0.011250,-0.011250,0.015000,5.776529,5.999425,17.494511,67.330921,-15.686486,26.424341
-0.011250,-0.008750,0.015000,-51.700669,14.420421,-10.984724,77.392425,-14.528581,48.240505
-0.011250,-0.006250,0.015000,-109.454300,18.859991,-51.802281,54.934541,-10.749163,50.820253
-0.011250,-0.003750,0.015000,-150.817677,17.907345,-88.393319,17.492672,-7.867931,38.499066
-0.011250,-0.001250,0.015000,-174.847001,12.521881,-111.918072,-10.564342,-7.090676,26.440627
-0.011250,0.001250,0.015000,-186.412650,4.644756,-120.461000,-11.244213,-6.563158,27.997602
-0.011250,0.003750,0.015000,-183.093812,-2.997332,-112.220009,20.715958,-3.502868,46.385159
-0.011250,0.006250,0.015000,-152.995984,-6.932161,-83.663849,74.035299,2.812797,72.568251
-0.011250,0.008750,0.015000,-87.624425,-4.631764,-35.887588,120.467371,9.556814,88.589105
-0.011250,0.011250,0.015000,0.008897,2.855878,17.601749,126.314128,11.896298,77.447080
-0.011250,0.013750,0.015000,71.701074,10.276989,52.684445,77.146171,7.030989,37.237589
-0.011250,0.016250,0.015000,87.377185,11.499320,50.569631,-2.486905,-2.404111,-11.627825
-0.011250,0.018750,0.015000,41.523628,4.926452,16.604667,-59.786363,-9.365200,-38.285375
-0.011250,0.021250,0.015000,-23.715661,-4.171901,-19.246404,-56.307492,-8.284804,-27.776979
-0.011250,0.023750,0.015000,-51.505543,-7.979911,-27.486720,-5.592832,-0.722253,3.211250
-0.011250,0.026250,0.015000,-23.839418,-3.834567,-7.210640,37.479546,5.707149,21.807691
-0.011250,0.028750,0.015000,21.305489,2.956043,14.649203,32.075710,5.096625,12.620407
-0.011250,0.031250,0.015000,33.050880,5.025965,14.458567,-6.773613,-0.569100,-7.960595
-0.011250,0.033750,0.015000,4.567679,1.143453,-2.493382,-29.503166,-4.206437,-14.054602
-0.011250,0.036250,0.015000,-23.582321,-3.085651,-12.389094,-12.438164,-2.175880,-1.605346
-0.011250,0.038750,0.015000,-17.169316,-2.652153,-4.448649,16.783333,1.945165,10.116460
-0.008750,-0.038750,0.015000,4.797203,-1.103535,5.131583,12.805239,-3.196838,-0.165713
-0.008750,-0.036250,0.015000,-11.672970,2.804144,1.248635,8.601333,-2.203730,5.529334
-0.008750,-0.033750,0.015000,-12.215283,3.153310,-5.798996,-9.332063,1.934283,2.626444
-0.008750,-0.031250,0.015000,5.805714,-0.642883,-4.391635,-15.233534,3.679156,-5.794667
-0.008750,-0.028750,0.015000,17.288790,-3.510629,5.242425,1.289257,0.809929,-6.592269
-0.008750,-0.026250,0.015000,3.915061,-1.911776,9.110803,18.199731,-2.566365,3.723013
-0.008750,-0.023750,0.015000,-18.069793,1.259376,-0.769449,9.679767,-2.042048,11.481928
-0.008750,-0.021250,0.015000,-16.601681,1.047552,-12.778356,-16.997578,0.712814,3.807515
-0.008750,-0.018750,0.015000,13.748241,-2.202119,-9.439536,-26.372067,0.264477,-11.913714
-0.008750,-0.016250,0.015000,40.114202,-2.787092,8.590248,3.083316,-4.894132,-14.927677
-0.008750,-0.013750,0.015000,25.259219,3.161536,20.358479,51.220060,-9.809457,3.354127
-0.008750,-0.011250,0.015000,-33.777503,12.842433,7.340260,74.613964,-8.807515,27.707825
-0.008750,-0.008750,0.015000,-104.828216,19.972105,-27.450625,47.410158,-1.890336,34.873641
-0.008750,-0.006250,0.015000,-153.275055,21.107409,-65.120266,-19.477218,5.580103,16.399612
-0.008750,-0.003750,0.015000,-170.543141,17.507468,-90.768530,-93.260783,8.338789,-15.997074
-0.008750,-0.001250,0.015000,-173.570966,11.888098,-103.793188,-143.957070,5.370342,-42.659135
-0.008750,0.001250,0.015000,-182.861423,5.388370,-111.003958,-154.482230,-0.221932,-49.106017
-0.008750,0.003750,0.015000,-201.034595,-1.803352,-114.214957,-118.094726,-3.895239,-30.778888
-0.008750,0.006250,0.015000,-207.237712,-8.134692,-105.883410,-39.682524,-2.567419,6.561723
-0.008750,0.008750,0.015000,-172.091471,-10.417969,-76.484044,55.542529,3.330104,46.716510
-0.008750,0.011250,0.015000,-86.303349,-6.491177,-27.604234,122.465729,9.628789,67.443353
-0.008750,0.013750,0.015000,18.911303,1.742212,21.377131,120.713939,11.020549,53.995937
-0.008750,0.016250,0.015000,85.219382,8.447678,43.757868,51.185844,5.535121,14.222980
-0.008750,0.018750,0.015000,74.273076,8.331074,28.898010,-33.241512,-2.887593,-22.504131
-0.008750,0.021250,0.015000,7.841866,1.874011,-4.293667,-66.868282,-7.303225,-29.181901
-0.008750,0.023750,0.015000,-46.700156,-4.569559,-23.002868,-31.664185,-4.453392,-7.254006
-0.008750,0.026250,0.015000,-41.008177,-5.087636,-13.012882,24.789127,1.751317,15.258314
-0.008750,0.028750,0.015000,6.231170,-0.403014,8.188436,40.752544,4.523328,14.839546
-0.008750,0.031250,0.015000,35.128871,3.429490,14.321507,7.410230,1.742719,-2.540399
-0.008750,0.033750,0.015000,16.274009,2.392171,1.614155,-27.105764,-2.238528,-12.551652
-0.008750,0.036250,0.015000,-18.536787,-1.174229,-10.216048,-21.151268,-2.550598,-4.454564
-0.008750,0.038750,0.015000,-22.971607,-2.401352,-6.223139,10.475660,0.323485,7.724905
-0.006250,-0.038750,0.015000,0.310213,0.570321,5.470209,15.508599,-3.376748,-0.179962
-0.006250,-0.036250,0.015000,-16.099808,3.679635,1.304221,4.696167,-0.501712,5.765160
-0.006250,-0.033750,0.015000,-9.607093,1.755596,-5.919949,-15.455252,3.591364,2.624287
-0.006250,-0.031250,0.015000,13.283338,-2.987322,-4.207787,-14.729908,3.022168,-5.868179
-0.006250,-0.028750,0.015000,19.637768,-4.028975,5.456766,9.364449,-1.830862,-6.139355
-0.006250,-0.026250,0.015000,-3.577696,0.279924,8.459346,23.845070,-4.450718,4.381483
-0.006250,-0.023750,0.015000,-26.893275,4.092154,-2.149777,4.183438,-1.226085,11.007431
-0.006250,-0.021250,0.015000,-14.345495,2.086723,-13.160450,-28.292846,3.232769,1.800681
-0.006250,-0.018750,0.015000,26.746788,-2.868506,-7.635301,-28.197548,2.192075,-13.648237
-0.006250,-0.016250,0.015000,47.484679,-3.051552,10.997232,17.665012,-3.896262,-14.417508
-0.006250,-0.013750,0.015000,10.417192,4.246930,20.389276,69.007896,-7.394009,4.814504
-0.006250,-0.011250,0.015000,-69.208978,13.262393,4.950124,70.665115,-2.567128,25.284570
-0.006250,-0.008750,0.015000,-139.254117,16.526513,-27.017433,4.785714,7.952746,24.122083
-0.006250,-0.006250,0.015000,-160.920195,12.694245,-54.085779,-98.742920,16.416171,-2.954850
-0.006250,-0.003750,0.015000,-139.139778,6.455847,-64.241547,-194.767170,17.540490,-40.813902
-0.006250,-0.001250,0.015000,-110.607036,2.362534,-63.199024,-255.347128,11.777366,-70.649453
-0.006250,0.001250,0.015000,-110.636561,0.593336,-63.890532,-272.221490,3.046004,-81.539655
-0.006250,0.003750,0.015000,-147.472788,-1.575463,-71.913148,-241.201904,-4.437197,-70.332885
-0.006250,0.006250,0.015000,-195.335581,-5.689734,-79.968117,-158.346895,-7.547747,-38.951520
-0.006250,0.008750,0.015000,-208.061982,-9.993177,-73.679522,-36.643588,-5.002568,3.410527
-0.006250,0.011250,0.015000,-152.018726,-10.840210,-44.790614,79.504889,1.546649,38.335848
-0.006250,0.013750,0.015000,-41.005817,-6.282747,-2.779644,131.056716,7.528864,46.360934
-0.006250,0.016250,0.015000,61.261470,1.230908,27.812958,91.252382,8.288336,23.851579
-0.006250,0.018750,0.015000,88.736428,6.168579,27.854464,-0.378090,3.276165,-8.909167
-0.006250,0.021250,0.015000,35.459629,4.978202,3.931325,-63.354461,-2.880481,-23.418254
-0.006250,0.023750,0.015000,-34.271234,-0.148681,-16.406881,-49.620678,-4.712904,-10.815830
-0.006250,0.026250,0.015000,-49.891539,-3.551543,-13.510687,9.876392,-1.531863,9.587560
-0.006250,0.028750,0.015000,-7.597832,-2.286023,3.946972,42.851748,2.216926,13.644985
-0.006250,0.031250,0.015000,32.837367,1.061264,12.355955,18.602817,2.413632,0.328993
-0.006250,0.033750,0.015000,24.446748,2.189110,3.356669,-22.354849,-0.197554,-10.363410
-0.006250,0.036250,0.015000,-12.704130,0.380801,-8.104715,-26.506090,-1.806361,-5.339789
-0.006250,0.038750,0.015000,-25.951619,-1.383665,-6.486919,4.466459,-0.726028,5.839586
-0.003750,-0.038750,0.015000,-3.948626,1.852941,6.203454,16.704312,-2.811685,-0.583320
-0.003750,-0.036250,0.015000,-18.842459,3.570172,1.979896,0.418343,1.102520,6.362298
-0.003750,-0.033750,0.015000,-5.880916,-0.005452,-6.253557,-19.983452,4.141871,3.528977
-0.003750,-0.031250,0.015000,19.644768,-4.352128,-5.225380,-12.345793,1.411826,-5.819449
-0.003750,-0.028750,0.015000,19.568951,-3.024314,4.965782,17.255102,-4.005284,-7.074827
-0.003750,-0.026250,0.015000,-12.155098,2.949566,9.075600,27.100100,-4.569105,3.513320
-0.003750,-0.023750,0.015000,-34.204495,5.657094,-1.130604,-3.566873,1.199296,11.134868
-0.003750,-0.021250,0.015000,-9.531123,0.930733,-12.850485,-39.660078,5.927875,2.683750
-0.003750,-0.018750,0.015000,41.051981,-5.404008,-8.353304,-28.603395,2.893438,-13.147673
-0.003750,-0.016250,0.015000,55.057125,-4.561920,10.120883,32.719711,-4.711094,-15.380462
-0.003750,-0.013750,0.015000,-2.206559,3.987871,21.178153,85.641166,-7.177136,2.101017
-0.003750,-0.011250,0.015000,-97.202278,11.648830,9.825374,67.257388,0.150242,21.813562
-0.003750,-0.008750,0.015000,-161.024520,10.726274,-15.639489,-29.633544,11.790507,22.448504
-0.003750,-0.006250,0.015000,-154.157136,2.469337,-34.673406,-157.094977,18.701640,0.661161
-0.003750,-0.003750,0.015000,-95.322406,-5.560970,-36.563257,-261.146903,17.130307,-29.514912
-0.003750,-0.001250,0.015000,-37.376882,-7.798450,-27.872287,-319.729890,9.904068,-52.862693
-0.003750,0.001250,0.015000,-25.637639,-4.928677,-22.150434,-336.584513,1.506474,-63.057441
-0.003750,0.003750,0.015000,-72.119279,-1.497247,-26.876303,-313.079517,-5.544653,-59.706840
-0.003750,0.006250,0.015000,-149.953043,-1.328646,-38.342885,-238.611015,-10.119007,-42.962592
-0.003750,0.008750,0.015000,-204.376754,-4.866837,-44.690943,-112.300506,-10.895766,-15.163239
-0.003750,0.011250,0.015000,-184.202017,-9.147097,-34.865385,29.775646,-6.954094,13.783616
-0.003750,0.013750,0.015000,-84.882513,-10.004423,-9.765262,120.539855,0.143921,28.139361
-0.003750,0.016250,0.015000,33.998405,-5.681777,14.519739,111.675759,6.005403,19.216916
-0.003750,0.018750,0.015000,89.946293,0.996174,19.721142,25.384310,6.584079,-2.904142
-0.003750,0.021250,0.015000,53.035649,4.836620,4.821542,-54.412582,2.189324,-16.160238
-0.003750,0.023750,0.015000,-22.065083,3.387981,-11.316048,-58.819933,-2.525572,-9.117493
-0.003750,0.026250,0.015000,-52.777969,-0.642021,-10.895629,-1.800950,-3.312068,6.543131
-0.003750,0.028750,0.015000,-17.143827,-2.647370,2.428866,41.697753,-0.571450,10.983370
-0.003750,0.031250,0.015000,29.443134,-1.199770,10.019819,25.630334,1.830624,0.829391
-0.003750,0.033750,0.015000,29.136189,1.082256,3.226390,-17.960927,1.415016,-8.466787
-0.003750,0.036250,0.015000,-8.095068,1.376745,-6.644435,-29.248488,-0.486793,-4.845193
-0.003750,0.038750,0.015000,-27.174924,-0.057054,-5.802760,0.102950,-1.203903,4.766981
-0.001250,-0.038750,0.015000,-7.141797,2.569877,7.256679,17.142623,-1.932505,-1.367221
-0.001250,-0.036250,0.015000,-20.417091,2.879795,3.213009,-2.996242,2.207910,7.266801
-0.001250,-0.033750,0.015000,-2.632520,-1.474732,-6.813013,-22.981035,3.832519,5.232189
-0.001250,-0.031250,0.015000,24.259762,-4.644834,-7.339499,-9.874269,-0.294520,-5.781365
-0.001250,-0.028750,0.015000,18.738995,-1.358206,4.045451,23.443828,-5.094942,-9.407482
-0.001250,-0.026250,0.015000,-19.406033,4.891268,11.245084,28.983315,-3.394585,1.459065
-0.001250,-0.023750,0.015000,-39.847827,5.528749,2.154734,-10.605186,3.733654,12.542323
-0.001250,-0.021250,0.015000,-4.971143,-1.471093,-12.731492,-49.520544,7.230137,6.980933
-0.001250,-0.018750,0.015000,54.024303,-7.844813,-12.997511,-29.568846,1.666524,-10.720493
-0.001250,-0.016250,0.015000,64.125684,-5.021895,4.702812,45.123754,-7.002694,-19.182416
-0.001250,-0.013750,0.015000,-8.017019,4.889967,21.917262,102.414032,-8.120524,-6.834215
-0.001250,-0.011250,0.015000,-116.225123,11.254820,20.923666,73.421828,1.043889,14.741338
-0.001250,-0.008750,0.015000,-179.751504,7.074282,4.077275,-41.912634,12.494004,25.770776
-0.001250,-0.006250,0.015000,-158.113055,-3.979493,-12.085272,-183.048835,16.863331,19.456685
-0.001250,-0.003750,0.015000,-78.509156,-12.686316,-15.901092,-289.507105,12.492188,4.460698
-0.001250,-0.001250,0.015000,-3.045406,-13.558333,-9.229645,-342.844945,4.519992,-8.314370
-0.001250,0.001250,0.015000,18.369743,-8.056461,-1.123975,-355.417834,-2.154386,-15.301389
-0.001250,0.003750,0.015000,-27.683066,-1.215380,1.350276,-334.467945,-6.727900,-18.010867
-0.001250,0.006250,0.015000,-115.337352,2.470775,-3.014511,-267.973430,-10.487021,-16.794695
-0.001250,0.008750,0.015000,-188.819206,0.913038,-9.651831,-147.110101,-13.251703,-9.980443
-0.001250,0.011250,0.015000,-190.153353,-4.758169,-11.069154,0.317808,-12.640036,1.167264
-0.001250,0.013750,0.015000,-103.707009,-10.172420,-3.583239,107.618848,-6.890603,9.363244
-0.001250,0.016250,0.015000,17.652232,-10.354390,6.909721,116.639242,1.746488,7.136304
-0.001250,0.018750,0.015000,86.461614,-4.343667,9.425005,37.678358,7.523047,-3.220530
-0.001250,0.021250,0.015000,60.000670,3.080608,0.948671,-47.738630,6.379640,-9.738654
-0.001250,0.023750,0.015000,-15.217667,5.741896,-8.270346,-61.594690,0.423667,-4.487426
-0.001250,0.026250,0.015000,-52.867825,2.407538,-6.798974,-7.556244,-4.026847,5.762005
-0.001250,0.028750,0.015000,-21.488094,-2.212856,2.947378,40.294453,-3.145904,7.826670
-0.001250,0.031250,0.015000,27.338228,-3.092947,7.802000,28.655667,0.727650,-0.326171
-0.001250,0.033750,0.015000,31.069874,-0.319648,1.839247,-15.633355,2.627423,-7.038991
-0.001250,0.036250,0.015000,-5.815682,2.003167,-5.828704,-30.332264,0.964911,-3.455399
-0.001250,0.038750,0.015000,-27.621094,1.292943,-4.529124,-1.985675,-1.369238,4.402100
0.001250,-0.038750,0.015000,-8.824736,2.821960,8.411702,17.594213,-1.052537,-2.679369
0.001250,-0.036250,0.015000,-21.547408,2.007405,5.086990,-4.732737,2.790922,8.176501
0.001250,-0.033750,0.015000,-1.108966,-2.436654,-7.226590,-24.952355,3.100139,7.705807
0.001250,-0.031250,0.015000,27.158993,-4.238280,-10.361937,-8.986853,-1.633237,-5.354686
0.001250,-0.028750,0.015000,19.090949,0.258434,2.344626,27.164029,-5.242844,-12.757706
0.001250,-0.026250,0.015000,-23.448455,5.816879,14.409835,31.312781,-1.754906,-1.985836
0.001250,-0.023750,0.015000,-44.801636,4.321288,7.685262,-13.808587,5.538092,14.565912
0.001250,-0.021250,0.015000,-4.640711,-3.930712,-12.113386,-57.056761,7.060620,14.444614
0.001250,-0.018750,0.015000,62.283695,-9.182573,-21.110642,-34.699354,-0.692035,-5.578121
0.001250,-0.016250,0.015000,76.007593,-3.935775,-6.379030,49.190022,-9.587066,-24.753771
0.001250,-0.013750,0.015000,-0.872008,7.324331,19.625102,116.840063,-8.951201,-22.782546
0.001250,-0.011250,0.015000,-120.162709,12.863708,35.047448,93.232798,1.937954,-0.894007
0.001250,-0.008750,0.015000,-195.559552,6.752133,31.693619,-23.369233,13.303262,23.824937
0.001250,-0.006250,0.015000,-182.149692,-5.599497,18.648802,-169.249789,15.889403,38.215241
0.001250,-0.003750,0.015000,-105.859611,-14.369277,8.808110,-279.226347,9.581926,41.939367
0.001250,-0.001250,0.015000,-29.220218,-14.713474,7.816978,-332.075401,0.936069,40.561108
0.001250,0.001250,0.015000,-2.328373,-8.694821,13.878035,-340.820437,-4.822374,36.527037
0.001250,0.003750,0.015000,-38.904346,-1.086583,21.869792,-316.334238,-7.646298,28.301811
0.001250,0.006250,0.015000,-115.411003,4.059486,26.067866,-250.759629,-10.241910,15.404466
0.001250,0.008750,0.015000,-180.613400,4.024136,22.957078,-136.499751,-13.668299,1.852200
0.001250,0.011250,0.015000,-180.206326,-1.736972,14.332202,1.932339,-15.283579,-6.509862
0.001250,0.013750,0.015000,-97.960979,-9.688320,5.976129,103.097599,-11.146912,-8.019582
0.001250,0.016250,0.015000,17.708708,-13.151984,1.398138,111.480664,-1.309155,-6.516850
0.001250,0.018750,0.015000,83.586372,-8.101826,-1.304956,35.558131,7.974674,-5.485771
0.001250,0.021250,0.015000,57.698331,1.701611,-4.519066,-46.900905,9.431098,-3.557325
0.001250,0.023750,0.015000,-15.578582,7.541095,-5.866434,-59.954405,2.714039,1.334187
0.001250,0.026250,0.015000,-52.038584,4.851794,-1.915906,-6.737994,-4.617450,5.830622
0.001250,0.028750,0.015000,-20.674930,-1.889502,4.374601,40.112880,-5.289297,4.252872
0.001250,0.031250,0.015000,27.562503,-4.733737,5.473372,28.066733,-0.173930,-2.342858
0.001250,0.033750,0.015000,30.766205,-1.514634,-0.295339,-16.048529,3.726163,-5.732154
0.001250,0.036250,0.015000,-6.265959,2.607489,-5.292806,-30.289764,2.243943,-1.464511
0.001250,0.038750,0.015000,-27.779026,2.516969,-2.809134,-1.597542,-1.564465,4.412365
0.003750,-0.038750,0.015000,-8.727622,2.829763,9.296652,18.517382,-0.314618,-4.749573
0.003750,-0.036250,0.015000,-22.667402,1.203458,7.746859,-4.281645,3.048885,8.561650
0.003750,-0.033750,0.015000,-2.111853,-3.011983,-6.796559,-26.189215,2.315065,10.923677
0.003750,-0.031250,0.015000,28.303768,-3.610052,-13.972942,-10.784719,-2.573395,-3.699804
0.003750,-0.028750,0.015000,21.922028,1.554162,-1.019549,27.784579,-4.972928,-16.357309
0.003750,-0.026250,0.015000,-22.770313,6.160249,17.195908,35.261708,-0.233801,-7.522861
0.003750,-0.023750,0.015000,-49.456776,2.916569,15.570942,-10.637508,6.734229,15.152373
0.003750,-0.021250,0.015000,-11.727193,-6.009061,-8.454408,-60.867981,6.394919,23.979599
0.003750,-0.018750,0.015000,61.713387,-10.033142,-29.714221,-46.339676,-3.107971,4.569452
0.003750,-0.016250,0.015000,89.375398,-2.615945,-23.593905,38.633285,-12.223954,-26.972834
0.003750,-0.013750,0.015000,23.592771,10.270928,8.195947,121.531596,-10.398348,-42.086620
0.003750,-0.011250,0.015000,-98.840597,16.355459,42.695019,122.197125,1.956876,-28.156420
0.003750,-0.008750,0.015000,-194.733854,10.186538,60.099339,26.928439,14.192940,4.446131
0.003750,-0.006250,0.015000,-211.604843,-2.298991,58.397287,-109.540782,16.919127,37.492776
0.003750,-0.003750,0.015000,-163.017232,-11.350952,48.391486,-221.315987,10.217907,60.091037
0.003750,-0.001250,0.015000,-101.829757,-12.529135,41.605642,-278.916542,0.873244,70.314384
0.003750,0.001250,0.015000,-74.032113,-7.949979,43.253129,-287.838620,-5.488045,68.778867
0.003750,0.003750,0.015000,-93.804809,-1.774944,50.891527,-258.966480,-8.335992,55.041728
0.003750,0.006250,0.015000,-142.155108,2.766559,56.170015,-191.855576,-10.406186,30.303863
0.003750,0.008750,0.015000,-177.087520,3.085933,50.339986,-87.097395,-13.475234,1.650919
0.003750,0.011250,0.015000,-156.143891,-2.228801,31.920334,29.629150,-15.407987,-19.370153
0.003750,0.013750,0.015000,-71.114789,-10.509451,9.133269,105.376707,-11.671674,-24.867268
0.003750,0.016250,0.015000,31.720449,-14.663085,-7.008908,97.311042,-1.287951,-16.998676
0.003750,0.018750,0.015000,80.895972,-9.322625,-11.838407,20.833685,9.320063,-4.906297
0.003750,0.021250,0.015000,46.982504,2.091526,-8.457400,-50.949633,11.310792,3.779727
0.003750,0.023750,0.015000,-22.280241,9.322057,-2.171465,-54.042172,3.345105,6.835886
0.003750,0.026250,0.015000,-50.066129,6.158788,3.347787,0.084716,-5.833515,5.008772
0.003750,0.028750,0.015000,-14.976357,-2.406177,5.404891,40.816244,-6.853388,0.047668
0.003750,0.031250,0.015000,29.807123,-6.229536,2.539405,23.919826,-0.279965,-4.355859
0.003750,0.033750,0.015000,28.155012,-2.076909,-2.672771,-18.982648,4.959410,-3.974788
0.003750,0.036250,0.015000,-9.315997,3.494328,-4.495500,-28.994575,3.083375,0.886428
0.003750,0.038750,0.015000,-27.512533,3.479169,-0.705331,1.217545,-2.096162,4.334817
0.006250,-0.038750,0.015000,-6.590602,2.834131,9.330941,19.854641,0.237382,-7.719285
0.006250,-0.036250,0.015000,-23.591679,0.611971,11.162741,-1.327790,3.248775,7.663512
0.006250,-0.033750,0.015000,-5.970603,-3.456362,-4.598853,-26.302796,1.759374,14.561544
0.006250,-0.031250,0.015000,27.014474,-3.212226,-17.385944,-15.508664,-3.287841,0.197063
0.006250,-0.028750,0.015000,27.177354,2.501082,-6.952901,24.270659,-4.907762,-18.757047
0.006250,-0.026250,0.015000,-16.031890,6.632333,17.322529,40.126305,0.777367,-15.541716
0.006250,-0.023750,0.015000,-51.975639,2.223793,24.975395,0.196824,7.877863,11.233336
0.006250,-0.021250,0.015000,-26.507794,-7.642338,1.457564,-57.590090,6.634655,32.544093
0.006250,-0.018750,0.015000,47.841287,-11.760986,-32.813015,-61.975469,-4.353321,21.262033
0.006250,-0.016250,0.015000,96.971883,-3.414689,-43.643552,10.502355,-14.999877,-17.870282
0.006250,-0.013750,0.015000,60.974751,11.452838,-17.385491,105.426874,-14.262894,-54.071589
0.006250,-0.011250,0.015000,-46.692277,20.325174,29.586259,143.456783,-1.958312,-60.922232
0.006250,-0.008750,0.015000,-157.410286,16.864422,70.383625,93.019134,11.608922,-36.425062
0.006250,-0.006250,0.015000,-213.037523,5.736427,90.272608,-11.979841,16.478182,2.548812
0.006250,-0.003750,0.015000,-207.434587,-4.085851,92.186468,-113.148036,11.395157,37.352536
0.006250,-0.001250,0.015000,-174.414957,-7.914382,87.635401,-173.304881,2.216357,57.393892
0.006250,0.001250,0.015000,-150.649732,-6.862520,85.556458,-186.384691,-5.020711,59.196073
0.006250,0.003750,0.015000,-150.713462,-3.903180,86.253170,-159.669946,-8.507005,42.912798
0.006250,0.006250,0.015000,-163.092447,-1.320161,81.946488,-99.304818,-10.139677,12.907727
0.006250,0.008750,0.015000,-159.290829,-1.312695,63.955813,-15.069531,-11.944976,-19.685162
0.006250,0.011250,0.015000,-113.516281,-5.571668,32.441321,66.206144,-12.619362,-39.721491
0.006250,0.013750,0.015000,-29.033565,-12.076083,-0.562037,103.435387,-8.254958,-37.960678
0.006250,0.016250,0.015000,51.114616,-14.314809,-19.872064,72.114828,1.894865,-19.107921
0.006250,0.018750,0.015000,73.600764,-7.420817,-19.817922,-2.404499,11.337666,1.861222
0.006250,0.021250,0.015000,28.506012,4.535294,-7.777040,-55.347951,11.442004,12.199856
0.006250,0.023750,0.015000,-32.151223,10.820932,3.948503,-42.645141,1.756505,9.963171
0.006250,0.026250,0.015000,-45.066110,5.764651,7.990662,11.180695,-7.750477,1.805917
0.006250,0.028750,0.015000,-5.006394,-4.063577,4.669203,40.543139,-7.429932,-4.566257
0.006250,0.031250,0.015000,32.551730,-7.372167,-1.248558,16.102442,0.801492,-5.311543
0.006250,0.033750,0.015000,22.724687,-1.623253,-4.584920,-23.347129,6.295255,-1.289207
0.006250,0.036250,0.015000,-14.283376,4.757855,-2.891027,-25.769101,3.165282,3.189455
0.006250,0.038750,0.015000,-26.126224,3.949067,1.604993,6.109785,-3.132786,3.649461
0.008750,-0.038750,0.015000,-2.221616,3.039198,7.725724,20.916834,0.539107,-11.374667
0.008750,-0.036250,0.015000,-23.387340,0.395201,14.785954,4.114543,3.602789,4.602248
0.008750,-0.033750,0.015000,-12.290618,-3.942737,0.225353,-24.121506,1.723467,17.596961
0.008750,-0.031250,0.015000,21.977173,-3.475800,-18.964477,-22.136351,-3.826600,6.947399
0.008750,-0.028750,0.015000,32.904285,2.902428,-15.418222,15.448371,-5.577342,-17.633816
0.008750,-0.026250,0.015000,-2.806941,7.706021,11.934541,42.768806,0.699218,-24.733783
0.008750,-0.023750,0.015000,-48.116436,3.243909,32.541360,17.305802,9.051743,0.105912
0.008750,-0.021250,0.015000,-44.324584,-8.054551,18.540775,-42.887050,8.906611,34.222403
0.008750,-0.018750,0.015000,19.014515,-14.716520,-22.847105,-72.615418,-2.575887,40.908372
0.008750,-0.016250,0.015000,87.009668,-8.329962,-55.976028,-29.361946,-16.237671,7.546514
0.008750,-0.013750,0.015000,93.825761,7.324626,-51.683310,61.510282,-20.105132,-43.651039
0.008750,-0.011250,0.015000,24.873621,20.320182,-11.028234,133.201396,-11.375282,-78.947166
0.008750,-0.008750,0.015000,-77.200946,22.304249,42.004361,139.636578,1.872442,-81.263545
0.008750,-0.006250,0.015000,-157.608998,14.703559,83.718265,87.446222,9.531693,-57.374545
0.008750,-0.003750,0.015000,-191.870027,4.560744,105.372588,17.016555,8.161575,-25.835775
0.008750,-0.001250,0.015000,-190.334724,-2.862022,111.372749,-34.640199,1.609469,-2.951738
0.008750,0.001250,0.015000,-175.578297,-6.536342,109.096527,-52.273694,-4.355587,2.872329
0.008750,0.003750,0.015000,-161.010508,-7.400897,100.665813,-37.361750,-6.954701,-9.084323
0.008750,0.006250,0.015000,-143.935743,-6.699855,82.106164,1.903020,-7.272027,-32.149181
0.008750,0.008750,0.015000,-111.134812,-6.461753,50.087371,51.579554,-7.342811,-52.852216
0.008750,0.011250,0.015000,-53.565314,-8.645745,10.346240,88.085049,-6.551395,-56.642678
0.008750,0.013750,0.015000,16.494137,-11.882152,-21.801524,85.035518,-1.997948,-38.451636
0.008750,0.016250,0.015000,63.626406,-10.944724,-32.226896,36.245833,6.316137,-8.605938
0.008750,0.018750,0.015000,56.527838,-2.667479,-20.471869,-26.806936,12.252775,14.338166
0.008750,0.021250,0.015000,4.819628,7.894161,-0.512260,-53.895753,8.970328,18.734813
0.008750,0.023750,0.015000,-40.134571,10.929456,11.524156,-25.163057,-1.817461,8.221624
0.008750,0.026250,0.015000,-34.884684,3.282585,10.008486,23.260187,-9.546002,-4.150740
0.008750,0.028750,0.015000,7.577888,-6.479028,1.170338,36.696404,-6.390015,-8.371074
0.008750,0.031250,0.015000,33.388887,-7.559544,-5.380268,5.044288,3.059762,-4.089178
0.008750,0.033750,0.015000,14.108620,0.068453,-5.056171,-27.212108,7.289039,2.316850
0.008750,0.036250,0.015000,-19.791067,6.142018,-0.189982,-19.808037,2.164700,4.717769
0.008750,0.038750,0.015000,-22.636130,3.591452,3.652646,12.216527,-4.584530,1.929382
0.011250,-0.038750,0.015000,4.164795,3.530617,3.698152,20.418595,0.408437,-14.836319
0.011250,-0.036250,0.015000,-20.568745,0.813794,17.243156,11.274875,4.117744,-1.216524
0.011250,-0.033750,0.015000,-19.486311,-4.329464,7.802199,-18.151433,2.522427,18.104462
0.011250,-0.031250,0.015000,12.096558,-4.688172,-16.300581,-28.010105,-3.819591,15.788634
0.011250,-0.028750,0.015000,35.259619,2.112987,-24.217194,1.344127,-7.064863,-10.450364
0.011250,-0.026250,0.015000,14.671550,8.977347,-0.760999,38.491169,-1.297832,-30.940748
0.011250,-0.023750,0.015000,-33.606033,6.592254,32.107029,35.001418,9.075585,-17.649092
0.011250,-0.021250,0.015000,-55.429457,-5.354356,37.580527,-15.707108,12.788000,22.247831
0.011250,-0.018750,0.015000,-18.354097,-16.541275,3.440997,-66.312759,3.761648,52.122013
0.011250,-0.016250,0.015000,52.133789,-16.257458,-45.809758,-63.762378,-12.078364,42.283007
0.011250,-0.013750,0.015000,98.220399,-3.955587,-73.533030,-1.327230,-22.748796,-4.010745
0.011250,-0.011250,0.015000,83.923693,11.026713,-62.269057,79.559836,-21.711164,-58.212256
0.011250,-0.008750,0.015000,20.584926,18.808442,-22.080161,131.010204,-12.594821,-93.102814
0.011250,-0.006250,0.015000,-52.815876,16.611865,24.236578,135.924209,-3.811625,-100.502116
0.011250,-0.003750,0.015000,-104.253555,8.268002,59.123554,110.033912,-0.449091,-89.540730
0.011250,-0.001250,0.015000,-124.797574,-0.948376,76.711204,79.531507,-1.447649,-74.887408
0.011250,0.001250,0.015000,-121.782317,-7.655951,78.380059,61.599847,-2.828665,-67.093088
0.011250,0.003750,0.015000,-104.806610,-10.507587,66.123581,60.204759,-2.283587,-68.617481
0.011250,0.006250,0.015000,-77.656074,-9.936977,40.832069,70.396292,-0.716784,-73.577910
0.011250,0.008750,0.015000,-39.356503,-8.248301,6.401797,81.235524,0.145655,-70.869350
0.011250,0.011250,0.015000,7.464803,-7.835687,-26.137018,77.409382,0.927203,-51.835088
0.011250,0.013750,0.015000,47.882019,-7.935970,-42.039178,47.261596,3.953995,-19.057313
0.011250,0.016250,0.015000,58.546615,-4.757680,-33.886737,-2.536813,8.736117,12.499962
0.011250,0.018750,0.015000,29.170386,3.002101,-9.779186,-42.433208,10.124144,26.276555
0.011250,0.021250,0.015000,-17.996283,9.902969,11.733350,-41.986517,3.937578,18.277688
0.011250,0.023750,0.015000,-40.722353,8.497408,16.864886,-3.847376,-5.930569,0.352599
0.011250,0.026250,0.015000,-19.067777,-0.882413,7.130794,31.631977,-9.779003,-11.088833
0.011250,0.028750,0.015000,19.534158,-8.494445,-4.811007,27.329826,-3.382292,-9.224373
0.011250,0.031250,0.015000,29.821284,-6.078795,-8.315018,-7.473210,5.822570,-0.106571
0.011250,0.033750,0.015000,2.897614,2.780110,-3.156611,-28.135694,7.174757,5.970298
0.011250,0.036250,0.015000,-23.778669,7.004864,3.282762,-10.861615,-0.025820,4.522431
0.011250,0.038750,0.015000,-16.278389,2.113594,4.639296,17.987405,-6.003211,-0.878541
0.013750,-0.038750,0.015000,11.448898,4.131973,-2.972821,16.853823,-0.438661,-16.411218
0.013750,-0.036250,0.015000,-13.807742,2.122672,16.407209,18.168851,4.422979,-9.327028
0.013750,-0.033750,0.015000,-24.560116,-4.009467,16.572323,-7.713875,4.253991,13.740423
0.013750,-0.031250,0.015000,-1.933707,-6.582158,-7.368912,-29.189331,-2.457011,23.636779
0.013750,-0.028750,0.015000,29.914921,-0.667504,-28.496995,-15.043815,-8.479851,3.484522
0.013750,-0.026250,0.015000,30.240477,8.772874,-18.551484,23.981437,-5.489095,-27.950700
0.013750,-0.023750,0.015000,-8.684952,11.190479,17.948948,43.915592,5.792278,-35.134407
0.013750,-0.021250,0.015000,-49.399269,1.830385,46.371242,16.835866,15.148964,-4.542563
0.013750,-0.018750,0.015000,-48.189403,-12.764417,36.929994,-37.462491,12.980068,40.818284
0.013750,-0.016250,0.015000,0.715418,-21.101077,-7.647430,-71.389423,-0.304199,64.234049
0.013750,-0.013750,0.015000,62.250424,-17.539152,-57.931716,-55.027681,-15.338092,47.693735
0.013750,-0.011250,0.015000,95.411281,-6.326778,-85.089987,1.335076,-22.947416,2.192741
0.013750,-0.008750,0.015000,85.922524,3.689884,-80.718713,63.520430,-21.229469,-47.200517
0.013750,-0.006250,0.015000,49.019903,6.723127,-55.728939,103.965015,-14.591825,-81.538012
0.013750,-0.003750,0.015000,9.857598,2.959903,-27.072325,116.692676,-7.972748,-96.381289
0.013750,-0.001250,0.015000,-14.864095,-3.642582,-6.953575,111.171548,-2.997045,-97.530486
0.013750,0.001250,0.015000,-21.480722,-8.763099,-0.346561,99.134559,1.175908,-92.544007
0.013750,0.003750,0.015000,-13.939624,-9.906740,-7.237435,87.083066,4.907038,-84.750236
0.013750,0.006250,0.015000,2.671992,-7.433274,-24.027306,75.566511,7.017077,-71.893115
0.013750,0.008750,0.015000,24.090128,-4.091725,-42.769556,60.664050,6.704352,-49.563659
0.013750,0.011250,0.015000,43.872181,-2.330533,-52.006121,36.690789,5.506742,-17.828655
0.013750,0.013750,0.015000,50.728345,-1.421634,-42.885716,2.706979,5.774237,14.200690
0.013750,0.016250,0.015000,34.284956,1.481564,-17.485155,-30.044683,6.875062,32.124059
0.013750,0.018750,0.015000,-1.229487,6.437422,9.759143,-41.223763,4.921356,27.680556
0.013750,0.021250,0.015000,-31.582209,8.593487,22.229455,-20.369357,-1.775171,7.490611
0.013750,0.023750,0.015000,-30.818912,3.631908,15.050530,15.438257,-8.269287,-11.165197
0.013750,0.026250,0.015000,-0.462364,-5.124015,-1.147129,31.793504,-7.351217,-14.963876
0.013750,0.028750,0.015000,26.540352,-8.607550,-10.884431,12.817639,0.984258,-5.234533
0.013750,0.031250,0.015000,20.608270,-2.729212,-7.923133,-18.101044,7.761216,5.747236
0.013750,0.033750,0.015000,-8.768765,5.621079,1.248446,-24.063049,5.286850,7.906348
0.013750,0.036250,0.015000,-23.980597,6.527481,6.332078,0.054231,-2.986204,1.922552
0.013750,0.038750,0.015000,-7.179137,-0.446125,3.694639,21.333790,-6.626267,-4.129620
0.016250,-0.038750,0.015000,17.328292,4.282340,-11.147447,9.358176,-2.163787,-13.979236
0.016250,-0.036250,0.015000,-3.144648,4.211767,10.285019,21.688633,3.748613,-17.391415
0.016250,-0.033750,0.015000,-23.876533,-2.116551,22.752021,5.601844,6.328530,3.307508
0.016250,-0.031250,0.015000,-16.297268,-7.892312,7.179480,-22.269412,0.918068,25.344593
0.016250,-0.028750,0.015000,15.143680,-5.320883,-22.583809,-27.292026,-7.870717,20.316623
0.016250,-0.026250,0.015000,35.440102,4.952097,-33.223785,1.346776,-10.240138,-11.716332
0.016250,-0.023750,0.015000,18.418697,13.460302,-8.562781,36.017546,-1.774072,-40.117766
0.016250,-0.021250,0.015000,-23.713204,11.264215,32.691085,39.729930,11.436062,-34.924413
0.016250,-0.018750,0.015000,-52.807345,-1.296241,55.495770,4.232390,18.582557,4.214409
0.016250,-0.016250,0.015000,-42.039643,-15.421341,40.377567,-43.605467,14.172080,49.981035
0.016250,-0.013750,0.015000,2.345821,-22.315850,-3.436217,-68.822526,2.012322,73.011369
0.016250,-0.011250,0.015000,51.969349,-20.114267,-50.803349,-57.228051,-9.471997,63.408829
0.016250,-0.008750,0.015000,82.261268,-13.454992,-81.530177,-20.505004,-14.423553,31.806644
0.016250,-0.006250,0.015000,87.496584,-8.065702,-90.663497,19.326380,-12.435252,-3.813959
0.016250,-0.003750,0.015000,77.082439,-6.308121,-85.106938,46.561263,-6.388556,-30.500729
0.016250,-0.001250,0.015000,63.436456,-6.708739,-74.949616,57.072910,0.737224,-43.961982
0.016250,0.001250,0.015000,53.719223,-6.327355,-67.323838,54.267741,6.909841,-45.374162
0.016250,0.003750,0.015000,49.016888,-3.517134,-64.389423,43.441039,10.489798,-36.905397
0.016250,0.006250,0.015000,47.389785,0.706922,-63.454591,28.500547,10.366782,-19.909329
0.016250,0.008750,0.015000,45.993688,3.697155,-58.294632,10.985632,7.239421,3.291407
0.016250,0.011250,0.015000,40.719653,4.042775,-42.788936,-8.564375,3.822389,26.344576
0.016250,0.013750,0.015000,26.509237,3.326662,-16.680779,-26.713010,2.358713,39.096332
0.016250,0.016250,0.015000,2.342736,4.029070,11.013572,-34.585302,1.860653,33.732566
0.016250,0.018750,0.015000,-22.237831,5.561149,26.438467,-23.373081,-0.621308,12.757170
0.016250,0.021250,0.015000,-30.021234,4.178092,21.969841,3.365474,-5.160392,-10.029814
0.016250,0.023750,0.015000,-12.667152,-1.644550,4.032098,25.425034,-7.152251,-19.403707
0.016250,0.026250,0.015000,15.002513,-7.210142,-11.461254,22.201139,-2.691081,-11.533622
0.016250,0.028750,0.015000,25.131733,-6.002754,-12.983267,-3.219895,4.942740,3.170824
0.016250,0.031250,0.015000,7.118955,1.594162,-2.933312,-22.922740,7.484799,10.626793
0.016250,0.033750,0.015000,-17.440285,7.194559,6.686118,-14.638680,1.698392,6.231239
0.016250,0.036250,0.015000,-18.960048,4.221031,7.129675,10.394285,-5.642996,-2.707000
0.016250,0.038750,0.015000,3.122136,-3.449053,0.484636,20.311933,-5.692276,-6.394837
0.018750,-0.038750,0.015000,18.816597,3.162169,-17.823132,-1.156173,-4.399647,-6.215233
0.018750,-0.036250,0.015000,8.898172,6.178278,-1.195018,18.824672,1.333462,-21.230645
0.018750,-0.033750,0.015000,-15.294995,1.685110,21.410825,17.298687,7.215770,-11.045613
0.018750,-0.031250,0.015000,-24.627599,-6.623627,21.986629,-7.353965,5.668247,16.424122
0.018750,-0.028750,0.015000,-5.034291,-9.675033,-4.705409,-28.255899,-3.446965,31.056306
0.018750,-0.026250,0.015000,24.979743,-2.725444,-33.434933,-20.210111,-11.766586,13.563612
0.018750,-0.023750,0.015000,33.929400,9.265810,-34.318533,12.139362,-10.645730,-23.374050
0.018750,-0.021250,0.015000,10.131471,16.278935,-2.357297,39.157218,0.372253,-47.686440
0.018750,-0.018750,0.015000,-27.916920,12.501707,39.409057,35.774869,13.483938,-37.863201
0.018750,-0.016250,0.015000,-50.699179,0.744649,61.960122,3.097246,20.068496,0.707268
0.018750,-0.013750,0.015000,-43.076868,-11.234829,52.849628,-36.613078,17.590275,44.611773
0.018750,-0.011250,0.015000,-12.207744,-17.508727,20.520356,-60.988813,10.067517,72.607581
0.018750,-0.008750,0.015000,23.548372,-17.333378,-17.205149,-62.740515,3.453347,78.008496
0.018750,-0.006250,0.015000,49.640442,-13.476030,-46.345262,-49.149900,1.192093,67.193418
0.018750,-0.003750,0.015000,61.643442,-8.698454,-62.063255,-32.282002,3.113195,51.034390
0.018750,-0.001250,0.015000,62.350922,-3.935095,-66.369561,-20.576948,6.840199,37.946682
0.018750,0.001250,0.015000,56.282738,1.005726,-63.320186,-16.391616,9.541209,31.785804
0.018750,0.003750,0.015000,46.720635,5.751905,-55.522840,-17.834464,9.186031,32.806607
0.018750,0.006250,0.015000,35.535221,8.729679,-43.077263,-21.779020,5.574650,38.761785
0.018750,0.008750,0.015000,23.526245,8.462631,-24.923192,-25.924766,0.740407,45.017903
0.018750,0.011250,0.015000,10.293112,5.542622,-2.016712,-28.659304,-2.388723,45.082104
0.018750,0.013750,0.015000,-4.717537,2.649438,19.878721,-27.240242,-2.697701,33.664469
0.018750,0.016250,0.015000,-18.911594,1.760540,31.400580,-17.725365,-2.084544,11.693947
0.018750,0.018750,0.015000,-24.728787,1.634277,26.085752,0.331779,-2.947827,-11.412393
0.018750,0.021250,0.015000,-15.119274,-0.527430,7.450998,18.352210,-4.492862,-22.861452
0.018750,0.023750,0.015000,5.931425,-4.491539,-11.266854,22.148297,-3.194129,-16.795371
0.018750,0.026250,0.015000,21.190804,-5.878352,-16.972083,6.384429,1.983241,-0.362110
0.018750,0.028750,0.015000,15.246127,-1.529953,-7.916222,-14.968302,6.433639,11.842085
0.018750,0.031250,0.015000,-6.414557,5.002825,5.214561,-19.597421,4.587624,10.770049
0.018750,0.033750,0.015000,-19.771836,6.348696,10.065073,-2.167823,-2.388940,0.486536
0.018750,0.036250,0.015000,-9.296510,0.503290,4.239282,16.768068,-6.630600,-7.386647
0.018750,0.038750,0.015000,11.778057,-5.692337,-4.079956,14.224433,-2.987281,-5.971083
0.021250,-0.038750,0.015000,13.814927,0.271083,-18.833111,-11.386142,-5.971322,5.645533
0.021250,-0.036250,0.015000,17.476530,6.364873,-14.423476,8.899084,-2.694622,-16.681081
0.021250,-0.033750,0.015000,-0.729336,6.176812,9.808476,21.527576,5.108620,-22.826616
0.021250,-0.031250,0.015000,-21.516238,-1.605504,28.009789,9.953515,9.168028,-2.275128
0.021250,-0.028750,0.015000,-21.014962,-9.991154,18.215850,-15.530124,4.087968,26.169738
0.021250,-0.026250,0.015000,2.789372,-10.493439,-13.763153,-28.690067,-6.726189,33.528231
0.021250,-0.023750,0.015000,28.114489,-1.433509,-40.045176,-14.862399,-14.188713,9.656677
0.021250,-0.021250,0.015000,31.554962,10.743155,-37.239911,15.288505,-11.950989,-28.166774
0.021250,-0.018750,0.015000,9.186745,17.627233,-5.648699,37.498588,-1.470344,-52.294528
0.021250,-0.016250,0.015000,-22.910843,15.714287,34.591338,35.674089,10.344642,-47.331184
0.021250,-0.013750,0.015000,-44.645473,7.921009,61.688712,12.332144,17.340373,-18.142786
0.021250,-0.011250,0.015000,-46.774433,-0.102297,66.397430,-17.910272,18.074099,18.746864
0.021250,-0.008750,0.015000,-33.432960,-4.359494,53.252538,-41.353893,15.079849,48.447662
0.021250,-0.006250,0.015000,-15.001325,-4.085438,33.040666,-52.753837,11.619339,64.790970
0.021250,-0.003750,0.015000,-0.233207,-0.640964,15.112602,-54.337864,9.218343,69.389811
0.021250,-0.001250,0.015000,7.008903,4.088582,4.188422,-50.798248,7.354542,67.067263
0.021250,0.001250,0.015000,6.994154,8.336218,1.096901,-45.423871,4.665958,62.021466
0.021250,0.003750,0.015000,2.156476,10.443995,4.791601,-39.256644,0.507857,56.140091
0.021250,0.006250,0.015000,-4.546904,9.263188,13.563601,-32.273521,-4.113059,48.859774
0.021250,0.008750,0.015000,-10.889714,5.170395,24.789963,-24.586205,-6.995440,37.977011
0.021250,0.011250,0.015000,-15.963101,0.468444,34.046321,-16.321181,-6.618506,21.576213
0.021250,0.013750,0.015000,-19.237515,-2.123684,35.552983,-6.844284,-3.891611,0.879630
0.021250,0.016250,0.015000,-18.695797,-2.023419,25.406357,4.398756,-1.551560,-18.002757
0.021250,0.018750,0.015000,-11.194771,-1.391932,6.032733,14.914499,-1.182869,-26.386478
0.021250,0.021250,0.015000,2.972549,-2.316925,-12.831613,18.119722,-1.250467,-19.550703
0.021250,0.023750,0.015000,15.841031,-3.653754,-19.965894,8.860770,0.741154,-2.397073
0.021250,0.026250,0.015000,16.057948,-2.183426,-11.929390,-7.988870,4.096018,12.440059
0.021250,0.028750,0.015000,1.398208,2.457668,3.053118,-17.633886,4.701625,14.425374
0.021250,0.031250,0.015000,-14.623605,5.723871,11.847194,-9.439342,0.341102,4.310200
0.021250,0.033750,0.015000,-14.640922,3.153849,8.257363,8.804445,-5.063076,-6.938121
0.021250,0.036250,0.015000,1.944594,-3.164211,-1.883100,16.615341,-5.144217,-9.048044
0.021250,0.038750,0.015000,15.697084,-5.953486,-7.666446,4.550176,0.711691,-2.065511
0.023750,-0.038750,0.015000,3.163223,-3.726778,-11.297938,-16.591389,-5.271885,16.794927
0.023750,-0.036250,0.015000,17.761140,3.378511,-22.365158,-4.593043,-6.576890,-3.137163
0.023750,-0.033750,0.015000,13.191928,8.469782,-8.563853,14.966284,-0.352050,-23.786292
0.023750,-0.031250,0.015000,-7.397024,5.464296,18.358064,20.410501,8.028068,-21.635033
0.023750,-0.028750,0.015000,-23.208234,-4.025816,31.584317,4.412084,10.331171,4.462394
0.023750,-0.026250,0.015000,-17.747031,-12.077774,16.256307,-18.576279,3.498034,31.972796
0.023750,-0.023750,0.015000,5.253698,-11.823527,-17.000405,-27.408507,-7.681581,36.500959
0.023750,-0.021250,0.015000,26.853267,-3.154186,-43.142803,-13.968880,-15.218077,12.846076
0.023750,-0.018750,0.015000,30.621496,8.129767,-44.122094,11.672639,-14.601465,-23.423935
0.023750,-0.016250,0.015000,14.765963,15.706694,-20.375256,32.162055,-7.401405,-50.885864
0.023750,-0.013750,0.015000,-10.003911,17.170137,13.968243,36.709893,1.319531,-57.526754
0.023750,-0.011250,0.015000,-30.969559,14.350491,43.497513,26.183646,7.242086,-45.042491
0.023750,-0.008750,0.015000,-41.646917,10.665142,60.248238,8.720540,8.965330,-23.202205
0.023750,-0.006250,0.015000,-42.905633,8.472469,64.623162,-7.365477,7.385225,-1.961770
0.023750,-0.003750,0.015000,-39.263472,8.137371,61.456191,-17.545510,3.969662,12.916361
0.023750,-0.001250,0.015000,-34.847757,8.540421,55.804224,-21.023450,-0.278404,20.004023
0.023750,0.001250,0.015000,-31.474527,8.065169,50.787869,-18.976466,-4.688770,20.276808
0.023750,0.003750,0.015000,-28.826518,5.558670,47.288281,-13.237711,-8.296121,15.239256
0.023750,0.006250,0.015000,-25.736387,1.149424,44.372670,-5.849174,-9.711919,6.076198
0.023750,0.008750,0.015000,-21.522528,-3.470757,39.788630,1.265498,-7.982189,-6.030832
0.023750,0.011250,0.015000,-16.400401,-5.945639,30.803980,6.969646,-3.809510,-18.795331
0.023750,0.013750,0.015000,-10.634019,-5.168004,16.003595,11.188777,0.354118,-28.008956
0.023750,0.016250,0.015000,-3.650678,-2.529374,-2.374024,13.793969,2.146405,-28.612326
0.023750,0.018750,0.015000,4.885059,-0.712678,-17.737944,13.022259,1.581651,-18.208446
0.023750,0.021250,0.015000,12.389172,-0.762144,-22.377205,6.393926,0.973396,-0.719272
0.023750,0.023750,0.015000,13.192501,-0.864104,-13.661282,-4.989873,1.935928,14.090714
0.023750,0.026250,0.015000,4.053030,1.047991,2.062525,-13.681962,2.949990,17.013352
0.023750,0.028750,0.015000,-9.259504,3.772385,13.024493,-11.012161,1.216507,7.283977
0.023750,0.031250,0.015000,-14.241069,3.563974,11.545728,2.413874,-2.887723,-5.911489
0.023750,0.033750,0.015000,-4.557900,-0.763678,0.870906,13.699288,-4.956972,-11.232242
0.023750,0.036250,0.015000,10.259292,-4.980209,-8.100101,10.063703,-1.744802,-5.492534
0.023750,0.038750,0.015000,13.289750,-3.857682,-7.531853,-5.142776,3.782671,3.962224
0.026250,-0.038750,0.015000,-8.470349,-6.675571,3.113081,-13.399078,-1.518504,20.393785
0.026250,-0.036250,0.015000,8.695094,-2.233364,-18.410017,-14.687465,-7.434498,13.593802
0.026250,-0.033750,0.015000,18.368221,5.845466,-23.267467,0.604753,-6.573783,-10.292321
0.026250,-0.031250,0.015000,9.496466,9.854571,-3.950515,17.347225,1.321728,-28.049012
0.026250,-0.028750,0.015000,-10.199405,5.427112,23.312098,18.648286,9.773797,-21.256249
0.026250,-0.026250,0.015000,-22.671149,-4.516048,34.509545,2.471566,11.614840,6.412242
0.026250,-0.023750,0.015000,-16.859033,-12.722652,19.293515,-17.666433,5.114688,33.823819
0.026250,-0.021250,0.015000,2.740129,-13.824080,-12.274151,-25.951703,-5.317791,41.183274
0.026250,-0.018750,0.015000,22.058408,-7.914259,-40.338364,-16.976513,-13.441399,24.202490
0.026250,-0.016250,0.015000,29.516954,0.783363,-50.499515,2.565776,-15.861372,-6.413558
0.026250,-0.013750,0.015000,22.981284,7.766350,-41.042965,21.438668,-13.386835,-35.467093
0.026250,-0.011250,0.015000,8.123634,10.975846,-19.862372,32.091738,-9.148321,-53.095807
0.026250,-0.008750,0.015000,-7.492784,10.887454,2.976944,33.581038,-5.974387,-57.807254
0.026250,-0.006250,0.015000,-18.933303,8.984406,20.659051,29.431201,-5.046862,-53.748382
0.026250,-0.003750,0.015000,-24.816690,6.341954,30.872707,24.010072,-6.034664,-46.419126
0.026250,-0.001250,0.015000,-25.886329,3.215609,34.324490,20.172387,-7.804296,-39.867196
0.026250,0.001250,0.015000,-23.365144,-0.494450,32.720444,18.682559,-8.982425,-35.937356
0.026250,0.003750,0.015000,-18.270312,-4.490429,27.456135,18.698168,-8.346996,-34.702038
0.026250,0.006250,0.015000,-11.611760,-7.667078,19.213552,18.668997,-5.348373,-35.068138
0.026250,0.008750,0.015000,-4.691987,-8.522294,8.288815,17.354463,-0.708792,-35.091108
0.026250,0.011250,0.015000,1.195751,-6.346564,-4.511945,14.543257,3.551358,-32.206822
0.026250,0.013750,0.015000,5.513694,-2.266004,-16.801078,10.847660,5.270178,-24.045573
0.026250,0.016250,0.015000,8.572760,1.183173,-24.371982,6.595452,3.949293,-10.200761
0.026250,0.018750,0.015000,10.285477,2.130810,-22.966079,1.221168,1.417693,5.961458
0.026250,0.021250,0.015000,8.976608,1.195047,-11.804699,-5.339879,0.125701,17.641114
0.026250,0.023750,0.015000,2.828143,0.699586,3.850644,-10.391040,0.490667,18.515010
0.026250,0.026250,0.015000,-6.275913,1.681113,14.633750,-9.213622,0.510401,8.218426
0.026250,0.028750,0.015000,-11.491643,2.311090,13.708822,-0.384527,-1.344233,-5.700142
0.026250,0.031250,0.015000,-6.707220,0.329692,2.933487,9.693734,-3.411750,-12.767573
0.026250,0.033750,0.015000,5.126872,-3.171696,-7.987243,10.859455,-2.447632,-8.328722
0.026250,0.036250,0.015000,12.148601,-4.081589,-9.914688,0.546572,1.703220,2.200888
0.026250,0.038750,0.015000,5.864208,-0.418043,-2.619269,-10.752293,4.679504,8.544894
0.028750,-0.038750,0.015000,-14.514569,-6.017747,16.919468,-2.966897,3.855017,12.176504
0.028750,-0.036250,0.015000,-4.699630,-7.217817,-2.461868,-15.098636,-3.501059,22.851822
0.028750,-0.033750,0.015000,11.315528,-1.215707,-22.910042,-12.500163,-8.903435,10.905604
0.028750,-0.031250,0.015000,17.691468,7.227592,-24.097890,3.027051,-6.945693,-14.301663
0.028750,-0.028750,0.015000,7.998455,11.015545,-3.064238,17.305534,1.415257,-30.774602
0.028750,-0.026250,0.015000,-9.604525,6.912138,24.139764,17.769651,10.030064,-24.030612
0.028750,-0.023750,0.015000,-20.958599,-2.301812,37.325849,4.056866,12.968602,1.840273
0.028750,-0.021250,0.015000,-18.018165,-10.821458,27.765922,-13.496972,8.834244,29.837616
0.028750,-0.018750,0.015000,-3.563380,-14.424329,1.923588,-23.434123,0.753946,44.032644
0.028750,-0.016250,0.015000,13.233974,-12.751337,-26.209404,-21.119502,-6.809353,39.154821
0.028750,-0.013750,0.015000,24.299921,-8.322654,-45.212793,-9.646020,-11.126167,20.479261
0.028750,-0.011250,0.015000,26.903327,-4.117576,-51.295986,4.489539,-12.057319,-2.430061
0.028750,-0.008750,0.015000,23.118612,-1.878758,-47.226575,16.045493,-10.985594,-21.827345
0.028750,-0.006250,0.015000,16.888586,-1.871764,-38.421077,22.961194,-9.314229,-34.291293
0.028750,-0.003750,0.015000,11.509257,-3.495234,-29.630805,25.663196,-7.634576,-39.981810
0.028750,-0.001250,0.015000,8.646794,-5.868828,-23.565772,25.435268,-5.733879,-40.669762
0.028750,0.001250,0.015000,8.464698,-8.031820,-21.030183,23.241082,-3.096189,-38.130744
0.028750,0.003750,0.015000,10.089625,-8.953320,-21.609683,19.454289,0.465935,-33.404269
0.028750,0.006250,0.015000,12.085797,-7.755414,-24.224270,14.275216,4.334274,-26.728614
0.028750,0.008750,0.015000,13.032622,-4.295847,-27.309530,8.294607,7.095868,-17.869449
0.028750,0.011250,0.015000,12.212106,0.292084,-28.777133,2.600880,7.301138,-6.757887
0.028750,0.013750,0.015000,9.950249,3.866220,-26.230774,-1.818071,4.686895,5.608376
0.028750,0.016250,0.015000,7.067123,4.658156,-17.976642,-4.811366,0.826058,16.442058
0.028750,0.018750,0.015000,3.776818,2.833319,-4.754268,-6.860468,-1.811408,21.592224
0.028750,0.021250,0.015000,-0.502640,0.518934,9.107239,-7.759607,-1.972568,17.830287
0.028750,0.023750,0.015000,-5.527726,-0.242705,17.030437,-5.910029,-0.818283,6.056300
0.028750,0.026250,0.015000,-8.548374,0.330572,14.458352,-0.188931,-0.517074,-7.446039
0.028750,0.028750,0.015000,-5.867078,0.192459,3.249201,6.856794,-1.481075,-14.218488
0.028750,0.031250,0.015000,2.306531,-1.574159,-8.331507,9.172570,-1.700531,-10.035303
0.028750,0.033750,0.015000,9.343723,-2.964314,-11.599622,3.057625,0.444570,0.942537
0.028750,0.036250,0.015000,7.520294,-1.369834,-4.917796,-6.798992,3.254572,9.126822
0.028750,0.038750,0.015000,-2.575532,2.414570,4.692358,-10.054162,3.099658,7.944807
0.031250,-0.038750,0.015000,-10.969174,-1.126765,20.408355,8.370861,7.274669,-4.548181
0.031250,-0.036250,0.015000,-13.531901,-7.439631,15.909676,-5.487258,3.402141,16.488317
0.031250,-0.033750,0.015000,-2.747518,-7.860993,-5.451114,-15.175721,-4.504639,24.519254
0.031250,-0.031250,0.015000,11.586548,-1.438005,-25.285820,-11.390633,-9.875268,10.869437
0.031250,-0.028750,0.015000,16.850760,7.129853,-26.491713,2.713575,-8.249343,-14.315693
0.031250,-0.026250,0.015000,8.798307,11.762073,-7.275882,15.559840,-0.647872,-32.034811
0.031250,-0.023750,0.015000,-6.183531,9.691924,19.380406,17.615708,7.951105,-29.954356
0.031250,-0.021250,0.015000,-17.683153,2.732016,37.217654,8.123947,12.792365,-9.846885
0.031250,-0.018750,0.015000,-19.263680,-4.999192,37.701452,-6.282705,12.337826,16.572261
0.031250,-0.016250,0.015000,-11.470796,-10.216077,22.928411,-17.694325,8.256697,37.042074
0.031250,-0.013750,0.015000,0.633451,-12.017927,1.239156,-21.910117,3.421477,45.429972
0.031250,-0.011250,0.015000,11.764753,-11.421612,-19.009827,-19.405536,-0.024339,42.580966
0.031250,-0.008750,0.015000,19.101856,-9.990615,-33.138809,-13.311184,-1.345421,33.256402
0.031250,-0.006250,0.015000,22.472379,-8.769230,-40.422697,-6.926242,-0.816266,22.577517
0.031250,-0.003750,0.015000,23.103359,-7.959203,-42.447758,-2.364996,0.957779,14.013580
0.031250,-0.001250,0.015000,22.295283,-7.126622,-41.308206,-0.422325,3.411555,9.061676
0.031250,0.001250,0.015000,20.710488,-5.602582,-38.529994,-0.975019,5.987538,7.816511
0.031250,0.003750,0.015000,18.325942,-2.919544,-34.757403,-3.330303,7.948605,9.650927
0.031250,0.006250,0.015000,14.839910,0.770938,-29.882862,-6.391900,8.381737,13.621843
0.031250,0.008750,0.015000,10.246690,4.472027,-23.356790,-8.868181,6.607076,18.538796
0.031250,0.011250,0.015000,5.194710,6.629759,-14.629199,-9.738743,2.847900,22.816945
0.031250,0.013750,0.015000,0.754651,6.071191,-3.799330,-8.807552,-1.422223,24.405789
0.031250,0.016250,0.015000,-2.347984,3.087201,7.628726,-6.768181,-4.100180,21.232837
0.031250,0.018750,0.015000,-4.277015,-0.396555,16.460688,-4.435776,-3.953744,12.435477
0.031250,0.021250,0.015000,-5.550635,-2.167934,18.853355,-1.811998,-1.783012,-0.109060
0.031250,0.023750,0.015000,-5.778255,-1.664538,12.862392,1.659250,0.174672,-11.418498
0.031250,0.026250,0.015000,-3.498163,-0.460385,0.997556,5.405409,0.425981,-15.618509
0.031250,0.028750,0.015000,1.700286,-0.402952,-9.901516,6.737188,-0.242456,-10.178413
0.031250,0.031250,0.015000,6.805319,-1.294378,-12.802134,3.040660,0.090664,1.086312
0.031250,0.033750,0.015000,6.765414,-1.108824,-6.152143,-4.112025,1.705571,9.829697
0.031250,0.036250,0.015000,0.075913,1.073806,4.125035,-8.324108,2.419782,9.596078
0.031250,0.038750,0.015000,-7.504241,3.115796,9.265836,-4.346029,0.370653,1.548076
0.033750,-0.038750,0.015000,-0.284282,5.062544,9.345118,12.813212,5.529191,-18.630030
0.033750,-0.036250,0.015000,-11.527940,-1.756537,22.551515,6.927748,8.060031,-2.596910
0.033750,-0.033750,0.015000,-12.763337,-8.175121,16.507767,-5.934259,3.849930,18.395575
0.033750,-0.031250,0.015000,-2.816602,-8.931139,-4.859169,-14.411226,-4.115039,26.437231
0.033750,-0.028750,0.015000,9.984809,-3.298559,-25.299109,-11.548535,-10.078417,14.517674
0.033750,-0.026250,0.015000,15.819559,4.931529,-30.155720,0.127079,-10.165705,-9.249571
0.033750,-0.023750,0.015000,11.035368,10.858727,-16.531118,12.063716,-4.750307,-29.642522
0.033750,-0.021250,0.015000,-0.534223,11.882128,7.093974,16.861110,2.727339,-35.576810
0.033750,-0.018750,0.015000,-11.837067,8.650424,28.588683,12.752582,8.659908,-25.697507
0.033750,-0.016250,0.015000,-17.692892,3.678469,39.787946,3.052472,11.360308,-6.374957
0.033750,-0.013750,0.015000,-17.020341,-0.632968,39.284524,-7.314601,11.258865,13.965331
0.033750,-0.011250,0.015000,-11.900375,-3.099676,30.643954,-14.894559,9.828062,29.431208
0.033750,-0.008750,0.015000,-5.369364,-3.699181,18.967414,-18.722786,8.413915,38.105358
0.033750,-0.006250,0.015000,0.234006,-2.938335,8.328910,-19.636369,7.662049,41.027623
0.033750,-0.003750,0.015000,3.764084,-1.302217,0.892209,-19.053503,7.523822,40.398379
0.033750,-0.001250,0.015000,4.983690,0.921796,-2.775551,-18.070957,7.511601,38.205916
0.033750,0.001250,0.015000,4.120468,3.498168,-3.000371,-17.102079,6.964399,35.618843
0.033750,0.003750,0.015000,1.638919,5.986426,-0.440257,-15.928177,5.301111,32.945358
0.033750,0.006250,0.015000,-1.747061,7.615936,4.165384,-14.008540,2.327978,29.844817
0.033750,0.008750,0.015000,-5.041623,7.494870,9.973899,-10.942579,-1.449046,25.595819
0.033750,0.011250,0.015000,-7.180902,5.181603,15.851473,-6.903470,-4.769299,19.400694
0.033750,0.013750,0.015000,-7.535811,1.299078,20.187918,-2.725114,-6.126995,10.825791
0.033750,0.016250,0.015000,-6.336379,-2.424587,21.005090,0.581530,-4.785447,0.424233
0.033750,0.018750,0.015000,-4.466169,-4.097661,16.687166,2.597688,-1.593329,-9.720915
0.033750,0.021250,0.015000,-2.580652,-3.118708,7.313160,3.737834,1.340108,-16.192846
0.033750,0.023750,0.015000,-0.453459,-0.820272,-4.218634,4.446134,2.242880,-15.784653
0.033750,0.026250,0.015000,2.367963,0.658478,-12.680570,4.139241,1.243361,-8.014926
0.033750,0.028750,0.015000,4.995827,0.459191,-13.358029,1.583184,0.147887,3.229663
0.033750,0.031250,0.015000,4.948407,-0.192068,-5.835614,-2.945722,0.343179,11.121166
0.033750,0.033750,0.015000,0.716263,0.336360,4.579560,-6.221414,1.097530,10.494078
0.033750,0.036250,0.015000,-5.106312,1.721533,10.153562,-4.378322,0.545170,2.322015
0.033750,0.038750,0.015000,-6.794422,1.795509,6.950465,2.196857,-1.529503,-6.414199
0.036250,-0.038750,0.015000,9.403795,7.516515,-9.199792,7.256030,-0.814754,-18.506902
0.036250,-0.036250,0.015000,-0.804650,5.641802,10.712448,12.337156,6.005561,-19.645399
0.036250,-0.033750,0.015000,-10.877588,-1.156192,23.936909,6.796186,8.856395,-3.589258
0.036250,-0.031250,0.015000,-12.431816,-7.920896,19.433128,-4.605957,5.440398,17.478006
0.036250,-0.028750,0.015000,-4.545124,-10.057705,0.064322,-12.874102,-1.909875,28.146158
0.036250,-0.026250,0.015000,6.685892,-6.507122,-21.327408,-12.315165,-8.582274,21.370973
0.036250,-0.023750,0.015000,13.787192,0.271452,-32.171579,-3.970691,-11.150373,1.718856
0.036250,-0.021250,0.015000,13.124312,6.664230,-27.756837,6.564413,-9.163083,-19.886956
0.036250,-0.018750,0.015000,6.099128,10.294533,-11.842782,13.720982,-4.532508,-33.872945
0.036250,-0.016250,0.015000,-3.155765,10.872879,7.777260,15.059422,0.269813,-36.503882
0.036250,-0.013750,0.015000,-10.846769,9.554679,24.286696,11.465046,3.637480,-29.681747
0.036250,-0.011250,0.015000,-15.209629,7.798047,34.418113,5.480909,5.181542,-18.050369
0.036250,-0.008750,0.015000,-16.459734,6.583823,38.301199,-0.466855,5.286795,-6.085865
0.036250,-0.006250,0.015000,-15.831289,6.227954,37.918097,-4.945834,4.495845,3.395290
0.036250,-0.003750,0.015000,-14.623287,6.552416,35.549870,-7.495444,3.140140,9.326257
0.036250,-0.001250,0.015000,-13.670572,7.110319,32.872603,-8.197342,1.299884,11.776090
0.036250,0.001250,0.015000,-13.208120,7.330948,30.699873,-7.291107,-1.016267,11.280217
0.036250,0.003750,0.015000,-12.953369,6.632764,29.092829,-5.039660,-3.618368,8.426841
0.036250,0.006250,0.015000,-12.307611,4.616544,27.582345,-1.824016,-5.953708,3.733395
0.036250,0.008750,0.015000,-10.671934,1.365242,25.379995,1.700147,-7.153092,-2.268742
0.036250,0.011250,0.015000,-7.838820,-2.314292,21.582825,4.616307,-6.415868,-8.832533
0.036250,0.013750,0.015000,-4.259846,-5.022445,15.463318,6.079627,-3.634138,-14.775110
0.036250,0.016250,0.015000,-0.896062,-5.466054,6.935265,5.829732,0.171031,-18.413381
0.036250,0.018750,0.015000,1.410393,-3.437259,-2.882171,4.421604,3.154821,-17.924568
0.036250,0.021250,0.015000,2.573769,-0.263419,-11.411316,2.770653,3.806592,-12.307022
0.036250,0.023750,0.015000,3.167634,1.967696,-15.300711,1.278887,2.185373,-2.632636
0.036250,0.026250,0.015000,3.472302,2.062864,-12.295517,-0.462100,-0.008023,7.407472
0.036250,0.028750,0.015000,2.750899,0.765128,-3.420478,-2.720083,-0.932064,12.804169
0.036250,0.031250,0.015000,0.090216,-0.092865,6.451018,-4.348745,-0.381484,10.370102
0.036250,0.033750,0.015000,-3.624759,0.323772,11.101726,-3.228030,0.152437,1.694381
0.036250,0.036250,0.015000,-5.226685,0.879414,7.523675,1.089808,-0.537792,-7.041841
0.036250,0.038750,0.015000,-2.145887,0.030133,-1.150974,5.375897,-1.618115,-9.367453
0.038750,-0.038750,0.015000,10.451408,3.542178,-20.183653,-3.392322,-6.680510,-2.989549
0.038750,-0.036250,0.015000,9.122251,8.019628,-10.396163,6.750274,-1.534593,-19.348714
0.038750,-0.033750,0.015000,0.170116,6.901125,9.181230,11.674551,5.399298,-21.754244
0.038750,-0.031250,0.015000,-9.149766,0.924412,24.036464,7.710107,9.281123,-7.984771
0.038750,-0.028750,0.015000,-12.080488,-6.011646,23.964439,-1.805672,7.772544,12.618998
0.038750,-0.026250,0.015000,-7.155188,-9.994895,9.339795,-10.163497,2.131607,27.286029
0.038750,-0.023750,0.015000,1.914390,-9.507426,-11.146990,-12.476547,-4.370725,28.438246
0.038750,-0.021250,0.015000,9.790642,-5.649946,-27.380392,-8.266419,-8.869737,16.816425
0.038750,-0.018750,0.015000,13.015319,-0.734190,-33.504598,-0.503252,-10.317961,-1.168732
0.038750,-0.016250,0.015000,11.238335,3.300543,-29.421291,7.059926,-9.371696,-18.281146
0.038750,-0.013750,0.015000,6.290182,5.638148,-18.847873,12.002561,-7.417995,-29.949669
0.038750,-0.011250,0.015000,0.516831,6.431149,-6.375270,13.822278,-5.656977,-35.120838
0.038750,-0.008750,0.015000,-4.393887,6.236281,4.573013,13.353342,-4.702943,-35.213145
0.038750,-0.006250,0.015000,-7.722791,5.529650,12.351085,11.862368,-4.640487,-32.545173
0.038750,-0.003750,0.015000,-9.443900,4.502309,16.712175,10.404614,-5.247125,-29.175089
0.038750,-0.001250,0.015000,-9.797172,3.098082,18.115174,9.569301,-6.159481,-26.398594
0.038750,0.001250,0.015000,-8.994062,1.182591,17.165540,9.474210,-6.928600,-24.724198
0.038750,0.003750,0.015000,-7.146275,-1.242512,14.337771,9.846974,-7.038508,-24.051325
0.038750,0.006250,0.015000,-4.383734,-3.850100,9.941754,10.136280,-6.003168,-23.866115
0.038750,0.008750,0.015000,-1.053046,-5.926600,4.242916,9.694995,-3.605037,-23.390714
0.038750,0.011250,0.015000,2.171833,-6.570035,-2.336878,8.075548,-0.198844,-21.710547
0.038750,0.013750,0.015000,4.437916,-5.186215,-8.996429,5.350778,3.164278,-17.958280
0.038750,0.016250,0.015000,5.142801,-2.065731,-14.410092,2.214341,5.076270,-11.645991
0.038750,0.018750,0.015000,4.374124,1.438501,-16.851059,-0.364435,4.596136,-3.155865
0.038750,0.021250,0.015000,2.900747,3.538730,-14.798890,-1.808407,2.071195,5.825462
0.038750,0.023750,0.015000,1.534258,3.242306,-8.013705,-2.342738,-0.836180,12.414893
0.038750,0.026250,0.015000,0.387055,1.223582,1.480905,-2.587982,-2.267355,13.654591
0.038750,0.028750,0.015000,-1.046000,-0.653721,9.532545,-2.603406,-1.680666,8.480700
0.038750,0.031250,0.015000,-2.786912,-1.008498,11.817171,-1.574720,-0.291123,-0.695077
0.038750,0.033750,0.015000,-3.527677,-0.235335,6.897301,1.017407,0.244555,-8.522979
0.038750,0.036250,0.015000,-1.645606,0.105115,-1.945265,3.810339,-0.328451,-9.947978
0.038750,0.038750,0.015000,2.361192,-0.685662,-8.355451,3.958880,-0.638725,-4.204830
