far field @z=0.050000
freq=27000000000.000000
sampling point=1024
x,y,z,realEx,realEy,realEz,imgEx,imgEy,imgEz
-0.516667,-0.516667,0.100000,-0.046084,0.020152,-0.131378,0.251334,-0.313829,-0.263556
-0.516667,-0.483333,0.100000,-0.103020,0.117948,0.024334,0.201846,-0.295978,-0.328202
-0.516667,-0.450000,0.100000,-0.044338,0.061979,0.049751,0.186580,-0.309968,-0.367732
-0.516667,-0.416667,0.100000,0.091784,-0.157498,-0.137039,0.125161,-0.262659,-0.399684
-0.516667,-0.383333,0.100000,0.099885,-0.274598,-0.476518,-0.082023,0.094667,-0.094850
-0.516667,-0.350000,0.100000,-0.135374,0.202329,-0.048316,-0.008421,0.185564,0.561623
-0.516667,-0.316667,0.100000,0.173633,-0.137339,0.493305,0.045875,-0.234197,-0.436143
-0.516667,-0.283333,0.100000,-0.242026,0.255200,-0.577251,0.025829,0.154705,0.512676
-0.516667,-0.250000,0.100000,0.119735,-0.272949,0.012386,-0.287363,0.238997,-0.905267
-0.516667,-0.216667,0.100000,0.371785,-0.425456,1.047397,0.027900,-0.163107,-0.148084
-0.516667,-0.183333,0.100000,0.384329,-0.468081,1.165384,0.170370,-0.307360,0.384014
-0.516667,-0.150000,0.100000,0.438324,-0.648894,1.367651,-0.098297,0.105340,-0.336697
-0.516667,-0.116667,0.100000,-0.147667,0.260535,-0.477553,-0.433550,0.682368,-1.522485
-0.516667,-0.083333,0.100000,-0.019960,-0.070824,-0.147640,0.449244,-0.760991,1.773980
-0.516667,-0.050000,0.100000,-0.281923,0.616225,-1.241373,-0.326110,0.426118,-1.507148
-0.516667,-0.016667,0.100000,0.201282,-0.081235,1.000322,-0.358909,0.677626,-1.850420
-0.516667,0.016667,0.100000,0.209521,0.005823,1.032254,-0.340990,0.569646,-1.970461
-0.516667,0.050000,0.100000,-0.231037,0.418672,-1.534186,-0.331031,0.075649,-1.725769
-0.516667,0.083333,0.100000,-0.072197,-0.231198,-0.058522,0.417917,-0.154717,2.353170
-0.516667,0.116667,0.100000,-0.103413,0.165077,-0.865461,-0.448299,-0.107059,-2.193903
-0.516667,0.150000,0.100000,0.499077,0.248349,2.209093,-0.094456,0.068807,-0.725962
-0.516667,0.183333,0.100000,0.528960,0.332562,2.189632,0.192318,0.178656,0.557513
-0.516667,0.216667,0.100000,0.614546,0.487318,2.128775,-0.077463,-0.050484,-0.407513
-0.516667,0.250000,0.100000,0.018973,-0.001212,-0.000757,-0.672295,-0.577410,-2.056213
-0.516667,0.283333,0.100000,-0.551890,-0.466625,-1.489549,0.459571,0.432839,1.231567
-0.516667,0.316667,0.100000,0.596959,0.503020,1.462352,-0.459879,-0.440684,-1.054985
-0.516667,0.350000,0.100000,-0.159236,-0.094905,-0.432056,0.760947,0.671567,1.615820
-0.516667,0.383333,0.100000,-0.732138,-0.635903,-1.385091,-0.296263,-0.210131,-0.684144
-0.516667,0.416667,0.100000,-0.050094,-0.081683,0.037286,-0.790040,-0.642804,-1.422200
-0.516667,0.450000,0.100000,0.367986,0.256449,0.727011,-0.692696,-0.561459,-1.087216
-0.516667,0.483333,0.100000,0.382150,0.259695,0.706531,-0.668234,-0.519842,-0.971714
-0.516667,0.516667,0.100000,0.057653,0.013407,0.209672,-0.747411,-0.542105,-1.083544
-0.483333,-0.516667,0.100000,-0.193789,0.178459,-0.046012,0.216485,-0.267841,-0.285306
-0.483333,-0.483333,0.100000,-0.262983,0.323420,0.233316,0.026678,-0.076617,-0.221520
-0.483333,-0.450000,0.100000,-0.227670,0.336410,0.350131,-0.031777,0.012886,-0.089069
-0.483333,-0.416667,0.100000,-0.184888,0.324292,0.397142,0.038677,-0.075518,-0.101661
-0.483333,-0.383333,0.100000,-0.044373,0.144609,0.320741,0.142227,-0.286366,-0.344405
-0.483333,-0.350000,0.100000,0.131845,-0.269680,-0.238900,-0.006566,-0.138269,-0.491756
-0.483333,-0.316667,0.100000,-0.145936,0.086066,-0.454827,-0.072753,0.276669,0.452760
-0.483333,-0.283333,0.100000,0.207523,-0.102801,0.721712,0.100862,-0.282097,-0.234823
-0.483333,-0.250000,0.100000,-0.303631,0.332248,-0.693664,0.068817,0.118578,0.574146
-0.483333,-0.216667,0.100000,-0.057639,-0.095615,-0.432583,-0.385026,0.435773,-0.975035
-0.483333,-0.183333,0.100000,0.242813,-0.393084,0.527239,-0.383403,0.401888,-1.139646
-0.483333,-0.150000,0.100000,0.127361,-0.230897,0.319148,-0.480737,0.637134,-1.427394
-0.483333,-0.116667,0.100000,-0.468882,0.704245,-1.513603,-0.216838,0.310509,-0.728129
-0.483333,-0.083333,0.100000,0.265778,-0.507468,0.923424,0.439827,-0.641393,1.656051
-0.483333,-0.050000,0.100000,-0.453247,0.795764,-1.894903,-0.203895,0.140956,-0.904451
-0.483333,-0.016667,0.100000,0.073123,0.173819,0.312371,-0.471810,0.714828,-2.256109
-0.483333,0.016667,0.100000,0.089310,0.223558,0.298232,-0.458392,0.564202,-2.400047
-0.483333,0.050000,0.100000,-0.410888,0.422838,-2.310259,-0.235955,-0.124967,-0.990951
-0.483333,0.083333,0.100000,0.207849,-0.275819,1.380632,0.455158,0.027299,2.154804
-0.483333,0.116667,0.100000,-0.473897,-0.009274,-2.377499,-0.268035,-0.214444,-0.934729
-0.483333,0.150000,0.100000,0.156340,0.176927,0.361788,-0.580291,-0.258358,-2.478218
-0.483333,0.183333,0.100000,0.292349,0.234535,0.876073,-0.595595,-0.384832,-2.251572
-0.483333,0.216667,0.100000,-0.283705,-0.224643,-1.001890,-0.667302,-0.522171,-2.068390
-0.483333,0.250000,0.100000,-0.613860,-0.495632,-1.681379,0.480991,0.425196,1.357100
-0.483333,0.283333,0.100000,0.796594,0.668530,1.954844,-0.208244,-0.219232,-0.476935
-0.483333,0.316667,0.100000,-0.667852,-0.535215,-1.503863,0.531079,0.487650,1.094600
-0.483333,0.350000,0.100000,-0.232462,-0.239288,-0.350820,-0.837422,-0.679571,-1.673679
-0.483333,0.383333,0.100000,0.740598,0.568376,1.393269,-0.459844,-0.407028,-0.715608
-0.483333,0.416667,0.100000,0.858065,0.664982,1.402371,0.092836,0.030123,0.286827
-0.483333,0.450000,0.100000,0.827191,0.618069,1.244380,0.174074,0.092718,0.399035
-0.483333,0.483333,0.100000,0.803919,0.561688,1.187682,-0.165374,-0.147647,-0.112726
-0.483333,0.516667,0.100000,0.377189,0.231606,0.621792,-0.695872,-0.483077,-0.895260
-0.450000,-0.516667,0.100000,-0.234970,0.193464,-0.096020,0.226386,-0.258974,-0.268908
-0.450000,-0.483333,0.100000,-0.276855,0.328255,0.278422,-0.126361,0.089459,-0.151259
-0.450000,-0.450000,0.100000,-0.111067,0.189738,0.314893,-0.249026,0.296657,0.162243
-0.450000,-0.416667,0.100000,-0.055412,0.122601,0.231103,-0.224262,0.334783,0.326378
-0.450000,-0.383333,0.100000,-0.120784,0.231541,0.291222,-0.136949,0.264196,0.352290
-0.450000,-0.350000,0.100000,-0.126372,0.330622,0.520799,0.065110,-0.062590,0.097511
-0.450000,-0.316667,0.100000,0.133808,-0.130765,0.223360,0.059959,-0.289726,-0.581656
-0.450000,-0.283333,0.100000,-0.155125,-0.012940,-0.722770,-0.142498,0.312140,0.166346
-0.450000,-0.250000,0.100000,0.269986,-0.133780,0.884676,0.138922,-0.319779,-0.094839
-0.450000,-0.216667,0.100000,-0.332167,0.429920,-0.637823,0.224870,-0.057726,0.858473
-0.450000,-0.183333,0.100000,-0.421403,0.391100,-1.200244,-0.244885,0.399790,-0.444802
-0.450000,-0.150000,0.100000,-0.457590,0.524105,-1.309059,-0.306911,0.456303,-0.765628
-0.450000,-0.116667,0.100000,-0.516805,0.717050,-1.565193,0.275343,-0.377409,0.825896
-0.450000,-0.083333,0.100000,0.555148,-0.851873,1.877982,0.205482,-0.210840,0.760650
-0.450000,-0.050000,0.100000,-0.576999,0.832329,-2.265853,0.044390,-0.273319,0.126222
-0.450000,-0.016667,0.100000,-0.142501,0.482249,-0.671731,-0.541718,0.635061,-2.389176
-0.450000,0.016667,0.100000,-0.120326,0.465066,-0.754738,-0.538155,0.452809,-2.537862
-0.450000,0.050000,0.100000,-0.562865,0.310239,-2.742167,-0.009037,-0.334840,0.270804
-0.450000,0.083333,0.100000,0.536180,-0.171229,2.656982,0.263494,0.216363,0.882429
-0.450000,0.116667,0.100000,-0.592107,-0.230428,-2.355540,0.271629,-0.088910,1.478923
-0.450000,0.150000,0.100000,-0.607185,-0.267847,-2.429072,-0.382962,-0.276113,-1.195489
-0.450000,0.183333,0.100000,-0.733439,-0.490806,-2.470204,-0.288138,-0.220085,-0.773837
-0.450000,0.216667,0.100000,-0.524653,-0.390718,-1.431794,0.672966,0.528979,1.973095
-0.450000,0.250000,0.100000,0.905479,0.730320,2.264014,-0.051521,-0.082595,-0.130495
-0.450000,0.283333,0.100000,-0.937261,-0.758271,-2.079546,0.118256,0.147856,0.202431
-0.450000,0.316667,0.100000,0.495943,0.351979,1.067083,-0.827912,-0.693166,-1.585812
-0.450000,0.350000,0.100000,0.873547,0.704134,1.510938,0.419139,0.280276,0.863176
-0.450000,0.383333,0.100000,0.308980,0.276764,0.379005,0.907157,0.666623,1.533382
-0.450000,0.416667,0.100000,0.137982,0.140110,0.074520,0.926102,0.661137,1.429883
-0.450000,0.450000,0.100000,0.449935,0.340377,0.526951,0.786300,0.524257,1.186051
-0.450000,0.483333,0.100000,0.855339,0.568163,1.129200,0.158857,0.075781,0.333752
-0.450000,0.516667,0.100000,0.355618,0.201849,0.554589,-0.750860,-0.482130,-0.915174
-0.416667,-0.516667,0.100000,-0.127675,0.058002,-0.247069,0.338808,-0.312756,-0.139641
-0.416667,-0.483333,0.100000,-0.311812,0.329389,0.228418,-0.149010,0.087595,-0.216172
-0.416667,-0.450000,0.100000,0.027773,0.036029,0.270356,-0.317608,0.358617,0.222989
-0.416667,-0.416667,0.100000,0.198600,-0.216159,-0.036468,-0.197187,0.305213,0.391918
-0.416667,-0.383333,0.100000,0.177277,-0.263380,-0.227225,-0.144379,0.271692,0.384983
-0.416667,-0.350000,0.100000,0.038176,-0.102033,-0.186807,-0.167412,0.356910,0.480210
-0.416667,-0.316667,0.100000,-0.138396,0.289641,0.275284,-0.016341,0.203081,0.538001
-0.416667,-0.283333,0.100000,0.134393,0.026606,0.627294,0.124532,-0.336167,-0.356108
-0.416667,-0.250000,0.100000,-0.181970,-0.054811,-0.863935,-0.219719,0.345112,-0.126434
-0.416667,-0.216667,0.100000,0.390881,-0.276101,1.051564,0.106309,-0.317803,-0.167779
-0.416667,-0.183333,0.100000,-0.136653,0.318621,-0.056988,0.500661,-0.449118,1.296656
-0.416667,-0.150000,0.100000,-0.413243,0.561825,-0.954500,0.448693,-0.429768,1.244372
-0.416667,-0.116667,0.100000,-0.013890,0.046616,-0.020099,0.666854,-0.850077,1.865402
-0.416667,-0.083333,0.100000,0.627560,-0.820863,2.003336,-0.281655,0.466173,-0.840367
-0.416667,-0.050000,0.100000,-0.540371,0.603242,-1.984729,0.415266,-0.740176,1.464938
-0.416667,-0.016667,0.100000,-0.445998,0.785094,-1.860360,-0.494178,0.374586,-1.989976
-0.416667,0.016667,0.100000,-0.424553,0.669474,-2.029672,-0.505498,0.195173,-2.102076
-0.416667,0.050000,0.100000,-0.571395,0.058597,-2.364363,0.365404,-0.468024,1.917850
-0.416667,0.083333,0.100000,0.683028,0.075677,2.757862,-0.237133,0.265927,-1.381056
-0.416667,0.116667,0.100000,-0.043931,-0.182059,0.196165,0.787821,0.237228,3.038518
-0.416667,0.150000,0.100000,-0.545188,-0.353225,-1.631245,0.673169,0.318030,2.442584
-0.416667,0.183333,0.100000,-0.062107,-0.049555,-0.027276,0.941004,0.638949,2.777698
-0.416667,0.216667,0.100000,1.002158,0.747731,2.560551,-0.117601,-0.120890,-0.352739
-0.416667,0.250000,0.100000,-1.028156,-0.809876,-2.303031,-0.245017,-0.138547,-0.578679
-0.416667,0.283333,0.100000,1.016331,0.765982,2.055041,-0.375524,-0.346700,-0.668774
-0.416667,0.316667,0.100000,0.232946,0.233520,0.301289,1.063656,0.792041,1.930787
-0.416667,0.350000,0.100000,-0.722869,-0.488322,-1.279375,0.796626,0.617774,1.208761
-0.416667,0.383333,0.100000,-0.889465,-0.598268,-1.411394,0.554016,0.427518,0.715500
-0.416667,0.416667,0.100000,-0.641435,-0.398813,-1.003059,0.779609,0.546484,1.008516
-0.416667,0.450000,0.100000,0.165821,0.137526,0.097758,0.950197,0.600664,1.276268
-0.416667,0.483333,0.100000,0.914409,0.557617,1.140494,0.054731,0.007474,0.177506
-0.416667,0.516667,0.100000,-0.114363,-0.086429,-0.044720,-0.858918,-0.495388,-1.042670
-0.383333,-0.516667,0.100000,0.240059,-0.226622,-0.201437,0.317189,-0.206362,0.198809
-0.383333,-0.483333,0.100000,-0.385670,0.318724,-0.006466,0.037468,-0.098293,-0.313949
-0.383333,-0.450000,0.100000,0.014399,0.063231,0.329806,-0.366900,0.354191,0.116442
-0.383333,-0.416667,0.100000,0.318782,-0.331656,-0.096773,-0.099010,0.190657,0.379494
-0.383333,-0.383333,0.100000,0.265207,-0.392472,-0.415445,0.103685,-0.066892,0.151370
-0.383333,-0.350000,0.100000,0.205793,-0.390619,-0.505148,0.079219,-0.096748,-0.021801
-0.383333,-0.316667,0.100000,0.131578,-0.361832,-0.573787,-0.082938,0.153019,0.131636
-0.383333,-0.283333,0.100000,-0.136149,0.115524,-0.220428,-0.069857,0.355370,0.664961
-0.383333,-0.250000,0.100000,0.147734,0.129952,0.851755,0.205405,-0.342524,0.001466
-0.383333,-0.216667,0.100000,-0.272756,0.001318,-1.012547,-0.287983,0.412702,-0.285467
-0.383333,-0.183333,0.100000,0.526502,-0.526122,1.114539,-0.140883,-0.106260,-0.682704
-0.383333,-0.150000,0.100000,0.523448,-0.433172,1.373744,0.423473,-0.566300,0.849713
-0.383333,-0.116667,0.100000,0.713725,-0.808883,1.857399,0.270032,-0.373933,0.643978
-0.383333,-0.083333,0.100000,0.195119,-0.173540,0.604661,-0.783066,1.002643,-2.257651
-0.383333,-0.050000,0.100000,-0.192370,0.019214,-0.683625,0.789954,-1.046832,2.610832
-0.383333,-0.016667,0.100000,-0.772368,0.949890,-2.915179,-0.219820,-0.107024,-0.772343
-0.383333,0.016667,0.100000,-0.764511,0.721896,-3.160790,-0.245704,-0.213882,-0.778812
-0.383333,0.050000,0.100000,-0.259355,-0.277146,-0.698987,0.789001,-0.399105,3.321782
-0.383333,0.083333,0.100000,0.275744,0.279643,0.654057,-0.844735,0.047190,-3.361784
-0.383333,0.116667,0.100000,0.903336,0.262739,3.239830,0.349852,0.269238,0.863425
-0.383333,0.150000,0.100000,0.884983,0.461143,2.806194,0.577205,0.365442,1.532615
-0.383333,0.183333,0.100000,0.989304,0.655488,2.532553,-0.560442,-0.386262,-1.576810
-0.383333,0.216667,0.100000,-1.125293,-0.829689,-2.575827,-0.410925,-0.250419,-0.922181
-0.383333,0.250000,0.100000,1.218804,0.907043,2.439411,0.185054,0.072747,0.430456
-0.383333,0.283333,0.100000,-0.669137,-0.430914,-1.288340,1.044280,0.795018,1.811708
-0.383333,0.316667,0.100000,-1.211028,-0.862800,-1.941268,-0.173746,-0.062090,-0.411693
-0.383333,0.350000,0.100000,-1.020648,-0.718191,-1.442916,-0.606845,-0.365357,-1.019798
-0.383333,0.383333,0.100000,-1.097267,-0.721049,-1.475041,-0.301878,-0.152646,-0.545602
-0.383333,0.416667,0.100000,-0.902013,-0.535662,-1.233334,0.594980,0.395871,0.666111
-0.383333,0.450000,0.100000,0.376583,0.246324,0.361463,0.947267,0.544362,1.199184
-0.383333,0.483333,0.100000,0.775276,0.419455,0.958448,-0.562286,-0.330331,-0.584987
-0.383333,0.516667,0.100000,-0.859453,-0.460381,-0.944548,-0.259692,-0.122880,-0.359240
-0.350000,-0.516667,0.100000,0.331564,-0.184122,0.255941,-0.280498,0.223752,0.118735
-0.350000,-0.483333,0.100000,-0.133915,0.034473,-0.313046,0.408900,-0.316954,-0.026910
-0.350000,-0.450000,0.100000,-0.242346,0.263457,0.282671,-0.339730,0.229789,-0.208146
-0.350000,-0.416667,0.100000,0.356513,-0.295053,0.080924,-0.162073,0.239460,0.385057
-0.350000,-0.383333,0.100000,0.237180,-0.345073,-0.428062,0.255834,-0.215075,0.114533
-0.350000,-0.350000,0.100000,0.031436,-0.148765,-0.383653,0.283594,-0.397687,-0.325727
-0.350000,-0.316667,0.100000,0.052146,-0.160907,-0.295778,0.196120,-0.397316,-0.499041
-0.350000,-0.283333,0.100000,0.137635,-0.391059,-0.550461,-0.007268,-0.143685,-0.405799
-0.350000,-0.250000,0.100000,-0.162587,-0.050165,-0.677193,-0.123467,0.396131,0.478132
-0.350000,-0.216667,0.100000,0.204583,0.148763,0.987240,0.307742,-0.388830,0.299459
-0.350000,-0.183333,0.100000,-0.503046,0.251206,-1.300917,-0.245622,0.455693,-0.105197
-0.350000,-0.150000,0.100000,0.251293,-0.442553,0.286176,-0.694137,0.554949,-1.628989
-0.350000,-0.116667,0.100000,0.413207,-0.532703,0.880982,-0.772497,0.758722,-1.871553
-0.350000,-0.083333,0.100000,-0.700750,0.836955,-1.833738,-0.651320,0.711041,-1.732477
-0.350000,-0.050000,0.100000,0.524772,-0.802731,1.548688,0.833104,-0.831207,2.539415
-0.350000,-0.016667,0.100000,-0.913268,0.758715,-3.098617,0.371734,-0.739294,1.330728
-0.350000,0.016667,0.100000,-0.933430,0.465261,-3.341901,0.346166,-0.672087,1.510234
-0.350000,0.050000,0.100000,0.489708,-0.496093,2.158196,0.913532,-0.046222,3.158605
-0.350000,0.083333,0.100000,-0.772898,0.118824,-2.968685,-0.798769,-0.282645,-2.430367
-0.350000,0.116667,0.100000,0.546070,0.333598,1.350967,-1.076513,-0.351239,-3.460207
-0.350000,0.150000,0.100000,0.263306,0.176074,0.485557,-1.276223,-0.705872,-3.456623
-0.350000,0.183333,0.100000,-1.366396,-0.893064,-3.181417,-0.195636,-0.092306,-0.367458
-0.350000,0.216667,0.100000,1.298174,0.919072,2.619614,0.590474,0.346136,1.211487
-0.350000,0.250000,0.100000,-1.335958,-0.895643,-2.419937,0.527808,0.432981,0.862695
-0.350000,0.283333,0.100000,-0.760192,-0.572176,-1.114017,-1.192410,-0.767707,-1.977437
-0.350000,0.316667,0.100000,-0.039468,-0.086179,0.079101,-1.365606,-0.886132,-1.996224
-0.350000,0.350000,0.100000,-0.290119,-0.228520,-0.260347,-1.268083,-0.776122,-1.738024
-0.350000,0.383333,0.100000,-1.070287,-0.650755,-1.288928,-0.597414,-0.318480,-0.858129
-0.350000,0.416667,0.100000,-0.725192,-0.383310,-0.942712,0.888542,0.516517,0.992246
-0.350000,0.450000,0.100000,0.995425,0.537113,1.098850,0.389083,0.186746,0.517992
-0.350000,0.483333,0.100000,-0.354938,-0.193251,-0.328822,-0.928604,-0.463616,-1.032320
-0.350000,0.516667,0.100000,-0.087833,-0.032592,-0.133155,0.920459,0.443105,0.961981
-0.316667,-0.516667,0.100000,-0.469051,0.270424,-0.162721,-0.065761,-0.005114,-0.227986
-0.316667,-0.483333,0.100000,0.474890,-0.295779,0.151327,0.025509,0.042702,0.274510
-0.316667,-0.450000,0.100000,-0.436141,0.269601,-0.234888,0.175535,-0.191960,-0.262594
-0.316667,-0.416667,0.100000,0.154077,-0.026659,0.387327,-0.426362,0.364852,0.087755
-0.316667,-0.383333,0.100000,0.345459,-0.383510,-0.297440,0.238646,-0.117346,0.335997
-0.316667,-0.350000,0.100000,-0.109239,-0.010733,-0.386941,0.346514,-0.432195,-0.330614
-0.316667,-0.316667,0.100000,-0.216965,0.249095,0.051610,0.173912,-0.378653,-0.579845
-0.316667,-0.283333,0.100000,-0.084509,0.188048,0.227178,0.147212,-0.416571,-0.638277
-0.316667,-0.250000,0.100000,0.142016,-0.270969,-0.181586,0.005065,-0.351305,-0.790937
-0.316667,-0.216667,0.100000,-0.240254,-0.125304,-0.989588,-0.204132,0.420144,0.190927
-0.316667,-0.183333,0.100000,0.399991,0.006979,1.241460,0.383913,-0.508148,0.356997
-0.316667,-0.150000,0.100000,-0.758155,0.691227,-1.425300,0.253178,0.089287,0.889217
-0.316667,-0.116667,0.100000,-0.945315,0.818542,-2.090430,-0.348162,0.492758,-0.580443
-0.316667,-0.083333,0.100000,-0.993152,1.021972,-2.358862,0.573538,-0.600000,1.375605
-0.316667,-0.050000,0.100000,1.211954,-1.271860,3.299635,0.057724,0.177598,0.193124
-0.316667,-0.016667,0.100000,-0.464665,0.006411,-1.363131,1.145867,-1.185478,3.564375
-0.316667,0.016667,0.100000,-0.507933,-0.184296,-1.415884,1.155854,-0.873619,3.940076
-0.316667,0.050000,0.100000,1.315157,-0.290862,4.365259,0.142244,0.416131,0.016709
-0.316667,0.083333,0.100000,-1.251019,-0.332793,-3.586159,0.668700,-0.138324,2.444836
-0.316667,0.116667,0.100000,-1.460436,-0.558686,-4.044538,-0.451346,-0.292739,-0.883093
-0.316667,0.150000,0.100000,-1.418902,-0.782605,-3.236027,0.792058,0.435260,2.024094
-0.316667,0.183333,0.100000,1.557009,0.990254,3.186673,0.644785,0.347271,1.267982
-0.316667,0.216667,0.100000,-1.698128,-1.096523,-3.023386,-0.053914,0.044638,-0.147419
-0.316667,0.250000,0.100000,0.230794,0.068877,0.471579,-1.652015,-1.066224,-2.599826
-0.316667,0.283333,0.100000,1.214419,0.705893,1.820868,-1.044718,-0.698639,-1.395255
-0.316667,0.316667,0.100000,1.038497,0.573259,1.457056,-1.100014,-0.688771,-1.354464
-0.316667,0.350000,0.100000,-0.081256,-0.088329,0.016626,-1.409444,-0.788934,-1.728523
-0.316667,0.383333,0.100000,-1.302680,-0.695464,-1.490930,-0.114540,-0.029947,-0.226854
-0.316667,0.416667,0.100000,0.348927,0.196062,0.313215,1.154954,0.575178,1.285099
-0.316667,0.450000,0.100000,0.475689,0.214599,0.542311,-1.004874,-0.484923,-1.033483
-0.316667,0.483333,0.100000,-0.724472,-0.322522,-0.749994,0.725522,0.333446,0.715206
-0.316667,0.516667,0.100000,0.670547,0.286517,0.658584,-0.669650,-0.289925,-0.651006
-0.283333,-0.516667,0.100000,0.503918,-0.250137,0.210788,0.123734,-0.032209,0.178731
-0.283333,-0.483333,0.100000,-0.429735,0.249214,-0.089145,-0.304317,0.122149,-0.297315
-0.283333,-0.450000,0.100000,0.412069,-0.274968,0.008168,0.331048,-0.137688,0.351158
-0.283333,-0.416667,0.100000,-0.485599,0.340548,-0.044903,-0.189269,0.035521,-0.396970
-0.283333,-0.383333,0.100000,0.466670,-0.295270,0.263666,-0.176321,0.241483,0.371547
-0.283333,-0.350000,0.100000,0.012683,-0.167350,-0.519931,0.453717,-0.387460,0.017714
-0.283333,-0.316667,0.100000,-0.359594,0.342963,-0.008776,0.111130,-0.304779,-0.595354
-0.283333,-0.283333,0.100000,-0.249769,0.474627,0.544310,-0.059453,-0.091143,-0.419169
-0.283333,-0.250000,0.100000,-0.093007,0.422148,0.707213,0.063713,-0.243612,-0.393564
-0.283333,-0.216667,0.100000,0.221153,-0.169376,0.271439,-0.025659,-0.446881,-0.952515
-0.283333,-0.183333,0.100000,-0.435718,-0.041791,-1.268507,-0.275770,0.508622,0.077680
-0.283333,-0.150000,0.100000,0.837007,-0.480775,1.666203,0.126153,-0.476283,-0.281742
-0.283333,-0.116667,0.100000,0.150609,0.149872,0.568897,1.146675,-0.959917,2.189947
-0.283333,-0.083333,0.100000,0.660216,-0.555419,1.460423,1.224228,-1.148384,2.576240
-0.283333,-0.050000,0.100000,0.659188,-0.406881,1.621335,-1.376213,1.378531,-3.333674
-0.283333,-0.016667,0.100000,0.888068,-1.101012,2.521617,1.319513,-0.766711,3.581649
-0.283333,0.016667,0.100000,0.883363,-0.915179,2.881760,1.388411,-0.354865,3.909473
-0.283333,0.050000,0.100000,0.824738,0.326978,1.949363,-1.524879,0.396387,-4.663092
-0.283333,0.083333,0.100000,0.860696,-0.063276,2.725908,1.640229,0.458940,4.146398
-0.283333,0.116667,0.100000,0.420402,0.093059,1.313506,1.923785,0.817825,4.447956
-0.283333,0.150000,0.100000,2.041348,1.086759,4.145290,-0.157308,-0.113665,-0.471570
-0.283333,0.183333,0.100000,-2.044990,-1.205172,-3.619218,-0.285435,-0.088508,-0.496030
-0.283333,0.216667,0.100000,1.194754,0.637801,1.922301,-1.628194,-1.018686,-2.489645
-0.283333,0.250000,0.100000,1.923936,1.118803,2.680186,0.040667,-0.055319,0.171574
-0.283333,0.283333,0.100000,1.796491,1.002819,2.278848,0.070186,-0.023694,0.209281
-0.283333,0.316667,0.100000,1.223178,0.615449,1.512140,-1.118259,-0.625257,-1.238521
-0.283333,0.350000,0.100000,-0.886731,-0.468639,-0.913606,-1.229233,-0.595635,-1.407784
-0.283333,0.383333,0.100000,-0.648760,-0.288501,-0.730070,1.219417,0.584288,1.253889
-0.283333,0.416667,0.100000,1.130539,0.498890,1.147928,-0.552701,-0.255607,-0.529413
-0.283333,0.450000,0.100000,-1.115171,-0.469062,-1.078422,0.276158,0.119845,0.263477
-0.283333,0.483333,0.100000,0.974999,0.390229,0.902854,-0.396748,-0.157158,-0.387650
-0.283333,0.516667,0.100000,-0.649380,-0.250618,-0.558596,0.719024,0.269796,0.674995
-0.250000,-0.516667,0.100000,-0.511302,0.207720,-0.252162,0.258951,-0.116842,0.100896
-0.250000,-0.483333,0.100000,0.550472,-0.250860,0.243769,0.204507,-0.067374,0.182730
-0.250000,-0.450000,0.100000,-0.369329,0.208446,-0.059691,-0.469335,0.194686,-0.340908
-0.250000,-0.416667,0.100000,0.256431,-0.194570,-0.103409,0.542363,-0.248794,0.383408
-0.250000,-0.383333,0.100000,-0.332002,0.275617,0.147006,-0.488026,0.219724,-0.434401
-0.250000,-0.350000,0.100000,0.523109,-0.394933,0.027513,0.200682,0.008112,0.530409
-0.250000,-0.316667,0.100000,-0.354222,0.134395,-0.500804,0.350476,-0.419988,-0.357243
-0.250000,-0.283333,0.100000,-0.328574,0.483742,0.444479,-0.206811,-0.009534,-0.557105
-0.250000,-0.250000,0.100000,-0.102885,0.469683,0.831693,-0.184898,0.205813,-0.006798
-0.250000,-0.216667,0.100000,-0.006466,0.512828,0.996038,0.077332,-0.086050,-0.003839
-0.250000,-0.183333,0.100000,0.405707,-0.231708,0.588802,-0.129505,-0.479092,-1.110012
-0.250000,-0.150000,0.100000,-0.861265,0.379979,-1.578601,-0.053185,0.535567,0.591100
-0.250000,-0.116667,0.100000,0.634968,-0.777970,0.741997,-1.155371,0.580947,-2.219406
-0.250000,-0.083333,0.100000,1.159072,-1.037318,2.074391,-1.252429,0.886771,-2.452652
-0.250000,-0.050000,0.100000,-1.663128,1.465336,-3.555726,-1.047432,0.689410,-2.234882
-0.250000,-0.016667,0.100000,2.049187,-1.272613,4.937190,-0.504618,0.863426,-1.333538
-0.250000,0.016667,0.100000,2.164952,-0.703777,5.508893,-0.482052,0.827175,-1.625121
-0.250000,0.050000,0.100000,-1.936198,0.376570,-5.209821,-1.322786,-0.357693,-2.875427
-0.250000,0.083333,0.100000,1.668101,0.577297,3.463752,-1.837985,-0.262752,-4.570770
-0.250000,0.116667,0.100000,0.985229,0.449907,1.699930,-2.386057,-0.969127,-4.927949
-0.250000,0.150000,0.100000,-2.555352,-1.277265,-4.439650,0.486252,0.304546,0.958162
-0.250000,0.183333,0.100000,1.859446,0.933982,2.845975,-1.715899,-0.988859,-2.596739
-0.250000,0.216667,0.100000,2.056462,1.144741,2.734029,1.209316,0.570654,1.707625
-0.250000,0.250000,0.100000,1.658953,0.902345,1.960448,1.440910,0.691769,1.837136
-0.250000,0.283333,0.100000,1.993091,0.977614,2.244762,-0.021350,-0.058927,0.064364
-0.250000,0.316667,0.100000,0.140996,0.035240,0.210208,-1.787714,-0.829967,-1.878422
-0.250000,0.350000,0.100000,-1.441553,-0.621047,-1.451878,0.714822,0.325479,0.685423
-0.250000,0.383333,0.100000,1.444015,0.592510,1.376059,0.067707,0.022793,0.065091
-0.250000,0.416667,0.100000,-1.295365,-0.500910,-1.189090,-0.148511,-0.060098,-0.109381
-0.250000,0.450000,0.100000,1.161339,0.426574,1.015933,-0.222706,-0.073760,-0.245875
-0.250000,0.483333,0.100000,-0.745974,-0.267313,-0.586316,0.779945,0.263057,0.713394
-0.250000,0.516667,0.100000,-0.122077,-0.026961,-0.184849,-0.983999,-0.327004,-0.801674
-0.216667,-0.516667,0.100000,-0.301885,0.100704,-0.193048,-0.561906,0.206744,-0.186498
-0.216667,-0.483333,0.100000,-0.454780,0.170912,-0.179072,0.478851,-0.180764,0.238292
-0.216667,-0.450000,0.100000,0.666077,-0.267112,0.322634,0.139393,-0.040188,0.097995
-0.216667,-0.416667,0.100000,-0.406862,0.201519,-0.124313,-0.564186,0.215372,-0.367583
-0.216667,-0.383333,0.100000,0.149744,-0.135772,-0.132814,0.685095,-0.294849,0.432908
-0.216667,-0.350000,0.100000,-0.137426,0.181253,0.269618,-0.676495,0.311825,-0.460188
-0.216667,-0.316667,0.100000,0.399333,-0.363725,-0.181337,0.514135,-0.176211,0.604014
-0.216667,-0.283333,0.100000,-0.560931,0.333454,-0.365996,0.068729,-0.307455,-0.648876
-0.216667,-0.250000,0.100000,-0.107053,0.450088,0.797028,-0.392229,0.222427,-0.368132
-0.216667,-0.216667,0.100000,0.070974,0.400936,0.963595,-0.128598,0.357655,0.393782
-0.216667,-0.183333,0.100000,0.164213,0.546954,1.254820,0.222076,-0.116159,0.235861
-0.216667,-0.150000,0.100000,0.585806,-0.571374,0.437345,-0.583323,-0.300119,-1.627406
-0.216667,-0.116667,0.100000,-0.739477,0.873418,-0.637201,1.281979,-0.378160,2.311730
-0.216667,-0.083333,0.100000,-2.110220,1.426883,-3.436372,0.153872,0.216681,0.522408
-0.216667,-0.050000,0.100000,-0.730483,0.393651,-1.298652,2.498927,-1.790869,4.629326
-0.216667,-0.016667,0.100000,-0.659390,0.947502,-1.523564,-2.833623,1.515420,-5.899300
-0.216667,0.016667,0.100000,-0.648758,0.922084,-1.896548,-3.047093,0.780123,-6.686636
-0.216667,0.050000,0.100000,-1.006130,-0.520149,-1.564873,3.135572,-0.138746,6.964956
-0.216667,0.083333,0.100000,-3.404870,-0.882427,-6.587933,0.337071,-0.136085,1.178750
-0.216667,0.116667,0.100000,-1.351555,-0.542339,-2.039480,3.163162,1.254976,5.487799
-0.216667,0.150000,0.100000,1.792182,0.759390,2.576646,-2.794365,-1.337361,-4.162292
-0.216667,0.183333,0.100000,2.320191,1.171964,2.984950,2.033320,0.902552,2.658138
-0.216667,0.216667,0.100000,1.168932,0.614476,1.297774,2.530024,1.154388,2.967382
-0.216667,0.250000,0.100000,2.173641,0.993621,2.285125,1.181577,0.486142,1.307404
-0.216667,0.283333,0.100000,1.175626,0.474161,1.189528,-1.833973,-0.785121,-1.803320
-0.216667,0.316667,0.100000,-1.913170,-0.755124,-1.791806,0.106274,0.049188,0.106072
-0.216667,0.350000,0.100000,1.605660,0.593469,1.446776,0.532639,0.201931,0.437955
-0.216667,0.383333,0.100000,-1.464490,-0.507487,-1.270303,-0.340369,-0.130977,-0.224791
-0.216667,0.416667,0.100000,1.305157,0.433519,1.053515,-0.333977,-0.092833,-0.364490
-0.216667,0.450000,0.100000,-0.603885,-0.205632,-0.384668,1.057363,0.319231,0.895270
-0.216667,0.483333,0.100000,-0.583255,-0.154335,-0.552404,-0.944436,-0.290812,-0.659814
-0.216667,0.516667,0.100000,0.979332,0.282472,0.688100,-0.285448,-0.059651,-0.338784
-0.183333,-0.516667,0.100000,0.067780,-0.048883,-0.159550,-0.708257,0.219344,-0.219886
-0.183333,-0.483333,0.100000,-0.734383,0.234766,-0.275791,-0.128439,0.064708,0.106775
-0.183333,-0.450000,0.100000,-0.044894,0.030105,0.093643,0.778225,-0.262121,0.315271
-0.183333,-0.416667,0.100000,0.778067,-0.274209,0.340984,-0.230654,0.080628,-0.155036
-0.183333,-0.383333,0.100000,-0.661981,0.258018,-0.323793,-0.514062,0.171429,-0.293295
-0.183333,-0.350000,0.100000,0.249290,-0.154223,0.002688,0.816062,-0.299108,0.520126
-0.183333,-0.316667,0.100000,-0.075614,0.148201,0.252862,-0.843157,0.336464,-0.575204
-0.183333,-0.283333,0.100000,0.296193,-0.318774,-0.246379,0.743528,-0.250489,0.723375
-0.183333,-0.250000,0.100000,-0.656051,0.394343,-0.345230,-0.204503,-0.218887,-0.861735
-0.183333,-0.216667,0.100000,0.148972,0.412649,1.074567,-0.450172,0.283827,-0.321668
-0.183333,-0.183333,0.100000,0.259259,0.453855,1.248654,0.057543,0.307954,0.544255
-0.183333,-0.150000,0.100000,0.676974,0.402608,1.726405,0.302570,-0.484763,-0.178256
-0.183333,-0.116667,0.100000,-0.490942,-0.553965,-1.476884,-1.547472,0.727640,-1.958623
-0.183333,-0.083333,0.100000,2.646381,-1.394483,3.707335,-0.026323,-0.548195,-0.504546
-0.183333,-0.050000,0.100000,3.028706,-1.781026,4.647415,-1.876654,1.070532,-3.048633
-0.183333,-0.016667,0.100000,-3.205122,1.146572,-5.533475,2.721670,-1.764780,4.957859
-0.183333,0.016667,0.100000,-3.556674,0.284355,-6.302057,2.923939,-1.313520,5.906290
-0.183333,0.050000,0.100000,4.154454,0.498174,7.108925,-2.466645,0.358990,-5.065430
-0.183333,0.083333,0.100000,4.853383,1.247247,7.809147,-0.174972,0.141877,-0.821211
-0.183333,0.116667,0.100000,-1.739020,-0.660366,-2.678777,-4.302699,-1.566251,-5.941072
-0.183333,0.150000,0.100000,3.870745,1.612446,4.764850,1.700751,0.618063,2.016514
-0.183333,0.183333,0.100000,1.409221,0.642861,1.530766,3.440337,1.386709,3.741748
-0.183333,0.216667,0.100000,2.483086,1.004910,2.453267,2.023728,0.769734,2.003656
-0.183333,0.250000,0.100000,1.886255,0.694742,1.711924,-1.986985,-0.746900,-1.841422
-0.183333,0.283333,0.100000,-2.344926,-0.816490,-2.030645,-0.113515,-0.048938,-0.034589
-0.183333,0.316667,0.100000,1.946135,0.627936,1.629091,0.567512,0.205819,0.372635
-0.183333,0.350000,0.100000,-1.768928,-0.539769,-1.396165,-0.034080,-0.039147,0.099562
-0.183333,0.383333,0.100000,1.244633,0.377191,0.852726,-0.944551,-0.246076,-0.832099
-0.183333,0.416667,0.100000,0.106648,-0.003830,0.238900,1.392025,0.380831,1.000703
-0.183333,0.450000,0.100000,-1.229519,-0.309919,-0.899164,-0.280978,-0.104050,-0.030237
-0.183333,0.483333,0.100000,0.340112,0.113218,0.061384,-1.099284,-0.260886,-0.793073
-0.183333,0.516667,0.100000,1.040769,0.238858,0.708522,0.196052,0.074791,-0.047228
-0.150000,-0.516667,0.100000,-0.263890,0.030168,-0.285900,-0.743648,0.215706,-0.028061
-0.150000,-0.483333,0.100000,-0.834310,0.229522,-0.192015,-0.074136,0.065058,0.237827
-0.150000,-0.450000,0.100000,-0.317967,0.132420,0.141238,0.830845,-0.225090,0.299126
-0.150000,-0.416667,0.100000,0.846604,-0.236472,0.362176,0.418261,-0.159596,-0.055962
-0.150000,-0.383333,0.100000,0.323688,-0.125924,-0.029797,-0.945828,0.283677,-0.417103
-0.150000,-0.350000,0.100000,-1.049080,0.334864,-0.477426,0.075352,-0.018150,0.123309
-0.150000,-0.316667,0.100000,0.791008,-0.281012,0.418345,0.754026,-0.223057,0.430041
-0.150000,-0.283333,0.100000,-0.425544,0.230705,-0.111815,-1.023452,0.300921,-0.739635
-0.150000,-0.250000,0.100000,0.512943,-0.340257,0.071537,0.943086,-0.203707,0.942616
-0.150000,-0.216667,0.100000,-0.898134,0.329560,-0.768495,-0.316734,-0.252978,-0.916110
-0.150000,-0.183333,0.100000,0.365229,0.438923,1.205380,-0.647178,0.098290,-0.894475
-0.150000,-0.150000,0.100000,0.820937,0.518722,1.874359,0.043159,-0.161055,-0.281589
-0.150000,-0.116667,0.100000,1.255826,-0.675456,1.011841,-1.260067,-0.498635,-2.370903
-0.150000,-0.083333,0.100000,-1.963212,1.438282,-1.710827,2.707036,-0.472470,3.631265
-0.150000,-0.050000,0.100000,-4.021894,2.036441,-4.940650,3.075639,-1.147512,4.173830
-0.150000,-0.016667,0.100000,6.068006,-2.106882,8.649314,-2.149904,1.338686,-3.362628
-0.150000,0.016667,0.100000,6.856191,-0.794357,10.212010,-2.310890,1.244574,-4.170175
-0.150000,0.050000,0.100000,-6.017707,-0.817327,-8.244103,4.375592,-0.126639,7.021812
-0.150000,0.083333,0.100000,-4.242561,-1.151914,-5.033015,5.661849,1.268313,7.651352
-0.150000,0.116667,0.100000,4.832737,1.527580,5.274302,-4.018122,-1.295639,-4.728750
-0.150000,0.150000,0.100000,4.306546,1.488457,4.346027,3.125716,1.032575,3.006945
-0.150000,0.183333,0.100000,4.088687,1.367758,3.698203,1.612782,0.530282,1.360314
-0.150000,0.216667,0.100000,1.733030,0.566427,1.333847,-3.167126,-0.989680,-2.677743
-0.150000,0.250000,0.100000,-2.869191,-0.857803,-2.190925,0.829260,0.204831,0.790597
-0.150000,0.283333,0.100000,2.461503,0.686312,1.785890,-0.467025,-0.078151,-0.525041
-0.150000,0.316667,0.100000,-1.723962,-0.475180,-1.096523,1.262933,0.280780,1.058409
-0.150000,0.350000,0.100000,0.131407,0.085172,-0.130319,-1.849187,-0.442540,-1.267780
-0.150000,0.383333,0.100000,1.479457,0.315449,1.057404,0.692705,0.203799,0.244764
-0.150000,0.416667,0.100000,-0.743204,-0.200989,-0.267197,1.256355,0.247282,0.899946
-0.150000,0.450000,0.100000,-1.210717,-0.231534,-0.815646,-0.526354,-0.147622,-0.108133
-0.150000,0.483333,0.100000,0.126033,0.063607,-0.147565,-1.199738,-0.231125,-0.714231
-0.150000,0.516667,0.100000,1.044004,0.208032,0.504533,-0.382797,-0.038582,-0.414204
-0.116667,-0.516667,0.100000,-0.827575,0.204612,0.071002,0.246346,-0.002339,0.311321
-0.116667,-0.483333,0.100000,-0.392927,0.148390,0.274269,0.840674,-0.172382,0.193052
-0.116667,-0.450000,0.100000,0.500023,-0.064488,0.346924,0.866703,-0.244954,-0.075864
-0.116667,-0.416667,0.100000,1.080658,-0.276650,0.152220,-0.058024,-0.055970,-0.349307
-0.116667,-0.383333,0.100000,0.283438,-0.144209,-0.262099,-1.138553,0.278963,-0.325188
-0.116667,-0.350000,0.100000,-1.205151,0.299899,-0.438282,-0.411203,0.175694,0.177031
-0.116667,-0.316667,0.100000,-0.202399,0.111299,0.185132,1.364800,-0.363655,0.526549
-0.116667,-0.283333,0.100000,1.383600,-0.387870,0.559293,-0.539599,0.122828,-0.406101
-0.116667,-0.250000,0.100000,-1.525318,0.411239,-0.875398,-0.386677,0.069426,-0.178619
-0.116667,-0.216667,0.100000,1.536497,-0.393802,1.080648,0.501124,0.015936,0.494299
-0.116667,-0.183333,0.100000,-1.505967,0.094741,-1.578870,0.488143,-0.307009,0.224969
-0.116667,-0.150000,0.100000,-0.331709,0.117476,-0.427751,-1.545297,-0.252554,-2.083239
-0.116667,-0.116667,0.100000,0.389610,-0.531138,-0.332354,-2.245080,-0.338459,-2.857678
-0.116667,-0.083333,0.100000,-4.281669,1.077773,-3.929510,0.902649,0.985175,1.913784
-0.116667,-0.050000,0.100000,-3.252252,0.289455,-3.800967,-6.778420,2.554522,-6.490410
-0.116667,-0.016667,0.100000,-4.605138,0.967906,-4.763502,9.469988,-2.756091,10.768165
-0.116667,0.016667,0.100000,-5.555734,-0.320959,-5.772334,10.826577,-1.508454,13.111957
-0.116667,0.050000,0.100000,-4.526136,0.160214,-5.912536,-11.102841,-1.228425,-11.993786
-0.116667,0.083333,0.100000,-10.428181,-2.172503,-10.269909,0.615454,-0.069410,1.218637
-0.116667,0.116667,0.100000,4.982562,1.324390,4.051678,-6.777302,-1.683374,-6.097030
-0.116667,0.150000,0.100000,4.851288,1.314574,3.608731,-4.385818,-1.090065,-3.613372
-0.116667,0.183333,0.100000,-2.240906,-0.475659,-1.843304,-4.548999,-1.177063,-3.148785
-0.116667,0.216667,0.100000,-1.209182,-0.380144,-0.542330,3.807994,0.856892,2.650866
-0.116667,0.250000,0.100000,0.890901,0.291014,0.277244,-3.098916,-0.643533,-2.065415
-0.116667,0.283333,0.100000,0.883323,0.088923,0.834559,2.519370,0.540377,1.434700
-0.116667,0.316667,0.100000,-2.231233,-0.407938,-1.357151,-0.383241,-0.156833,0.083966
-0.116667,0.350000,0.100000,0.642164,0.186136,0.070869,-1.852132,-0.305558,-1.137954
-0.116667,0.383333,0.100000,1.682768,0.269078,0.971434,0.391281,0.130946,-0.077279
-0.116667,0.416667,0.100000,0.139473,-0.035770,0.353541,1.538873,0.252230,0.768819
-0.116667,0.450000,0.100000,-1.169246,-0.207000,-0.432397,0.767958,0.074679,0.606180
-0.116667,0.483333,0.100000,-1.197803,-0.159327,-0.662067,-0.449244,-0.107856,0.024903
-0.116667,0.516667,0.100000,-0.445752,-0.025636,-0.430052,-1.092292,-0.167986,-0.411423
-0.083333,-0.516667,0.100000,0.908241,-0.154364,-0.017173,0.186463,-0.098080,-0.367355
-0.083333,-0.483333,0.100000,0.923770,-0.206051,-0.214637,-0.400630,0.008907,-0.322234
-0.083333,-0.450000,0.100000,0.491805,-0.172661,-0.381140,-0.983639,0.157596,-0.147649
-0.083333,-0.416667,0.100000,-0.402222,-0.007367,-0.409769,-1.139767,0.266153,0.140967
-0.083333,-0.383333,0.100000,-1.277873,0.239955,-0.193882,-0.394472,0.187465,0.420204
-0.083333,-0.350000,0.100000,-1.044710,0.316213,0.243096,1.062934,-0.147952,0.437904
-0.083333,-0.316667,0.100000,0.832835,-0.071102,0.555013,1.450812,-0.393576,-0.024546
-0.083333,-0.283333,0.100000,1.648213,-0.446346,0.121908,-0.924949,0.087527,-0.631299
-0.083333,-0.250000,0.100000,-1.606529,0.273634,-0.788526,-1.421828,0.426526,-0.081489
-0.083333,-0.216667,0.100000,0.168656,0.073388,0.462176,2.431758,-0.532353,0.945804
-0.083333,-0.183333,0.100000,0.244600,-0.093391,-0.175075,-2.750341,0.496166,-1.478405
-0.083333,-0.150000,0.100000,1.774210,-0.178037,1.463077,2.606353,-0.279628,1.611187
-0.083333,-0.116667,0.100000,-2.427712,0.282082,-1.368292,3.149399,0.139532,2.894682
-0.083333,-0.083333,0.100000,0.224577,1.176786,1.428853,6.475933,-0.554541,4.685843
-0.083333,-0.050000,0.100000,-7.084914,0.113655,-5.980713,-9.445048,2.696244,-6.164271
-0.083333,-0.016667,0.100000,-15.193001,2.767030,-11.725068,10.222025,-1.552802,8.690410
-0.083333,0.016667,0.100000,-18.428925,0.421533,-14.828990,11.290131,-1.299551,10.245939
-0.083333,0.050000,0.100000,-9.221000,-0.120800,-8.162146,-17.418632,-1.753832,-13.179549
-0.083333,0.083333,0.100000,-5.409466,-1.197763,-3.107626,14.168291,2.031662,10.202881
-0.083333,0.116667,0.100000,-10.809371,-1.923570,-6.747745,1.131772,-0.090301,1.261569
-0.083333,0.150000,0.100000,-4.153240,-0.930446,-1.983926,6.557534,0.994254,4.066898
-0.083333,0.183333,0.100000,5.657316,0.943047,3.018191,-0.771256,0.095948,-0.902341
-0.083333,0.216667,0.100000,-4.273789,-0.678146,-2.121066,0.913381,-0.048846,0.936511
-0.083333,0.250000,0.100000,2.014089,0.408692,0.634353,-2.835145,-0.301327,-1.672655
-0.083333,0.283333,0.100000,1.633882,0.103323,1.130476,2.350405,0.379944,0.880710
-0.083333,0.316667,0.100000,-1.973383,-0.304274,-0.676424,1.405449,0.081712,0.969815
-0.083333,0.350000,0.100000,-1.643060,-0.132127,-0.956623,-1.303263,-0.222256,-0.286809
-0.083333,0.383333,0.100000,0.333007,0.112706,-0.195913,-1.818289,-0.184942,-0.836877
-0.083333,0.416667,0.100000,1.472891,0.183405,0.460728,-0.751040,-0.019591,-0.593218
-0.083333,0.450000,0.100000,1.422053,0.123986,0.657614,0.465716,0.099941,-0.097268
-0.083333,0.483333,0.100000,0.739624,0.029532,0.517668,1.150317,0.135908,0.292604
-0.083333,0.516667,0.100000,-0.032001,-0.045223,0.247242,1.259615,0.114007,0.476411
-0.050000,-0.516667,0.100000,-0.867274,0.153343,0.354225,0.444405,0.001069,0.242203
-0.050000,-0.483333,0.100000,-0.642221,0.158664,0.449011,0.851397,-0.074042,0.085908
-0.050000,-0.450000,0.100000,-0.152919,0.118029,0.469405,1.165899,-0.163326,-0.135065
-0.050000,-0.416667,0.100000,0.586009,0.008888,0.356978,1.169186,-0.233762,-0.382899
-0.050000,-0.383333,0.100000,1.345636,-0.165515,0.069020,0.589850,-0.218508,-0.558667
-0.050000,-0.350000,0.100000,1.536087,-0.322370,-0.349553,-0.655154,-0.036297,-0.497033
-0.050000,-0.316667,0.100000,0.370720,-0.253789,-0.656986,-1.888150,0.293243,-0.056278
-0.050000,-0.283333,0.100000,-1.877486,0.209453,-0.412956,-1.245093,0.418532,0.592405
-0.050000,-0.250000,0.100000,-1.738780,0.534671,0.500133,2.048954,-0.193953,0.632632
-0.050000,-0.216667,0.100000,2.952933,-0.396490,0.723999,1.419555,-0.566807,-0.601936
-0.050000,-0.183333,0.100000,-1.336793,-0.141171,-1.118014,-3.876221,0.818416,-0.442090
-0.050000,-0.150000,0.100000,1.572769,0.199421,1.358425,5.072218,-0.940415,1.097808
-0.050000,-0.116667,0.100000,-7.195504,0.769277,-2.749594,-1.182049,0.756417,0.682543
-0.050000,-0.083333,0.100000,-10.349772,0.452764,-4.831455,-4.406009,1.446863,-0.458358
-0.050000,-0.050000,0.100000,12.812527,0.308858,6.787251,15.027271,-2.643536,5.558934
-0.050000,-0.016667,0.100000,31.988526,-2.332544,15.337852,3.268571,-1.440228,0.616428
-0.050000,0.016667,0.100000,36.909089,-0.457357,18.385102,7.092796,0.508176,2.622172
-0.050000,0.050000,0.100000,11.673140,-0.294665,6.393224,28.279573,1.932683,12.808852
-0.050000,0.083333,0.100000,-10.433258,-0.161625,-5.265742,-17.569072,-1.865523,-7.054677
-0.050000,0.116667,0.100000,-5.960807,0.034943,-3.132335,-11.721075,-1.271674,-4.325808
-0.050000,0.150000,0.100000,-6.564485,-0.816357,-2.024234,5.883326,0.124988,2.829172
-0.050000,0.183333,0.100000,5.015846,0.558924,1.467529,-3.782955,0.002121,-1.963418
-0.050000,0.216667,0.100000,-0.928358,-0.311585,0.263258,4.651185,0.249756,1.821657
-0.050000,0.250000,0.100000,-3.321592,-0.105674,-1.442883,-1.750265,-0.279559,-0.137326
-0.050000,0.283333,0.100000,1.147876,0.208468,-0.059565,-2.863448,-0.101950,-1.181087
-0.050000,0.316667,0.100000,2.609237,0.138544,0.882354,-0.017688,0.123384,-0.451750
-0.050000,0.350000,0.100000,1.286901,-0.018316,0.757119,1.854688,0.150731,0.383217
-0.050000,0.383333,0.100000,-0.400870,-0.100790,0.230598,1.947315,0.076759,0.701820
-0.050000,0.416667,0.100000,-1.377063,-0.107395,-0.220732,1.121777,-0.002225,0.613483
-0.050000,0.450000,0.100000,-1.597416,-0.076598,-0.460129,0.158086,-0.051529,0.356396
-0.050000,0.483333,0.100000,-1.345248,-0.037567,-0.516983,-0.579185,-0.070925,0.088827
-0.050000,0.516667,0.100000,-0.892275,-0.004250,-0.461186,-1.009112,-0.070344,-0.120499
-0.016667,-0.516667,0.100000,-0.699448,0.012261,-0.055850,-0.718471,0.119250,0.495609
-0.016667,-0.483333,0.100000,-1.001589,0.061289,0.125299,-0.460975,0.124136,0.524104
-0.016667,-0.450000,0.100000,-1.222879,0.123213,0.346281,-0.012650,0.104419,0.471834
-0.016667,-0.416667,0.100000,-1.217893,0.185635,0.568274,0.628157,0.043224,0.292936
-0.016667,-0.383333,0.100000,-0.781272,0.215866,0.701393,1.343574,-0.073120,-0.045279
-0.016667,-0.350000,0.100000,0.256524,0.153041,0.592917,1.770083,-0.230496,-0.503834
-0.016667,-0.316667,0.100000,1.699905,-0.069374,0.085438,1.224467,-0.334642,-0.863553
-0.016667,-0.283333,0.100000,2.354317,-0.396443,-0.724297,-0.864253,-0.168218,-0.652980
-0.016667,-0.250000,0.100000,0.029098,-0.386979,-1.004296,-3.084886,0.398056,0.457591
-0.016667,-0.216667,0.100000,-3.923406,0.503989,0.404658,-0.184558,0.533516,1.188134
-0.016667,-0.183333,0.100000,1.936342,0.375473,1.121126,4.853913,-0.922304,-0.883806
-0.016667,-0.150000,0.100000,0.534375,-1.020031,-1.608658,-7.339179,0.930153,0.115011
-0.016667,-0.116667,0.100000,5.830599,0.376764,1.678071,9.482546,-1.881206,-0.741943
-0.016667,-0.083333,0.100000,-4.066412,2.111751,1.572023,17.812288,-1.397336,1.864827
-0.016667,-0.050000,0.100000,30.165628,-2.320944,3.421091,-9.204274,-1.496228,-2.862606
-0.016667,-0.016667,0.100000,41.027857,-1.248892,5.918967,-26.672796,-0.998746,-4.866015
-0.016667,0.016667,0.100000,48.142289,1.035790,7.415776,-22.193130,0.006409,-3.718402
-0.016667,0.050000,0.100000,38.158515,0.522418,5.903226,5.507981,1.504121,0.192011
-0.016667,0.083333,0.100000,-18.873245,-0.815642,-2.454532,13.843914,-0.904369,2.966054
-0.016667,0.116667,0.100000,-5.216799,-0.733621,-0.032137,13.316494,-0.422844,2.688783
-0.016667,0.150000,0.100000,8.545426,0.085605,1.292907,-3.918890,0.585921,-1.540225
-0.016667,0.183333,0.100000,-4.693120,-0.179632,-0.436236,4.744488,-0.382132,1.515170
-0.016667,0.216667,0.100000,-1.531290,0.307658,-0.960688,-4.807948,0.022691,-0.844444
-0.016667,0.250000,0.100000,3.809805,-0.018606,0.673518,-1.233615,0.230425,-0.825070
-0.016667,0.283333,0.100000,2.012333,-0.171462,0.860637,2.611434,0.045841,0.281737
-0.016667,0.316667,0.100000,-0.898697,-0.104833,0.224098,2.642641,-0.091746,0.750494
-0.016667,0.350000,0.100000,-2.187010,-0.006086,-0.328211,1.024657,-0.111362,0.603664
-0.016667,0.383333,0.100000,-2.069489,0.051660,-0.557522,-0.486271,-0.074745,0.247657
-0.016667,0.416667,0.100000,-1.329131,0.068852,-0.542305,-1.353759,-0.030170,-0.072842
-0.016667,0.450000,0.100000,-0.498311,0.062942,-0.407584,-1.638126,0.003562,-0.281051
-0.016667,0.483333,0.100000,0.185502,0.047964,-0.240594,-1.548746,0.023723,-0.381903
-0.016667,0.516667,0.100000,0.660986,0.031718,-0.086457,-1.270470,0.033186,-0.405117
0.016667,-0.516667,0.100000,-0.656512,-0.027030,-0.021772,-0.770691,0.086075,0.572123
0.016667,-0.483333,0.100000,-0.978426,0.005044,0.195079,-0.536303,0.105478,0.595167
0.016667,-0.450000,0.100000,-1.236679,0.054691,0.457599,-0.104650,0.112462,0.516749
0.016667,-0.416667,0.100000,-1.286783,0.119633,0.714576,0.540565,0.090644,0.279206
0.016667,-0.383333,0.100000,-0.911045,0.182073,0.846872,1.303525,0.017841,-0.156571
0.016667,-0.350000,0.100000,0.101989,0.192839,0.651490,1.838383,-0.119752,-0.729566
0.016667,-0.316667,0.100000,1.636860,0.065298,-0.072348,1.430479,-0.280046,-1.123927
0.016667,-0.283333,0.100000,2.546764,-0.249426,-1.133314,-0.656652,-0.277597,-0.673213
0.016667,-0.250000,0.100000,0.372559,-0.466345,-1.228327,-3.260656,0.175107,0.982789
0.016667,-0.216667,0.100000,-4.209771,0.213682,1.162937,-0.654086,0.652522,1.528920
0.016667,-0.183333,0.100000,1.578118,0.717689,1.070744,5.600017,-0.667389,-2.157485
0.016667,-0.150000,0.100000,1.385389,-1.370712,-2.323448,-8.356794,0.456652,2.062379
0.016667,-0.116667,0.100000,6.310832,1.167116,0.384495,11.698868,-1.811562,-4.088439
0.016667,-0.083333,0.100000,-4.685992,2.873301,3.312168,21.797086,-0.903725,-4.352336
0.016667,-0.050000,0.100000,34.210331,-2.345543,-7.003518,-14.703018,-1.977095,1.325706
0.016667,-0.016667,0.100000,37.602871,-0.337115,-6.467140,-35.429415,-0.980663,5.954404
0.016667,0.016667,0.100000,40.685921,1.934129,-7.077956,-27.705466,0.170460,5.261012
0.016667,0.050000,0.100000,33.776776,-0.182590,-5.786422,1.417779,1.558360,-0.348901
0.016667,0.083333,0.100000,-16.209204,0.197435,2.332685,13.049167,-1.658383,-1.189938
0.016667,0.116667,0.100000,-4.664118,-0.305223,0.935109,12.388238,-1.445550,-0.491274
0.016667,0.150000,0.100000,8.228834,-0.682534,-0.320058,-3.766415,0.909629,-0.635059
0.016667,0.183333,0.100000,-4.683792,0.264562,0.274666,4.680068,-0.803653,0.657982
0.016667,0.216667,0.100000,-1.517077,0.433315,-0.678418,-4.883596,0.461598,-0.181254
0.016667,0.250000,0.100000,3.925431,-0.353089,0.219784,-1.240691,0.328951,-0.626235
0.016667,0.283333,0.100000,2.070643,-0.332848,0.614053,2.723401,-0.174294,0.022969
0.016667,0.316667,0.100000,-0.954436,-0.030053,0.282380,2.753235,-0.297062,0.488690
0.016667,0.350000,0.100000,-2.297347,0.156892,-0.151110,1.061316,-0.183904,0.495033
0.016667,0.383333,0.100000,-2.170528,0.195253,-0.393440,-0.521410,-0.038330,0.266779
0.016667,0.416667,0.100000,-1.390527,0.154868,-0.437733,-1.429534,0.060301,0.011300
0.016667,0.450000,0.100000,-0.516401,0.092443,-0.362887,-1.724852,0.105943,-0.179387
0.016667,0.483333,0.100000,0.201895,0.035785,-0.240471,-1.627485,0.114865,-0.288585
0.016667,0.516667,0.100000,0.700029,-0.006165,-0.114287,-1.332258,0.103800,-0.330692
0.050000,-0.516667,0.100000,-0.969358,0.021810,0.604135,0.272073,0.074558,0.232920
0.050000,-0.483333,0.100000,-0.839222,0.060954,0.713423,0.726668,0.068881,-0.049307
0.050000,-0.450000,0.100000,-0.427613,0.103850,0.670591,1.159238,0.037048,-0.430385
0.050000,-0.416667,0.100000,0.314903,0.130233,0.365220,1.354610,-0.031766,-0.819303
0.050000,-0.383333,0.100000,1.249682,0.100559,-0.262996,0.977368,-0.131592,-0.987693
0.050000,-0.350000,0.100000,1.822224,-0.030950,-1.033342,-0.251368,-0.206118,-0.572867
0.050000,-0.316667,0.100000,0.997065,-0.239766,-1.245858,-1.933842,-0.119642,0.615437
0.050000,-0.283333,0.100000,-1.673642,-0.269507,0.107086,-2.038814,0.228110,1.665460
0.050000,-0.250000,0.100000,-2.800550,0.259861,2.054278,1.741318,0.401962,0.095190
0.050000,-0.216667,0.100000,3.093292,0.453336,-0.610993,2.963800,-0.493452,-2.543108
0.050000,-0.183333,0.100000,-0.174522,-0.969791,-1.639309,-5.830574,0.053536,3.044740
0.050000,-0.150000,0.100000,0.447548,1.448551,1.872015,8.378369,-0.122864,-4.407005
0.050000,-0.116667,0.100000,-12.266778,-0.509683,5.610081,-3.483853,2.142090,4.127903
0.050000,-0.083333,0.100000,-19.189657,-0.651938,9.135379,-5.593757,3.063769,5.124420
0.050000,-0.050000,0.100000,26.149238,1.123031,-12.684257,14.331776,-3.105841,-8.328203
0.050000,-0.016667,0.100000,33.526273,-0.688606,-16.633193,-13.746858,-0.582884,7.325518
0.050000,0.016667,0.100000,30.153414,0.959026,-15.228936,-8.689310,1.855248,4.777271
0.050000,0.050000,0.100000,13.951008,-1.289260,-7.069036,15.994093,1.219071,-8.313589
0.050000,0.083333,0.100000,-8.976180,1.340997,3.921738,-10.856923,0.233046,4.961825
0.050000,0.116667,0.100000,-4.925767,1.205852,1.420398,-8.721188,1.027932,3.018671
0.050000,0.150000,0.100000,-5.656017,0.792647,1.505154,4.981326,-1.233018,-0.828434
0.050000,0.183333,0.100000,4.816151,-0.778869,-0.915502,-3.422951,0.930218,0.119882
0.050000,0.216667,0.100000,-1.091393,-0.015993,0.513475,4.657619,-0.969382,-0.254055
0.050000,0.250000,0.100000,-3.456078,0.742358,-0.103646,-1.965882,0.209992,0.431341
0.050000,0.283333,0.100000,1.348072,-0.106276,-0.363689,-3.096141,0.609566,-0.167750
0.050000,0.316667,0.100000,2.919132,-0.490695,0.088689,0.056990,0.107635,-0.370479
0.050000,0.350000,0.100000,1.410752,-0.301192,0.354587,2.138832,-0.283017,-0.088330
0.050000,0.383333,0.100000,-0.506139,-0.002600,0.279446,2.219696,-0.344435,0.210239
0.050000,0.416667,0.100000,-1.609622,0.181818,0.061929,1.260433,-0.226621,0.327708
0.050000,0.450000,0.100000,-1.846341,0.235977,-0.134453,0.149720,-0.075598,0.287424
0.050000,0.483333,0.100000,-1.542338,0.209403,-0.249095,-0.694417,0.041357,0.169985
0.050000,0.516667,0.100000,-1.011784,0.149348,-0.283887,-1.180644,0.110072,0.038938
0.083333,-0.516667,0.100000,0.850537,0.079480,-0.321832,0.507488,-0.044584,-0.645885
0.083333,-0.483333,0.100000,1.089718,0.046990,-0.697995,-0.060178,-0.096630,-0.395958
0.083333,-0.450000,0.100000,0.902351,-0.030409,-0.889144,-0.812041,-0.124669,0.145228
0.083333,-0.416667,0.100000,0.078282,-0.133676,-0.599697,-1.363063,-0.079461,0.828395
0.083333,-0.383333,0.100000,-1.169661,-0.177502,0.330536,-1.026100,0.072231,1.128592
0.083333,-0.350000,0.100000,-1.693651,-0.024467,1.342336,0.613939,0.239500,0.288951
0.083333,-0.316667,0.100000,0.103465,0.286407,0.784946,2.123378,0.116579,-1.431392
0.083333,-0.283333,0.100000,2.566682,0.161271,-1.719762,-0.037284,-0.374157,-0.987893
0.083333,-0.250000,0.100000,-1.037971,-0.550978,-0.449956,-3.011851,-0.042163,2.431305
0.083333,-0.216667,0.100000,-1.754664,0.516891,2.545816,3.685920,0.575527,-1.903245
0.083333,-0.183333,0.100000,2.863200,-0.663972,-3.557518,-4.601966,-0.898726,2.295096
0.083333,-0.150000,0.100000,2.038510,1.645197,0.601949,7.165059,0.120459,-5.825001
0.083333,-0.116667,0.100000,-6.390353,1.399167,6.803454,8.305358,1.958671,-4.855290
0.083333,-0.083333,0.100000,6.025172,3.079080,-2.863481,13.308527,-0.779674,-11.598436
0.083333,-0.050000,0.100000,-18.026037,-0.694100,14.801363,-5.739549,2.998118,5.666960
0.083333,-0.016667,0.100000,-5.575525,1.128302,4.159092,19.883805,-0.930319,-16.784665
0.083333,0.016667,0.100000,-5.485383,-1.530292,4.326621,16.585798,-1.369489,-13.798146
0.083333,0.050000,0.100000,-10.430997,0.985997,8.630490,-5.808032,-1.825883,5.445501
0.083333,0.083333,0.100000,-0.249062,-0.919803,0.496666,8.112682,-0.222224,-6.794078
0.083333,0.116667,0.100000,-6.179198,0.780275,4.244391,1.357295,-0.522184,-0.949000
0.083333,0.150000,0.100000,-2.919344,0.471906,1.488741,4.495142,-1.136411,-2.238218
0.083333,0.183333,0.100000,4.631122,-1.204634,-1.650451,-0.335502,0.284898,-0.033727
0.083333,0.216667,0.100000,-4.011169,1.064672,1.025864,0.529361,-0.315851,0.105288
0.083333,0.250000,0.100000,2.275966,-0.489935,-0.607149,-2.715495,0.815479,0.286515
0.083333,0.283333,0.100000,1.587040,-0.509653,0.069944,2.689614,-0.618827,-0.464057
0.083333,0.316667,0.100000,-2.361420,0.512308,0.332165,1.453563,-0.437476,0.142424
0.083333,0.350000,0.100000,-1.847987,0.476340,-0.111465,-1.655280,0.309628,0.285309
0.083333,0.383333,0.100000,0.519625,-0.039201,-0.276754,-2.174876,0.480599,-0.023999
0.083333,0.416667,0.100000,1.849932,-0.345830,-0.104452,-0.834372,0.224598,-0.239521
0.083333,0.450000,0.100000,1.734962,-0.347738,0.118071,0.652368,-0.073453,-0.220210
0.083333,0.483333,0.100000,0.863960,-0.194793,0.229043,1.467361,-0.239456,-0.073233
0.083333,0.516667,0.100000,-0.096587,-0.023915,0.217613,1.569617,-0.268994,0.080160
0.116667,-0.516667,0.100000,-0.951068,-0.103209,0.601773,-0.178639,0.063070,0.517559
0.116667,-0.483333,0.100000,-0.859422,-0.026297,0.881602,0.629191,0.139096,-0.094441
0.116667,-0.450000,0.100000,-0.008907,0.116004,0.507829,1.183099,0.121303,-0.861515
0.116667,-0.416667,0.100000,1.159942,0.194073,-0.584276,0.647326,-0.055998,-0.979508
0.116667,-0.383333,0.100000,1.125568,0.007717,-1.288973,-1.006826,-0.247145,0.272673
0.116667,-0.350000,0.100000,-0.996110,-0.305956,0.141983,-1.429343,-0.040629,1.538089
0.116667,-0.316667,0.100000,-1.490638,0.013314,1.787345,1.399051,0.393606,-0.446407
0.116667,-0.283333,0.100000,2.313396,0.441184,-1.516007,0.794157,-0.265535,-1.650613
0.116667,-0.250000,0.100000,-1.690069,-0.688937,0.337273,-2.466211,-0.051001,2.768245
0.116667,-0.216667,0.100000,1.959097,0.945580,-0.350082,3.181378,0.089142,-3.540553
0.116667,-0.183333,0.100000,-4.588747,-1.021006,3.604592,-1.274056,0.849885,2.949165
0.116667,-0.150000,0.100000,0.016707,-1.585083,-2.202669,-6.141751,-0.960045,5.829629
0.116667,-0.116667,0.100000,-1.568531,-2.401778,-0.649966,-7.720075,-0.565126,8.379275
0.116667,-0.083333,0.100000,-6.045108,1.789293,8.204835,7.674887,2.253565,-7.393293
0.116667,-0.050000,0.100000,-10.675734,-0.438093,12.356630,-3.631459,2.505001,4.917234
0.116667,-0.016667,0.100000,4.304835,0.164070,-5.448808,10.717207,-1.632391,-12.443168
0.116667,0.016667,0.100000,3.671373,-1.737199,-4.327797,9.257465,-0.767003,-10.486737
0.116667,0.050000,0.100000,-6.619954,1.154049,7.360845,-2.730486,-1.675332,3.829570
0.116667,0.083333,0.100000,-3.824197,-0.853937,5.175705,2.885747,-0.929149,-2.935911
0.116667,0.116667,0.100000,1.279575,0.338910,-1.641841,-3.434636,0.266403,3.951582
0.116667,0.150000,0.100000,2.395174,-0.377571,-2.067589,-2.335449,0.526208,2.200765
0.116667,0.183333,0.100000,-1.184163,0.419488,0.849946,-2.996877,0.829124,1.911666
0.116667,0.216667,0.100000,-1.298477,0.332291,0.631496,2.790493,-0.945169,-1.295724
0.116667,0.250000,0.100000,1.179344,-0.297222,-0.510797,-2.640098,0.912282,0.859990
0.116667,0.283333,0.100000,0.534330,-0.265366,0.031342,2.631551,-0.828840,-0.706170
0.116667,0.316667,0.100000,-2.369751,0.756405,0.393514,-0.726387,0.142223,0.331299
0.116667,0.350000,0.100000,0.992048,-0.222778,-0.335287,-2.056075,0.635424,0.199356
0.116667,0.383333,0.100000,1.987917,-0.573000,-0.137044,0.687103,-0.128341,-0.279541
0.116667,0.416667,0.100000,-0.006554,-0.055673,0.218290,1.941269,-0.509491,-0.145580
0.116667,0.450000,0.100000,-1.579247,0.368164,0.182768,0.856034,-0.256529,0.143134
0.116667,0.483333,0.100000,-1.511787,0.374022,-0.038798,-0.702759,0.125497,0.209520
0.116667,0.516667,0.100000,-0.485429,0.144980,-0.181423,-1.474211,0.316905,0.085140
0.150000,-0.516667,0.100000,0.259941,-0.044497,-0.606060,-0.905474,-0.150232,0.614147
0.150000,-0.483333,0.100000,-0.761295,-0.180361,0.308361,-0.701785,-0.028921,0.915796
0.150000,-0.450000,0.100000,-1.001812,-0.094908,1.092362,0.560550,0.193714,-0.007947
0.150000,-0.416667,0.100000,0.469818,0.217465,0.161280,1.196576,0.139728,-1.237588
0.150000,-0.383333,0.100000,1.306299,0.141579,-1.441514,-0.642743,-0.281233,-0.066642
0.150000,-0.350000,0.100000,-1.209592,-0.388948,0.513900,-1.151086,-0.035297,1.611194
0.150000,-0.316667,0.100000,-0.138699,0.288388,1.082758,1.936693,0.401018,-1.695845
0.150000,-0.283333,0.100000,1.155907,-0.122756,-2.070082,-1.977313,-0.625256,1.279814
0.150000,-0.250000,0.100000,-1.178061,0.256650,2.380178,2.472555,0.796524,-1.819859
0.150000,-0.216667,0.100000,-1.105180,-1.010942,-0.409491,-3.120419,-0.464081,3.731174
0.150000,-0.183333,0.100000,3.582287,0.348922,-4.764277,-1.819013,-1.435153,0.273090
0.150000,-0.150000,0.100000,4.711146,0.709478,-6.061398,-1.111689,-1.773238,-0.757738
0.150000,-0.116667,0.100000,-0.023363,-2.069964,-2.063364,-5.696599,-1.006247,7.461422
0.150000,-0.083333,0.100000,1.662008,2.408417,-0.904569,6.218435,-0.162795,-9.381944
0.150000,-0.050000,0.100000,-0.153151,1.978750,0.737902,6.883823,-0.516055,-10.526991
0.150000,-0.016667,0.100000,2.154775,-1.062684,-2.970762,-6.495002,1.153355,9.945061
0.150000,0.016667,0.100000,1.822000,0.396778,-2.509829,-5.808587,1.636933,8.442773
0.150000,0.050000,0.100000,-0.014790,-1.619674,0.676771,4.695375,-0.785040,-6.686923
0.150000,0.083333,0.100000,0.602393,-1.416805,0.129915,3.167148,0.171214,-5.014371
0.150000,0.116667,0.100000,0.717063,0.739247,-1.828693,-2.142313,0.062895,3.362561
0.150000,0.150000,0.100000,1.781968,-0.145681,-2.658355,0.817620,0.124268,-1.250701
0.150000,0.183333,0.100000,1.845428,-0.438941,-2.107610,0.815949,-0.171350,-0.719039
0.150000,0.216667,0.100000,1.284557,-0.411771,-0.888146,-1.685992,0.581248,1.409830
0.150000,0.250000,0.100000,-2.154559,0.798893,1.229642,0.193777,-0.118724,-0.158096
0.150000,0.283333,0.100000,2.143728,-0.811475,-0.923159,0.028615,0.048067,-0.049666
0.150000,0.316667,0.100000,-1.884751,0.670409,0.664771,0.880403,-0.381583,-0.204804
0.150000,0.350000,0.100000,0.500469,-0.119745,-0.257784,-1.926958,0.699513,0.464509
0.150000,0.383333,0.100000,1.552376,-0.557426,-0.227591,1.077139,-0.319148,-0.346061
0.150000,0.416667,0.100000,-1.133496,0.325880,0.310634,1.378573,-0.475726,-0.115824
0.150000,0.450000,0.100000,-1.433774,0.461807,0.091950,-0.879196,0.230064,0.257781
0.150000,0.483333,0.100000,0.363933,-0.066205,-0.204334,-1.541351,0.456632,0.113198
0.150000,0.516667,0.100000,1.450472,-0.391724,-0.151006,-0.348292,0.131285,-0.140027
0.183333,-0.516667,0.100000,0.699389,0.074567,-0.907416,-0.590824,-0.179216,0.194585
0.183333,-0.483333,0.100000,-0.549001,-0.198292,0.087107,-0.841141,-0.108119,1.036616
0.183333,-0.450000,0.100000,-0.888396,-0.107017,1.163881,0.666786,0.243572,-0.170516
0.183333,-0.416667,0.100000,0.997143,0.316034,-0.563998,0.735729,0.032221,-1.218896
0.183333,-0.383333,0.100000,0.100747,-0.179334,-0.844554,-1.391908,-0.340588,1.299516
0.183333,-0.350000,0.100000,-1.080074,-0.078451,1.718679,1.162957,0.467022,-0.565320
0.183333,-0.316667,0.100000,1.550901,0.234326,-2.135551,-0.957064,-0.542995,0.108395
0.183333,-0.283333,0.100000,-1.488496,-0.103526,2.450735,1.495532,0.740987,-0.737739
0.183333,-0.250000,0.100000,-0.202280,-0.663727,-1.205409,-2.447657,-0.685712,2.856855
0.183333,-0.216667,0.100000,2.816289,0.741223,-3.639895,-0.488032,-0.963990,-1.071640
0.183333,-0.183333,0.100000,3.145918,1.321239,-3.496741,0.989017,-0.758087,-3.090277
0.183333,-0.150000,0.100000,3.286958,0.235897,-5.663389,-1.763050,-1.813032,0.756753
0.183333,-0.116667,0.100000,-3.963270,-1.269236,5.937077,-1.011740,1.577618,3.424451
0.183333,-0.083333,0.100000,2.352189,-1.526125,-5.282619,-3.631448,-1.256115,5.827783
0.183333,-0.050000,0.100000,0.289738,-1.578908,-0.929165,-4.415936,0.552996,8.334322
0.183333,-0.016667,0.100000,0.379624,0.423984,-0.939667,4.335892,-1.356244,-8.033030
0.183333,0.016667,0.100000,0.446226,-0.707591,-0.900823,3.965908,-1.293696,-6.937938
0.183333,0.050000,0.100000,0.026879,1.228670,-0.555078,-3.285003,0.940393,5.535265
0.183333,0.083333,0.100000,1.226982,0.949789,-3.032390,-2.068448,1.008711,3.041444
0.183333,0.116667,0.100000,-1.546170,0.287651,2.651921,-0.550284,-0.931774,2.085971
0.183333,0.150000,0.100000,1.219077,0.213742,-2.692055,-0.103981,0.407934,-0.283626
0.183333,0.183333,0.100000,0.572638,-0.082404,-1.102864,1.043617,-0.017603,-1.875787
0.183333,0.216667,0.100000,0.934064,-0.238731,-1.361219,0.957636,-0.269719,-1.072318
0.183333,0.250000,0.100000,1.231607,-0.464014,-1.019145,-0.839410,0.312182,0.910714
0.183333,0.283333,0.100000,-1.522353,0.633593,1.048157,-0.467438,0.174246,0.226967
0.183333,0.316667,0.100000,1.406528,-0.605471,-0.728487,0.844012,-0.323781,-0.421104
0.183333,0.350000,0.100000,-1.585877,0.660334,0.626411,-0.437681,0.140136,0.217590
0.183333,0.383333,0.100000,1.484128,-0.569248,-0.509819,-0.649293,0.295212,0.133279
0.183333,0.416667,0.100000,-0.226546,0.044803,0.165839,1.559073,-0.595378,-0.389885
0.183333,0.450000,0.100000,-1.382130,0.514684,0.241738,-0.631721,0.192458,0.247278
0.183333,0.483333,0.100000,0.683360,-0.203061,-0.237654,-1.288065,0.459575,0.161558
0.183333,0.516667,0.100000,1.305815,-0.439261,-0.138153,0.489377,-0.129399,-0.200811
0.216667,-0.516667,0.100000,0.380356,0.004917,-0.795783,-0.803524,-0.231670,0.586161
0.216667,-0.483333,0.100000,-0.957259,-0.260120,0.861004,-0.173817,0.069109,0.696149
0.216667,-0.450000,0.100000,0.329839,0.220526,0.240726,1.020029,0.226511,-1.226791
0.216667,-0.416667,0.100000,0.563362,0.004615,-1.202034,-1.047804,-0.375700,0.762735
0.216667,-0.383333,0.100000,-1.099975,-0.204385,1.630472,0.746695,0.403068,-0.130841
0.216667,-0.350000,0.100000,1.308027,0.279138,-1.896883,-0.724470,-0.473619,-0.023856
0.216667,-0.316667,0.100000,-1.066509,-0.079824,2.069741,1.310920,0.670347,-0.804736
0.216667,-0.283333,0.100000,-0.519235,-0.641660,-0.612296,-1.842251,-0.532124,2.549689
0.216667,-0.250000,0.100000,2.018917,0.537160,-3.091836,-0.774925,-0.876645,-0.402564
0.216667,-0.216667,0.100000,2.348162,1.112740,-2.805888,0.590529,-0.575914,-2.443632
0.216667,-0.183333,0.100000,2.607781,0.765325,-4.320924,-0.543812,-1.271785,-0.977425
0.216667,-0.150000,0.100000,-1.087876,-1.634618,0.140833,-2.639654,-0.344855,5.211534
0.216667,-0.116667,0.100000,1.646495,1.695621,-1.855381,2.468343,-0.373972,-5.687063
0.216667,-0.083333,0.100000,-1.343519,1.442029,3.831087,2.687567,0.754935,-5.344116
0.216667,-0.050000,0.100000,1.925484,0.497061,-4.127690,2.300634,-1.315146,-5.393002
0.216667,-0.016667,0.100000,-2.758723,0.945123,6.131106,-1.044193,0.846325,2.124835
0.216667,0.016667,0.100000,-2.621116,1.291321,5.430542,-0.912778,0.067664,1.774460
0.216667,0.050000,0.100000,1.671198,-1.331865,-2.984096,1.732896,-0.046109,-3.638630
0.216667,0.083333,0.100000,-0.687957,-0.850100,2.179472,1.756793,-0.934748,-3.055512
0.216667,0.116667,0.100000,0.810100,-0.931754,-0.724023,1.074718,0.455761,-2.922300
0.216667,0.150000,0.100000,-0.252585,0.631563,-0.335428,-0.888224,-0.270789,2.445938
0.216667,0.183333,0.100000,0.705115,0.084070,-1.830008,0.208300,0.292137,-0.927604
0.216667,0.216667,0.100000,0.353863,-0.028425,-0.872700,0.708396,-0.033774,-1.463782
0.216667,0.250000,0.100000,0.739173,-0.200580,-1.228884,0.595871,-0.204384,-0.682139
0.216667,0.283333,0.100000,0.819909,-0.345444,-0.714357,-0.736412,0.287854,0.902269
0.216667,0.316667,0.100000,-1.179999,0.526588,0.931304,-0.295474,0.127562,0.112586
0.216667,0.350000,0.100000,1.044008,-0.482272,-0.645543,0.756109,-0.326520,-0.408350
0.216667,0.383333,0.100000,-1.145597,0.521434,0.535668,-0.667702,0.273412,0.318648
0.216667,0.416667,0.100000,1.334550,-0.573916,-0.507184,0.047134,0.009660,-0.062483
0.216667,0.450000,0.100000,-0.939454,0.365681,0.345624,0.934179,-0.407074,-0.242111
0.216667,0.483333,0.100000,-0.386301,0.181339,0.014090,-1.241946,0.481351,0.351436
0.216667,0.516667,0.100000,1.265901,-0.476407,-0.282569,-0.062774,0.052435,-0.089701
0.250000,-0.516667,0.100000,-0.695721,-0.260735,0.436752,-0.509513,-0.064993,0.946882
0.250000,-0.483333,0.100000,0.046421,0.137030,0.523360,0.939341,0.279514,-1.041904
0.250000,-0.450000,0.100000,0.555903,0.051727,-1.165114,-0.868528,-0.360387,0.604589
0.250000,-0.416667,0.100000,-0.868902,-0.175727,1.466668,0.732304,0.392273,-0.252619
0.250000,-0.383333,0.100000,0.899266,0.161997,-1.651243,-0.878951,-0.485546,0.402350
0.250000,-0.350000,0.100000,-0.383374,0.137549,1.423437,1.341566,0.598131,-1.339336
0.250000,-0.316667,0.100000,-1.078533,-0.713815,0.525963,-1.111085,-0.190054,2.199983
0.250000,-0.283333,0.100000,1.086176,0.090588,-2.466492,-1.323748,-0.883275,0.915736
0.250000,-0.250000,0.100000,1.843692,0.712033,-2.909087,-0.351315,-0.782222,-0.975111
0.250000,-0.216667,0.100000,1.858984,0.522808,-3.563337,-0.804386,-1.119110,-0.265937
0.250000,-0.183333,0.100000,-0.328245,-1.169079,-1.152005,-2.111687,-0.757370,3.967595
0.250000,-0.150000,0.100000,-0.784114,0.898352,3.148524,2.047916,1.187735,-3.493454
0.250000,-0.116667,0.100000,-1.329305,-1.391498,1.931056,-1.742797,0.508878,4.842606
0.250000,-0.083333,0.100000,-0.664044,-1.261608,0.870488,-2.055515,0.520005,5.488295
0.250000,-0.050000,0.100000,-1.932373,1.044573,5.190320,0.902147,0.611740,-2.163593
0.250000,-0.016667,0.100000,0.689293,-0.718025,-1.612041,-1.990311,0.875546,5.103849
0.250000,0.016667,0.100000,0.612966,-0.115683,-1.350772,-1.929377,1.136453,4.589478
0.250000,0.050000,0.100000,-1.597665,0.472020,3.669426,0.888991,-1.060805,-1.725669
0.250000,0.083333,0.100000,-0.616530,1.109599,0.629558,-1.387251,0.209735,3.271148
0.250000,0.116667,0.100000,-0.808703,0.926241,0.959088,-0.823084,-0.396785,2.552446
0.250000,0.150000,0.100000,-0.226686,-0.713771,1.675804,0.779179,-0.330438,-1.526682
0.250000,0.183333,0.100000,-0.010358,0.490550,-0.857123,-0.560096,-0.108407,1.714961
0.250000,0.216667,0.100000,0.470476,0.115033,-1.545905,0.082371,0.177988,-0.528433
0.250000,0.250000,0.100000,0.407035,-0.015372,-1.113466,0.389252,-0.037582,-0.832266
0.250000,0.283333,0.100000,0.690130,-0.216481,-1.176238,0.161373,-0.090877,-0.022558
0.250000,0.316667,0.100000,0.327642,-0.163681,-0.189648,-0.781149,0.331134,0.971822
0.250000,0.350000,0.100000,-0.951101,0.450621,0.798995,0.109125,-0.047129,-0.225693
0.250000,0.383333,0.100000,0.955643,-0.462176,-0.665252,0.400947,-0.184588,-0.201857
0.250000,0.416667,0.100000,-0.975476,0.468611,0.531951,-0.479912,0.211979,0.237586
0.250000,0.450000,0.100000,1.103755,-0.509617,-0.482300,0.155803,-0.050685,-0.084254
0.250000,0.483333,0.100000,-0.989537,0.426912,0.382579,0.533389,-0.256259,-0.156435
0.250000,0.516667,0.100000,0.191767,-0.058360,-0.122143,-1.103463,0.472960,0.329121
0.283333,-0.516667,0.100000,0.054256,0.127429,0.484157,0.833257,0.276358,-0.976908
0.283333,-0.483333,0.100000,0.337659,-0.001473,-0.964425,-0.841266,-0.351124,0.739779
0.283333,-0.450000,0.100000,-0.489927,-0.045759,1.190576,0.857510,0.405587,-0.662956
0.283333,-0.416667,0.100000,0.315557,-0.063502,-1.152205,-1.031671,-0.473374,1.016339
0.283333,-0.383333,0.100000,0.399427,0.403955,0.364947,1.110352,0.390347,-1.702889
0.283333,-0.350000,0.100000,-1.284077,-0.610552,1.579541,-0.117414,0.256802,1.199823
0.283333,-0.316667,0.100000,-0.071405,-0.427298,-1.096560,-1.401430,-0.652482,1.984770
0.283333,-0.283333,0.100000,0.971223,0.106154,-2.458254,-1.161973,-0.905816,0.837803
0.283333,-0.250000,0.100000,0.962969,-0.007226,-2.733279,-1.293009,-1.050797,1.167140
0.283333,-0.216667,0.100000,-0.594038,-1.052855,-0.452703,-1.574634,-0.534717,3.354377
0.283333,-0.183333,0.100000,-1.069357,0.252485,3.431823,1.339265,1.252818,-1.667553
0.283333,-0.150000,0.100000,0.698474,-0.786852,-3.015966,-1.549913,-1.052582,2.962100
0.283333,-0.116667,0.100000,1.595177,0.600547,-3.920226,0.436096,-1.121238,-2.338178
0.283333,-0.083333,0.100000,1.604145,-0.193672,-4.702081,0.006712,-1.151658,-0.740040
0.283333,-0.050000,0.100000,-0.841140,-0.343905,2.370262,-1.335064,1.005340,4.120585
0.283333,-0.016667,0.100000,1.568163,-0.965337,-4.514401,-0.041965,-0.315574,0.242152
0.283333,0.016667,0.100000,1.532113,-0.998166,-4.081049,-0.077101,0.200987,0.300755
0.283333,0.050000,0.100000,-0.839668,0.944623,1.918629,-1.156452,0.397433,2.985119
0.283333,0.083333,0.100000,1.236136,-0.589570,-2.973725,-0.123151,0.816673,-0.316081
0.283333,0.116667,0.100000,0.992992,-0.556610,-2.164772,0.122661,0.758942,-1.244869
0.283333,0.150000,0.100000,0.186433,0.666794,-1.566877,-0.723447,0.453417,1.401315
0.283333,0.183333,0.100000,-0.274515,-0.466795,1.699423,0.441169,-0.390926,-0.582601
0.283333,0.216667,0.100000,-0.072538,0.339107,-0.503712,-0.351907,-0.170772,1.469381
0.283333,0.250000,0.100000,0.318634,0.144061,-1.335127,-0.083924,0.057004,0.189785
0.283333,0.283333,0.100000,0.415868,-0.028987,-1.168759,0.067335,-0.035216,0.009315
0.283333,0.316667,0.100000,0.496041,-0.191664,-0.775935,-0.237260,0.046616,0.644654
0.283333,0.350000,0.100000,-0.174090,0.055324,0.415051,-0.648356,0.304182,0.761212
0.283333,0.383333,0.100000,-0.592709,0.300803,0.467945,0.494853,-0.238695,-0.576986
0.283333,0.416667,0.100000,0.847735,-0.427807,-0.622502,-0.055665,0.030322,0.128422
0.283333,0.450000,0.100000,-0.896302,0.448028,0.542858,-0.125315,0.052598,0.033851
0.283333,0.483333,0.100000,0.941333,-0.456457,-0.465995,-0.016785,0.022738,0.014144
0.283333,0.516667,0.100000,-0.851957,0.391647,0.364323,0.447482,-0.225057,-0.167029
0.316667,-0.516667,0.100000,-0.009231,-0.120582,-0.576973,-0.806353,-0.315434,0.971940
0.316667,-0.483333,0.100000,0.019365,0.149135,0.640099,0.870126,0.357595,-1.079671
0.316667,-0.450000,0.100000,-0.347307,-0.311830,-0.262269,-0.874425,-0.320024,1.375277
0.316667,-0.416667,0.100000,0.920747,0.517154,-0.829714,0.432872,0.010623,-1.330803
0.316667,-0.383333,0.100000,-0.786315,-0.205708,1.729899,0.766981,0.563441,-0.340713
0.316667,-0.350000,0.100000,-0.958022,-0.687637,0.713253,-0.690373,-0.098096,1.855350
0.316667,-0.316667,0.100000,-0.207937,-0.510556,-0.892665,-1.242417,-0.615700,2.058905
0.316667,-0.283333,0.100000,-0.133938,-0.575607,-1.128999,-1.320952,-0.705693,2.266397
0.316667,-0.250000,0.100000,-1.047794,-1.016623,0.907090,-0.891738,-0.046825,2.698947
0.316667,-0.216667,0.100000,-0.733341,0.231012,2.772410,1.186802,1.081992,-1.555918
0.316667,-0.183333,0.100000,1.057652,-0.044699,-3.402379,-0.886386,-1.157697,0.853906
0.316667,-0.150000,0.100000,0.077631,1.071935,1.178975,1.331935,0.439381,-3.615788
0.316667,-0.116667,0.100000,-0.861047,0.695381,3.411193,0.939577,0.857628,-2.137251
0.316667,-0.083333,0.100000,0.038483,0.977302,0.483589,1.225624,-0.287827,-4.104255
0.316667,-0.050000,0.100000,0.685467,-0.937978,-2.452208,-0.993651,0.128392,3.275972
0.316667,-0.016667,0.100000,0.707329,-0.262586,-2.361298,0.980179,-0.878566,-3.096947
0.316667,0.016667,0.100000,0.721618,-0.623697,-2.214539,0.957377,-0.670390,-2.790154
0.316667,0.050000,0.100000,0.593724,-0.075104,-1.756055,-0.977952,0.912388,2.610162
0.316667,0.083333,0.100000,0.128069,-0.690776,0.156742,1.022733,-0.581735,-2.703967
0.316667,0.116667,0.100000,-0.493637,-0.294646,1.903377,0.716893,-0.813830,-1.299242
0.316667,0.150000,0.100000,0.173020,-0.764247,0.624201,0.666444,-0.176217,-1.863011
0.316667,0.183333,0.100000,0.304630,0.352986,-1.668138,-0.407391,0.548317,0.291742
0.316667,0.216667,0.100000,-0.133438,-0.412105,1.377854,0.322590,-0.248435,-0.532472
0.316667,0.250000,0.100000,-0.151986,0.156671,0.148981,-0.185915,-0.250195,1.289737
0.316667,0.283333,0.100000,0.147316,0.105387,-0.763731,-0.187556,-0.053380,0.851155
0.316667,0.316667,0.100000,0.265976,-0.048110,-0.671933,-0.191396,-0.010641,0.748208
0.316667,0.350000,0.100000,0.124074,-0.084701,-0.003891,-0.421832,0.146265,0.881484
0.316667,0.383333,0.100000,-0.481149,0.218587,0.751069,-0.256681,0.146263,0.170330
0.316667,0.416667,0.100000,-0.081523,0.054524,-0.063689,0.630325,-0.324962,-0.668151
0.316667,0.450000,0.100000,0.539314,-0.285152,-0.374568,-0.458984,0.240128,0.448236
0.316667,0.483333,0.100000,-0.711946,0.368833,0.450467,0.276337,-0.148772,-0.235457
0.316667,0.516667,0.100000,0.746044,-0.375544,-0.401864,-0.299330,0.161295,0.185737
0.350000,-0.516667,0.100000,0.507105,0.320508,-0.163892,0.587402,0.180767,-1.150729
0.350000,-0.483333,0.100000,-0.771518,-0.419124,0.732862,-0.310709,-0.007586,1.055322
0.350000,-0.450000,0.100000,0.794555,0.313538,-1.414758,-0.403547,-0.362005,-0.170303
0.350000,-0.416667,0.100000,0.172764,0.307163,0.637658,0.937143,0.453504,-1.450999
0.350000,-0.383333,0.100000,-0.939703,-0.421797,1.726673,0.382859,0.462040,0.373541
0.350000,-0.350000,0.100000,-0.981504,-0.709689,1.040038,-0.433207,0.047208,1.674536
0.350000,-0.316667,0.100000,-0.943389,-0.800713,0.866590,-0.608060,-0.033844,2.020596
0.350000,-0.283333,0.100000,-1.157003,-0.733338,2.059773,0.010946,0.504580,1.319416
0.350000,-0.250000,0.100000,-0.158712,0.499179,1.725082,1.159614,0.829695,-2.086942
0.350000,-0.216667,0.100000,0.902648,0.102639,-2.933549,-0.724868,-1.018802,0.475443
0.350000,-0.183333,0.100000,-0.604847,0.392683,2.759966,0.941070,0.968677,-1.661230
0.350000,-0.150000,0.100000,-0.870202,-0.860412,1.898998,-0.607488,0.557962,2.859651
0.350000,-0.116667,0.100000,-0.640924,-0.789230,1.481022,-0.770343,0.565106,3.257869
0.350000,-0.083333,0.100000,-0.908650,0.555809,3.569654,0.313670,0.712272,-0.675160
0.350000,-0.050000,0.100000,0.949407,-0.611460,-3.576012,-0.008192,-0.595547,-0.102408
0.350000,-0.016667,0.100000,-0.163195,0.399447,0.493819,0.943493,-0.731656,-3.373798
0.350000,0.016667,0.100000,-0.146710,0.071152,0.397741,0.949569,-0.827172,-3.120951
0.350000,0.050000,0.100000,0.932817,-0.742114,-2.819093,-0.054748,0.363501,0.059099
0.350000,0.083333,0.100000,-0.793342,0.388935,2.394061,0.346789,-0.717155,-0.612573
0.350000,0.116667,0.100000,-0.553314,0.788423,0.988223,-0.519906,-0.082097,1.896348
0.350000,0.150000,0.100000,-0.574899,0.627082,1.051331,-0.257428,-0.399312,1.518185
0.350000,0.183333,0.100000,-0.149746,-0.456583,1.402226,0.470614,-0.472111,-0.781107
0.350000,0.216667,0.100000,0.201803,0.295570,-1.406388,-0.300529,0.444633,0.090611
0.350000,0.250000,0.100000,0.018886,-0.385818,0.938767,0.243036,-0.036990,-0.822787
0.350000,0.283333,0.100000,-0.162197,-0.045425,0.781816,-0.032326,-0.230695,0.789555
0.350000,0.316667,0.100000,-0.024292,0.008944,0.128238,-0.177974,-0.093150,0.981771
0.350000,0.350000,0.100000,0.007907,-0.040475,0.201720,-0.262789,0.030911,0.857587
0.350000,0.383333,0.100000,-0.224551,0.058582,0.652560,-0.281717,0.135031,0.430774
0.350000,0.416667,0.100000,-0.407510,0.214400,0.509729,0.195726,-0.074260,-0.468320
0.350000,0.450000,0.100000,0.360393,-0.183132,-0.513006,0.391649,-0.219570,-0.332871
0.350000,0.483333,0.100000,0.053418,-0.033800,0.058813,-0.596541,0.324987,0.536394
0.350000,0.516667,0.100000,-0.336198,0.180129,0.184892,0.558920,-0.303125,-0.438599
0.383333,-0.516667,0.100000,-0.640428,-0.253425,1.184162,0.377969,0.302180,0.072626
0.383333,-0.483333,0.100000,0.075485,-0.116465,-0.840441,-0.787178,-0.430083,0.998049
0.383333,-0.450000,0.100000,0.796640,0.502724,-0.857789,0.263479,-0.032235,-1.154454
0.383333,-0.416667,0.100000,-0.075242,0.182200,1.026611,0.883505,0.538827,-1.211574
0.383333,-0.383333,0.100000,-0.730534,-0.282739,1.752798,0.577125,0.573865,-0.084754
0.383333,-0.350000,0.100000,-0.876317,-0.429661,1.907698,0.412120,0.570678,0.344345
0.383333,-0.316667,0.100000,-0.636282,-0.122125,2.062010,0.764327,0.779136,-0.562816
0.383333,-0.283333,0.100000,0.477533,0.764752,0.231416,0.883951,0.386020,-2.336337
0.383333,-0.250000,0.100000,0.569487,-0.083283,-2.366001,-0.815904,-0.906648,0.984695
0.383333,-0.216667,0.100000,-0.667558,0.059363,2.663425,0.695315,0.939578,-0.767782
0.383333,-0.183333,0.100000,-0.122698,-0.856231,-0.955304,-0.906136,-0.394829,2.802551
0.383333,-0.150000,0.100000,0.692777,-0.272889,-3.014672,-0.502327,-0.872309,0.773181
0.383333,-0.116667,0.100000,0.545317,-0.633255,-2.719302,-0.588955,-0.587878,1.700481
0.383333,-0.083333,0.100000,-0.572266,-0.268162,2.068712,-0.515447,0.766515,2.479772
0.383333,-0.050000,0.100000,0.537175,-0.031178,-2.144926,0.543621,-0.776283,-2.332493
0.383333,-0.016667,0.100000,-0.574794,0.698589,2.188489,0.521291,-0.306224,-2.089498
0.383333,0.016667,0.100000,-0.574294,0.533751,1.999818,0.537051,-0.538706,-1.977622
0.383333,0.050000,0.100000,0.568261,-0.690740,-1.814708,0.528892,-0.298761,-1.793007
0.383333,0.083333,0.100000,-0.577518,0.740503,1.563210,-0.455478,0.058065,1.644567
0.383333,0.116667,0.100000,0.399588,0.096873,-1.620550,-0.531094,0.720446,1.159608
0.383333,0.150000,0.100000,0.401677,0.088990,-1.669668,-0.408345,0.690582,0.497491
0.383333,0.183333,0.100000,-0.178932,0.627189,-0.498067,-0.436005,0.127350,1.444106
0.383333,0.216667,0.100000,-0.150901,-0.319314,1.316045,0.335838,-0.452403,-0.298165
0.383333,0.250000,0.100000,0.060165,0.346839,-1.156005,-0.260834,0.274896,0.329016
0.383333,0.283333,0.100000,0.122039,-0.268520,0.291935,0.126268,0.169456,-1.036980
0.383333,0.316667,0.100000,-0.093378,-0.170495,0.968052,0.069449,-0.086515,-0.034771
0.383333,0.350000,0.100000,-0.121437,-0.065673,0.781097,-0.069578,-0.039692,0.386373
0.383333,0.383333,0.100000,-0.180449,0.004298,0.752810,-0.119287,0.051004,0.215252
0.383333,0.416667,0.100000,-0.297611,0.128812,0.616755,0.045808,0.016921,-0.335494
0.383333,0.450000,0.100000,-0.035510,0.043293,-0.142404,0.379519,-0.193352,-0.611937
0.383333,0.483333,0.100000,0.447597,-0.249683,-0.512306,-0.064786,0.021347,0.229350
0.383333,0.516667,0.100000,-0.366195,0.201474,0.426903,-0.359170,0.206666,0.262054
0.416667,-0.516667,0.100000,-0.591322,-0.403590,0.432581,-0.391909,-0.102420,1.122193
0.416667,-0.483333,0.100000,0.510683,0.178793,-1.291324,-0.546488,-0.430514,0.251712
0.416667,-0.450000,0.100000,0.693490,0.518301,-0.624056,0.369022,0.055369,-1.298963
0.416667,-0.416667,0.100000,0.206683,0.359262,0.591296,0.793745,0.456489,-1.464682
0.416667,-0.383333,0.100000,-0.027264,0.260011,1.076884,0.848874,0.588678,-1.354981
0.416667,-0.350000,0.100000,0.246319,0.496937,0.646986,0.834097,0.502104,-1.779846
0.416667,-0.316667,0.100000,0.842462,0.738712,-1.265687,0.247196,-0.200799,-1.632991
0.416667,-0.283333,0.100000,0.086477,-0.410149,-1.457862,-0.866709,-0.704721,1.705047
0.416667,-0.250000,0.100000,-0.506115,0.074138,2.270905,0.679098,0.846630,-0.833539
0.416667,-0.216667,0.100000,0.198167,-0.499644,-1.820739,-0.781758,-0.704050,1.833794
0.416667,-0.183333,0.100000,0.694022,0.678203,-1.758754,0.295153,-0.517145,-2.084451
0.416667,-0.150000,0.100000,0.371901,0.785038,-0.518612,0.592013,-0.240828,-2.787746
0.416667,-0.116667,0.100000,0.600231,0.261040,-2.270451,0.258950,-0.732850,-1.798104
0.416667,-0.083333,0.100000,0.042745,-0.683380,-0.596563,-0.627367,0.278589,2.836844
0.416667,-0.050000,0.100000,0.064209,0.403498,-0.192618,0.624006,-0.587483,-2.831596
0.416667,-0.016667,0.100000,-0.630902,0.695041,2.659941,0.112925,0.099605,-0.546225
0.416667,0.016667,0.100000,-0.643010,0.682861,2.479135,0.123572,-0.140967,-0.551887
0.416667,0.050000,0.100000,0.089150,-0.288599,-0.263858,0.648330,-0.627426,-2.311642
0.416667,0.083333,0.100000,0.010460,0.333028,-0.298655,-0.631155,0.594264,2.073544
0.416667,0.116667,0.100000,0.553323,-0.620834,-1.534994,0.187760,0.249586,-1.056864
0.416667,0.150000,0.100000,0.333952,-0.648742,-0.384141,0.397452,-0.024111,-1.602755
0.416667,0.183333,0.100000,0.436941,-0.455178,-0.960836,0.077014,0.409882,-1.096469
0.416667,0.216667,0.100000,-0.031320,0.474541,-0.937416,-0.363008,0.283686,0.894670
0.416667,0.250000,0.100000,-0.059527,-0.327866,1.117171,0.277938,-0.337347,-0.311371
0.416667,0.283333,0.100000,-0.073591,0.367823,-0.779749,-0.190922,0.049838,0.695229
0.416667,0.316667,0.100000,0.129567,-0.050249,-0.428405,-0.006978,0.259221,-0.842571
0.416667,0.350000,0.100000,0.000946,-0.134743,0.475366,0.083063,0.083042,-0.713125
0.416667,0.383333,0.100000,-0.099600,-0.051088,0.635475,0.051950,0.040044,-0.447461
0.416667,0.416667,0.100000,-0.158617,0.046778,0.460245,0.088656,0.019242,-0.532805
0.416667,0.450000,0.100000,-0.074728,0.065039,-0.050119,0.244745,-0.096026,-0.634813
0.416667,0.483333,0.100000,0.275871,-0.133741,-0.561756,0.173784,-0.112667,-0.122693
0.416667,0.516667,0.100000,0.143775,-0.095498,-0.039888,-0.361645,0.199985,0.516957
0.450000,-0.516667,0.100000,-0.288488,-0.304446,-0.237366,-0.608735,-0.308866,1.188252
0.450000,-0.483333,0.100000,0.523981,0.222835,-1.313719,-0.470061,-0.426168,0.109474
0.450000,-0.450000,0.100000,0.727821,0.510796,-1.043385,0.074779,-0.147755,-0.985040
0.450000,-0.416667,0.100000,0.684103,0.584878,-0.716467,0.319114,0.012278,-1.387430
0.450000,-0.383333,0.100000,0.753582,0.620520,-1.091957,0.164190,-0.151682,-1.299409
0.450000,-0.350000,0.100000,0.630885,0.295334,-1.840004,-0.455745,-0.623865,-0.049321
0.450000,-0.316667,0.100000,-0.424365,-0.670344,-0.119876,-0.646689,-0.302845,1.985159
0.450000,-0.283333,0.100000,-0.206241,0.279440,1.671251,0.726423,0.717895,-1.332393
0.450000,-0.250000,0.100000,0.213254,-0.349200,-1.770468,-0.690696,-0.708803,1.437473
0.450000,-0.216667,0.100000,0.377929,0.789488,-0.118475,0.563748,0.059772,-2.407854
0.450000,-0.183333,0.100000,-0.389531,0.325899,2.290476,0.492288,0.703003,-1.048840
0.450000,-0.150000,0.100000,-0.438042,0.361245,2.452736,0.377614,0.650153,-0.851843
0.450000,-0.116667,0.100000,0.054394,0.689272,0.417144,0.537691,-0.159343,-2.600554
0.450000,-0.083333,0.100000,0.390760,-0.638050,-2.183367,-0.345908,-0.225441,1.456650
0.450000,-0.050000,0.100000,-0.240301,0.601127,1.253411,0.465083,-0.267899,-2.239247
0.450000,-0.016667,0.100000,-0.513797,0.530094,2.367348,-0.159379,0.375927,0.669256
0.450000,0.016667,0.100000,-0.530239,0.616554,2.235557,-0.158437,0.188856,0.594777
0.450000,0.050000,0.100000,-0.242976,0.123853,0.961751,0.503100,-0.625757,-1.908069
0.450000,0.083333,0.100000,0.395231,-0.206395,-1.546307,-0.377874,0.594031,1.177987
0.450000,0.116667,0.100000,0.082084,-0.447303,0.157484,0.509580,-0.427564,-1.741434
0.450000,0.150000,0.100000,-0.320908,-0.012866,1.442887,0.343352,-0.604821,-0.599652
0.450000,0.183333,0.100000,-0.190101,-0.209770,1.246435,0.367695,-0.541559,-0.624374
0.450000,0.216667,0.100000,0.275316,-0.528672,-0.058081,0.221191,0.109095,-1.245675
0.450000,0.250000,0.100000,-0.035280,0.407893,-0.904060,-0.288273,0.252438,0.663332
0.450000,0.283333,0.100000,0.054271,-0.369656,0.852006,0.219663,-0.159935,-0.550133
0.450000,0.316667,0.100000,-0.145891,0.265108,-0.193412,-0.067930,-0.169622,0.901286
0.450000,0.350000,0.100000,0.049761,0.150953,-0.818882,-0.084321,0.163477,-0.189469
0.450000,0.383333,0.100000,0.051273,0.012242,-0.335078,0.030765,0.132545,-0.690449
0.450000,0.416667,0.100000,-0.001978,0.020164,-0.129874,0.092546,0.052696,-0.688607
0.450000,0.450000,0.100000,0.014485,0.035306,-0.297211,0.154648,-0.034660,-0.565971
0.450000,0.483333,0.100000,0.170246,-0.056453,-0.558846,0.140215,-0.087985,-0.164037
0.450000,0.516667,0.100000,0.233421,-0.140268,-0.300199,-0.158846,0.067771,0.436705
0.483333,-0.516667,0.100000,-0.261739,-0.307304,-0.285289,-0.580571,-0.323616,1.180212
0.483333,-0.483333,0.100000,0.265478,0.026914,-1.160224,-0.603656,-0.489334,0.616282
0.483333,-0.450000,0.100000,0.480759,0.208912,-1.412618,-0.478603,-0.493493,0.155634
0.483333,-0.416667,0.100000,0.417282,0.130772,-1.489083,-0.551852,-0.567451,0.376442
0.483333,-0.383333,0.100000,-0.041825,-0.313132,-0.955168,-0.696729,-0.543591,1.353869
0.483333,-0.350000,0.100000,-0.683859,-0.630587,1.181209,-0.123129,0.221043,1.334477
0.483333,-0.316667,0.100000,0.182516,0.529158,0.715036,0.656013,0.460860,-1.769854
0.483333,-0.283333,0.100000,0.063275,-0.393741,-1.356182,-0.652424,-0.608090,1.514509
0.483333,-0.250000,0.100000,0.216025,0.667921,0.517709,0.580303,0.303087,-2.086171
0.483333,-0.216667,0.100000,-0.570067,-0.347314,2.055929,0.073469,0.639188,0.919429
0.483333,-0.183333,0.100000,-0.398657,-0.640458,0.869431,-0.345107,0.301074,2.166345
0.483333,-0.150000,0.100000,-0.417391,-0.426279,1.470557,-0.244973,0.528475,1.882855
0.483333,-0.116667,0.100000,-0.332546,0.519598,2.128063,0.307330,0.388702,-1.132164
0.483333,-0.083333,0.100000,0.438769,-0.353694,-2.385929,-0.021700,-0.515448,-0.200688
0.483333,-0.050000,0.100000,-0.367502,0.610179,1.981135,0.247574,0.034357,-1.243782
0.483333,-0.016667,0.100000,-0.346171,0.313040,1.735712,-0.299481,0.517043,1.426795
0.483333,0.016667,0.100000,-0.360809,0.446932,1.659066,-0.306935,0.399450,1.323893
0.483333,0.050000,0.100000,-0.394360,0.398381,1.627502,0.277576,-0.438612,-1.117538
0.483333,0.083333,0.100000,0.476305,-0.511829,-1.811298,-0.036145,0.281017,-0.042286
0.483333,0.116667,0.100000,-0.324157,0.109688,1.395663,0.323826,-0.564417,-0.871417
0.483333,0.150000,0.100000,-0.382761,0.544991,0.987268,-0.186226,-0.147670,1.108115
0.483333,0.183333,0.100000,-0.325510,0.533295,0.554378,-0.203861,-0.127232,1.214381
0.483333,0.216667,0.100000,-0.312129,0.179300,1.104904,0.128496,-0.488289,0.472788
0.483333,0.250000,0.100000,0.195475,-0.476801,0.286319,0.212326,0.004300,-1.047395
0.483333,0.283333,0.100000,-0.095624,0.396896,-0.706851,-0.217808,0.131868,0.687156
0.483333,0.316667,0.100000,0.142372,-0.342824,0.432084,0.117989,0.056865,-0.788678
0.483333,0.350000,0.100000,-0.116022,0.044822,0.437083,0.057993,-0.265790,0.697828
0.483333,0.383333,0.100000,-0.039439,0.185716,-0.555182,-0.064028,-0.038833,0.512649
0.483333,0.416667,0.100000,0.037252,0.108501,-0.694134,-0.021851,0.033376,-0.004395
0.483333,0.450000,0.100000,0.069662,0.049872,-0.626734,0.035292,-0.005645,-0.117041
0.483333,0.483333,0.100000,0.129714,-0.019870,-0.578061,0.036476,-0.043799,0.090890
0.483333,0.516667,0.100000,0.165541,-0.092850,-0.305363,-0.098040,0.020146,0.441121
0.516667,-0.516667,0.100000,-0.462540,-0.426480,0.241160,-0.381553,-0.156676,1.186627
0.516667,-0.483333,0.100000,-0.281222,-0.366997,-0.274842,-0.547269,-0.330903,1.273815
0.516667,-0.450000,0.100000,-0.325036,-0.430875,-0.204071,-0.535707,-0.316436,1.386373
0.516667,-0.416667,0.100000,-0.574255,-0.574166,0.650277,-0.264046,-0.001672,1.356851
0.516667,-0.383333,0.100000,-0.466310,-0.215335,1.609938,0.423855,0.571704,-0.076106
0.516667,-0.350000,0.100000,0.508993,0.640499,-0.476921,0.353351,0.049727,-1.653231
0.516667,-0.316667,0.100000,-0.179912,-0.524502,-0.651449,-0.572000,-0.410588,1.708645
0.516667,-0.283333,0.100000,0.216818,0.601323,0.488394,0.527379,0.316402,-1.869368
0.516667,-0.250000,0.100000,-0.510321,-0.587475,1.259799,-0.152671,0.344312,1.587746
0.516667,-0.216667,0.100000,0.052314,-0.516018,-1.296468,-0.487141,-0.427913,1.662001
0.516667,-0.183333,0.100000,0.241536,-0.382985,-1.882280,-0.375847,-0.525100,1.079871
0.516667,-0.150000,0.100000,0.022311,-0.617342,-0.922590,-0.408734,-0.092882,2.006487
0.516667,-0.116667,0.100000,-0.383105,0.099722,2.105609,-0.025598,0.591240,0.699890
0.516667,-0.083333,0.100000,0.320883,-0.029522,-1.720819,0.192957,-0.580312,-1.368656
0.516667,-0.050000,0.100000,-0.375115,0.508161,2.130684,0.058887,0.258855,-0.266923
0.516667,-0.016667,0.100000,-0.188413,0.105417,1.033203,-0.346151,0.554709,1.789524
0.516667,0.016667,0.100000,-0.198292,0.251121,1.002984,-0.358808,0.500284,1.683776
0.516667,0.050000,0.100000,-0.414224,0.517539,1.809356,0.071230,-0.195097,-0.298451
0.516667,0.083333,0.100000,0.363643,-0.539500,-1.386090,0.211126,-0.076584,-0.976402
0.516667,0.116667,0.100000,-0.408314,0.471228,1.503328,-0.018921,-0.256959,0.387696
0.516667,0.150000,0.100000,0.001917,0.324933,-0.501862,-0.386082,0.416701,1.319853
0.516667,0.183333,0.100000,0.156300,0.148115,-1.073552,-0.319097,0.495201,0.696609
0.516667,0.216667,0.100000,-0.035231,0.388021,-0.684901,-0.317740,0.311337,0.935472
0.516667,0.250000,0.100000,-0.281120,0.310224,0.651651,0.014608,-0.348322,0.826655
0.516667,0.283333,0.100000,0.183850,-0.421129,0.282617,0.156661,0.032424,-0.916688
0.516667,0.316667,0.100000,-0.156537,0.364403,-0.383301,-0.123558,-0.039461,0.789807
0.516667,0.350000,0.100000,0.153907,-0.192466,-0.118984,-0.013294,0.232786,-0.797685
0.516667,0.383333,0.100000,-0.011170,-0.162317,0.736747,0.106175,-0.167109,0.096330
0.516667,0.416667,0.100000,-0.058006,0.041768,0.154351,0.008726,-0.158069,0.668067
0.516667,0.450000,0.100000,-0.001885,0.058012,-0.250216,-0.031129,-0.079021,0.581601
0.516667,0.483333,0.100000,0.051472,0.004783,-0.285660,-0.043317,-0.045254,0.510001
0.516667,0.516667,0.100000,0.067021,-0.046254,-0.071750,-0.097583,0.005506,0.534560
