far field @z=0.050000
freq=27000000000.000000
sampling point=1024
x,y,z,realEx,realEy,realEz,imgEx,imgEy,imgEz
-0.258333,-0.258333,0.100000,-0.147558,0.485280,0.781832,-0.170776,0.142114,-0.118213
-0.258333,-0.241667,0.100000,-0.103061,0.504259,0.859374,-0.068913,0.084520,-0.008710
-0.258333,-0.225000,0.100000,-0.033804,0.498709,0.937368,0.061216,-0.113866,-0.098791
-0.258333,-0.208333,0.100000,0.143853,0.308752,0.937913,0.126169,-0.405837,-0.464024
-0.258333,-0.191667,0.100000,0.349882,-0.193211,0.532937,-0.088015,-0.477719,-1.051372
-0.258333,-0.175000,0.100000,0.081080,-0.531164,-0.636723,-0.545908,0.112091,-1.188024
-0.258333,-0.158333,0.100000,-0.736800,0.230903,-1.519204,-0.174829,0.564234,0.362182
-0.258333,-0.141667,0.100000,0.034222,0.443416,0.644431,0.968319,-0.573067,1.708824
-0.258333,-0.125000,0.100000,0.906364,-0.862357,1.326839,-0.751539,0.187668,-1.684226
-0.258333,-0.108333,0.100000,-1.345530,1.061289,-2.384287,0.270610,0.111764,0.795392
-0.258333,-0.091667,0.100000,1.526281,-1.255516,2.860400,-0.237071,-0.007180,-0.623908
-0.258333,-0.075000,0.100000,-1.404851,1.211252,-2.770792,0.933786,-0.743907,1.926124
-0.258333,-0.058333,0.100000,0.089031,0.043338,0.183637,-1.794672,1.537745,-3.832220
-0.258333,-0.041667,0.100000,1.852962,-1.582578,4.236713,0.301649,0.042145,0.688942
-0.258333,-0.025000,0.100000,0.516717,-0.832086,1.315213,1.865564,-1.296308,4.530568
-0.258333,-0.008333,0.100000,-0.605829,-0.154893,-1.393694,1.887568,-1.397506,4.893650
-0.258333,0.008333,0.100000,-0.642889,-0.279756,-1.414464,1.922515,-1.156569,5.193843
-0.258333,0.025000,0.100000,0.489481,-0.762868,1.735027,2.018685,-0.509035,5.309867
-0.258333,0.041667,0.100000,2.091632,-0.419109,5.654653,0.429974,0.476591,0.626899
-0.258333,0.058333,0.100000,0.186074,0.443927,-0.076095,-2.192577,-0.004947,-5.691642
-0.258333,0.075000,0.100000,-1.904394,-0.486450,-4.393110,1.231909,-0.063586,3.475837
-0.258333,0.091667,0.100000,2.294892,0.688537,5.242143,-0.416179,0.076940,-1.421330
-0.258333,0.108333,0.100000,-2.297531,-0.894816,-4.890752,0.646690,0.150420,1.758765
-0.258333,0.125000,0.100000,1.638330,0.747273,3.121093,-1.789365,-0.786244,-3.800228
-0.258333,0.141667,0.100000,0.589023,0.324608,1.270080,2.374342,1.167672,4.430904
-0.258333,0.158333,0.100000,-2.441731,-1.281555,-4.275801,0.136238,0.139501,0.319296
-0.258333,0.175000,0.100000,-0.569364,-0.393578,-0.943353,-2.355910,-1.261955,-3.851238
-0.258333,0.191667,0.100000,1.729522,0.890739,2.676737,-1.638623,-0.971909,-2.482726
-0.258333,0.208333,0.100000,2.323996,1.281458,3.351589,-0.049478,-0.119268,0.002376
-0.258333,0.225000,0.100000,2.048550,1.156825,2.751641,0.937969,0.434895,1.364478
-0.258333,0.241667,0.100000,1.770244,0.998147,2.229900,1.257837,0.613958,1.713802
-0.258333,0.258333,0.100000,1.758219,0.963375,2.113913,1.117785,0.532018,1.471051
-0.241667,-0.258333,0.100000,-0.127097,0.458620,0.789860,-0.276529,0.216228,-0.173288
-0.241667,-0.241667,0.100000,-0.057243,0.450059,0.870539,-0.187043,0.259758,0.103368
-0.241667,-0.225000,0.100000,-0.039785,0.495575,0.932776,-0.052500,0.177476,0.212820
-0.241667,-0.208333,0.100000,0.024788,0.524144,1.052011,0.102199,-0.069903,0.082178
-0.241667,-0.191667,0.100000,0.245783,0.312786,1.109347,0.154437,-0.431545,-0.404402
-0.241667,-0.175000,0.100000,0.465209,-0.289077,0.620096,-0.190678,-0.470782,-1.192417
-0.241667,-0.158333,0.100000,-0.063350,-0.521924,-0.894856,-0.734055,0.309710,-1.273226
-0.241667,-0.141667,0.100000,-0.974138,0.552295,-1.583757,0.144126,0.450645,0.911378
-0.241667,-0.125000,0.100000,0.705525,-0.024297,1.635167,1.015160,-0.871789,1.416483
-0.241667,-0.108333,0.100000,0.102765,-0.461317,-0.207883,-1.475308,0.966208,-2.557013
-0.241667,-0.091667,0.100000,-0.470565,0.606186,-0.607513,1.633553,-1.131390,2.966047
-0.241667,-0.075000,0.100000,-0.010564,-0.099315,-0.131216,-1.889115,1.476261,-3.534090
-0.241667,-0.058333,0.100000,1.488557,-1.241082,2.990290,1.396155,-1.049775,2.762835
-0.241667,-0.041667,0.100000,-1.767232,1.202892,-3.766110,1.235144,-1.188341,2.649005
-0.241667,-0.025000,0.100000,-1.857313,1.576985,-4.266668,-1.256149,0.499420,-2.802204
-0.241667,-0.008333,0.100000,-0.819163,1.057113,-2.136502,-2.160520,1.075903,-5.111088
-0.241667,0.008333,0.100000,-0.816155,0.999601,-2.332452,-2.228065,0.774443,-5.398995
-0.241667,0.025000,0.100000,-1.977529,0.945823,-5.216648,-1.424576,-0.128975,-3.178532
-0.241667,0.041667,0.100000,-2.105829,-0.073041,-4.892694,1.359971,-0.636895,3.827101
-0.241667,0.058333,0.100000,1.831221,-0.233990,4.788086,1.816834,0.401112,3.925002
-0.241667,0.075000,0.100000,-0.005756,0.310179,-0.561764,-2.650019,-0.482482,-6.032472
-0.241667,0.091667,0.100000,-0.656916,-0.369614,-0.957173,2.630144,0.725226,5.753346
-0.241667,0.108333,0.100000,-0.046916,0.060176,-0.452578,-2.754933,-1.041116,-5.517045
-0.241667,0.125000,0.100000,1.901170,0.833718,3.729685,2.025215,0.889242,3.611324
-0.241667,0.141667,0.100000,-2.596872,-1.229921,-4.458616,0.978557,0.517055,1.836429
-0.241667,0.158333,0.100000,-1.001860,-0.581155,-1.679050,-2.557663,-1.265561,-4.115777
-0.241667,0.175000,0.100000,1.953923,0.951430,2.955978,-1.855713,-1.031663,-2.804676
-0.241667,0.191667,0.100000,2.612856,1.377201,3.703944,0.217790,0.019360,0.355999
-0.241667,0.208333,0.100000,2.070148,1.132452,2.726658,1.459136,0.687678,2.014277
-0.241667,0.225000,0.100000,1.585469,0.878568,1.942223,1.843585,0.896510,2.396956
-0.241667,0.241667,0.100000,1.535707,0.829104,1.784102,1.742699,0.833679,2.167661
-0.241667,0.258333,0.100000,1.822605,0.933004,2.055566,1.250233,0.567729,1.520512
-0.225000,-0.258333,0.100000,-0.170475,0.465681,0.719592,-0.362032,0.178261,-0.415183
-0.225000,-0.241667,0.100000,-0.009323,0.412017,0.900832,-0.293934,0.313707,0.007152
-0.225000,-0.225000,0.100000,0.030277,0.412492,0.931387,-0.157945,0.335989,0.306662
-0.225000,-0.208333,0.100000,0.023045,0.491779,0.997463,0.004734,0.225322,0.402164
-0.225000,-0.191667,0.100000,0.106398,0.541853,1.176093,0.176071,-0.082247,0.208237
-0.225000,-0.175000,0.100000,0.403820,0.257057,1.272496,0.167838,-0.501779,-0.449498
-0.225000,-0.158333,0.100000,0.569585,-0.462714,0.563579,-0.407531,-0.393790,-1.450169
-0.225000,-0.141667,0.100000,-0.430637,-0.364786,-1.407097,-0.889189,0.599926,-1.167258
-0.225000,-0.125000,0.100000,-0.989657,0.858653,-1.198691,0.826331,0.006974,1.819183
-0.225000,-0.108333,0.100000,1.563536,-0.852861,2.612419,0.287430,-0.643876,-0.001053
-0.225000,-0.091667,0.100000,-1.571241,0.862458,-2.778724,-1.019454,0.981581,-1.432626
-0.225000,-0.075000,0.100000,1.911749,-1.295211,3.404374,0.925411,-0.827169,1.465436
-0.225000,-0.058333,0.100000,-2.273582,1.666636,-4.204073,0.521009,-0.415984,1.027819
-0.225000,-0.041667,0.100000,0.220004,0.105649,0.405160,-2.486742,1.806463,-4.939559
-0.225000,-0.025000,0.100000,2.567080,-1.582673,5.415829,-0.533948,0.819159,-1.211431
-0.225000,-0.008333,0.100000,2.455833,-1.622401,5.559073,1.172494,-0.065191,2.425699
-0.225000,0.008333,0.100000,2.521034,-1.339731,5.955662,1.236006,0.139856,2.513698
-0.225000,0.025000,0.100000,2.844808,-0.573455,6.503570,-0.512253,0.810573,-1.689543
-0.225000,0.041667,0.100000,0.356325,0.565163,0.217516,-2.951580,0.313112,-6.814263
-0.225000,0.058333,0.100000,-2.988987,-0.295628,-6.470392,0.617618,-0.404171,1.967087
-0.225000,0.075000,0.100000,2.815304,0.419923,6.150397,1.347112,0.536022,2.316539
-0.225000,0.091667,0.100000,-2.733625,-0.728545,-5.628764,-1.607787,-0.619737,-2.769175
-0.225000,0.108333,0.100000,3.183494,1.183505,5.894197,0.283130,0.162531,0.174869
-0.225000,0.125000,0.100000,-2.119579,-0.891824,-3.461320,2.384545,1.030629,4.241060
-0.225000,0.141667,0.100000,-1.926478,-0.941668,-3.175238,-2.496098,-1.114734,-3.904188
-0.225000,0.158333,0.100000,1.957829,0.877387,2.876949,-2.385190,-1.207638,-3.579683
-0.225000,0.175000,0.100000,2.982060,1.476368,4.154002,0.252859,0.029124,0.363140
-0.225000,0.191667,0.100000,2.182621,1.138473,2.828876,1.878094,0.856757,2.498441
-0.225000,0.208333,0.100000,1.425082,0.769900,1.706566,2.353987,1.108430,2.953333
-0.225000,0.225000,0.100000,1.274613,0.677260,1.434012,2.283815,1.063611,2.728076
-0.225000,0.241667,0.100000,1.645782,0.819713,1.796030,1.849092,0.829956,2.131291
-0.225000,0.258333,0.100000,2.154870,1.006325,2.302477,0.901373,0.368708,1.035473
-0.208333,-0.258333,0.100000,-0.346895,0.479796,0.392763,-0.379329,0.021666,-0.758865
-0.208333,-0.241667,0.100000,-0.042211,0.434677,0.869639,-0.413398,0.255737,-0.329258
-0.208333,-0.225000,0.100000,0.105181,0.374630,1.000851,-0.269831,0.368108,0.156592
-0.208333,-0.208333,0.100000,0.110687,0.397851,1.004938,-0.090819,0.367661,0.466879
-0.208333,-0.191667,0.100000,0.095044,0.511207,1.101171,0.099557,0.216020,0.531737
-0.208333,-0.175000,0.100000,0.241474,0.545261,1.350754,0.269361,-0.172479,0.227774
-0.208333,-0.158333,0.100000,0.640885,0.097052,1.408426,0.097993,-0.601440,-0.686320
-0.208333,-0.141667,0.100000,0.540961,-0.676600,0.206241,-0.812870,-0.147601,-1.822855
-0.208333,-0.125000,0.100000,-1.113595,0.111116,-2.127602,-0.733723,0.835459,-0.530602
-0.208333,-0.108333,0.100000,-0.187835,0.670919,0.285378,1.692827,-0.821501,2.639382
-0.208333,-0.091667,0.100000,1.339219,-1.152865,1.769468,-1.571601,0.649970,-2.693063
-0.208333,-0.075000,0.100000,-1.650278,1.277218,-2.500100,1.738763,-0.949431,2.970973
-0.208333,-0.058333,0.100000,0.621711,-0.454898,0.963941,-2.610671,1.756300,-4.505923
-0.208333,-0.041667,0.100000,2.294193,-1.657202,4.245862,1.800594,-1.008046,3.260513
-0.208333,-0.025000,0.100000,-1.357563,0.382822,-2.565169,2.785554,-1.887452,5.494939
-0.208333,-0.008333,0.100000,-2.953407,1.197658,-5.986612,1.338763,-1.281446,2.966694
-0.208333,0.008333,0.100000,-3.075832,0.808542,-6.369173,1.358928,-1.189197,3.252849
-0.208333,0.025000,0.100000,-1.595383,-0.322926,-2.916994,3.080641,-0.979319,6.841837
-0.208333,0.041667,0.100000,2.742826,-0.542686,6.179109,2.277984,0.358852,4.292686
-0.208333,0.058333,0.100000,0.901311,0.524748,1.195861,-3.534040,-0.196824,-7.321191
-0.208333,0.075000,0.100000,-2.523334,-0.731882,-4.424737,2.714583,0.360328,5.614208
-0.208333,0.091667,0.100000,2.282251,0.794617,3.748529,-2.955257,-0.791535,-5.617666
-0.208333,0.108333,0.100000,-0.066721,-0.060678,0.224497,3.723289,1.360280,6.273128
-0.208333,0.125000,0.100000,-3.316676,-1.381058,-5.288384,-1.579895,-0.619133,-2.281197
-0.208333,0.141667,0.100000,1.430787,0.562213,1.983576,-3.287524,-1.479317,-4.842801
-0.208333,0.158333,0.100000,3.461069,1.576398,4.717049,-0.144961,-0.157748,-0.236095
-0.208333,0.175000,0.100000,2.540575,1.234648,3.242730,2.133065,0.914872,2.738181
-0.208333,0.191667,0.100000,1.436063,0.738602,1.696509,2.807063,1.255355,3.406579
-0.208333,0.208333,0.100000,1.104510,0.571104,1.214417,2.766820,1.231712,3.187340
-0.208333,0.225000,0.100000,1.493027,0.716320,1.584038,2.371235,1.025126,2.617741
-0.208333,0.241667,0.100000,2.197943,0.980435,2.274675,1.439382,0.586851,1.545173
-0.208333,0.258333,0.100000,2.452402,1.033091,2.473750,-0.174186,-0.106855,-0.142356
-0.191667,-0.258333,0.100000,-0.631886,0.390476,-0.324091,-0.144261,-0.231306,-0.813898
-0.191667,-0.241667,0.100000,-0.265124,0.473801,0.505869,-0.494791,0.072400,-0.815824
-0.191667,-0.225000,0.100000,0.086380,0.414279,1.007469,-0.438711,0.287310,-0.299015
-0.191667,-0.208333,0.100000,0.216553,0.368237,1.126427,-0.220093,0.376950,0.238699
-0.191667,-0.191667,0.100000,0.199281,0.424148,1.141292,0.004649,0.346145,0.550750
-0.191667,-0.175000,0.100000,0.213467,0.555497,1.296972,0.222089,0.125658,0.551528
-0.191667,-0.158333,0.100000,0.489427,0.487754,1.595763,0.329542,-0.359536,0.043296
-0.191667,-0.141667,0.100000,0.928449,-0.231417,1.389744,-0.208588,-0.640923,-1.227334
-0.191667,-0.125000,0.100000,0.064396,-0.730369,-0.726794,-1.365985,0.382038,-2.089250
-0.191667,-0.108333,0.100000,-1.788604,0.902943,-2.442366,0.323293,0.529100,1.139656
-0.191667,-0.091667,0.100000,1.826717,-0.620438,2.931354,1.358798,-1.179398,1.548801
-0.191667,-0.075000,0.100000,-1.707784,0.699662,-2.795129,-2.112024,1.484895,-2.951177
-0.191667,-0.058333,0.100000,2.678361,-1.578744,4.311976,1.579789,-1.081236,2.352618
-0.191667,-0.041667,0.100000,-3.060596,1.764643,-5.119773,1.570986,-1.103836,2.730151
-0.191667,-0.025000,0.100000,-2.076577,1.532057,-3.836726,-3.068689,1.417253,-5.445730
-0.191667,-0.008333,0.100000,0.558658,0.442787,0.799540,-3.874129,1.848526,-7.364860
-0.191667,0.008333,0.100000,0.618181,0.600770,0.765653,-4.034586,1.415497,-7.930357
-0.191667,0.025000,0.100000,-2.286322,1.050756,-4.990399,-3.545448,0.190274,-6.615945
-0.191667,0.041667,0.100000,-3.897101,-0.177451,-7.189201,1.882354,-0.632483,4.244996
-0.191667,0.058333,0.100000,3.765788,0.152904,7.316242,2.283570,0.632975,3.633817
-0.191667,0.075000,0.100000,-2.834273,-0.387626,-5.420269,-3.415715,-0.901066,-5.595469
-0.191667,0.091667,0.100000,3.666458,1.010359,6.274884,2.474742,0.832718,3.672385
-0.191667,0.108333,0.100000,-4.210169,-1.493798,-6.354577,1.116790,0.377995,2.023643
-0.191667,0.125000,0.100000,-0.253453,-0.146796,-0.563114,-4.230044,-1.658788,-6.011081
-0.191667,0.141667,0.100000,3.857217,1.578968,5.088751,-1.318290,-0.623293,-1.850995
-0.191667,0.158333,0.100000,3.309100,1.459734,4.135333,2.029770,0.791795,2.491309
-0.191667,0.175000,0.100000,1.818023,0.853866,2.125800,3.183753,1.326554,3.727157
-0.191667,0.191667,0.100000,1.194075,0.576259,1.302091,3.225856,1.349964,3.580693
-0.191667,0.208333,0.100000,1.514332,0.684316,1.573586,2.832190,1.159051,2.998324
-0.191667,0.225000,0.100000,2.332806,0.979576,2.341548,1.868477,0.731115,1.900744
-0.191667,0.241667,0.100000,2.774914,1.103305,2.692780,0.089286,0.007915,0.093355
-0.191667,0.258333,0.100000,1.751178,0.663360,1.634295,-1.890888,-0.738500,-1.779432
-0.175000,-0.258333,0.100000,-0.612123,0.077114,-0.890817,0.523188,-0.417077,-0.018919
-0.175000,-0.241667,0.100000,-0.688404,0.390997,-0.393610,-0.256324,-0.214981,-0.903756
-0.175000,-0.225000,0.100000,-0.200548,0.463982,0.549807,-0.604627,0.074414,-0.939629
-0.175000,-0.208333,0.100000,0.210228,0.417287,1.138517,-0.467780,0.265509,-0.381324
-0.175000,-0.191667,0.100000,0.344159,0.403412,1.310807,-0.171058,0.328015,0.193437
-0.175000,-0.175000,0.100000,0.341153,0.490751,1.387076,0.106645,0.244191,0.485756
-0.175000,-0.158333,0.100000,0.456433,0.582156,1.614707,0.323435,-0.085520,0.344820
-0.175000,-0.141667,0.100000,0.906750,0.252195,1.823334,0.188322,-0.612131,-0.524511
-0.175000,-0.125000,0.100000,0.990886,-0.706772,0.827503,-0.981114,-0.374964,-2.088790
-0.175000,-0.108333,0.100000,-1.287967,-0.146954,-2.345059,-1.441510,1.014690,-1.417794
-0.175000,-0.091667,0.100000,-0.831980,1.045453,-0.513583,2.368821,-0.826605,3.368171
-0.175000,-0.075000,0.100000,2.235730,-1.524815,2.766484,-2.132173,0.715838,-3.227133
-0.175000,-0.058333,0.100000,-2.162741,1.394484,-2.924453,2.915406,-1.452010,4.348426
-0.175000,-0.041667,0.100000,-0.898610,0.580990,-1.517454,-4.001482,2.157031,-6.123598
-0.175000,-0.025000,0.100000,4.360568,-2.052483,7.109025,-1.061885,0.961279,-1.893745
-0.175000,-0.008333,0.100000,4.081933,-2.026702,7.192933,2.512411,-0.396931,4.080071
-0.175000,0.008333,0.100000,4.260436,-1.645123,7.825170,2.671107,-0.022346,4.322673
-0.175000,0.025000,0.100000,5.080775,-0.534168,8.906176,-1.126616,0.962064,-2.659496
-0.175000,0.041667,0.100000,-1.049164,0.660500,-2.566523,-5.217433,-0.113184,-8.952342
-0.175000,0.058333,0.100000,-3.253181,-0.748078,-4.866074,4.280149,0.220387,7.600193
-0.175000,0.075000,0.100000,3.845258,1.006754,5.651290,-3.733904,-0.611483,-6.345538
-0.175000,0.091667,0.100000,-1.581751,-0.556173,-1.895691,5.026887,1.411556,7.581861
-0.175000,0.108333,0.100000,-3.589651,-1.209578,-5.181656,-3.636818,-1.231524,-4.794098
-0.175000,0.125000,0.100000,3.326907,1.192562,4.134604,-3.585069,-1.361364,-4.745562
-0.175000,0.141667,0.100000,4.507114,1.763782,5.442820,1.050309,0.334733,1.157331
-0.175000,0.158333,0.100000,2.837850,1.177268,3.242332,3.280492,1.245463,3.669361
-0.175000,0.175000,0.100000,1.790030,0.764469,1.927556,3.617102,1.397716,3.846001
-0.175000,0.191667,0.100000,1.912781,0.787159,1.947139,3.208324,1.222883,3.242691
-0.175000,0.208333,0.100000,2.717548,1.054999,2.638938,2.118128,0.779878,2.037030
-0.175000,0.225000,0.100000,3.171232,1.174880,2.948174,0.101915,0.019727,0.066956
-0.175000,0.241667,0.100000,1.978604,0.706925,1.741831,-2.148665,-0.774421,-1.957270
-0.175000,0.258333,0.100000,-0.838678,-0.285004,-0.788830,-2.557056,-0.890181,-2.202193
-0.158333,-0.258333,0.100000,0.402787,-0.327813,-0.068502,0.901858,-0.228397,0.892105
-0.158333,-0.241667,0.100000,-0.704296,0.052100,-0.989922,0.620364,-0.409937,0.149345
-0.158333,-0.225000,0.100000,-0.802496,0.359986,-0.599470,-0.320082,-0.233180,-0.944553
-0.158333,-0.208333,0.100000,-0.194959,0.446983,0.458544,-0.736509,0.020412,-1.160224
-0.158333,-0.191667,0.100000,0.323859,0.436368,1.223634,-0.554344,0.174948,-0.656651
-0.158333,-0.175000,0.100000,0.524598,0.462394,1.543633,-0.182936,0.189910,-0.094949
-0.158333,-0.158333,0.100000,0.615455,0.544419,1.729579,0.132240,0.012554,0.108389
-0.158333,-0.141667,0.100000,0.914376,0.450276,1.946255,0.211347,-0.429459,-0.325009
-0.158333,-0.125000,0.100000,1.324457,-0.308744,1.603522,-0.543555,-0.697006,-1.663556
-0.158333,-0.108333,0.100000,-0.047910,-0.860166,-0.973249,-2.056367,0.496854,-2.628235
-0.158333,-0.091667,0.100000,-2.687213,1.185936,-3.123432,0.682257,0.583794,1.587982
-0.158333,-0.075000,0.100000,3.149358,-1.076606,4.183599,1.593432,-1.338457,1.489670
-0.158333,-0.058333,0.100000,-3.734457,1.603484,-5.047131,-2.073536,1.371348,-2.407575
-0.158333,-0.041667,0.100000,4.859622,-2.358133,6.718161,-0.914607,0.416615,-1.473583
-0.158333,-0.025000,0.100000,0.484796,-0.606343,0.919042,5.491887,-2.387442,8.114150
-0.158333,-0.008333,0.100000,-4.117070,0.936554,-6.166045,4.313383,-2.042017,6.952138
-0.158333,0.008333,0.100000,-4.384017,0.408410,-6.626443,4.519511,-1.709948,7.624881
-0.158333,0.025000,0.100000,0.440770,-0.912834,1.442210,6.504962,-0.657638,10.390644
-0.158333,0.041667,0.100000,6.546068,0.216688,10.133243,-1.074360,0.665441,-2.486680
-0.158333,0.058333,0.100000,-5.747224,-0.490023,-9.009171,-3.314945,-0.815634,-4.311944
-0.158333,0.075000,0.100000,5.808331,1.117730,8.513914,2.968724,0.852370,3.639191
-0.158333,0.091667,0.100000,-6.107744,-1.704802,-7.974575,1.572792,0.340937,2.540519
-0.158333,0.108333,0.100000,-0.079502,-0.024408,-0.418988,-6.003900,-1.906699,-7.415025
-0.158333,0.125000,0.100000,5.360320,1.824954,6.120959,-1.752991,-0.643318,-2.216165
-0.158333,0.141667,0.100000,4.664180,1.684891,5.100284,2.385832,0.798250,2.467816
-0.158333,0.158333,0.100000,3.220384,1.194765,3.341702,3.594553,1.257709,3.607829
-0.158333,0.175000,0.100000,2.956438,1.081333,2.902644,3.285997,1.147889,3.131668
-0.158333,0.191667,0.100000,3.515962,1.240187,3.270147,1.978720,0.676046,1.768589
-0.158333,0.208333,0.100000,3.660266,1.248081,3.228240,-0.352142,-0.122913,-0.383631
-0.158333,0.225000,0.100000,1.943953,0.652112,1.584263,-2.730869,-0.896731,-2.378517
-0.158333,0.241667,0.100000,-1.344384,-0.409788,-1.205283,-2.749133,-0.889417,-2.220953
-0.158333,0.258333,0.100000,-2.769798,-0.860610,-2.201115,0.413817,0.096878,0.455908
-0.141667,-0.258333,0.100000,1.042344,-0.253369,0.856494,-0.587470,0.296761,-0.215902
-0.141667,-0.241667,0.100000,0.678533,-0.355717,0.265479,0.959784,-0.168545,0.963958
-0.141667,-0.225000,0.100000,-0.722534,-0.014455,-1.009852,0.871275,-0.395398,0.512281
-0.141667,-0.208333,0.100000,-1.027378,0.287009,-0.981644,-0.269405,-0.275919,-0.822925
-0.141667,-0.191667,0.100000,-0.337079,0.395445,0.091887,-0.908405,-0.086121,-1.442813
-0.141667,-0.175000,0.100000,0.374545,0.422217,1.096150,-0.793512,0.001446,-1.204003
-0.141667,-0.158333,0.100000,0.762152,0.457174,1.647939,-0.413829,-0.070231,-0.807032
-0.141667,-0.141667,0.100000,1.048026,0.412887,1.903027,-0.192445,-0.355703,-0.850020
-0.141667,-0.125000,0.100000,1.397360,-0.082267,1.715075,-0.614462,-0.691099,-1.702258
-0.141667,-0.108333,0.100000,0.662949,-0.941577,-0.123258,-2.113045,-0.030690,-2.897302
-0.141667,-0.091667,0.100000,-2.846395,0.391260,-3.586200,-1.171648,1.235409,-0.488626
-0.141667,-0.075000,0.100000,0.761006,0.612131,1.565730,3.983942,-1.626496,4.367699
-0.141667,-0.058333,0.100000,0.425658,-0.807465,0.020848,-5.052574,2.045517,-5.965193
-0.141667,-0.041667,0.100000,2.471378,-0.861699,3.345248,5.506269,-2.409292,6.724763
-0.141667,-0.025000,0.100000,-6.748729,2.550647,-8.879094,1.317845,-0.800714,2.001304
-0.141667,-0.008333,0.100000,-5.647282,2.220913,-8.117335,-5.004013,1.012069,-6.665734
-0.141667,0.008333,0.100000,-5.959209,1.827259,-8.934355,-5.370985,0.396064,-7.217852
-0.141667,0.025000,0.100000,-8.181115,0.523206,-11.560131,1.410091,-1.008514,2.817038
-0.141667,0.041667,0.100000,3.212589,-0.555608,5.290830,7.743014,0.519622,10.457290
-0.141667,0.058333,0.100000,0.934544,0.581317,0.439641,-8.220070,-1.012676,-11.038704
-0.141667,0.075000,0.100000,1.249767,0.014170,2.216853,7.892657,1.657496,9.802032
-0.141667,0.091667,0.100000,-6.844667,-1.729131,-8.242239,-3.233876,-0.923000,-3.359788
-0.141667,0.108333,0.100000,2.844019,0.845831,2.812282,-6.454464,-1.885103,-7.211544
-0.141667,0.125000,0.100000,6.400923,1.995345,6.532336,-1.039100,-0.343022,-1.291335
-0.141667,0.141667,0.100000,5.537228,1.782054,5.401157,2.047362,0.635223,1.822567
-0.141667,0.158333,0.100000,4.802152,1.546662,4.443814,2.334811,0.739589,2.012882
-0.141667,0.175000,0.100000,4.725852,1.495780,4.133790,0.908637,0.292622,0.667419
-0.141667,0.191667,0.100000,4.015131,1.249823,3.296254,-1.627584,-0.483965,-1.478053
-0.141667,0.208333,0.100000,1.301709,0.423596,0.907679,-3.680335,-1.093369,-3.002302
-0.141667,0.225000,0.100000,-2.378748,-0.657181,-1.966948,-2.602316,-0.786374,-1.911183
-0.141667,0.241667,0.100000,-2.870780,-0.828245,-2.085556,1.402461,0.345381,1.218738
-0.141667,0.258333,0.100000,0.986994,0.212139,0.908392,2.734575,0.759652,1.940835
-0.125000,-0.258333,0.100000,-1.215707,0.368365,-0.713570,-0.752789,0.162912,-0.470962
-0.125000,-0.241667,0.100000,0.867960,-0.150486,0.675151,-1.154725,0.371143,-0.706581
-0.125000,-0.225000,0.100000,1.203896,-0.386223,0.801213,0.793590,-0.060697,0.784469
-0.125000,-0.208333,0.100000,-0.489066,-0.115124,-0.722918,1.330273,-0.355459,1.066547
-0.125000,-0.191667,0.100000,-1.366894,0.165575,-1.450837,0.084857,-0.308997,-0.289944
-0.125000,-0.175000,0.100000,-0.813912,0.264336,-0.741377,-1.026269,-0.198926,-1.524415
-0.125000,-0.158333,0.100000,0.111701,0.269416,0.346081,-1.278250,-0.204613,-1.906754
-0.125000,-0.141667,0.100000,0.771312,0.197060,1.023283,-1.160326,-0.361035,-1.968159
-0.125000,-0.125000,0.100000,1.103366,-0.153826,0.984586,-1.383725,-0.558699,-2.370095
-0.125000,-0.108333,0.100000,0.451312,-0.845505,-0.448229,-2.427879,-0.132321,-3.015846
-0.125000,-0.091667,0.100000,-2.840244,-0.124075,-3.566970,-1.992147,1.240643,-1.232682
-0.125000,-0.075000,0.100000,-1.555720,1.491751,-0.731997,4.441179,-0.896484,4.803135
-0.125000,-0.058333,0.100000,4.651739,-2.175577,4.419478,-3.915624,0.664884,-4.571563
-0.125000,-0.041667,0.100000,-4.057769,1.828395,-4.096795,6.262731,-2.010517,7.105772
-0.125000,-0.025000,0.100000,-5.055173,1.784757,-6.176888,-7.096973,2.268863,-8.075387
-0.125000,-0.008333,0.100000,3.569593,-0.327560,3.943950,-9.039460,2.615658,-11.245493
-0.125000,0.008333,0.100000,3.916557,0.219624,4.282161,-9.640918,1.954838,-12.389899
-0.125000,0.025000,0.100000,-5.992705,1.126085,-8.270276,-8.916276,-0.001007,-10.700956
-0.125000,0.041667,0.100000,-6.195760,-0.868650,-6.797586,8.762377,-0.040421,11.257942
-0.125000,0.058333,0.100000,8.313383,1.356570,9.175807,-6.259856,-0.429981,-7.981739
-0.125000,0.075000,0.100000,-3.983911,-1.004293,-3.747096,8.988917,1.633367,10.145433
-0.125000,0.091667,0.100000,-6.648009,-1.495179,-7.179084,-6.198902,-1.557001,-5.999717
-0.125000,0.108333,0.100000,3.551155,0.983588,3.084131,-7.459574,-1.946012,-7.334127
-0.125000,0.125000,0.100000,6.785743,1.895360,6.019949,-2.997556,-0.804450,-2.961397
-0.125000,0.141667,0.100000,6.500718,1.838929,5.507906,-1.197158,-0.305625,-1.245514
-0.125000,0.158333,0.100000,5.498197,1.556698,4.389827,-2.048445,-0.532454,-1.858116
-0.125000,0.175000,0.100000,3.314337,0.955748,2.413546,-4.013006,-1.065832,-3.249728
-0.125000,0.191667,0.100000,-0.610513,-0.093878,-0.672711,-4.584445,-1.234195,-3.398185
-0.125000,0.208333,0.100000,-3.860441,-0.970474,-2.872178,-1.450697,-0.448374,-0.831434
-0.125000,0.225000,0.100000,-2.179776,-0.611396,-1.330480,2.982911,0.694973,2.238239
-0.125000,0.241667,0.100000,2.517487,0.549442,1.888811,2.175800,0.588693,1.289792
-0.125000,0.258333,0.100000,1.775478,0.481927,0.964608,-2.435561,-0.514280,-1.781280
-0.108333,-0.258333,0.100000,0.636960,-0.140888,0.469432,1.557549,-0.411160,0.663144
-0.108333,-0.241667,0.100000,-1.729354,0.432411,-0.905604,0.203002,-0.058039,0.223960
-0.108333,-0.225000,0.100000,0.024376,0.044910,-0.024425,-1.790275,0.424962,-1.080312
-0.108333,-0.208333,0.100000,1.825761,-0.387705,1.259098,-0.029112,0.111437,0.023926
-0.108333,-0.191667,0.100000,0.413703,-0.233381,0.214105,1.797913,-0.273482,1.456647
-0.108333,-0.175000,0.100000,-1.486430,0.029076,-1.467665,1.103077,-0.290749,0.900539
-0.108333,-0.158333,0.100000,-1.787719,0.074575,-1.896561,-0.543088,-0.198528,-0.666968
-0.108333,-0.141667,0.100000,-1.117143,-0.050552,-1.449503,-1.617606,-0.201599,-1.841034
-0.108333,-0.125000,0.100000,-0.625867,-0.330791,-1.259260,-2.186328,-0.210719,-2.431920
-0.108333,-0.108333,0.100000,-1.260892,-0.689013,-2.172622,-2.655594,0.200195,-2.415633
-0.108333,-0.091667,0.100000,-3.815223,0.004130,-3.980899,-1.324983,1.163262,-0.195147
-0.108333,-0.075000,0.100000,-2.102092,1.622858,-0.892414,5.140966,-0.566499,5.035430
-0.108333,-0.058333,0.100000,6.910049,-2.295485,5.979227,-2.607985,-0.399551,-3.175028
-0.108333,-0.041667,0.100000,-8.525248,2.823100,-7.878011,3.846859,-0.442051,4.208966
-0.108333,-0.025000,0.100000,1.330920,-0.473293,0.886951,-11.137729,3.046197,-11.301806
-0.108333,-0.008333,0.100000,11.877287,-2.380261,12.392975,-4.599702,1.489797,-5.383440
-0.108333,0.008333,0.100000,12.864300,-1.376850,13.712837,-4.796830,1.485563,-5.942463
-0.108333,0.025000,0.100000,2.191824,0.857245,1.410036,-13.935109,0.667318,-15.253800
-0.108333,0.041667,0.100000,-12.985620,-0.930886,-13.309976,4.910052,-0.456250,6.121011
-0.108333,0.058333,0.100000,12.706729,1.698735,12.507769,-3.438361,0.058407,-4.322472
-0.108333,0.075000,0.100000,-6.267561,-1.358475,-5.301409,10.358357,1.671717,10.160476
-0.108333,0.091667,0.100000,-8.989337,-1.794983,-8.277091,-6.127058,-1.437297,-4.972478
-0.108333,0.108333,0.100000,0.019167,0.127152,-0.412720,-9.618339,-2.216203,-8.005934
-0.108333,0.125000,0.100000,3.449851,0.923296,2.385852,-7.682020,-1.793825,-6.179028
-0.108333,0.141667,0.100000,2.672725,0.745011,1.695910,-6.836381,-1.605310,-5.216129
-0.108333,0.158333,0.100000,-0.467447,0.004966,-0.641748,-6.379523,-1.522921,-4.527374
-0.108333,0.175000,0.100000,-4.213114,-0.894670,-3.095273,-3.674091,-0.942512,-2.285741
-0.108333,0.191667,0.100000,-4.617892,-1.077564,-2.954474,1.666621,0.255372,1.406098
-0.108333,0.208333,0.100000,0.343208,-0.051239,0.548551,4.325062,0.945329,2.758545
-0.108333,0.225000,0.100000,3.860456,0.806633,2.413981,-0.063796,0.110299,-0.376215
-0.108333,0.241667,0.100000,-0.444599,0.029242,-0.610589,-3.432091,-0.704705,-2.054492
-0.108333,0.258333,0.100000,-2.887918,-0.603038,-1.593462,1.192233,0.125358,1.030326
-0.091667,-0.258333,0.100000,-0.440033,0.003972,-0.521035,-1.895649,0.475154,-0.561420
-0.091667,-0.241667,0.100000,2.010729,-0.452824,0.857876,0.427435,-0.186141,-0.167573
-0.091667,-0.225000,0.100000,-1.073487,0.298438,-0.225644,1.882823,-0.394879,0.987615
-0.091667,-0.208333,0.100000,-1.774298,0.359161,-1.055610,-1.429558,0.327231,-0.548532
-0.091667,-0.191667,0.100000,1.475861,-0.270116,0.727586,-1.876157,0.365596,-1.208668
-0.091667,-0.175000,0.100000,2.238641,-0.372090,1.563943,1.100062,-0.117709,0.622435
-0.091667,-0.158333,0.100000,-0.047119,-0.077088,0.099893,2.613150,-0.267912,2.010721
-0.091667,-0.141667,0.100000,-2.152483,0.055256,-1.693935,1.772248,-0.088964,1.709949
-0.091667,-0.125000,0.100000,-3.082811,-0.031876,-2.723665,0.477917,0.169041,0.925172
-0.091667,-0.108333,0.100000,-3.773922,-0.029914,-3.302087,0.191883,0.544544,1.022785
-0.091667,-0.091667,0.100000,-4.294481,0.728469,-2.964384,2.466653,0.751735,3.032582
-0.091667,-0.075000,0.100000,0.901880,1.251093,1.935324,6.687205,-1.105139,5.052724
-0.091667,-0.058333,0.100000,7.650019,-2.345649,5.357608,-4.981946,-0.225494,-4.792747
-0.091667,-0.041667,0.100000,-11.011152,2.958941,-8.599741,4.480943,0.028378,4.378540
-0.091667,-0.025000,0.100000,4.875132,-1.496066,3.586681,-13.811039,2.857512,-12.000716
-0.091667,-0.008333,0.100000,16.915966,-2.873577,15.109891,-0.869087,0.454334,-1.418425
-0.091667,0.008333,0.100000,18.349794,-1.795875,16.795114,-0.621282,0.882583,-1.422361
-0.091667,0.025000,0.100000,7.171149,0.730974,5.578310,-17.284062,0.700947,-16.175640
-0.091667,0.041667,0.100000,-17.307250,-1.158911,-15.018028,5.144043,-0.479882,5.585431
-0.091667,0.058333,0.100000,15.224959,1.942961,12.454804,-6.742258,-0.245686,-6.558606
-0.091667,0.075000,0.100000,-1.867239,-0.668265,-0.713715,14.719553,2.218737,11.808969
-0.091667,0.091667,0.100000,-12.841255,-2.336694,-9.549119,1.372026,-0.033185,1.648905
-0.091667,0.108333,0.100000,-9.303638,-1.668405,-6.859997,-6.027964,-1.359615,-3.822296
-0.091667,0.125000,0.100000,-7.197314,-1.283567,-5.131936,-6.137956,-1.377186,-3.764932
-0.091667,0.141667,0.100000,-7.497684,-1.399620,-4.972039,-2.986537,-0.780287,-1.507623
-0.091667,0.158333,0.100000,-6.542572,-1.326226,-3.898314,2.235368,0.240716,1.786576
-0.091667,0.175000,0.100000,-1.276033,-0.427867,-0.342940,5.824837,1.047412,3.568483
-0.091667,0.191667,0.100000,4.562887,0.735269,2.849167,2.463486,0.606961,1.050799
-0.091667,0.208333,0.100000,2.383926,0.562525,0.981725,-3.875259,-0.581804,-2.413382
-0.091667,0.225000,0.100000,-3.678774,-0.548762,-2.202273,-1.641697,-0.423336,-0.516587
-0.091667,0.241667,0.100000,-0.460208,-0.224278,0.169284,3.568919,0.555649,1.978098
-0.091667,0.258333,0.100000,3.096916,0.522701,1.511788,-0.956681,-0.014968,-0.900279
-0.075000,-0.258333,0.100000,1.177816,-0.107561,0.727807,1.867139,-0.500684,0.108668
-0.075000,-0.241667,0.100000,-2.372803,0.509674,-0.622654,-0.051794,0.189163,0.535869
-0.075000,-0.225000,0.100000,1.202155,-0.410135,-0.108018,-2.255377,0.397577,-0.930451
-0.075000,-0.208333,0.100000,1.877583,-0.265295,1.029998,2.017256,-0.527667,0.360411
-0.075000,-0.191667,0.100000,-2.491937,0.564127,-0.748265,1.625477,-0.190909,1.058801
-0.075000,-0.175000,0.100000,-1.803208,0.211334,-1.212602,-2.665231,0.537234,-0.989862
-0.075000,-0.158333,0.100000,2.347136,-0.425844,0.921725,-2.590296,0.308421,-1.674251
-0.075000,-0.141667,0.100000,3.738109,-0.382179,2.347514,0.876506,-0.215775,0.052185
-0.075000,-0.125000,0.100000,2.439853,0.015842,2.108118,3.571867,-0.372444,1.979547
-0.075000,-0.108333,0.100000,1.340082,0.403901,1.754876,4.928147,-0.340021,3.108521
-0.075000,-0.091667,0.100000,2.853648,0.659948,2.962364,5.753854,-0.712932,3.319624
-0.075000,-0.075000,0.100000,8.290602,-0.471130,5.690270,1.991168,-1.543606,-0.043964
-0.075000,-0.058333,0.100000,1.119986,-1.835447,-0.598224,-11.488801,1.470664,-7.533034
-0.075000,-0.041667,0.100000,-8.030199,2.662041,-4.429622,13.041921,-1.379357,9.233527
-0.075000,-0.025000,0.100000,-1.887246,-0.598783,-2.117114,-19.220200,3.205107,-13.357096
-0.075000,-0.008333,0.100000,21.068849,-2.669326,15.120519,-8.465820,1.033078,-6.877236
-0.075000,0.008333,0.100000,23.131222,-1.373181,16.969865,-8.622560,1.202599,-7.289473
-0.075000,0.025000,0.100000,-0.448724,0.912185,-1.409729,-24.849274,0.120671,-18.440016
-0.075000,0.041667,0.100000,-15.074784,-1.435421,-10.015372,17.882863,0.386945,13.592418
-0.075000,0.058333,0.100000,7.004332,1.317518,3.873917,-19.664386,-1.677349,-13.842224
-0.075000,0.075000,0.100000,14.633554,1.548351,10.005588,10.405338,1.754613,6.074537
-0.075000,0.091667,0.100000,-1.533525,-0.658865,-0.221557,15.031784,2.123114,9.322709
-0.075000,0.108333,0.100000,-6.011177,-1.252007,-2.947909,11.063169,1.498281,6.780036
-0.075000,0.125000,0.100000,-3.617002,-0.882149,-1.459875,9.838712,1.390483,5.714756
-0.075000,0.141667,0.100000,2.058140,0.001231,1.670427,8.527122,1.364468,4.462843
-0.075000,0.158333,0.100000,6.873841,0.901065,3.800258,2.754269,0.675943,0.918233
-0.075000,0.175000,0.100000,4.069679,0.780683,1.649936,-4.832973,-0.512758,-2.811106
-0.075000,0.191667,0.100000,-3.909338,-0.363322,-2.314745,-3.800970,-0.691670,-1.502915
-0.075000,0.208333,0.100000,-2.831313,-0.547275,-0.955658,3.825275,0.369880,2.169074
-0.075000,0.225000,0.100000,3.971267,0.435348,2.054906,1.364202,0.359697,0.169666
-0.075000,0.241667,0.100000,-0.449468,0.123696,-0.697043,-3.715304,-0.472100,-1.674885
-0.075000,0.258333,0.100000,-2.586286,-0.406455,-0.880711,2.154709,0.127627,1.350416
-0.058333,-0.258333,0.100000,-2.424343,0.436370,-0.353508,-0.377490,0.311345,0.662147
-0.058333,-0.241667,0.100000,2.033684,-0.566659,-0.205084,-1.740592,0.143733,-0.784522
-0.058333,-0.225000,0.100000,0.307394,0.216106,0.793537,2.917419,-0.597704,0.408122
-0.058333,-0.208333,0.100000,-3.007470,0.470603,-0.891028,-1.178617,0.500555,0.465838
-0.058333,-0.191667,0.100000,2.314747,-0.667592,-0.016690,-2.724523,0.309101,-1.164509
-0.058333,-0.175000,0.100000,2.601329,-0.219705,1.338656,3.012405,-0.744634,0.368416
-0.058333,-0.158333,0.100000,-3.203418,0.755913,-0.536613,3.109561,-0.269862,1.612450
-0.058333,-0.141667,0.100000,-4.480941,0.477051,-2.114948,-2.356273,0.655214,-0.191015
-0.058333,-0.125000,0.100000,-0.866891,-0.317123,-1.261668,-5.778859,0.748674,-2.376042
-0.058333,-0.108333,0.100000,2.658014,-0.791311,0.280835,-6.413355,0.377360,-3.423621
-0.058333,-0.091667,0.100000,3.584056,-1.105345,0.599362,-7.817841,0.246630,-4.374735
-0.058333,-0.075000,0.100000,-2.027338,-1.167127,-2.473279,-10.974444,1.169511,-5.194044
-0.058333,-0.058333,0.100000,-14.920677,1.594210,-7.446673,0.685347,1.716500,1.874574
-0.058333,-0.041667,0.100000,15.715962,-0.649731,8.983128,12.250024,-2.881488,5.319796
-0.058333,-0.025000,0.100000,-24.939173,2.452307,-13.775264,-5.250707,1.936711,-1.871820
-0.058333,-0.008333,0.100000,1.008161,-0.564165,-0.255788,-30.271605,2.506654,-17.187519
-0.058333,0.008333,0.100000,2.288840,0.289736,0.437997,-32.792487,1.382487,-19.023847
-0.058333,0.025000,0.100000,-30.852857,0.112275,-18.039118,-10.325273,-0.861946,-4.955425
-0.058333,0.041667,0.100000,19.045524,0.154161,11.432892,22.827496,1.659800,12.030501
-0.058333,0.058333,0.100000,-24.492700,-1.624780,-13.350965,-7.440007,-1.394545,-2.995327
-0.058333,0.075000,0.100000,6.612391,1.341486,2.480682,-20.174622,-1.695866,-10.531056
-0.058333,0.091667,0.100000,15.450253,1.915581,7.112132,-7.755150,-0.239042,-4.513268
-0.058333,0.108333,0.100000,13.253130,1.618889,5.916188,-4.563576,0.038073,-2.868647
-0.058333,0.125000,0.100000,8.529626,1.243999,3.346629,-7.598331,-0.447221,-3.979835
-0.058333,0.141667,0.100000,0.185382,0.452508,-0.632203,-9.406628,-0.971816,-4.138829
-0.058333,0.158333,0.100000,-7.165030,-0.561696,-3.352875,-3.213653,-0.668899,-0.753208
-0.058333,0.175000,0.100000,-3.433449,-0.615033,-0.882041,5.692601,0.372708,2.734339
-0.058333,0.191667,0.100000,5.177852,0.350716,2.406081,2.400343,0.486388,0.422217
-0.058333,0.208333,0.100000,0.673627,0.315390,-0.321086,-4.918690,-0.396343,-2.083631
-0.058333,0.225000,0.100000,-4.150509,-0.421112,-1.483725,1.371341,-0.101341,1.093727
-0.058333,0.241667,0.100000,3.062028,0.123465,1.545436,2.400661,0.353624,0.518027
-0.058333,0.258333,0.100000,-0.114440,0.170427,-0.563811,-3.495416,-0.279281,-1.341873
-0.041667,-0.258333,0.100000,0.870942,-0.427359,-0.792863,-2.524704,0.333821,-0.250409
-0.041667,-0.241667,0.100000,1.237834,0.085879,0.816759,2.675992,-0.598483,-0.324649
-0.041667,-0.225000,0.100000,-3.153054,0.445264,-0.387152,-0.892774,0.507907,0.852042
-0.041667,-0.208333,0.100000,2.806708,-0.749343,-0.426648,-2.363771,0.095248,-0.913560
-0.041667,-0.191667,0.100000,0.992177,0.273270,1.093717,4.022679,-0.799019,0.167067
-0.041667,-0.175000,0.100000,-4.716200,0.766195,-0.694750,-0.241115,0.547829,1.035892
-0.041667,-0.158333,0.100000,0.773656,-0.684290,-0.975354,-5.386223,0.790759,-1.082700
-0.041667,-0.141667,0.100000,6.352732,-0.973616,1.312422,-0.085303,-0.618411,-1.192471
-0.041667,-0.125000,0.100000,3.465807,0.160207,1.963794,6.699416,-1.255223,1.083499
-0.041667,-0.108333,0.100000,-2.194770,1.093720,0.688169,8.886903,-0.867776,2.841257
-0.041667,-0.091667,0.100000,-5.163064,1.491565,-0.290315,10.196517,-0.559131,3.874524
-0.041667,-0.075000,0.100000,-0.926817,1.503010,1.324201,14.709058,-1.211059,5.058579
-0.041667,-0.058333,0.100000,17.803696,-0.690919,6.998097,7.960477,-2.311243,1.276302
-0.041667,-0.041667,0.100000,-5.856019,-1.550892,-3.657988,-25.193749,2.368372,-8.999325
-0.041667,-0.025000,0.100000,16.136438,0.484353,7.286876,28.915866,-2.741262,10.664488
-0.041667,-0.008333,0.100000,-32.915714,1.972079,-12.806766,21.582393,-0.200676,9.406995
-0.041667,0.008333,0.100000,-36.524275,0.555745,-14.580719,21.393311,-0.433154,9.417775
-0.041667,0.025000,0.100000,14.087972,-0.570112,6.516492,38.493837,0.765134,15.345752
-0.041667,0.041667,0.100000,1.994072,1.157740,-0.154106,-36.240221,-1.276301,-14.372258
-0.041667,0.058333,0.100000,19.917997,0.228754,8.324500,22.662204,1.926503,7.984688
-0.041667,0.075000,0.100000,-14.667784,-1.694162,-4.612486,19.253386,0.575796,7.661042
-0.041667,0.091667,0.100000,-17.947187,-1.450955,-6.060850,6.713724,-0.383661,3.276085
-0.041667,0.108333,0.100000,-13.715982,-1.181410,-4.382127,6.552672,-0.256733,3.099799
-0.041667,0.125000,0.100000,-6.062964,-0.909062,-1.323714,10.578169,0.321106,4.053642
-0.041667,0.141667,0.100000,4.723236,-0.203670,2.324780,8.737378,0.745891,2.566514
-0.041667,0.158333,0.100000,7.932989,0.538864,2.456294,-2.191541,0.322433,-1.488936
-0.041667,0.175000,0.100000,-2.102165,0.266148,-1.404403,-6.609482,-0.443852,-1.981094
-0.041667,0.191667,0.100000,-5.028600,-0.410893,-1.296537,3.158193,-0.135535,1.635955
-0.041667,0.208333,0.100000,4.309113,0.031475,1.778804,2.834103,0.365123,0.385291
-0.041667,0.225000,0.100000,0.040166,0.251497,-0.604340,-4.537315,-0.188065,-1.488298
-0.041667,0.241667,0.100000,-3.128199,-0.263655,-0.646341,2.552550,-0.066351,1.278387
-0.041667,0.258333,0.100000,3.613103,0.122374,1.211879,0.334119,0.203573,-0.438995
-0.025000,-0.258333,0.100000,2.845627,-0.423282,-0.356627,-0.131085,-0.320446,-0.910070
-0.025000,-0.241667,0.100000,-2.333679,0.601566,0.886909,2.150488,-0.028605,0.532911
-0.025000,-0.225000,0.100000,0.136091,-0.461750,-1.075235,-3.562634,0.508443,0.214930
-0.025000,-0.208333,0.100000,3.055894,-0.122850,0.596495,2.648198,-0.777740,-0.998918
-0.025000,-0.191667,0.100000,-4.415421,0.838903,0.495174,1.412767,0.344989,1.133507
-0.025000,-0.175000,0.100000,0.434002,-0.737285,-1.317060,-5.362566,0.746570,-0.093875
-0.025000,-0.158333,0.100000,6.086709,-0.683195,0.537522,1.741544,-1.007328,-1.316757
-0.025000,-0.141667,0.100000,-1.781131,1.134125,1.372241,7.356263,-0.842675,0.745814
-0.025000,-0.125000,0.100000,-9.164573,1.358566,-0.599152,0.952752,0.912320,1.675524
-0.025000,-0.108333,0.100000,-8.410904,0.230135,-2.117593,-7.767459,1.869982,0.355228
-0.025000,-0.091667,0.100000,-6.490919,-0.555256,-2.541382,-13.018932,2.074742,-1.102197
-0.025000,-0.075000,0.100000,-12.530250,-0.096051,-3.559277,-14.136347,2.411104,-1.243920
-0.025000,-0.058333,0.100000,-24.300816,2.167933,-4.431779,5.385982,1.503818,2.834136
-0.025000,-0.041667,0.100000,21.506949,0.457126,5.883041,24.572057,-2.650187,4.290927
-0.025000,-0.025000,0.100000,-31.639591,-0.182217,-8.082340,-26.525752,2.291353,-5.226817
-0.025000,-0.008333,0.100000,31.403886,-1.267662,6.966550,-36.823693,-0.248966,-9.291046
-0.025000,0.008333,0.100000,35.612867,0.106304,8.256856,-36.610125,-0.220103,-9.178659
-0.025000,0.025000,0.100000,-30.051194,0.080967,-7.577836,-37.716438,-1.183750,-8.677798
-0.025000,0.041667,0.100000,15.199064,-0.768116,4.197319,38.580651,1.461198,8.756305
-0.025000,0.058333,0.100000,-32.235934,-0.546501,-7.620134,-9.080307,-1.539936,-1.253912
-0.025000,0.075000,0.100000,-2.272991,1.161208,-1.465212,-26.112923,-0.790188,-5.848287
-0.025000,0.091667,0.100000,6.191503,1.138769,0.475136,-19.398743,-0.105155,-4.717167
-0.025000,0.108333,0.100000,0.970638,0.894699,-0.742801,-15.912782,-0.215488,-3.727876
-0.025000,0.125000,0.100000,-8.105858,0.462418,-2.617929,-9.750952,-0.584270,-1.692031
-0.025000,0.141667,0.100000,-9.890002,-0.244336,-2.123594,2.801565,-0.559175,1.519650
-0.025000,0.158333,0.100000,1.474564,-0.489206,1.177304,8.367416,0.127855,1.892292
-0.025000,0.175000,0.100000,6.778671,0.151609,1.427129,-2.284028,0.395380,-1.302485
-0.025000,0.191667,0.100000,-3.844268,0.275745,-1.529309,-4.766702,-0.228325,-0.736235
-0.025000,0.208333,0.100000,-1.940247,-0.283570,0.143547,4.954454,-0.113078,1.500786
-0.025000,0.225000,0.100000,4.499901,0.068183,0.968692,-1.299643,0.253376,-0.942941
-0.025000,0.241667,0.100000,-3.612926,0.118360,-1.221924,-2.082685,-0.193910,-0.015404
-0.025000,0.258333,0.100000,1.241995,-0.188620,0.846864,3.538276,0.060361,0.721367
-0.008333,-0.258333,0.100000,2.495311,-0.080456,0.027995,1.631667,-0.499839,-1.169947
-0.008333,-0.241667,0.100000,-3.330820,0.425345,0.735305,0.283172,0.397044,1.019104
-0.008333,-0.225000,0.100000,2.540270,-0.673603,-1.322064,-2.804993,-0.002350,-0.284051
-0.008333,-0.208333,0.100000,0.507098,0.519352,1.182309,4.301342,-0.589603,-0.851802
-0.008333,-0.191667,0.100000,-4.462367,0.234354,0.019155,-2.297070,0.893271,1.570922
-0.008333,-0.175000,0.100000,4.677325,-1.075539,-1.522700,-3.593603,-0.196830,-0.737159
-0.008333,-0.158333,0.100000,2.762620,0.540797,1.212037,6.479060,-1.185207,-1.350614
-0.008333,-0.141667,0.100000,-7.932291,1.411546,1.363386,3.223237,0.660988,1.367591
-0.008333,-0.125000,0.100000,-6.552569,-0.278179,-1.083521,-8.349475,1.843808,1.712149
-0.008333,-0.108333,0.100000,3.297518,-1.925488,-2.080373,-13.018037,1.092230,0.004653
-0.008333,-0.091667,0.100000,10.847364,-2.562599,-1.739499,-13.514038,0.234953,-1.143216
-0.008333,-0.075000,0.100000,10.479870,-2.753544,-1.645430,-20.140086,0.786086,-1.259264
-0.008333,-0.058333,0.100000,-14.782700,-0.970501,-2.228240,-25.958952,2.773446,-0.128166
-0.008333,-0.041667,0.100000,-22.382459,2.618246,-0.105582,31.550142,0.027422,2.780639
-0.008333,-0.025000,0.100000,23.792337,-1.819678,0.845738,-41.490065,-0.350413,-3.482764
-0.008333,-0.008333,0.100000,45.947166,0.902897,3.714689,29.406095,-0.559103,1.851937
-0.008333,0.008333,0.100000,44.666997,0.873794,3.363489,33.708316,0.739212,2.407256
-0.008333,0.025000,0.100000,35.118037,1.470017,2.408715,-37.597023,-0.201356,-2.751646
-0.008333,0.041667,0.100000,-36.337693,-1.346757,-2.384978,23.449780,-0.797980,1.970933
-0.008333,0.058333,0.100000,0.185843,1.482527,-0.619618,-34.336564,-0.173022,-2.606371
-0.008333,0.075000,0.100000,24.072134,0.403268,1.701832,-11.263835,1.300269,-1.701248
-0.008333,0.091667,0.100000,20.362877,-0.230267,1.873309,-2.581179,1.183526,-1.154125
-0.008333,0.108333,0.100000,14.401156,0.016011,1.197480,-7.061336,1.044396,-1.623358
-0.008333,0.125000,0.100000,3.574709,0.617670,-0.425405,-12.255292,0.643694,-1.795480
-0.008333,0.141667,0.100000,-8.374612,0.707304,-1.677851,-6.118016,-0.268603,-0.146536
-0.008333,0.158333,0.100000,-5.329927,-0.182061,-0.158741,6.745489,-0.614145,1.528242
-0.008333,0.175000,0.100000,6.503170,-0.484147,1.392553,3.227035,0.246593,-0.170838
-0.008333,0.191667,0.100000,0.344293,0.350413,-0.662442,-6.223464,0.302174,-1.099639
-0.008333,0.208333,0.100000,-4.738901,0.062411,-0.513001,2.650548,-0.391172,1.060327
-0.008333,0.225000,0.100000,4.475257,-0.294338,1.048687,1.708815,0.172381,-0.275217
-0.008333,0.241667,0.100000,-1.817863,0.286888,-0.878692,-3.867120,0.070871,-0.480061
-0.008333,0.258333,0.100000,-0.903792,-0.155605,0.364032,3.740624,-0.205253,0.853420
0.008333,-0.258333,0.100000,2.477673,0.028353,-0.125563,1.809388,-0.475314,-1.383075
0.008333,-0.241667,0.100000,-3.452330,0.312029,1.037018,0.110879,0.455881,1.104478
0.008333,-0.225000,0.100000,2.789288,-0.630163,-1.657188,-2.767222,-0.142954,-0.107902
0.008333,-0.208333,0.100000,0.287514,0.616104,1.283551,4.512842,-0.448874,-1.303505
0.008333,-0.191667,0.100000,-4.554039,0.035308,0.420626,-2.660085,0.906427,1.980904
0.008333,-0.175000,0.100000,5.141688,-1.004389,-2.199077,-3.543260,-0.420045,-0.484827
0.008333,-0.158333,0.100000,2.609624,0.785153,1.089208,7.051501,-1.056794,-2.265028
0.008333,-0.141667,0.100000,-8.687004,1.281701,2.547934,3.099605,0.958819,1.186205
0.008333,-0.125000,0.100000,-6.804491,-0.657015,-0.361056,-9.321090,1.833626,3.118481
0.008333,-0.108333,0.100000,3.935675,-2.220208,-2.880347,-14.192157,0.776822,1.961733
0.008333,-0.091667,0.100000,12.048754,-2.769534,-3.702232,-14.846889,-0.183844,0.925404
0.008333,-0.075000,0.100000,11.208373,-3.077839,-3.498449,-22.431090,0.467674,2.109168
0.008333,-0.058333,0.100000,-17.372528,-1.302996,0.440324,-27.767516,2.879539,4.229157
0.008333,-0.041667,0.100000,-21.808374,2.657027,3.296979,35.488048,0.170281,-2.841849
0.008333,-0.025000,0.100000,21.125917,-1.538590,-2.475361,-45.361081,-0.491195,3.802855
0.008333,-0.008333,0.100000,48.970602,1.114666,-4.315632,25.267467,-0.002855,-2.275463
0.008333,0.008333,0.100000,46.373109,1.062157,-4.446716,28.907758,1.306598,-2.476036
0.008333,0.025000,0.100000,30.615932,1.768749,-2.808019,-38.224471,-0.202826,3.826771
0.008333,0.041667,0.100000,-32.755370,-1.237112,3.108990,23.983119,-0.993599,-2.200350
0.008333,0.058333,0.100000,-1.179669,1.517706,-0.261792,-32.103865,0.327728,2.632590
0.008333,0.075000,0.100000,22.312625,-0.172381,-1.638861,-11.212819,1.574870,0.167691
0.008333,0.091667,0.100000,19.253066,-0.878323,-0.819671,-2.778282,1.255835,-0.611663
0.008333,0.108333,0.100000,13.725851,-0.531839,-0.508422,-6.893281,1.296463,-0.623377
0.008333,0.125000,0.100000,3.408322,0.454052,-0.721726,-11.875811,1.149284,-0.383169
0.008333,0.141667,0.100000,-8.191292,1.068622,-0.763264,-5.971980,0.012947,0.414940
0.008333,0.158333,0.100000,-5.262706,0.070270,0.290925,6.645232,-0.913694,0.848881
0.008333,0.175000,0.100000,6.452961,-0.779229,0.804733,3.220827,0.088662,-0.400786
0.008333,0.191667,0.100000,0.362727,0.326049,-0.644458,-6.220627,0.588095,-0.601446
0.008333,0.208333,0.100000,-4.771115,0.281634,-0.183321,2.648028,-0.505729,0.832491
0.008333,0.225000,0.100000,4.510954,-0.492626,0.732922,1.739938,0.090462,-0.361543
0.008333,0.241667,0.100000,-1.828041,0.362206,-0.739176,-3.922877,0.242364,-0.247407
0.008333,0.258333,0.100000,-0.930367,-0.113091,0.394395,3.796373,-0.364249,0.627719
0.025000,-0.258333,0.100000,3.093155,-0.115828,-1.081003,0.337464,-0.435389,-1.200882
0.025000,-0.241667,0.100000,-2.923068,0.429101,1.769228,1.943873,0.304285,0.238458
0.025000,-0.225000,0.100000,0.787010,-0.610542,-1.564847,-3.924229,0.103958,1.223081
0.025000,-0.208333,0.100000,2.962572,0.357182,-0.004705,3.542360,-0.642981,-2.226433
0.025000,-0.191667,0.100000,-5.338462,0.438262,2.179501,0.813607,0.764619,1.258196
0.025000,-0.175000,0.100000,1.485805,-1.054952,-2.218634,-6.235783,0.147322,1.820944
0.025000,-0.158333,0.100000,7.059591,0.057038,-1.675454,3.165674,-1.296206,-2.848826
0.025000,-0.141667,0.100000,-3.375813,1.588937,3.104578,8.886689,-0.032989,-2.265924
0.025000,-0.125000,0.100000,-11.896979,0.751955,3.913357,0.060877,1.798316,2.249604
0.025000,-0.108333,0.100000,-10.502113,-0.939210,1.588067,-10.918593,2.180376,5.107020
0.025000,-0.091667,0.100000,-8.619382,-1.845174,0.432766,-17.548261,2.143974,6.363477
0.025000,-0.075000,0.100000,-17.923628,-1.194756,3.560349,-17.923676,2.978313,6.738794
0.025000,-0.058333,0.100000,-30.522567,2.229787,8.951151,11.178340,2.433703,-1.360967
0.025000,-0.041667,0.100000,32.035033,0.863909,-7.708503,24.399768,-2.667091,-7.216804
0.025000,-0.025000,0.100000,-42.208320,-0.522780,10.597154,-20.249855,1.497264,5.356450
0.025000,-0.008333,0.100000,20.952654,0.236933,-5.002609,-45.117384,-0.750289,11.564763
0.025000,0.008333,0.100000,23.319177,1.655247,-5.620431,-41.684109,-0.630511,11.021028
0.025000,0.025000,0.100000,-32.799216,0.165273,8.871477,-26.041776,-2.034874,6.642176
0.025000,0.041667,0.100000,18.145447,-1.269351,-4.813118,29.303760,1.166738,-7.633061
0.025000,0.058333,0.100000,-27.172498,0.747977,6.650503,-3.961332,-1.368831,1.119110
0.025000,0.075000,0.100000,-3.748361,1.385103,0.486279,-21.371185,0.902544,4.690443
0.025000,0.091667,0.100000,4.364970,0.607223,-1.242647,-16.698030,1.599697,2.895237
0.025000,0.108333,0.100000,0.443575,0.771243,-0.625111,-13.917892,1.461225,1.956234
0.025000,0.125000,0.100000,-7.415359,1.395577,0.306895,-8.695431,0.593043,1.306796
0.025000,0.141667,0.100000,-9.176211,1.025065,0.818766,2.618120,-0.879045,0.427349
0.025000,0.158333,0.100000,1.367975,-0.649348,0.571847,7.982624,-0.989582,-0.426253
0.025000,0.175000,0.100000,6.630096,-0.778393,-0.284176,-2.170888,0.674812,-0.561794
0.025000,0.191667,0.100000,-3.772033,0.779412,-0.505812,-4.780236,0.440152,0.329647
0.025000,0.208333,0.100000,-2.018477,0.002165,0.476923,4.983750,-0.778852,0.357411
0.025000,0.225000,0.100000,4.623797,-0.542718,0.061198,-1.276486,0.409514,-0.586969
0.025000,0.241667,0.100000,-3.715284,0.588243,-0.485578,-2.199750,0.095774,0.319905
0.025000,0.258333,0.100000,1.255619,-0.336689,0.559682,3.710481,-0.402679,0.104928
0.041667,-0.258333,0.100000,1.732674,-0.395499,-1.734287,-2.591686,-0.192102,0.611831
0.041667,-0.241667,0.100000,0.600814,0.490905,0.907930,3.466788,-0.156789,-1.838115
0.041667,-0.225000,0.100000,-3.440732,-0.238204,0.929199,-2.063786,0.560504,2.108187
0.041667,-0.208333,0.100000,4.195949,-0.395150,-2.578526,-1.953564,-0.609022,-0.418576
0.041667,-0.191667,0.100000,-0.096842,0.866386,1.667897,5.407465,-0.107833,-2.483282
0.041667,-0.175000,0.100000,-6.123368,-0.164249,2.298391,-1.893600,1.046240,2.590422
0.041667,-0.158333,0.100000,2.798089,-1.262307,-3.131369,-7.186780,-0.287655,2.579090
0.041667,-0.141667,0.100000,9.272270,0.049223,-3.829338,1.705011,-1.590980,-2.913949
0.041667,-0.125000,0.100000,3.826744,1.730559,0.492316,11.060842,-0.919983,-5.759103
0.041667,-0.108333,0.100000,-4.547142,2.369815,4.376801,14.005146,0.363782,-5.492646
0.041667,-0.091667,0.100000,-8.052590,2.763398,5.773665,16.853414,0.781202,-6.377892
0.041667,-0.075000,0.100000,1.673382,3.175577,1.495394,23.603328,-0.823095,-10.440831
0.041667,-0.058333,0.100000,29.026731,-0.087946,-12.177065,5.131953,-3.408694,-3.863980
0.041667,-0.041667,0.100000,-19.013927,-2.071838,7.346872,-29.771325,2.095927,13.066005
0.041667,-0.025000,0.100000,31.396960,0.693990,-13.191251,24.280724,-1.532118,-10.136765
0.041667,-0.008333,0.100000,-21.738351,-0.144153,8.605812,34.632434,0.062083,-14.797833
0.041667,0.008333,0.100000,-22.334387,-1.620046,9.000725,31.127965,-0.370560,-13.495439
0.041667,0.025000,0.100000,21.919209,-1.074674,-9.624262,24.771513,1.954275,-10.506268
0.041667,0.041667,0.100000,-6.704256,1.771010,2.898697,-26.274237,-0.791389,11.351636
0.041667,0.058333,0.100000,17.711969,-1.145966,-7.332975,12.716263,0.979092,-5.391235
0.041667,0.075000,0.100000,-8.378366,-0.486129,3.360040,15.463039,-1.373857,-5.858636
0.041667,0.091667,0.100000,-12.924617,0.857263,4.458686,6.294460,-1.342494,-1.907934
0.041667,0.108333,0.100000,-10.495482,1.009200,3.139038,5.692943,-1.312804,-1.338655
0.041667,0.125000,0.100000,-4.824355,0.229750,1.469150,8.841013,-1.596741,-1.870843
0.041667,0.141667,0.100000,4.105194,-1.100289,-0.368402,7.575887,-1.024012,-1.618324
0.041667,0.158333,0.100000,7.218870,-1.151660,-1.158779,-1.905900,0.729740,-0.190313
0.041667,0.175000,0.100000,-1.866437,0.672566,-0.274482,-6.271634,1.015819,0.813616
0.041667,0.191667,0.100000,-4.974340,0.732020,0.633315,2.969732,-0.794743,0.201585
0.041667,0.208333,0.100000,4.254229,-0.906152,0.070025,2.948474,-0.303305,-0.549613
0.041667,0.225000,0.100000,0.156279,0.205545,-0.483848,-4.659618,0.819728,0.107741
0.041667,0.241667,0.100000,-3.341254,0.443802,0.308719,2.593923,-0.603038,0.349044
0.041667,0.258333,0.100000,3.836908,-0.656931,0.089094,0.445672,0.104773,-0.441012
0.058333,-0.258333,0.100000,-2.693984,-0.260057,0.941809,-1.518649,0.368422,1.821259
0.058333,-0.241667,0.100000,3.282488,-0.128381,-2.241205,-1.174481,-0.513715,-0.509479
0.058333,-0.225000,0.100000,-1.027030,0.587220,1.887056,3.833497,0.219602,-1.785910
0.058333,-0.208333,0.100000,-3.378253,-0.553284,0.878661,-3.072657,0.504461,2.831233
0.058333,-0.191667,0.100000,4.636675,-0.368233,-3.417002,-2.600735,-0.823487,0.009235
0.058333,-0.175000,0.100000,2.304616,1.050574,0.412858,5.827400,-0.312438,-3.961057
0.058333,-0.158333,0.100000,-6.672256,0.505368,4.695377,3.387090,1.242838,-0.106835
0.058333,-0.141667,0.100000,-6.751862,-1.191344,2.362247,-6.025199,1.142355,5.083991
0.058333,-0.125000,0.100000,0.125184,-2.024488,-2.458726,-11.069009,-0.162553,6.306760
0.058333,-0.108333,0.100000,5.783102,-2.184635,-5.583432,-12.369519,-1.169367,6.074696
0.058333,-0.091667,0.100000,5.514336,-2.759525,-5.507777,-15.960928,-1.047226,8.470569
0.058333,-0.075000,0.100000,-8.620833,-3.028458,3.084510,-18.863127,1.416290,11.927751
0.058333,-0.058333,0.100000,-22.739514,1.633057,14.003078,10.249922,3.032379,-4.617674
0.058333,-0.041667,0.100000,28.334627,0.041751,-16.548805,5.341245,-2.978727,-3.793822
0.058333,-0.025000,0.100000,-29.688466,1.184140,17.337017,10.145271,1.362216,-6.151209
0.058333,-0.008333,0.100000,-15.934544,0.359242,9.887855,-27.245620,0.440831,15.573971
0.058333,0.008333,0.100000,-13.569100,1.514295,8.429027,-25.806934,-0.609152,14.870150
0.058333,0.025000,0.100000,-24.564866,-0.636767,14.564627,4.650504,-2.227421,-2.868348
0.058333,0.041667,0.100000,18.504423,-0.681553,-11.046802,8.737913,2.034106,-5.429297
0.058333,0.058333,0.100000,-16.530236,0.015607,9.853335,0.707217,-1.566887,-0.189502
0.058333,0.075000,0.100000,1.070946,0.992347,-0.756986,-13.512613,0.666301,7.622492
0.058333,0.091667,0.100000,9.280088,-0.432558,-4.805742,-6.555083,1.174786,3.267741
0.058333,0.108333,0.100000,8.909518,-0.988960,-4.016836,-3.905697,1.014897,1.627038
0.058333,0.125000,0.100000,6.132617,-0.737245,-2.439547,-5.835706,1.305982,2.070305
0.058333,0.141667,0.100000,0.144470,0.351524,-0.294648,-7.454015,1.446859,2.335016
0.058333,0.158333,0.100000,-5.990052,1.387651,1.411915,-2.834202,0.285099,1.007608
0.058333,0.175000,0.100000,-3.229684,0.444984,0.967639,4.979622,-1.235020,-0.850642
0.058333,0.191667,0.100000,4.762825,-1.160366,-0.625645,2.440278,-0.295900,-0.742967
0.058333,0.208333,0.100000,0.862455,0.044850,-0.498216,-4.777266,1.081819,0.560807
0.058333,0.225000,0.100000,-4.260670,0.858510,0.541311,1.205851,-0.461408,0.258562
0.058333,0.241667,0.100000,3.085039,-0.771888,0.022704,2.638921,-0.414038,-0.500699
0.058333,0.258333,0.100000,0.032014,0.160302,-0.391581,-3.739571,0.770865,0.197747
0.075000,-0.258333,0.100000,0.311266,0.474451,0.944632,3.026581,0.103804,-2.035866
0.075000,-0.241667,0.100000,-3.022417,-0.409329,1.338152,-1.603399,0.397175,2.138730
0.075000,-0.225000,0.100000,3.172477,-0.203757,-2.843411,-2.236598,-0.643861,0.301617
0.075000,-0.208333,0.100000,1.264999,0.806326,0.653567,4.262017,0.011079,-3.203908
0.075000,-0.191667,0.100000,-5.097207,-0.157183,3.567235,0.685860,0.958102,1.236845
0.075000,-0.175000,0.100000,-1.097938,-1.171296,-1.120889,-5.910036,-0.124042,4.259108
0.075000,-0.158333,0.100000,6.292787,-0.286799,-5.178270,-3.280317,-1.408382,0.367974
0.075000,-0.141667,0.100000,7.443637,1.211210,-4.003342,4.007743,-1.274659,-4.710087
0.075000,-0.125000,0.100000,4.569343,2.091397,-1.025842,9.053989,-0.471522,-7.354411
0.075000,-0.108333,0.100000,3.648439,2.569175,-0.227979,11.647999,-0.228338,-8.968278
0.075000,-0.091667,0.100000,9.254679,2.621872,-4.842479,11.358704,-1.484206,-9.696498
0.075000,-0.075000,0.100000,17.184015,-0.181793,-12.971457,-2.661963,-3.325768,-0.046433
0.075000,-0.058333,0.100000,-8.173257,-3.052946,4.847751,-18.436078,1.376286,14.371730
0.075000,-0.041667,0.100000,1.021496,2.800562,-0.240500,22.500126,-0.632813,-17.020893
0.075000,-0.025000,0.100000,-16.152499,-0.561243,12.397101,-17.539020,1.796898,13.054393
0.075000,-0.008333,0.100000,11.723193,-0.532253,-8.217704,-20.478396,0.936542,15.691735
0.075000,0.008333,0.100000,11.317357,0.848410,-8.041562,-18.502624,1.468728,14.082317
0.075000,0.025000,0.100000,-11.257698,2.015416,8.471442,-14.851232,-1.114805,11.179862
0.075000,0.041667,0.100000,-2.123181,-2.237058,2.010521,15.146202,-0.278010,-11.542001
0.075000,0.058333,0.100000,-1.451420,1.706332,0.669775,-12.296580,-0.275336,9.567154
0.075000,0.075000,0.100000,9.804722,-0.490533,-7.344858,2.794289,1.024887,-2.401987
0.075000,0.091667,0.100000,1.061073,-0.747505,-0.636770,8.606613,-0.496064,-6.097601
0.075000,0.108333,0.100000,-2.754483,-0.071415,1.757455,7.092321,-1.033116,-4.463574
0.075000,0.125000,0.100000,-1.999316,0.028792,1.110520,6.521477,-1.217953,-3.545593
0.075000,0.141667,0.100000,1.481850,-0.580325,-0.613408,6.013495,-1.183982,-2.794171
0.075000,0.158333,0.100000,5.196855,-1.305658,-1.958558,2.252093,-0.288697,-0.998834
0.075000,0.175000,0.100000,3.537581,-0.696792,-1.287927,-3.814289,1.097192,1.098337
0.075000,0.191667,0.100000,-3.232339,0.976827,0.686902,-3.539588,0.747143,1.115409
0.075000,0.208333,0.100000,-2.860986,0.575116,0.848769,3.380737,-0.989115,-0.570593
0.075000,0.225000,0.100000,3.782067,-1.027297,-0.574577,1.590381,-0.233728,-0.569482
0.075000,0.241667,0.100000,-0.204003,0.216960,-0.285098,-3.805463,0.939558,0.585905
0.075000,0.258333,0.100000,-2.868811,0.611618,0.537268,2.089700,-0.632407,0.008243
0.091667,-0.258333,0.100000,0.975049,-0.364644,-1.803883,-2.807944,-0.397471,1.609595
0.091667,-0.241667,0.100000,2.374697,0.602713,-0.798530,2.334619,-0.191567,-2.599383
0.091667,-0.225000,0.100000,-3.322972,0.006765,3.082074,1.758477,0.747225,-0.016819
0.091667,-0.208333,0.100000,-1.421510,-0.882188,-0.439507,-4.035225,-0.114963,3.494493
0.091667,-0.191667,0.100000,4.559955,0.083734,-4.050907,-1.814407,-1.063251,-0.260727
0.091667,-0.175000,0.100000,3.397040,1.260510,-1.047840,4.543667,-0.253440,-4.601681
0.091667,-0.158333,0.100000,-2.565470,1.055408,3.921132,6.084511,1.141510,-3.904688
0.091667,-0.141667,0.100000,-6.957113,0.092200,6.506867,3.361175,1.875087,-0.631548
0.091667,-0.125000,0.100000,-9.008256,-0.566333,7.611065,1.012344,2.175963,1.541908
0.091667,-0.108333,0.100000,-10.330246,-0.219496,9.237043,2.471368,2.633299,0.263992
0.091667,-0.091667,0.100000,-7.580010,1.842204,8.356117,9.764834,2.366381,-7.074156
0.091667,-0.075000,0.100000,8.862779,2.780695,-6.440024,11.075422,-1.605826,-11.059909
0.091667,-0.058333,0.100000,5.530564,-2.932881,-6.213912,-14.911632,-1.114293,13.189356
0.091667,-0.041667,0.100000,-8.064402,2.573983,7.843594,15.235658,0.710903,-13.888997
0.091667,-0.025000,0.100000,-6.846283,-0.974497,6.590669,-16.491768,1.625279,15.147609
0.091667,-0.008333,0.100000,12.147048,-1.024714,-10.697337,-12.586640,0.934615,11.956024
0.091667,0.008333,0.100000,11.361840,0.026771,-10.008644,-11.411494,1.753885,10.659342
0.091667,0.025000,0.100000,-4.634328,2.217884,4.148331,-13.169236,0.025951,11.974898
0.091667,0.041667,0.100000,-6.571664,-1.690711,6.479965,9.506237,-1.484000,-8.471376
0.091667,0.058333,0.100000,5.048553,1.592294,-5.330132,-7.895869,0.966888,7.087141
0.091667,0.075000,0.100000,2.526272,-1.191139,-1.900618,7.259511,0.467244,-7.080845
0.091667,0.091667,0.100000,-5.941228,-0.150420,5.576143,2.726022,-0.767114,-2.268047
0.091667,0.108333,0.100000,-5.390008,0.634369,4.534286,-2.142440,-0.208868,1.852993
0.091667,0.125000,0.100000,-4.353623,0.815076,3.263877,-3.051707,0.248537,2.225169
0.091667,0.141667,0.100000,-4.649664,1.023368,2.981651,-1.738913,0.170387,1.057174
0.091667,0.158333,0.100000,-4.463105,1.029755,2.407341,1.384648,-0.505003,-0.754775
0.091667,0.175000,0.100000,-1.200545,0.156046,0.599285,4.243716,-1.176213,-1.917751
0.091667,0.191667,0.100000,3.495962,-1.067592,-1.279739,2.261031,-0.493608,-0.963658
0.091667,0.208333,0.100000,2.349191,-0.543835,-0.891545,-3.149038,0.995317,0.920929
0.091667,0.225000,0.100000,-3.227436,1.000608,0.781376,-1.821666,0.390953,0.673387
0.091667,0.241667,0.100000,-0.774116,0.081773,0.402786,3.409139,-1.002418,-0.733591
0.091667,0.258333,0.100000,3.229151,-0.878548,-0.676934,-0.674857,0.318945,-0.113607
0.108333,-0.258333,0.100000,-0.791789,0.373330,1.784357,2.775179,0.476251,-1.846938
0.108333,-0.241667,0.100000,-2.737641,-0.651055,1.479873,-1.690499,0.275845,2.476911
0.108333,-0.225000,0.100000,2.264438,-0.236387,-2.970726,-2.811256,-0.797428,1.352279
0.108333,-0.208333,0.100000,3.298454,0.923687,-1.762912,2.393052,-0.340054,-3.274320
0.108333,-0.191667,0.100000,-1.681271,0.685301,3.065582,4.310956,0.948943,-2.968503
0.108333,-0.175000,0.100000,-5.239203,-0.578081,4.738066,0.660541,1.270581,1.365418
0.108333,-0.158333,0.100000,-4.766970,-1.543666,2.898739,-3.723765,0.620918,4.946512
0.108333,-0.141667,0.100000,-3.057784,-1.971216,0.752966,-6.231370,-0.065359,6.655782
0.108333,-0.125000,0.100000,-3.127009,-2.306108,0.789579,-7.316027,-0.086015,7.803330
0.108333,-0.108333,0.100000,-6.660066,-2.376787,4.933663,-6.165364,1.142082,7.726407
0.108333,-0.091667,0.100000,-9.983866,-0.165229,10.627093,2.337770,2.894377,-0.303137
0.108333,-0.075000,0.100000,3.240183,2.982481,-1.763299,10.940422,-0.371425,-12.003714
0.108333,-0.058333,0.100000,5.633417,-2.565854,-7.067197,-11.073710,-1.269621,11.482279
0.108333,-0.041667,0.100000,-4.767507,2.424384,5.566369,12.246454,0.227593,-13.303826
0.108333,-0.025000,0.100000,-8.426363,-0.298283,9.437854,-10.412429,1.830746,11.252509
0.108333,-0.008333,0.100000,4.907225,-0.722328,-4.822735,-12.092639,1.356977,13.296917
0.108333,0.008333,0.100000,4.602265,0.383294,-4.565841,-11.168439,1.719977,12.059606
0.108333,0.025000,0.100000,-6.481433,2.075737,6.806341,-8.400811,-0.272900,8.951935
0.108333,0.041667,0.100000,-3.738238,-1.671286,4.504594,8.084862,-1.371875,-8.419732
0.108333,0.058333,0.100000,4.126387,1.503942,-5.205993,-5.986801,1.179905,6.118094
0.108333,0.075000,0.100000,0.272618,-1.435211,0.460181,5.924214,0.163382,-6.742155
0.108333,0.091667,0.100000,-4.924522,0.072626,5.521850,-0.754086,-0.916512,1.355870
0.108333,0.108333,0.100000,-1.268137,0.526759,1.187318,-4.207075,-0.003535,4.617428
0.108333,0.125000,0.100000,1.049308,0.141626,-1.008385,-3.922708,0.486684,3.843345
0.108333,0.141667,0.100000,1.200038,-0.069266,-0.916235,-3.677752,0.703959,3.159878
0.108333,0.158333,0.100000,-0.215334,0.166156,0.265675,-3.731640,0.869123,2.696696
0.108333,0.175000,0.100000,-2.574937,0.780638,1.625431,-2.551394,0.618764,1.518331
0.108333,0.191667,0.100000,-3.399653,0.981217,1.763866,0.877095,-0.369890,-0.461748
0.108333,0.208333,0.100000,-0.110055,-0.082137,0.099813,3.388701,-1.054392,-1.492127
0.108333,0.225000,0.100000,3.245995,-1.037022,-1.207981,0.340353,0.009017,-0.228390
0.108333,0.241667,0.100000,-0.012959,0.119342,-0.137130,-3.133305,0.990834,1.005280
0.108333,0.258333,0.100000,-2.895649,0.879054,0.840359,0.791619,-0.355738,-0.051315
0.125000,-0.258333,0.100000,-0.671224,-0.598895,-0.634031,-2.703898,-0.313737,2.619116
0.125000,-0.241667,0.100000,3.052650,0.417757,-2.867376,-0.464876,-0.665693,-0.948459
0.125000,-0.225000,0.100000,0.764325,0.818233,0.788983,3.352748,0.416887,-3.312164
0.125000,-0.208333,0.100000,-3.396776,-0.201531,3.857136,1.804275,1.058421,-0.176339
0.125000,-0.191667,0.100000,-3.571829,-1.202601,2.303483,-2.425524,0.399384,3.752986
0.125000,-0.175000,0.100000,-0.715050,-1.323313,-1.264053,-4.805722,-0.684938,4.886855
0.125000,-0.158333,0.100000,2.017145,-0.990900,-3.961833,-5.086900,-1.436541,4.248849
0.125000,-0.141667,0.100000,3.221403,-0.929411,-5.207154,-5.244988,-1.798773,4.217356
0.125000,-0.125000,0.100000,2.123590,-1.616455,-4.437997,-6.560314,-1.649556,6.322298
0.125000,-0.108333,0.100000,-3.011526,-2.564069,1.341404,-7.051982,0.003113,8.761025
0.125000,-0.091667,0.100000,-8.387223,-0.517654,10.022682,0.884608,2.684768,0.930363
0.125000,-0.075000,0.100000,3.944503,2.635379,-3.402255,8.242802,-0.802048,-10.705789
0.125000,-0.058333,0.100000,0.532424,-2.574297,-1.623794,-9.698587,-0.010665,12.105461
0.125000,-0.041667,0.100000,2.590823,1.811070,-3.001482,9.742633,-1.256025,-12.464901
0.125000,-0.025000,0.100000,-10.106647,1.149034,12.844243,-1.034649,1.361726,1.085059
0.125000,-0.008333,0.100000,-4.637500,0.555161,6.201144,-8.721246,1.481656,10.683937
0.125000,0.008333,0.100000,-4.339756,1.419108,5.607898,-8.123665,0.979390,9.805260
0.125000,0.025000,0.100000,-8.167609,1.369321,9.875002,-0.835161,-1.394396,1.083216
0.125000,0.041667,0.100000,1.676639,-2.009583,-1.511326,6.809348,-0.295751,-8.387415
0.125000,0.058333,0.100000,0.692367,1.802601,-1.719923,-5.755209,0.542059,7.037186
0.125000,0.075000,0.100000,1.385945,-1.475189,-0.886785,4.519428,0.454522,-6.103908
0.125000,0.091667,0.100000,-3.855945,0.042941,5.018948,-0.655128,-1.100870,1.624302
0.125000,0.108333,0.100000,0.079054,0.654740,-0.540109,-3.378362,-0.069465,4.486972
0.125000,0.125000,0.100000,2.413429,0.117535,-3.092419,-1.929956,0.332221,2.315327
0.125000,0.141667,0.100000,2.827508,-0.302162,-3.114135,-0.883944,0.257475,1.051749
0.125000,0.158333,0.100000,2.714384,-0.518606,-2.530000,-1.067277,0.291832,1.158068
0.125000,0.175000,0.100000,1.961538,-0.465993,-1.473830,-2.134455,0.599683,1.824285
0.125000,0.191667,0.100000,-0.095936,0.094271,0.172417,-2.878958,0.862567,1.963413
0.125000,0.208333,0.100000,-2.518303,0.851191,1.484991,-1.334210,0.367242,0.728640
0.125000,0.225000,0.100000,-1.962945,0.603593,0.974509,2.002553,-0.732269,-0.988820
0.125000,0.241667,0.100000,1.779385,-0.675234,-0.715838,2.089826,-0.659989,-0.921529
0.125000,0.258333,0.100000,1.891424,-0.586375,-0.757893,-1.890929,0.710742,0.626609
0.141667,-0.258333,0.100000,2.493022,0.686754,-1.849161,0.969727,-0.293233,-2.098969
0.141667,-0.241667,0.100000,-0.781153,0.430962,2.098549,2.839314,0.746806,-2.314310
0.141667,-0.225000,0.100000,-3.251947,-0.677703,3.168041,0.043723,0.733990,1.501766
0.141667,-0.208333,0.100000,-1.730329,-1.128129,0.237274,-3.157781,-0.269176,3.945635
0.141667,-0.191667,0.100000,1.349656,-0.667594,-3.107410,-3.757647,-1.169152,3.220259
0.141667,-0.175000,0.100000,3.517254,0.030091,-4.921469,-2.689784,-1.557781,1.271957
0.141667,-0.158333,0.100000,4.525551,0.414350,-5.783916,-1.885393,-1.741656,0.131490
0.141667,-0.141667,0.100000,4.745721,0.146949,-6.498330,-2.592880,-2.025890,1.061886
0.141667,-0.125000,0.100000,3.081777,-1.129612,-5.584458,-5.064311,-1.956617,4.965068
0.141667,-0.108333,0.100000,-2.851428,-2.437834,1.747295,-5.776290,0.125586,8.239845
0.141667,-0.091667,0.100000,-6.252594,0.400116,9.096809,2.966202,2.501652,-2.301036
0.141667,-0.075000,0.100000,6.365793,1.490117,-8.138431,3.640588,-1.999794,-6.259984
0.141667,-0.058333,0.100000,-5.426842,-1.447135,7.164735,-5.387403,1.791013,8.293415
0.141667,-0.041667,0.100000,7.541694,-0.291630,-10.851284,2.086144,-1.973587,-3.267556
0.141667,-0.025000,0.100000,-3.681661,1.575555,5.131734,6.906298,-0.616510,-10.050895
0.141667,-0.008333,0.100000,-7.491155,1.564287,10.541499,1.341733,-0.044039,-2.290100
0.141667,0.008333,0.100000,-7.032498,1.403054,9.682812,1.309550,-0.881308,-2.095106
0.141667,0.025000,0.100000,-2.950801,-0.535299,4.060278,5.759453,-1.734221,-7.800800
0.141667,0.041667,0.100000,5.445115,-1.308049,-7.237875,1.431548,1.357992,-2.408200
0.141667,0.058333,0.100000,-3.316326,1.591552,3.944405,-3.376190,-0.847750,5.229647
0.141667,0.075000,0.100000,3.232992,-0.999330,-4.032485,2.161154,1.211918,-3.929143
0.141667,0.091667,0.100000,-3.069395,-0.412159,4.854690,0.866023,-1.159779,-0.367100
0.141667,0.108333,0.100000,-0.401919,0.792565,-0.071260,-2.656957,-0.289826,4.231437
0.141667,0.125000,0.100000,2.038438,0.324093,-3.312796,-1.248590,0.347609,1.612868
0.141667,0.141667,0.100000,2.240955,-0.118902,-3.164233,0.305917,0.202569,-0.489812
0.141667,0.158333,0.100000,2.085456,-0.320127,-2.622311,0.815910,-0.032476,-0.898663
0.141667,0.175000,0.100000,2.216141,-0.502769,-2.368187,0.475234,-0.070165,-0.320906
0.141667,0.191667,0.100000,2.205670,-0.619732,-1.905115,-0.671524,0.218269,0.764773
0.141667,0.208333,0.100000,1.065918,-0.314257,-0.678313,-2.079848,0.691592,1.622827
0.141667,0.225000,0.100000,-1.289082,0.488626,0.893862,-1.968331,0.660625,1.210630
0.141667,0.241667,0.100000,-2.260948,0.801798,1.228379,0.645800,-0.287798,-0.384664
0.141667,0.258333,0.100000,0.377802,-0.201095,-0.164331,2.303148,-0.834466,-1.089588
0.158333,-0.258333,0.100000,-1.401144,0.116537,2.507948,2.136802,0.804508,-1.408083
0.158333,-0.241667,0.100000,-2.686831,-0.830585,2.351122,-0.758909,0.421058,2.168310
0.158333,-0.225000,0.100000,-0.674071,-0.893473,-0.833313,-2.980438,-0.585949,3.471478
0.158333,-0.208333,0.100000,1.975657,-0.200476,-3.516468,-2.701668,-1.209332,1.903537
0.158333,-0.191667,0.100000,3.460139,0.554130,-4.473011,-1.206715,-1.288857,-0.399735
0.158333,-0.175000,0.100000,4.004123,1.008186,-4.683276,-0.068311,-1.238043,-1.895333
0.158333,-0.158333,0.100000,4.359402,1.052827,-5.342601,-0.105785,-1.459250,-1.943609
0.158333,-0.141667,0.100000,4.343820,0.361087,-6.372323,-1.851565,-1.964709,0.410920
0.158333,-0.125000,0.100000,1.818140,-1.401149,-4.396642,-4.737786,-1.657064,5.624802
0.158333,-0.108333,0.100000,-4.280141,-1.988568,4.891608,-3.296755,1.132352,6.224891
0.158333,-0.091667,0.100000,-2.243971,1.826376,4.886973,5.228281,1.432988,-7.161024
0.158333,-0.075000,0.100000,5.328647,-0.813825,-8.863602,-2.580671,-2.092897,2.906191
0.158333,-0.058333,0.100000,-5.584213,1.107642,9.268375,2.412087,1.738380,-3.204134
0.158333,-0.041667,0.100000,2.804953,-1.812873,-4.756038,-5.485331,0.020078,8.820241
0.158333,-0.025000,0.100000,5.178673,-0.541353,-8.459426,3.286047,-1.501618,-5.161990
0.158333,-0.008333,0.100000,1.004254,-0.008731,-1.927381,5.888388,-1.513838,-9.265196
0.158333,0.008333,0.100000,1.007729,-0.726518,-1.805111,5.569435,-1.397013,-8.545073
0.158333,0.025000,0.100000,4.456925,-1.668585,-6.698316,2.662411,0.220254,-4.045186
0.158333,0.041667,0.100000,1.952792,0.855719,-3.295971,-4.163085,1.517051,6.019603
0.158333,0.058333,0.100000,-3.574915,-0.062183,5.690151,1.650960,-1.698411,-1.754021
0.158333,0.075000,0.100000,2.964940,0.357149,-5.013137,-1.404014,1.503387,1.230742
0.158333,0.091667,0.100000,-1.250383,-1.124378,2.988106,2.385995,-0.643701,-3.364625
0.158333,0.108333,0.100000,-1.476832,0.646511,1.842897,-1.669531,-0.743180,3.493528
0.158333,0.125000,0.100000,1.252879,0.593419,-2.715431,-1.449328,0.276489,2.180617
0.158333,0.141667,0.100000,1.741500,0.056895,-3.005573,0.211342,0.342473,-0.644403
0.158333,0.158333,0.100000,1.349367,-0.142085,-2.132618,1.055185,0.064231,-1.669577
0.158333,0.175000,0.100000,1.215677,-0.215026,-1.763626,1.250998,-0.162083,-1.596395
0.158333,0.191667,0.100000,1.519081,-0.373086,-1.852773,0.978319,-0.230858,-0.949835
0.158333,0.208333,0.100000,1.872703,-0.573136,-1.811013,0.054343,-0.010762,0.143381
0.158333,0.225000,0.100000,1.364888,-0.461851,-1.001196,-1.364977,0.483960,1.224201
0.158333,0.241667,0.100000,-0.511685,0.216357,0.461065,-1.903964,0.698369,1.295187
0.158333,0.258333,0.100000,-1.992522,0.766186,1.194540,-0.116558,0.006495,0.009458
0.175000,-0.258333,0.100000,-2.222560,-0.839294,1.826944,-0.979630,0.235388,2.293692
0.175000,-0.241667,0.100000,-0.255560,-0.716021,-1.193974,-2.620249,-0.683312,3.017273
0.175000,-0.225000,0.100000,1.959611,0.020708,-3.380398,-2.075231,-1.123472,1.240560
0.175000,-0.208333,0.100000,3.035739,0.729014,-3.873958,-0.586954,-1.043708,-1.015349
0.175000,-0.191667,0.100000,3.293854,1.153945,-3.683020,0.568859,-0.854514,-2.516307
0.175000,-0.175000,0.100000,3.499508,1.310302,-3.978682,0.848466,-0.930379,-2.977932
0.175000,-0.158333,0.100000,3.857673,1.045191,-5.201382,-0.111215,-1.437726,-1.878534
0.175000,-0.141667,0.100000,3.215541,-0.168142,-5.798955,-2.556998,-1.926125,1.999306
0.175000,-0.125000,0.100000,-0.722771,-1.948071,-0.875719,-4.276781,-0.657529,6.706957
0.175000,-0.108333,0.100000,-4.493994,-0.501700,7.346740,0.622270,2.063140,0.811988
0.175000,-0.091667,0.100000,2.794238,1.939219,-3.431881,3.778164,-0.843709,-7.198498
0.175000,-0.075000,0.100000,-0.723867,-2.006823,0.155217,-4.765429,0.237460,8.457900
0.175000,-0.058333,0.100000,1.478416,1.603263,-2.030569,4.668360,-0.930010,-8.546502
0.175000,-0.041667,0.100000,-4.509957,0.219419,8.068606,-1.976509,1.642065,3.741710
0.175000,-0.025000,0.100000,1.869528,-1.272739,-3.206018,-4.517748,0.796158,8.143996
0.175000,-0.008333,0.100000,4.394073,-1.409403,-7.572841,-1.864927,0.325981,3.537793
0.175000,0.008333,0.100000,4.173554,-1.180596,-7.004391,-1.830838,0.904628,3.321813
0.175000,0.025000,0.100000,1.486569,0.347491,-2.479054,-3.963635,1.522667,6.553697
0.175000,0.041667,0.100000,-3.560640,1.418263,5.660516,-1.361577,-0.757592,2.556283
0.175000,0.058333,0.100000,1.161834,-1.572867,-1.213471,3.116042,-0.220232,-5.307139
0.175000,0.075000,0.100000,-0.520240,1.475690,-0.113757,-2.769797,0.188950,4.758173
0.175000,0.091667,0.100000,1.376739,-1.160049,-1.461679,1.888267,0.607272,-3.913616
0.175000,0.108333,0.100000,-1.920283,-0.073253,3.579173,0.097657,-1.067772,0.906781
0.175000,0.125000,0.100000,0.076249,0.787928,-1.027855,-1.605998,-0.115426,3.118410
0.175000,0.141667,0.100000,1.353653,0.308793,-2.916344,-0.396963,0.413130,0.282354
0.175000,0.158333,0.100000,1.136392,-0.041545,-2.122576,0.688613,0.253518,-1.528911
0.175000,0.175000,0.100000,0.747157,-0.103229,-1.341281,1.106919,-0.002476,-1.907265
0.175000,0.191667,0.100000,0.711425,-0.127975,-1.207117,1.198327,-0.192986,-1.684897
0.175000,0.208333,0.100000,1.068464,-0.271019,-1.475246,1.012219,-0.271551,-1.094639
0.175000,0.225000,0.100000,1.522290,-0.493333,-1.620724,0.293854,-0.104282,-0.100009
0.175000,0.241667,0.100000,1.309744,-0.478432,-1.048716,-0.951850,0.349953,0.975691
0.175000,0.258333,0.100000,-0.158325,0.075786,0.245692,-1.666038,0.648982,1.237721
0.191667,-0.258333,0.100000,-0.218779,-0.633937,-1.138764,-2.287746,-0.668372,2.740136
0.191667,-0.241667,0.100000,1.690912,0.067029,-3.082931,-1.800811,-1.033971,1.079454
0.191667,-0.225000,0.100000,2.608332,0.721790,-3.456421,-0.481067,-0.912438,-1.015127
0.191667,-0.208333,0.100000,2.778454,1.113939,-3.132937,0.596004,-0.672945,-2.450976
0.191667,-0.191667,0.100000,2.865410,1.294646,-3.160512,0.997609,-0.645652,-3.052160
0.191667,-0.175000,0.100000,3.184821,1.224863,-4.096520,0.501553,-1.018753,-2.594503
0.191667,-0.158333,0.100000,3.184944,0.503311,-5.338077,-1.203544,-1.656643,-0.089737
0.191667,-0.141667,0.100000,1.101291,-1.164144,-3.565706,-3.394661,-1.436110,4.641351
0.191667,-0.125000,0.100000,-3.128221,-1.666545,4.133853,-1.993802,0.972417,4.851525
0.191667,-0.108333,0.100000,-1.324902,1.495010,3.888005,3.585426,1.264508,-5.671090
0.191667,-0.091667,0.100000,3.634463,-0.359130,-7.200262,-1.430382,-1.889053,1.343218
0.191667,-0.075000,0.100000,-3.942402,0.210201,7.674235,0.387072,1.811225,0.252152
0.191667,-0.058333,0.100000,3.620534,-1.095754,-7.382083,-1.679613,-1.269598,2.798056
0.191667,-0.041667,0.100000,-0.561376,1.363691,1.277016,3.954238,-0.677428,-7.832969
0.191667,-0.025000,0.100000,-3.960620,1.159549,7.783095,-0.076304,0.803017,0.016834
0.191667,-0.008333,0.100000,-2.854101,0.824568,5.646974,-2.626505,1.098183,4.841244
0.191667,0.008333,0.100000,-2.777025,1.202189,5.296717,-2.489351,0.719002,4.471389
0.191667,0.025000,0.100000,-3.502533,1.254237,6.315140,0.063035,-0.731647,-0.109422
0.191667,0.041667,0.100000,-0.271972,-0.941919,0.787334,3.190293,-1.150489,-5.599083
0.191667,0.058333,0.100000,2.493694,-0.126647,-4.660880,-1.364106,1.473518,1.824247
0.191667,0.075000,0.100000,-2.420249,0.344872,4.407573,0.395708,-1.371427,0.211243
0.191667,0.091667,0.100000,1.885606,0.213889,-3.865078,-0.839029,1.270848,0.509581
0.191667,0.108333,0.100000,-0.600830,-0.994211,2.233411,1.598225,-0.491758,-2.648661
0.191667,0.125000,0.100000,-1.109423,0.502034,1.638948,-0.869578,-0.735339,2.630620
0.191667,0.141667,0.100000,0.628011,0.622298,-2.095745,-1.013193,0.193509,1.836653
0.191667,0.158333,0.100000,1.065653,0.150112,-2.429241,0.071451,0.384554,-0.638147
0.191667,0.175000,0.100000,0.735169,-0.054556,-1.503755,0.727136,0.184698,-1.692511
0.191667,0.191667,0.100000,0.460898,-0.064230,-0.953802,0.962420,-0.025946,-1.800714
0.191667,0.208333,0.100000,0.494951,-0.081151,-0.969102,1.024053,-0.186704,-1.552020
0.191667,0.225000,0.100000,0.844853,-0.217570,-1.289075,0.881545,-0.259968,-1.011948
0.191667,0.241667,0.100000,1.271096,-0.431476,-1.460549,0.287672,-0.116724,-0.107163
0.191667,0.258333,0.100000,1.139039,-0.441588,-0.967352,-0.772574,0.290248,0.877839
0.208333,-0.258333,0.100000,1.306671,0.001178,-2.715928,-1.726602,-0.960489,1.233804
0.208333,-0.241667,0.100000,2.216209,0.616095,-3.197735,-0.643057,-0.874649,-0.663694
0.208333,-0.225000,0.100000,2.431649,0.998055,-2.935594,0.329169,-0.644226,-2.047688
0.208333,-0.208333,0.100000,2.482456,1.184746,-2.841378,0.775161,-0.564089,-2.706129
0.208333,-0.191667,0.100000,2.692449,1.186810,-3.469161,0.528800,-0.812649,-2.539078
0.208333,-0.175000,0.100000,2.807493,0.742949,-4.617316,-0.635142,-1.371735,-0.887272
0.208333,-0.158333,0.100000,1.669711,-0.544041,-4.232128,-2.491115,-1.577007,2.891458
0.208333,-0.141667,0.100000,-1.607858,-1.751808,1.116600,-2.650919,-0.026783,5.446200
0.208333,-0.125000,0.100000,-2.748104,0.135950,5.831033,1.599061,1.794400,-1.358662
0.208333,-0.108333,0.100000,2.662846,1.431285,-4.213283,1.837447,-1.092310,-4.799656
0.208333,-0.091667,0.100000,-1.079678,-1.717529,0.988335,-3.086566,0.334729,6.657011
0.208333,-0.075000,0.100000,0.813893,1.568912,-0.843861,3.185490,-0.519521,-6.935416
0.208333,-0.058333,0.100000,-2.244570,-0.714559,4.476909,-2.409200,1.350509,5.544334
0.208333,-0.041667,0.100000,3.133960,-1.150173,-6.838904,-0.984261,-0.811067,1.998217
0.208333,-0.025000,0.100000,1.608234,0.056465,-3.542847,2.833353,-1.324331,-6.003436
0.208333,-0.008333,0.100000,-0.516029,0.448126,0.846460,3.158055,-1.219829,-6.615374
0.208333,0.008333,0.100000,-0.458087,-0.004350,0.737789,3.062615,-1.318124,-6.199481
0.208333,0.025000,0.100000,1.548498,-1.141056,-3.027972,2.496343,-0.727734,-4.865076
0.208333,0.041667,0.100000,2.541774,-0.672804,-4.922261,-0.969930,1.203642,1.601470
0.208333,0.058333,0.100000,-1.803116,1.359422,2.994699,-1.664175,-0.216664,3.524292
0.208333,0.075000,0.100000,0.703361,-1.317217,-0.522097,2.036080,-0.215418,-4.077749
0.208333,0.091667,0.100000,-0.741567,1.244361,0.445796,-1.687881,-0.084564,3.628492
0.208333,0.108333,0.100000,1.315477,-0.767090,-1.987747,0.808876,0.808515,-2.590548
0.208333,0.125000,0.100000,-1.105817,-0.419321,2.914378,0.637271,-0.845487,-0.342966
0.208333,0.141667,0.100000,-0.447551,0.639028,0.115878,-0.958437,-0.387591,2.649757
0.208333,0.158333,0.100000,0.685368,0.461282,-2.220205,-0.590959,0.280678,0.928564
0.208333,0.175000,0.100000,0.802819,0.091239,-1.984184,0.203787,0.322786,-0.920495
0.208333,0.191667,0.100000,0.532616,-0.036093,-1.213843,0.628117,0.141790,-1.574007
0.208333,0.208333,0.100000,0.363404,-0.037423,-0.854392,0.791178,-0.032518,-1.588571
0.208333,0.225000,0.100000,0.439653,-0.065289,-0.940720,0.836833,-0.170012,-1.335470
0.208333,0.241667,0.100000,0.756797,-0.200534,-1.232568,0.697119,-0.226218,-0.812322
0.208333,0.258333,0.100000,1.097981,-0.390150,-1.331077,0.165450,-0.084030,0.025666
0.225000,-0.258333,0.100000,1.811556,0.443452,-2.979874,-0.921118,-0.884385,-0.101700
0.225000,-0.241667,0.100000,2.146010,0.832841,-2.911460,-0.077864,-0.705053,-1.436059
0.225000,-0.225000,0.100000,2.230386,1.030719,-2.818322,0.375949,-0.611232,-2.134918
0.225000,-0.208333,0.100000,2.356599,1.056537,-3.220798,0.272370,-0.770460,-2.107427
0.225000,-0.191667,0.100000,2.415961,0.745820,-4.079614,-0.536875,-1.201886,-0.930482
0.225000,-0.175000,0.100000,1.667648,-0.228759,-4.091916,-1.949646,-1.495225,1.961089
0.225000,-0.158333,0.100000,-0.727200,-1.494391,-0.512186,-2.538401,-0.555081,4.874677
0.225000,-0.141667,0.100000,-2.690274,-0.747118,5.068829,0.189415,1.471419,1.425840
0.225000,-0.125000,0.100000,0.735383,1.653387,0.146178,2.633192,0.251279,-5.613220
0.225000,-0.108333,0.100000,1.663675,-0.993094,-4.626038,-2.193665,-1.323486,3.712805
0.225000,-0.091667,0.100000,-2.439071,0.602908,5.919894,1.288828,1.478378,-1.821147
0.225000,-0.075000,0.100000,2.314511,-0.964599,-5.753691,-1.495515,-1.156826,2.752548
0.225000,-0.058333,0.100000,-0.940700,1.400472,2.629016,2.582266,-0.053161,-5.905387
0.225000,-0.041667,0.100000,-2.130762,0.024104,4.930808,-1.717651,1.307257,4.136221
0.225000,-0.025000,0.100000,1.022242,-0.993307,-2.268773,-2.516543,0.754009,5.863515
0.225000,-0.008333,0.100000,2.284523,-1.153138,-5.030881,-1.394164,0.423210,3.312042
0.225000,0.008333,0.100000,2.205235,-0.965090,-4.699155,-1.386989,0.779881,3.158380
0.225000,0.025000,0.100000,0.846788,0.060507,-1.758992,-2.344650,1.263477,4.926325
0.225000,0.041667,0.100000,-1.905232,1.282995,3.757432,-1.350721,-0.018172,2.927911
0.225000,0.058333,0.100000,-0.568841,-0.682704,1.605756,2.059236,-1.086278,-3.981068
0.225000,0.075000,0.100000,1.498229,0.117637,-3.431208,-1.178127,1.250106,1.737883
0.225000,0.091667,0.100000,-1.383641,-0.183409,3.292839,0.915301,-1.180500,-1.004447
0.225000,0.108333,0.100000,0.746451,0.715549,-2.480658,-1.197916,0.832077,1.842769
0.225000,0.125000,0.100000,0.387838,-0.954166,0.292536,1.112733,0.152248,-2.772880
0.225000,0.141667,0.100000,-0.971158,-0.028313,2.332479,0.066655,-0.807635,0.980223
0.225000,0.158333,0.100000,-0.128750,0.603785,-0.621050,-0.799637,-0.191013,2.221344
0.225000,0.175000,0.100000,0.591893,0.364776,-2.049961,-0.375906,0.268102,0.495054
0.225000,0.191667,0.100000,0.627266,0.085730,-1.718370,0.191371,0.262812,-0.879453
0.225000,0.208333,0.100000,0.447633,-0.008645,-1.147369,0.497356,0.112478,-1.342930
0.225000,0.225000,0.100000,0.359016,-0.021957,-0.918648,0.627790,-0.034720,-1.327278
0.225000,0.241667,0.100000,0.459275,-0.069004,-1.019787,0.652523,-0.150043,-1.062287
0.225000,0.258333,0.100000,0.729132,-0.203830,-1.229376,0.490621,-0.179780,-0.535277
0.241667,-0.258333,0.100000,1.825001,0.616342,-2.887877,-0.532052,-0.797703,-0.673269
0.241667,-0.241667,0.100000,1.989112,0.831735,-2.891561,-0.103981,-0.721594,-1.396214
0.241667,-0.225000,0.100000,2.075284,0.868111,-3.158495,-0.119395,-0.823199,-1.451047
0.241667,-0.208333,0.100000,2.047296,0.619078,-3.717616,-0.684396,-1.132214,-0.552958
0.241667,-0.191667,0.100000,1.432159,-0.145382,-3.695284,-1.707357,-1.371043,1.672391
0.241667,-0.175000,0.100000,-0.373983,-1.252043,-1.103692,-2.254359,-0.742334,4.222016
0.241667,-0.158333,0.100000,-2.278595,-1.107315,3.886222,-0.469076,1.032962,2.598210
0.241667,-0.141667,0.100000,-0.464672,1.169135,2.580349,2.304708,1.014994,-4.258111
0.241667,-0.125000,0.100000,2.309067,0.282813,-5.242449,-0.488483,-1.525804,-0.473419
0.241667,-0.108333,0.100000,-2.046777,-1.046353,3.983936,-1.168154,1.105705,3.812456
0.241667,-0.091667,0.100000,1.674149,1.077833,-3.267101,1.642552,-0.988146,-4.687199
0.241667,-0.075000,0.100000,-2.011959,-0.483668,4.633043,-1.178170,1.293270,3.563079
0.241667,-0.058333,0.100000,2.245590,-0.822359,-5.793911,-0.578332,-0.998726,1.076999
0.241667,-0.041667,0.100000,0.064750,0.880710,-0.052804,2.306522,-0.844601,-5.848432
0.241667,-0.025000,0.100000,-2.117842,1.166217,5.236094,0.878076,0.144029,-2.272626
0.241667,-0.008333,0.100000,-2.217555,1.065557,5.394367,-0.466219,0.461396,0.944440
0.241667,0.008333,0.100000,-2.175838,1.162992,5.098777,-0.427478,0.121723,0.840408
0.241667,0.025000,0.100000,-1.941976,0.842986,4.350157,0.894578,-0.833766,-2.033908
0.241667,0.041667,0.100000,0.180790,-0.736807,-0.215271,2.015313,-0.944865,-4.399577
0.241667,0.058333,0.100000,1.771186,-0.545544,-3.898370,-0.612590,1.067173,0.899026
0.241667,0.075000,0.100000,-1.540254,1.038245,2.938001,-0.711088,-0.561104,2.100365
0.241667,0.091667,0.100000,1.179644,-1.048095,-1.901972,0.927199,0.441913,-2.639563
0.241667,0.108333,0.100000,-1.193514,0.757688,2.092530,-0.509033,-0.750558,2.058179
0.241667,0.125000,0.100000,1.044547,0.039041,-2.632203,-0.341895,0.965919,-0.372943
0.241667,0.141667,0.100000,-0.112745,-0.808409,1.439338,0.908260,-0.233037,-1.945779
0.241667,0.158333,0.100000,-0.740458,0.146768,1.658489,-0.150883,-0.681221,1.466951
0.241667,0.175000,0.100000,-0.021516,0.528904,-0.852025,-0.630657,-0.116190,1.845981
0.241667,0.191667,0.100000,0.472582,0.317710,-1.830324,-0.287022,0.215185,0.387694
0.241667,0.208333,0.100000,0.513992,0.103440,-1.586522,0.123940,0.206367,-0.671809
0.241667,0.225000,0.100000,0.418035,0.018437,-1.195082,0.362301,0.086617,-1.042528
0.241667,0.241667,0.100000,0.390014,-0.015623,-1.049018,0.469108,-0.036653,-1.012747
0.241667,0.258333,0.100000,0.499743,-0.083470,-1.122345,0.465056,-0.126275,-0.729484
0.258333,-0.258333,0.100000,1.671531,0.578079,-2.888448,-0.591015,-0.837265,-0.528781
0.258333,-0.241667,0.100000,1.756799,0.623731,-3.097636,-0.555507,-0.907201,-0.638613
0.258333,-0.225000,0.100000,1.659945,0.409134,-3.402992,-0.936779,-1.111059,0.064594
0.258333,-0.208333,0.100000,1.084948,-0.210992,-3.194315,-1.633455,-1.245512,1.780334
0.258333,-0.191667,0.100000,-0.341631,-1.112172,-1.088190,-1.975500,-0.737487,3.765430
0.258333,-0.175000,0.100000,-1.925831,-1.182589,3.052545,-0.659707,0.735530,2.865015
0.258333,-0.158333,0.100000,-0.970931,0.663690,3.434668,1.808277,1.269562,-2.830987
0.258333,-0.141667,0.100000,1.970035,1.017477,-3.784007,0.586161,-1.032207,-2.795220
0.258333,-0.125000,0.100000,-0.623126,-1.438144,0.053539,-1.949316,-0.070064,4.935891
0.258333,-0.108333,0.100000,-0.479029,1.271701,2.380505,1.972131,0.594287,-4.548752
0.258333,-0.091667,0.100000,0.654024,-1.268701,-2.608737,-1.899794,-0.446728,4.596295
0.258333,-0.075000,0.100000,0.118005,1.223585,0.348822,1.987005,-0.351501,-5.365519
0.258333,-0.058333,0.100000,-1.622202,-0.150357,4.214948,-1.128883,1.191729,3.374167
0.258333,-0.041667,0.100000,1.321541,-1.142814,-3.665188,-1.456175,0.039384,3.890898
0.258333,-0.025000,0.100000,1.865287,-0.768151,-4.995470,0.591071,-0.800232,-1.493934
0.258333,-0.008333,0.100000,1.244600,-0.517632,-3.341580,1.487914,-0.968974,-3.732883
0.258333,0.008333,0.100000,1.242288,-0.771936,-3.199854,1.447206,-0.788866,-3.502323
0.258333,0.025000,0.100000,1.784614,-1.113695,-4.280429,0.492899,0.042857,-1.147222
0.258333,0.041667,0.100000,1.107570,-0.174228,-2.676918,-1.377600,1.109140,3.093892
0.258333,0.058333,0.100000,-1.429644,1.104954,3.030346,-0.834249,-0.198987,2.195835
0.258333,0.075000,0.100000,0.237540,-0.946586,0.070965,1.499161,-0.579479,-3.401243
0.258333,0.091667,0.100000,0.293423,0.759442,-1.441800,-1.330232,0.767294,2.725965
0.258333,0.108333,0.100000,-0.131303,-0.864915,1.282613,1.189462,-0.555209,-2.484628
0.258333,0.125000,0.100000,-0.442959,0.948950,-0.039922,-0.929681,-0.080072,2.542165
0.258333,0.141667,0.100000,0.857898,-0.350640,-1.775164,0.140461,0.778638,-1.496451
0.258333,0.158333,0.100000,-0.282888,-0.628441,1.776153,0.664486,-0.383675,-1.175783
0.258333,0.175000,0.100000,-0.564976,0.188520,1.221031,-0.188958,-0.575012,1.535915
0.258333,0.191667,0.100000,-0.015025,0.453040,-0.814858,-0.498807,-0.113544,1.619198
0.258333,0.208333,0.100000,0.358570,0.295064,-1.608997,-0.259655,0.144489,0.473666
0.258333,0.225000,0.100000,0.431315,0.126158,-1.508915,0.039159,0.148872,-0.365809
0.258333,0.241667,0.100000,0.404505,0.039783,-1.265987,0.227960,0.058992,-0.678978
0.258333,0.258333,0.100000,0.420509,-0.016827,-1.165263,0.308555,-0.038216,-0.636591
