0.000000 -27.823019 114.226108 
1.000000 -28.411216 140.479858 
2.000000 -25.850681 142.864227 
3.000000 -22.923680 138.669046 
4.000000 -20.760936 139.934631 
5.000000 -19.330388 147.418374 
6.000000 -18.470458 150.489225 
7.000000 -18.036654 151.154647 
8.000000 -17.900705 150.133461 
9.000000 -17.937225 147.732783 
10.000000 -18.015551 144.105988 
11.000000 -18.002493 139.331277 
12.000000 -17.780256 133.447730 
13.000000 -17.274230 126.472901 
14.000000 -16.470843 118.409450 
15.000000 -15.409005 109.269918 
16.000000 -14.153267 99.094219 
17.000000 -12.769746 88.040350 
18.000000 -11.314877 76.614103 
19.000000 -9.834078 65.825211 
20.000000 -8.364469 56.347757 
21.000000 -6.937998 47.739018 
22.000000 -5.583601 39.542027 
23.000000 -4.328158 31.559643 
24.000000 -3.196539 23.610962 
25.000000 -2.211144 17.507614 
26.000000 -1.391326 12.143345 
27.000000 -0.752953 3.511855 
28.000000 -0.308204 -4.854327 
29.000000 -0.065565 -0.450946 
30.000000 -0.029955 -19.470857 
31.000000 -27.823019 114.226108 
32.000000 -28.476170 140.482752 
33.000000 -26.074958 143.230947 
34.000000 -23.171622 140.481280 
35.000000 -20.970126 140.136957 
36.000000 -19.490623 146.560015 
37.000000 -18.591876 149.629262 
38.000000 -18.140353 150.330763 
39.000000 -18.016704 149.337111 
40.000000 -18.105274 146.955655 
41.000000 -18.286451 143.342446 
42.000000 -18.436117 138.578686 
43.000000 -18.435304 132.705429 
44.000000 -18.189556 125.742750 
45.000000 -17.648792 117.696691 
46.000000 -16.813434 108.583262 
47.000000 -15.722048 98.443064 
48.000000 -14.430724 87.414570 
49.000000 -12.996979 75.908527 
50.000000 -11.472683 64.792725 
51.000000 -9.903642 54.898247 
52.000000 -8.331885 46.083260 
53.000000 -6.797866 37.893271 
54.000000 -5.341262 30.038491 
55.000000 -4.000353 22.275212 
56.000000 -2.810601 16.515609 
57.000000 -1.803207 11.390020 
58.000000 -1.004096 3.019957 
59.000000 -0.433468 -3.737580 
60.000000 -0.105777 -0.415724 
61.000000 -0.029955 -19.470857 
62.000000 -27.823019 114.226108 
63.000000 -28.593650 140.609077 
64.000000 -26.626180 144.148642 
65.000000 -23.916051 143.506988 
66.000000 -21.763419 141.898325 
67.000000 -20.299700 144.340181 
68.000000 -19.426643 146.935439 
69.000000 -19.032962 147.662472 
70.000000 -19.017552 146.734968 
71.000000 -19.283662 144.407990 
72.000000 -19.729967 140.835305 
73.000000 -20.242113 136.101663 
74.000000 -20.687197 130.254502 
75.000000 -20.918253 123.318735 
76.000000 -20.798945 115.308609 
77.000000 -20.245767 106.248514 
78.000000 -19.256680 96.183392 
79.000000 -17.896821 85.220284 
80.000000 -16.258079 73.619161 
81.000000 -14.429817 61.907646 
82.000000 -12.491585 50.918367 
83.000000 -10.516305 41.272670 
84.000000 -8.572878 32.957784 
85.000000 -6.725307 25.433600 
86.000000 -5.030131 18.228268 
87.000000 -3.534399 13.677641 
88.000000 -2.275049 9.015572 
89.000000 -1.279451 0.929792 
90.000000 -0.566543 -1.181270 
91.000000 -0.148117 -0.047123 
92.000000 -0.029955 -19.470857 
93.000000 -27.823019 114.226108 
94.000000 -28.717839 140.734915 
95.000000 -27.437785 144.908825 
96.000000 -25.139266 145.315999 
97.000000 -23.115589 143.509677 
98.000000 -21.665968 141.237655 
99.000000 -20.761260 141.151178 
100.000000 -20.317409 141.703317 
101.000000 -20.249045 141.041468 
102.000000 -20.475376 138.952107 
103.000000 -20.917856 135.542112 
104.000000 -21.497470 130.911083 
105.000000 -22.133150 125.119519 
106.000000 -22.740923 118.207885 
107.000000 -23.229992 110.200842 
108.000000 -23.486921 101.134174 
109.000000 -23.343894 91.061053 
110.000000 -22.573261 80.085721 
111.000000 -21.010684 68.404706 
112.000000 -18.746552 56.342799 
113.000000 -16.086486 44.422382 
114.000000 -13.333887 33.451328 
115.000000 -10.686632 24.512614 
116.000000 -8.254185 17.214688 
117.000000 -6.095638 11.133595 
118.000000 -4.244144 9.222112 
119.000000 -2.719064 4.818726 
120.000000 -1.531579 -4.325234 
121.000000 -0.687290 0.380622 
122.000000 -0.187510 0.290182 
123.000000 -0.029955 -19.470857 
124.000000 -27.823019 114.226108 
125.000000 -28.786113 140.752616 
126.000000 -28.344144 145.152386 
127.000000 -26.765771 145.847283 
128.000000 -25.033482 144.214392 
129.000000 -23.625199 140.796985 
130.000000 -22.631037 137.457606 
131.000000 -22.018341 136.859819 
132.000000 -21.725945 136.577332 
133.000000 -21.688009 134.909449 
134.000000 -21.838853 131.777302 
135.000000 -22.115039 127.307647 
136.000000 -22.460863 121.596756 
137.000000 -22.839339 114.704636 
138.000000 -23.245525 106.669643 
139.000000 -23.711186 97.537068 
140.000000 -24.275071 87.373481 
141.000000 -24.841672 76.298031 
142.000000 -24.781037 64.537187 
143.000000 -22.945842 52.429205 
144.000000 -19.541827 40.439338 
145.000000 -15.826446 29.164117 
146.000000 -12.408999 19.822876 
147.000000 -9.423412 12.144814 
148.000000 -6.875780 7.832118 
149.000000 -4.750610 7.673104 
150.000000 -3.033091 2.786220 
151.000000 -1.711663 -6.947920 
152.000000 -0.776791 0.930705 
153.000000 -0.219450 0.319093 
154.000000 -0.029955 -19.470857 
155.000000 -27.823019 114.226108 
156.000000 -28.738783 140.623114 
157.000000 -29.025526 144.806341 
158.000000 -28.436185 145.144899 
159.000000 -27.330274 143.754263 
160.000000 -26.183899 143.421910 
161.000000 -25.245082 144.653886 
162.000000 -24.589383 145.158097 
163.000000 -24.217721 144.250653 
164.000000 -24.100970 141.981470 
165.000000 -24.192241 138.460963 
166.000000 -24.426656 133.770799 
167.000000 -24.720870 127.959592 
168.000000 -24.984165 121.055422 
169.000000 -25.148426 113.079305 
170.000000 -25.199869 104.061069 
171.000000 -25.162779 94.050912 
172.000000 -24.980316 83.151574 
173.000000 -24.287869 71.577518 
174.000000 -22.451007 59.720984 
175.000000 -19.433793 48.241395 
176.000000 -15.966268 37.941941 
177.000000 -12.626516 29.352487 
178.000000 -9.637284 22.011194 
179.000000 -7.057067 15.394432 
180.000000 -4.892853 11.667592 
181.000000 -3.138317 6.803686 
182.000000 -1.784476 -0.384749 
183.000000 -0.821941 0.521035 
184.000000 -0.240804 -0.061735 
185.000000 -0.029955 -19.470857 
186.000000 -27.823019 114.226108 
187.000000 -28.544770 140.399417 
188.000000 -29.118194 144.009018 
189.000000 -29.189860 143.117791 
190.000000 -28.721117 141.821720 
191.000000 -27.990252 145.365484 
192.000000 -27.275839 148.165588 
193.000000 -26.716542 148.909277 
194.000000 -26.351019 147.981227 
195.000000 -26.170950 145.656633 
196.000000 -26.141677 142.089817 
197.000000 -26.198471 137.365300 
198.000000 -26.234680 131.528100 
199.000000 -26.106416 124.601411 
200.000000 -25.681143 116.596627 
201.000000 -24.909367 107.534727 
202.000000 -23.831578 97.459075 
203.000000 -22.495048 86.493090 
204.000000 -20.877159 74.965135 
205.000000 -18.906134 63.574994 
206.000000 -16.571136 53.193283 
207.000000 -13.993703 44.039156 
208.000000 -11.368714 35.803256 
209.000000 -8.868421 28.153655 
210.000000 -6.605983 20.632340 
211.000000 -4.645041 15.043378 
212.000000 -3.018353 9.960982 
213.000000 -1.741206 2.683338 
214.000000 -0.818882 -1.040074 
215.000000 -0.250362 -0.771904 
216.000000 -0.029955 -19.470857 
217.000000 -27.823019 114.226108 
218.000000 -28.216128 140.198865 
219.000000 -28.568587 143.220654 
220.000000 -28.426906 140.035942 
221.000000 -27.714903 137.925025 
222.000000 -26.764906 146.028347 
223.000000 -25.895703 149.501504 
224.000000 -25.244623 150.365569 
225.000000 -24.831880 149.462323 
226.000000 -24.628659 147.141362 
227.000000 -24.583810 143.571835 
228.000000 -24.623158 138.841424 
229.000000 -24.636826 132.994348 
230.000000 -24.474294 126.050650 
231.000000 -23.976625 118.016224 
232.000000 -23.050612 108.906237 
233.000000 -21.716172 98.762321 
234.000000 -20.065619 87.737251 
235.000000 -18.191692 76.308869 
236.000000 -16.160487 65.440423 
237.000000 -14.026138 55.844880 
238.000000 -11.849920 47.154586 
239.000000 -9.703647 38.937791 
240.000000 -7.660547 31.066923 
241.000000 -5.785038 23.174441 
242.000000 -4.127688 16.755516 
243.000000 -2.725074 11.471065 
244.000000 -1.601954 3.812026 
245.000000 -0.773821 -3.683524 
246.000000 -0.248982 -1.505585 
247.000000 -0.029955 -19.470857 
248.000000 -27.823019 114.226108 
249.000000 -27.798782 140.139743 
250.000000 -27.693573 143.132146 
251.000000 -27.040774 139.416697 
252.000000 -25.888231 135.118210 
253.000000 -24.680474 145.530872 
254.000000 -23.746379 149.276059 
255.000000 -23.196881 150.224305 
256.000000 -23.022085 149.359943 
257.000000 -23.156949 147.060864 
258.000000 -23.500943 143.505012 
259.000000 -23.911919 138.783594 
260.000000 -24.191828 132.942473 
261.000000 -24.099576 126.002499 
262.000000 -23.439471 117.969942 
263.000000 -22.182366 108.860123 
264.000000 -20.466218 98.714579 
265.000000 -18.476727 87.685925 
266.000000 -16.361221 76.252438 
267.000000 -14.217768 65.380294 
268.000000 -12.112102 55.784721 
269.000000 -10.092085 47.095394 
270.000000 -8.194992 38.882504 
271.000000 -6.450535 31.019910 
272.000000 -4.882351 23.094820 
273.000000 -3.509230 16.652409 
274.000000 -2.346375 11.515158 
275.000000 -1.406558 3.835636 
276.000000 -0.700923 -5.023819 
277.000000 -0.239290 -1.800817 
278.000000 -0.029955 -19.470857 
279.000000 -27.823019 114.226108 
280.000000 -27.348588 140.242467 
281.000000 -26.819292 143.842874 
282.000000 -25.889353 142.479032 
283.000000 -24.639311 139.521808 
284.000000 -23.478055 143.992460 
285.000000 -22.709596 147.464121 
286.000000 -22.440459 148.464551 
287.000000 -22.659060 147.660328 
288.000000 -23.284222 145.406331 
289.000000 -24.155465 141.884016 
290.000000 -24.975480 137.189072 
291.000000 -25.285485 131.371704 
292.000000 -24.696260 124.457713 
293.000000 -23.252609 116.459728 
294.000000 -21.303547 107.399175 
295.000000 -19.140926 97.319287 
296.000000 -16.918760 86.342905 
297.000000 -14.715363 74.798389 
298.000000 -12.580639 63.389712 
299.000000 -10.553959 52.996266 
300.000000 -8.668082 43.838591 
301.000000 -6.948690 35.619779 
302.000000 -5.413341 28.009826 
303.000000 -4.071184 20.365352 
304.000000 -2.923989 14.721430 
305.000000 -1.968623 10.075826 
306.000000 -1.200685 2.620102 
307.000000 -0.618345 -3.117515 
308.000000 -0.225033 -1.504400 
309.000000 -0.029955 -19.470857 
310.000000 -27.823019 114.226108 
311.000000 -26.911785 140.412258 
312.000000 -26.094528 144.698457 
313.000000 -25.189861 144.907211 
314.000000 -24.170190 142.869369 
315.000000 -23.292172 141.706929 
316.000000 -22.828817 143.275373 
317.000000 -22.918946 144.225987 
318.000000 -23.584896 143.582423 
319.000000 -24.739705 141.470414 
320.000000 -26.066649 138.050296 
321.000000 -26.776599 133.427823 
322.000000 -26.019729 127.663296 
323.000000 -24.089904 120.790612 
324.000000 -21.790660 112.833651 
325.000000 -19.493563 103.823170 
326.000000 -17.275872 93.809127 
327.000000 -15.137840 82.893256 
328.000000 -13.077904 71.289391 
329.000000 -11.107791 59.392097 
330.000000 -9.250179 47.868689 
331.000000 -7.532373 37.535658 
332.000000 -5.980051 29.003159 
333.000000 -4.612337 21.775059 
334.000000 -3.438610 14.745614 
335.000000 -2.457421 11.108835 
336.000000 -1.658021 7.017788 
337.000000 -1.024811 -0.925987 
338.000000 -0.544011 -1.239305 
339.000000 -0.210241 -0.987227 
340.000000 -0.029955 -19.470857 
341.000000 -27.823019 114.226108 
342.000000 -26.518362 140.526756 
343.000000 -25.531526 145.159333 
344.000000 -24.857834 145.947051 
345.000000 -24.337600 144.231271 
346.000000 -23.983652 139.993808 
347.000000 -23.952675 132.994660 
348.000000 -24.374781 131.369114 
349.000000 -25.227552 133.467543 
350.000000 -26.178745 132.907744 
351.000000 -26.429769 130.323915 
352.000000 -25.353755 126.169651 
353.000000 -23.401391 120.660333 
354.000000 -21.254596 113.905802 
355.000000 -19.180290 105.967697 
356.000000 -17.209988 96.902255 
357.000000 -15.316227 86.780965 
358.000000 -13.474370 75.723880 
359.000000 -11.677704 63.958861 
360.000000 -9.937590 51.831542 
361.000000 -8.278553 39.808323 
362.000000 -6.731575 28.480466 
363.000000 -5.327299 19.490449 
364.000000 -4.090160 11.948815 
365.000000 -3.034095 6.296171 
366.000000 -2.160349 7.593086 
367.000000 -1.458070 3.784376 
368.000000 -0.908449 -8.307997 
369.000000 -0.492236 -0.408052 
370.000000 -0.198402 -0.676954 
371.000000 -0.029955 -19.470857 
372.000000 -27.823019 114.226108 
373.000000 -26.185114 140.515845 
374.000000 -25.080796 145.039922 
375.000000 -24.681709 145.673319 
376.000000 -24.819852 143.910013 
377.000000 -25.305595 140.809970 
378.000000 -25.983247 139.414183 
379.000000 -26.644387 139.964359 
380.000000 -26.864351 139.625838 
381.000000 -26.161555 137.791966 
382.000000 -24.600962 134.563994 
383.000000 -22.689287 130.067247 
384.000000 -20.779599 124.380182 
385.000000 -18.978601 117.555041 
386.000000 -17.278378 109.624304 
387.000000 -15.641166 100.629706 
388.000000 -14.033065 90.629429 
389.000000 -12.435395 79.732088 
390.000000 -10.847340 68.137325 
391.000000 -9.284388 56.169057 
392.000000 -7.774020 44.328526 
393.000000 -6.349701 33.405972 
394.000000 -5.044482 24.683961 
395.000000 -3.885371 17.398099 
396.000000 -2.889201 10.687445 
397.000000 -2.060506 9.450879 
398.000000 -1.391971 5.717425 
399.000000 -0.868045 -3.092110 
400.000000 -0.471594 -0.556164 
401.000000 -0.191813 -0.766582 
402.000000 -0.029955 -19.470857 
403.000000 -27.823019 114.226108 
404.000000 -25.922222 140.403782 
405.000000 -24.688936 144.397610 
406.000000 -24.415339 144.059554 
407.000000 -25.035354 141.754867 
408.000000 -26.433185 142.904541 
409.000000 -28.264967 145.660571 
410.000000 -29.334003 146.650735 
411.000000 -28.236855 145.904802 
412.000000 -25.917258 143.703536 
413.000000 -23.613854 140.222954 
414.000000 -21.607055 135.560679 
415.000000 -19.849055 129.771760 
416.000000 -18.249086 122.885865 
417.000000 -16.732055 114.920619 
418.000000 -15.246105 105.903012 
419.000000 -13.760953 95.880361 
420.000000 -12.265217 84.962093 
421.000000 -10.763805 73.410413 
422.000000 -9.274828 61.751648 
423.000000 -7.825535 50.799773 
424.000000 -6.447394 41.156156 
425.000000 -5.171050 32.895127 
426.000000 -4.021974 25.442298 
427.000000 -3.017422 17.894662 
428.000000 -2.165102 13.247242 
429.000000 -1.463844 9.111703 
430.000000 -0.906387 1.779633 
431.000000 -0.483935 -1.820971 
432.000000 -0.191195 -1.208556 
433.000000 -0.029955 -19.470857 
434.000000 -27.823019 114.226108 
435.000000 -25.738954 140.288868 
436.000000 -24.339806 143.575816 
437.000000 -23.934042 141.179699 
438.000000 -24.458438 137.044657 
439.000000 -25.815750 144.609099 
440.000000 -27.687952 148.396120 
441.000000 -28.862909 149.417396 
442.000000 -27.848554 148.603790 
443.000000 -25.628253 146.339308 
444.000000 -23.475365 142.809367 
445.000000 -21.643269 138.108878 
446.000000 -20.054428 132.286188 
447.000000 -18.598241 125.365732 
448.000000 -17.190868 117.356492 
449.000000 -15.781119 108.276780 
450.000000 -14.344983 98.169491 
451.000000 -12.878518 87.175650 
452.000000 -11.391927 75.706909 
453.000000 -9.905111 64.621487 
454.000000 -8.444045 54.729594 
455.000000 -7.037372 45.888996 
456.000000 -5.713170 37.705754 
457.000000 -4.496236 29.939963 
458.000000 -3.406280 22.017895 
459.000000 -2.457254 15.887143 
460.000000 -1.657799 11.169977 
461.000000 -1.012620 3.747684 
462.000000 -0.524395 -4.342237 
463.000000 -0.195639 -1.705809 
464.000000 -0.029955 -19.470857 
465.000000 -27.823019 114.226108 
466.000000 -25.646377 140.291019 
467.000000 -24.069042 143.238653 
468.000000 -23.347891 139.382358 
469.000000 -23.336011 134.078433 
470.000000 -23.824795 145.503944 
471.000000 -24.509015 149.333343 
472.000000 -24.946918 150.308877 
473.000000 -24.757125 149.458904 
474.000000 -23.955586 147.168432 
475.000000 -22.843697 143.619290 
476.000000 -21.657116 138.902696 
477.000000 -20.478473 133.064533 
478.000000 -19.303783 126.126334 
479.000000 -18.101976 118.093340 
480.000000 -16.844016 108.980018 
481.000000 -15.513452 98.828113 
482.000000 -14.108209 87.797539 
483.000000 -12.638981 76.394070 
484.000000 -11.126674 65.618937 
485.000000 -9.599598 56.134898 
486.000000 -8.090468 47.498178 
487.000000 -6.633449 39.290884 
488.000000 -5.261575 31.398890 
489.000000 -4.004892 23.373104 
490.000000 -2.889369 16.832599 
491.000000 -1.936477 11.828753 
492.000000 -1.163217 4.258920 
493.000000 -0.582375 -5.916694 
494.000000 -0.202853 -1.779481 
495.000000 -0.029955 -19.470857 
496.000000 -27.823019 114.226108 
497.000000 -25.656733 140.450321 
498.000000 -23.947455 143.749646 
499.000000 -22.905660 141.839418 
500.000000 -22.362787 139.722796 
501.000000 -22.133009 145.477643 
502.000000 -22.059285 148.810829 
503.000000 -22.022897 149.687369 
504.000000 -21.946790 148.806856 
505.000000 -21.789448 146.504135 
506.000000 -21.531298 142.949104 
507.000000 -21.161346 138.230362 
508.000000 -20.669056 132.393210 
509.000000 -20.041531 125.460356 
510.000000 -19.264093 117.439643 
511.000000 -18.322790 108.348401 
512.000000 -17.208083 98.228482 
513.000000 -15.919323 87.219614 
514.000000 -14.469100 75.732875 
515.000000 -12.885819 64.631425 
516.000000 -11.212718 54.736024 
517.000000 -9.503155 45.899308 
518.000000 -7.813974 37.702820 
519.000000 -6.199478 29.923322 
520.000000 -4.707538 22.082255 
521.000000 -3.377953 15.968124 
522.000000 -2.242382 11.092617 
523.000000 -1.325030 3.693672 
524.000000 -0.643527 -3.411473 
525.000000 -0.209673 -1.235393 
526.000000 -0.029955 -19.470857 
527.000000 -27.823019 114.226108 
528.000000 -25.780322 140.690622 
529.000000 -24.050375 144.618060 
530.000000 -22.831873 144.514752 
531.000000 -22.005046 143.097759 
532.000000 -21.452099 144.410345 
533.000000 -21.098015 146.597029 
534.000000 -20.898213 147.283008 
535.000000 -20.819087 146.381959 
536.000000 -20.824819 144.090515 
537.000000 -20.872795 140.551198 
538.000000 -20.914570 135.847069 
539.000000 -20.898412 130.025883 
540.000000 -20.770720 123.113327 
541.000000 -20.475897 115.124405 
542.000000 -19.956489 106.084213 
543.000000 -19.157647 96.038352 
544.000000 -18.040062 85.094522 
545.000000 -16.599567 73.513054 
546.000000 -14.880517 61.820296 
547.000000 -12.969126 50.840817 
548.000000 -10.969922 41.183554 
549.000000 -8.982213 32.868504 
550.000000 -7.087709 25.388834 
551.000000 -5.348560 18.086661 
552.000000 -3.810429 13.322804 
553.000000 -2.506600 8.768553 
554.000000 -1.461407 1.526853 
555.000000 -0.692589 -0.821621 
556.000000 -0.212729 -0.428025 
557.000000 -0.029955 -19.470857 
558.000000 -27.823019 114.226108 
559.000000 -26.021236 140.884252 
560.000000 -24.432998 145.222209 
561.000000 -23.264349 145.873311 
562.000000 -22.470674 144.420846 
563.000000 -21.988576 142.284830 
564.000000 -21.767941 141.582001 
565.000000 -21.762369 141.678440 
566.000000 -21.918071 140.875374 
567.000000 -22.170152 138.756214 
568.000000 -22.446540 135.350946 
569.000000 -22.676530 130.735931 
570.000000 -22.798552 124.964479 
571.000000 -22.761192 118.074970 
572.000000 -22.515479 110.091837 
573.000000 -22.003994 101.051395 
574.000000 -21.159318 91.007662 
575.000000 -19.924928 80.065620 
576.000000 -18.294262 68.421633 
577.000000 -16.334484 56.397455 
578.000000 -14.167181 44.503899 
579.000000 -11.925172 33.540177 
580.000000 -9.721605 24.609892 
581.000000 -7.641405 17.243209 
582.000000 -5.745266 11.155614 
583.000000 -4.076554 9.220693 
584.000000 -2.667045 4.702318 
585.000000 -1.540810 -3.823357 
586.000000 -0.716588 0.513076 
587.000000 -0.209142 0.203218 
588.000000 -0.029955 -19.470857 
589.000000 -27.823019 114.226108 
590.000000 -26.372947 140.946134 
591.000000 -25.116120 145.281172 
592.000000 -24.257050 145.950554 
593.000000 -23.829499 144.239604 
594.000000 -23.826876 140.476092 
595.000000 -24.225230 136.195503 
596.000000 -24.970194 135.519534 
597.000000 -25.944562 135.706531 
598.000000 -26.923958 134.315575 
599.000000 -27.577025 131.334333 
600.000000 -27.624182 126.953939 
601.000000 -27.055591 121.299376 
602.000000 -26.069425 114.443647 
603.000000 -24.843901 106.431191 
604.000000 -23.454421 97.309972 
605.000000 -21.908234 87.147437 
606.000000 -20.191345 76.063043 
607.000000 -18.299057 64.284959 
608.000000 -16.251666 52.155980 
609.000000 -14.097117 40.146486 
610.000000 -11.902855 28.887505 
611.000000 -9.742927 19.644394 
612.000000 -7.687157 11.900500 
613.000000 -5.795470 7.589451 
614.000000 -4.116659 7.748969 
615.000000 -2.689560 3.052781 
616.000000 -1.544978 -8.144118 
617.000000 -0.707532 0.820026 
618.000000 -0.197111 0.449394 
619.000000 -0.029955 -19.470857 
620.000000 -27.823019 114.226108 
621.000000 -26.814412 140.867419 
622.000000 -26.074390 144.766538 
623.000000 -25.776436 144.771088 
624.000000 -26.004819 142.741518 
625.000000 -26.787654 142.155322 
626.000000 -28.027033 143.920642 
627.000000 -29.241120 144.764621 
628.000000 -29.406909 144.015198 
629.000000 -28.166653 141.825524 
630.000000 -26.411440 138.348846 
631.000000 -24.797950 133.684327 
632.000000 -23.461436 127.888261 
633.000000 -22.338939 120.992332 
634.000000 -21.321203 113.019357 
635.000000 -20.299493 103.999936 
636.000000 -19.183496 93.984572 
637.000000 -17.911029 83.076161 
638.000000 -16.452298 71.489762 
639.000000 -14.809469 59.618936 
640.000000 -13.013397 48.128233 
641.000000 -11.118116 37.848702 
642.000000 -9.192525 29.301744 
643.000000 -7.310417 21.922627 
644.000000 -5.541758 15.285157 
645.000000 -3.947459 11.817956 
646.000000 -2.577700 7.161841 
647.000000 -1.472585 -0.994549 
648.000000 -0.663778 0.176346 
649.000000 -0.176277 0.303469 
650.000000 -0.029955 -19.470857 
651.000000 -27.823019 114.226108 
652.000000 -27.307473 140.724390 
653.000000 -27.216106 143.876956 
654.000000 -27.652002 142.283248 
655.000000 -28.573569 140.277999 
656.000000 -29.542016 144.994401 
657.000000 -29.460489 148.147189 
658.000000 -27.856832 148.973781 
659.000000 -25.737826 148.067398 
660.000000 -23.860976 145.746616 
661.000000 -22.386803 142.177537 
662.000000 -21.261598 137.448508 
663.000000 -20.382248 131.605903 
664.000000 -19.639090 124.673442 
665.000000 -18.928356 116.662611 
666.000000 -18.160089 107.594355 
667.000000 -17.265464 97.511903 
668.000000 -16.201153 86.538632 
669.000000 -14.949222 75.003634 
670.000000 -13.514769 63.609294 
671.000000 -11.924259 53.231409 
672.000000 -10.224077 44.101357 
673.000000 -8.476334 35.886111 
674.000000 -6.751068 28.176955 
675.000000 -5.117519 20.674187 
676.000000 -3.637717 15.381620 
677.000000 -2.363580 10.326859 
678.000000 -1.336739 2.182727 
679.000000 -0.589775 -1.583963 
680.000000 -0.147812 -0.069820 
681.000000 -0.029955 -19.470857 
682.000000 -27.823019 114.226108 
683.000000 -27.797373 140.635913 
684.000000 -28.348747 143.159994 
685.000000 -29.456603 139.377786 
686.000000 -30.556874 138.930976 
687.000000 -30.281656 146.771025 
688.000000 -28.390434 150.017115 
689.000000 -26.203510 150.765503 
690.000000 -24.403735 149.791692 
691.000000 -23.063471 147.422569 
692.000000 -22.087322 143.817720 
693.000000 -21.346643 139.060066 
694.000000 -20.709535 133.191190 
695.000000 -20.054949 126.229494 
696.000000 -19.289156 118.179735 
697.000000 -18.358429 109.056216 
698.000000 -17.247412 98.899749 
699.000000 -15.964650 87.862595 
700.000000 -14.528258 76.424151 
701.000000 -12.961253 65.554128 
702.000000 -11.295006 55.970098 
703.000000 -9.573173 47.306092 
704.000000 -7.850513 39.105710 
705.000000 -6.186801 31.168494 
706.000000 -4.639702 23.303923 
707.000000 -3.259805 17.232825 
708.000000 -2.088622 11.838674 
709.000000 -1.158678 3.249626 
710.000000 -0.494576 -4.028014 
711.000000 -0.114244 -0.347916 
712.000000 -0.029955 -19.470857 
713.000000 -27.823019 114.226108 
714.000000 -28.219969 140.690943 
715.000000 -29.163219 143.266789 
716.000000 -30.436330 140.172079 
717.000000 -31.138739 140.687037 
718.000000 -30.332241 147.270867 
719.000000 -28.650253 150.274012 
720.000000 -27.071554 150.936385 
721.000000 -25.908805 149.919997 
722.000000 -25.134419 147.525403 
723.000000 -24.608803 143.903352 
724.000000 -24.141675 139.133004 
725.000000 -23.531012 133.254038 
726.000000 -22.632346 126.283787 
727.000000 -21.416434 118.226295 
728.000000 -19.946783 109.095251 
729.000000 -18.307169 98.930837 
730.000000 -16.557276 87.884559 
731.000000 -14.732070 76.435923 
732.000000 -12.858640 65.558613 
733.000000 -10.969780 55.974288 
734.000000 -9.107871 47.313302 
735.000000 -7.321164 39.115590 
736.000000 -5.657523 31.170547 
737.000000 -4.159410 23.299557 
738.000000 -2.861359 17.272607 
739.000000 -1.789450 11.874704 
740.000000 -0.961878 3.196530 
741.000000 -0.389942 -3.967383 
742.000000 -0.079093 -0.224450 
743.000000 -0.029955 -19.470857 
744.000000 -27.823019 114.226108 
745.000000 -28.518377 140.871255 
746.000000 -29.355234 144.085271 
747.000000 -30.018115 143.181573 
748.000000 -30.340406 142.885251 
749.000000 -30.459689 146.509606 
750.000000 -30.493065 148.991612 
751.000000 -30.355694 149.541324 
752.000000 -29.945442 148.493949 
753.000000 -29.314869 146.088798 
754.000000 -28.562225 142.463171 
755.000000 -27.671269 137.692903 
756.000000 -26.523895 131.818126 
757.000000 -25.032847 124.858961 
758.000000 -23.229608 116.824636 
759.000000 -21.220432 107.734381 
760.000000 -19.104184 97.629846 
761.000000 -16.943848 86.632775 
762.000000 -14.778899 75.071174 
763.000000 -12.642674 63.650650 
764.000000 -10.570958 53.256436 
765.000000 -8.602561 44.124142 
766.000000 -6.776216 35.913470 
767.000000 -5.127070 28.170907 
768.000000 -3.684159 20.664950 
769.000000 -2.469063 15.517155 
770.000000 -1.495442 10.386200 
771.000000 -0.769132 1.924740 
772.000000 -0.288686 -1.412436 
773.000000 -0.046389 0.268478 
774.000000 -0.029955 -19.470857 
775.000000 -27.823019 114.226108 
776.000000 -28.664792 141.066410 
777.000000 -28.891173 144.923174 
778.000000 -28.546377 145.208206 
779.000000 -28.434107 144.205389 
780.000000 -29.188213 144.509841 
781.000000 -31.021070 145.746962 
782.000000 -33.148828 146.049271 
783.000000 -32.604974 144.977421 
784.000000 -29.847576 142.590691 
785.000000 -27.413938 138.983960 
786.000000 -25.643348 134.227169 
787.000000 -24.273362 128.361540 
788.000000 -23.007614 121.410317 
789.000000 -21.614600 113.390968 
790.000000 -19.978393 104.330563 
791.000000 -18.104133 94.276826 
792.000000 -16.067801 83.330328 
793.000000 -13.959619 71.703999 
794.000000 -11.857205 59.789332 
795.000000 -9.822257 48.247872 
796.000000 -7.904439 37.927234 
797.000000 -6.144628 29.370395 
798.000000 -4.576140 21.860352 
799.000000 -3.224657 15.274429 
800.000000 -2.107637 12.037980 
801.000000 -1.233674 7.065705 
802.000000 -0.602146 -1.793310 
803.000000 -0.203433 0.494687 
804.000000 -0.020149 0.804742 
805.000000 -0.029955 -19.470857 
806.000000 -27.823019 114.226108 
807.000000 -28.673652 141.161389 
808.000000 -28.047301 145.322661 
809.000000 -26.767659 145.998486 
810.000000 -26.064279 144.620337 
811.000000 -26.337259 142.148868 
812.000000 -27.483573 140.298281 
813.000000 -28.641842 139.609967 
814.000000 -28.089477 138.574161 
815.000000 -26.027734 136.384382 
816.000000 -23.942120 132.929984 
817.000000 -22.285745 128.250819 
818.000000 -20.978246 122.394131 
819.000000 -19.837403 115.393621 
820.000000 -18.689123 107.272312 
821.000000 -17.406159 98.065416 
822.000000 -15.930305 87.831412 
823.000000 -14.272105 76.682481 
824.000000 -12.487787 64.840342 
825.000000 -10.650720 52.642020 
826.000000 -8.832469 40.543736 
827.000000 -7.095063 29.219306 
828.000000 -5.489441 19.980438 
829.000000 -4.055815 11.491898 
830.000000 -2.824055 7.884743 
831.000000 -1.813674 8.216335 
832.000000 -1.033547 2.878118 
833.000000 -0.481686 -10.308749 
834.000000 -0.145589 1.334237 
835.000000 -0.003859 1.093365 
836.000000 -0.029955 -19.470857 
837.000000 -27.823019 114.226108 
838.000000 -28.594744 141.095222 
839.000000 -27.151431 145.138448 
840.000000 -25.160066 145.636548 
841.000000 -23.888232 144.239173 
842.000000 -23.477692 142.680990 
843.000000 -23.712593 142.565738 
844.000000 -24.128245 142.651170 
845.000000 -24.060900 141.671379 
846.000000 -23.196499 139.395539 
847.000000 -21.879202 135.870507 
848.000000 -20.518651 131.164128 
849.000000 -19.260944 125.321753 
850.000000 -18.083441 118.376325 
851.000000 -16.908752 110.349279 
852.000000 -15.662505 101.275656 
853.000000 -14.299945 91.209658 
854.000000 -12.814532 80.257732 
855.000000 -11.233088 68.618325 
856.000000 -9.603392 56.612547 
857.000000 -7.981257 44.740260 
858.000000 -6.421301 33.825431 
859.000000 -4.971853 24.974765 
860.000000 -3.672631 17.334863 
861.000000 -2.553749 11.674876 
862.000000 -1.635204 10.142747 
863.000000 -0.926516 5.239010 
864.000000 -0.426595 -3.806419 
865.000000 -0.124248 1.233808 
866.000000 0.000000 1.005384 
867.000000 -0.029955 -19.470857 
868.000000 -27.823019 114.226108 
869.000000 -28.491409 140.890583 
870.000000 -26.421461 144.414245 
871.000000 -23.935791 144.079384 
872.000000 -22.223077 143.138455 
873.000000 -21.298813 145.236469 
874.000000 -20.969109 147.404169 
875.000000 -20.990920 147.939432 
876.000000 -21.079898 146.917412 
877.000000 -20.964229 144.537194 
878.000000 -20.502172 140.931922 
879.000000 -19.725216 136.177765 
880.000000 -18.739002 130.318251 
881.000000 -17.620888 123.376534 
882.000000 -16.399793 115.366217 
883.000000 -15.079981 106.311786 
884.000000 -13.665559 96.258845 
885.000000 -12.172513 85.315611 
886.000000 -10.629920 73.743117 
887.000000 -9.075647 62.066177 
888.000000 -7.550959 51.103166 
889.000000 -6.096218 41.480997 
890.000000 -4.748058 33.200550 
891.000000 -3.537642 25.568708 
892.000000 -2.489539 18.356927 
893.000000 -1.620938 14.122752 
894.000000 -0.941107 9.215793 
895.000000 -0.451229 1.129969 
896.000000 -0.144895 0.089633 
897.000000 -0.009658 0.566948 
898.000000 -0.029955 -19.470857 
899.000000 -27.823019 114.226108 
900.000000 -28.418859 140.641560 
901.000000 -25.970867 143.437823 
902.000000 -23.180050 141.263138 
903.000000 -21.173185 141.464078 
904.000000 -19.917077 146.972078 
905.000000 -19.238584 149.817529 
906.000000 -18.972451 150.441284 
907.000000 -18.959637 149.411041 
908.000000 -19.036252 147.009315 
909.000000 -19.037105 143.383991 
910.000000 -18.820818 138.612975 
911.000000 -18.304709 132.735845 
912.000000 -17.479636 125.772012 
913.000000 -16.390639 117.727302 
914.000000 -15.103788 108.617823 
915.000000 -13.683571 98.484599 
916.000000 -12.185127 87.466865 
917.000000 -10.654421 75.975560 
918.000000 -9.130533 64.873756 
919.000000 -7.647702 54.983799 
920.000000 -6.236572 46.172704 
921.000000 -4.924667 37.995548 
922.000000 -3.736270 30.111267 
923.000000 -2.691950 22.323517 
924.000000 -1.807965 16.685014 
925.000000 -1.095775 11.447496 
926.000000 -0.561871 3.018511 
927.000000 -0.208052 -2.304865 
928.000000 -0.032269 -0.033665 
929.000000 -0.029955 -19.470857 
930.000000 -27.823019 114.226108 
931.000000 -28.411216 140.479858 
932.000000 -25.850681 142.864227 
933.000000 -22.923680 138.669046 
934.000000 -20.760936 139.934631 
935.000000 -19.330388 147.418374 
936.000000 -18.470458 150.489225 
937.000000 -18.036654 151.154647 
938.000000 -17.900705 150.133461 
939.000000 -17.937225 147.732783 
940.000000 -18.015551 144.105988 
941.000000 -18.002493 139.331277 
942.000000 -17.780256 133.447730 
943.000000 -17.274230 126.472901 
944.000000 -16.470843 118.409450 
945.000000 -15.409005 109.269918 
946.000000 -14.153267 99.094219 
947.000000 -12.769746 88.040350 
948.000000 -11.314877 76.614103 
949.000000 -9.834078 65.825211 
950.000000 -8.364469 56.347757 
951.000000 -6.937998 47.739018 
952.000000 -5.583601 39.542027 
953.000000 -4.328158 31.559643 
954.000000 -3.196539 23.610962 
955.000000 -2.211144 17.507614 
956.000000 -1.391326 12.143345 
957.000000 -0.752953 3.511855 
958.000000 -0.308204 -4.854327 
959.000000 -0.065565 -0.450946 
960.000000 -0.029955 -19.470857 
