far field @z=0.150000
freq=27000000000.000000
sampling point=1024
x,y,z,realEx,realEy,realEz,imgEx,imgEy,imgEz
-0.019375,-0.019375,0.150000,-31.277040,0.364857,-3.714125,14.665748,0.712348,2.110410
-0.019375,-0.018125,0.150000,-32.668932,0.257596,-3.922985,11.826555,0.725309,1.759633
-0.019375,-0.016875,0.150000,-33.743128,0.155621,-4.088995,9.047070,0.723346,1.411840
-0.019375,-0.015625,0.150000,-34.535902,0.060439,-4.216384,6.367709,0.708546,1.072986
-0.019375,-0.014375,0.150000,-35.085389,-0.026922,-4.309783,3.821106,0.683005,0.747983
-0.019375,-0.013125,0.150000,-35.430183,-0.105861,-4.374011,1.432789,0.648753,0.440771
-0.019375,-0.011875,0.150000,-35.608191,-0.176142,-4.413907,-0.778009,0.607698,0.154410
-0.019375,-0.010625,0.150000,-35.655714,-0.237836,-4.434181,-2.797463,0.561588,-0.108818
-0.019375,-0.009375,0.150000,-35.606748,-0.291257,-4.439308,-4.616250,0.511990,-0.347289
-0.019375,-0.008125,0.150000,-35.492466,-0.336911,-4.433437,-6.228650,0.460278,-0.559920
-0.019375,-0.006875,0.150000,-35.340858,-0.375447,-4.420335,-7.631697,0.407632,-0.746060
-0.019375,-0.005625,0.150000,-35.176486,-0.407608,-4.403337,-8.824395,0.355050,-0.905379
-0.019375,-0.004375,0.150000,-35.020348,-0.434197,-4.385325,-9.807020,0.303357,-1.037776
-0.019375,-0.003125,0.150000,-34.889799,-0.456048,-4.368706,-10.580513,0.253226,-1.143288
-0.019375,-0.001875,0.150000,-34.798519,-0.473994,-4.355407,-11.145978,0.205197,-1.222024
-0.019375,-0.000625,0.150000,-34.756505,-0.488851,-4.346871,-11.504277,0.159704,-1.274105
-0.019375,0.000625,0.150000,-34.770071,-0.501402,-4.344055,-11.655742,0.117089,-1.299619
-0.019375,0.001875,0.150000,-34.841845,-0.512383,-4.347431,-11.599991,0.077633,-1.298594
-0.019375,0.003125,0.150000,-34.970750,-0.522471,-4.356986,-11.335847,0.041570,-1.270983
-0.019375,0.004375,0.150000,-35.151974,-0.532278,-4.372222,-10.861379,0.009111,-1.216662
-0.019375,0.005625,0.150000,-35.376925,-0.542345,-4.392152,-10.174043,-0.019545,-1.135449
-0.019375,0.006875,0.150000,-35.633181,-0.553132,-4.415298,-9.270942,-0.044187,-1.027130
-0.019375,0.008125,0.150000,-35.904440,-0.565011,-4.439693,-8.149198,-0.064589,-0.891504
-0.019375,0.009375,0.150000,-36.170493,-0.578263,-4.462874,-6.806437,-0.080495,-0.728444
-0.019375,0.010625,0.150000,-36.407234,-0.593063,-4.481899,-5.241383,-0.091617,-0.537968
-0.019375,0.011875,0.150000,-36.586731,-0.609477,-4.493353,-3.454568,-0.097631,-0.320324
-0.019375,0.013125,0.150000,-36.677392,-0.627446,-4.493378,-1.449134,-0.098180,-0.076093
-0.019375,0.014375,0.150000,-36.644254,-0.646780,-4.477711,0.768273,-0.092881,0.193707
-0.019375,0.015625,0.150000,-36.449421,-0.667142,-4.441750,3.186541,-0.081334,0.487499
-0.019375,0.016875,0.150000,-36.052701,-0.688041,-4.380633,5.789096,-0.063146,0.803033
-0.019375,0.018125,0.150000,-35.412459,-0.708822,-4.289352,8.552898,-0.037945,1.137260
-0.019375,0.019375,0.150000,-34.486726,-0.728657,-4.162895,11.447485,-0.005413,1.486223
-0.018125,-0.019375,0.150000,-32.544705,0.272625,-3.632417,12.122945,0.740715,1.701564
-0.018125,-0.018125,0.150000,-33.704067,0.164160,-3.802061,9.160027,0.741853,1.356355
-0.018125,-0.016875,0.150000,-34.549344,0.062484,-3.931511,6.283490,0.728660,1.017141
-0.018125,-0.015625,0.150000,-35.120333,-0.031113,-4.025203,3.530905,0.703380,0.689225
-0.018125,-0.014375,0.150000,-35.458055,-0.115818,-4.087871,0.931860,0.668216,0.376896
-0.018125,-0.013125,0.150000,-35.603393,-0.191243,-4.124362,-1.491242,0.625262,0.083506
-0.018125,-0.011875,0.150000,-35.596014,-0.257349,-4.139467,-3.722266,0.576455,-0.188428
-0.018125,-0.010625,0.150000,-35.473519,-0.314390,-4.137805,-5.750385,0.523541,-0.437115
-0.018125,-0.009375,0.150000,-35.270811,-0.362845,-4.123717,-7.569101,0.468061,-0.661371
-0.018125,-0.008125,0.150000,-35.019657,-0.403364,-4.101199,-9.175305,0.411342,-0.860499
-0.018125,-0.006875,0.150000,-34.748391,-0.436719,-4.073851,-10.568391,0.354506,-1.034183
-0.018125,-0.005625,0.150000,-34.481743,-0.463759,-4.044841,-11.749448,0.298480,-1.182380
-0.018125,-0.004375,0.150000,-34.240752,-0.485373,-4.016895,-12.720548,0.244015,-1.305226
-0.018125,-0.003125,0.150000,-34.042745,-0.502462,-3.992276,-13.484128,0.191707,-1.402956
-0.018125,-0.001875,0.150000,-33.901345,-0.515915,-3.972794,-14.042481,0.142020,-1.475838
-0.018125,-0.000625,0.150000,-33.826501,-0.526589,-3.959799,-14.397358,0.095309,-1.524112
-0.018125,0.000625,0.150000,-33.824510,-0.535297,-3.954188,-14.549670,0.051849,-1.547952
-0.018125,0.001875,0.150000,-33.898034,-0.542794,-3.956409,-14.499302,0.011852,-1.547439
-0.018125,0.003125,0.150000,-34.046086,-0.549771,-3.966459,-14.245039,-0.024508,-1.522547
-0.018125,0.004375,0.150000,-34.264001,-0.556850,-3.983887,-13.784598,-0.057077,-1.473140
-0.018125,0.005625,0.150000,-34.543379,-0.564573,-4.007788,-13.114767,-0.085701,-1.398988
-0.018125,0.006875,0.150000,-34.872016,-0.573404,-4.036805,-12.231661,-0.110213,-1.299796
-0.018125,0.008125,0.150000,-35.233822,-0.583715,-4.069117,-11.131092,-0.130421,-1.175241
-0.018125,0.009375,0.150000,-35.608757,-0.595787,-4.102440,-9.809052,-0.146097,-1.025028
-0.018125,0.010625,0.150000,-35.972792,-0.609797,-4.134030,-8.262308,-0.156973,-0.848961
-0.018125,0.011875,0.150000,-36.297924,-0.625811,-4.160684,-6.489120,-0.162739,-0.647024
-0.018125,0.013125,0.150000,-36.552276,-0.643776,-4.178764,-4.490058,-0.163044,-0.419471
-0.018125,0.014375,0.150000,-36.700310,-0.663505,-4.184222,-2.268919,-0.157501,-0.166936
-0.018125,0.015625,0.150000,-36.703196,-0.684670,-4.172650,0.166274,-0.145704,0.109458
-0.018125,0.016875,0.150000,-36.519356,-0.706786,-4.139348,2.802219,-0.127235,0.407977
-0.018125,0.018125,0.150000,-36.105248,-0.729205,-4.079421,5.619265,-0.101697,0.726157
-0.018125,0.019375,0.150000,-35.416389,-0.751108,-3.987904,8.590363,-0.068735,1.060691
-0.016875,-0.019375,0.150000,-33.542492,0.183389,-3.498980,9.659490,0.757125,1.339530
-0.016875,-0.018125,0.150000,-34.475504,0.074945,-3.633592,6.598164,0.747000,1.005002
-0.016875,-0.016875,0.150000,-35.099760,-0.025356,-3.730859,3.647925,0.723241,0.678836
-0.016875,-0.015625,0.150000,-35.458148,-0.116438,-3.795312,0.843418,0.688219,0.365715
-0.016875,-0.014375,0.150000,-35.594161,-0.197706,-3.831696,-1.788834,0.644216,0.069344
-0.016875,-0.013125,0.150000,-35.550597,-0.268974,-3.844794,-4.229518,0.593368,-0.207466
-0.016875,-0.011875,0.150000,-35.368538,-0.330396,-3.839283,-6.465532,0.537622,-0.462686
-0.016875,-0.010625,0.150000,-35.086575,-0.382397,-3.819623,-8.488946,0.478703,-0.694962
-0.016875,-0.009375,0.150000,-34.740251,-0.425608,-3.789976,-10.295976,0.418113,-0.903489
-0.016875,-0.008125,0.150000,-34.361691,-0.460813,-3.754140,-11.886000,0.357122,-1.087905
-0.016875,-0.006875,0.150000,-33.979373,-0.488895,-3.715517,-13.260646,0.296786,-1.248176
-0.016875,-0.005625,0.150000,-33.618024,-0.510796,-3.677083,-14.422966,0.237955,-1.384494
-0.016875,-0.004375,0.150000,-33.298586,-0.527480,-3.641384,-15.376714,0.181303,-1.497195
-0.016875,-0.003125,0.150000,-33.038241,-0.539906,-3.610529,-16.125726,0.127347,-1.586675
-0.016875,-0.001875,0.150000,-32.850469,-0.549009,-3.586194,-16.673407,0.076474,-1.653326
-0.016875,-0.000625,0.150000,-32.745099,-0.555678,-3.569630,-17.022335,0.028966,-1.697487
-0.016875,0.000625,0.150000,-32.728367,-0.560746,-3.561667,-17.173962,-0.014973,-1.719405
-0.016875,0.001875,0.150000,-32.802939,-0.564984,-3.562723,-17.128432,-0.055194,-1.719205
-0.016875,0.003125,0.150000,-32.967912,-0.569090,-3.572801,-16.884504,-0.091580,-1.696882
-0.016875,0.004375,0.150000,-33.218778,-0.573688,-3.591496,-16.439580,-0.124028,-1.652297
-0.016875,0.005625,0.150000,-33.547362,-0.579321,-3.617987,-15.789842,-0.152428,-1.585190
-0.016875,0.006875,0.150000,-33.941732,-0.586449,-3.651034,-14.930508,-0.176651,-1.495207
-0.016875,0.008125,0.150000,-34.386092,-0.595443,-3.688973,-13.856187,-0.196534,-1.381935
-0.016875,0.009375,0.150000,-34.860677,-0.606578,-3.729706,-12.561363,-0.211875,-1.244955
-0.016875,0.010625,0.150000,-35.341676,-0.620031,-3.770702,-11.040993,-0.222423,-1.083903
-0.016875,0.011875,0.150000,-35.801187,-0.635868,-3.808993,-9.291217,-0.227877,-0.898549
-0.016875,0.013125,0.150000,-36.207260,-0.654034,-3.841187,-7.310191,-0.227890,-0.688883
-0.016875,0.014375,0.150000,-36.524036,-0.674346,-3.863488,-5.099020,-0.222072,-0.455217
-0.016875,0.015625,0.150000,-36.712044,-0.696479,-3.871734,-2.662786,-0.210004,-0.198287
-0.016875,0.016875,0.150000,-36.728667,-0.719955,-3.861448,-0.011640,-0.191250,0.080622
-0.016875,0.018125,0.150000,-36.528839,-0.744131,-3.827925,2.838061,-0.165386,0.379568
-0.016875,0.019375,0.150000,-36.065998,-0.768192,-3.766332,5.862632,-0.132018,0.695830
-0.015625,-0.019375,0.150000,-34.303683,0.098521,-3.323469,7.308383,0.763167,1.026156
-0.015625,-0.018125,0.150000,-35.019735,-0.008873,-3.427471,4.171026,0.742462,0.706511
-0.015625,-0.016875,0.150000,-35.433653,-0.106916,-3.497080,1.167394,0.708894,0.396985
-0.015625,-0.015625,0.150000,-35.591002,-0.194749,-3.536826,-1.670799,0.664929,0.101678
-0.015625,-0.014375,0.150000,-35.537368,-0.271984,-3.551378,-4.320049,0.612909,-0.176244
-0.015625,-0.013125,0.150000,-35.317119,-0.338632,-3.545383,-6.764049,0.554993,-0.434453
-0.015625,-0.011875,0.150000,-34.972448,-0.395025,-3.523342,-8.992617,0.493115,-0.671352
-0.015625,-0.010625,0.150000,-34.542667,-0.441749,-3.489510,-11.000586,0.428972,-0.885962
-0.015625,-0.009375,0.150000,-34.063728,-0.479577,-3.447826,-12.786742,0.364011,-1.077806
-0.015625,-0.008125,0.150000,-33.567915,-0.509411,-3.401862,-14.352799,0.299441,-1.246795
-0.015625,-0.006875,0.150000,-33.083688,-0.532236,-3.354796,-15.702474,0.236243,-1.393126
-0.015625,-0.005625,0.150000,-32.635628,-0.549074,-3.309395,-16.840647,0.175190,-1.517184
-0.015625,-0.004375,0.150000,-32.244468,-0.560953,-3.268012,-17.772630,0.116876,-1.619458
-0.015625,-0.003125,0.150000,-31.927159,-0.568883,-3.232589,-18.503550,0.061739,-1.700470
-0.015625,-0.001875,0.150000,-31.696963,-0.573832,-3.204665,-19.037840,0.010090,-1.760710
-0.015625,-0.000625,0.150000,-31.563539,-0.576715,-3.185384,-19.378839,-0.037860,-1.800595
-0.015625,0.000625,0.150000,-31.533020,-0.578381,-3.175506,-19.528499,-0.081973,-1.820426
-0.015625,0.001875,0.150000,-31.608056,-0.579608,-3.175414,-19.487211,-0.122160,-1.820366
-0.015625,0.003125,0.150000,-31.787816,-0.581097,-3.185116,-19.253716,-0.158358,-1.800432
-0.015625,0.004375,0.150000,-32.067956,-0.583471,-3.204248,-18.825139,-0.190509,-1.760489
-0.015625,0.005625,0.150000,-32.440547,-0.587268,-3.232071,-18.197124,-0.218544,-1.700262
-0.015625,0.006875,0.150000,-32.893966,-0.592943,-3.267465,-17.364074,-0.242367,-1.619362
-0.015625,0.008125,0.150000,-33.412768,-0.600861,-3.308921,-16.319510,-0.261842,-1.517316
-0.015625,0.009375,0.150000,-33.977547,-0.611292,-3.354533,-15.056545,-0.276785,-1.393615
-0.015625,0.010625,0.150000,-34.564814,-0.624408,-3.401988,-13.568473,-0.286961,-1.247776
-0.015625,0.011875,0.150000,-35.146907,-0.640271,-3.448567,-11.849485,-0.292075,-1.079405
-0.015625,0.013125,0.150000,-35.691974,-0.658826,-3.491146,-9.895500,-0.291780,-0.888284
-0.015625,0.014375,0.150000,-36.164046,-0.679890,-3.526207,-7.705112,-0.285681,-0.674465
-0.015625,0.015625,0.150000,-36.523264,-0.703139,-3.549871,-5.280636,-0.273347,-0.438367
-0.015625,0.016875,0.150000,-36.726267,-0.728098,-3.557933,-2.629242,-0.254323,-0.180889
-0.015625,0.018125,0.150000,-36.726812,-0.754128,-3.545939,0.235869,-0.228157,0.096478
-0.015625,0.019375,0.150000,-36.476650,-0.780416,-3.509267,3.294265,-0.194422,0.391536
-0.014375,-0.019375,0.150000,-34.862303,0.019034,-3.114614,5.096184,0.760471,0.761596
-0.014375,-0.018125,0.150000,-35.373402,-0.086478,-3.192498,1.902119,0.729953,0.460206
-0.014375,-0.016875,0.150000,-35.589874,-0.181575,-3.238974,-1.137688,0.687384,0.170119
-0.014375,-0.015625,0.150000,-35.559581,-0.265609,-3.258481,-3.994400,0.635308,-0.105104
-0.014375,-0.014375,0.150000,-35.329859,-0.338391,-3.255539,-6.647433,0.576104,-0.362778
-0.014375,-0.013125,0.150000,-34.946338,-0.400116,-3.234600,-9.083360,0.511932,-0.601004
-0.014375,-0.011875,0.150000,-34.452056,-0.451287,-3.199939,-11.294762,0.444707,-0.818557
-0.014375,-0.010625,0.150000,-33.886819,-0.492635,-3.155566,-13.279077,0.376080,-1.014775
-0.014375,-0.009375,0.150000,-33.286794,-0.525061,-3.105168,-15.037486,0.307441,-1.189447
-0.014375,-0.008125,0.150000,-32.684263,-0.549576,-3.052068,-16.573878,0.239928,-1.342708
-0.014375,-0.006875,0.150000,-32.107534,-0.567252,-2.999204,-17.893897,0.174446,-1.474933
-0.014375,-0.005625,0.150000,-31.580940,-0.579181,-2.949121,-19.004104,0.111689,-1.586655
-0.014375,-0.004375,0.150000,-31.124918,-0.586447,-2.903974,-19.911239,0.052172,-1.678477
-0.014375,-0.003125,0.150000,-30.756117,-0.590099,-2.865532,-20.621609,-0.003745,-1.751013
-0.014375,-0.001875,0.150000,-30.487531,-0.591134,-2.835194,-21.140582,-0.055825,-1.804827
-0.014375,-0.000625,0.150000,-30.328609,-0.590483,-2.813994,-21.472192,-0.103923,-1.840387
-0.014375,0.000625,0.150000,-30.285353,-0.589006,-2.802620,-21.618852,-0.147965,-1.858039
-0.014375,0.001875,0.150000,-30.360375,-0.587484,-2.801418,-21.581177,-0.187917,-1.857977
-0.014375,0.003125,0.150000,-30.552907,-0.586618,-2.810397,-21.357903,-0.223764,-1.840237
-0.014375,0.004375,0.150000,-30.858770,-0.587024,-2.829233,-20.945917,-0.255493,-1.804695
-0.014375,0.005625,0.150000,-31.270290,-0.589235,-2.857266,-20.340380,-0.283067,-1.751075
-0.014375,0.006875,0.150000,-31.776175,-0.593697,-2.893492,-19.534972,-0.306421,-1.678973
-0.014375,0.008125,0.150000,-32.361368,-0.600768,-2.936555,-18.522241,-0.325440,-1.587883
-0.014375,0.009375,0.150000,-33.006878,-0.610711,-2.984739,-17.294060,-0.339958,-1.477245
-0.014375,0.010625,0.150000,-33.689616,-0.623690,-3.035956,-15.842223,-0.349747,-1.346491
-0.014375,0.011875,0.150000,-34.382264,-0.639763,-3.087740,-14.159145,-0.354518,-1.195116
-0.014375,0.013125,0.150000,-35.053200,-0.658873,-3.137245,-12.238698,-0.353923,-1.022750
-0.014375,0.014375,0.150000,-35.666515,-0.680834,-3.181253,-10.077163,-0.347559,-0.829240
-0.014375,0.015625,0.150000,-36.182170,-0.705324,-3.216192,-7.674294,-0.334980,-0.614751
-0.014375,0.016875,0.150000,-36.556311,-0.731866,-3.238169,-5.034470,-0.315713,-0.379867
-0.014375,0.018125,0.150000,-36.741820,-0.759824,-3.243026,-2.167924,-0.289278,-0.125696
-0.014375,0.019375,0.150000,-36.689102,-0.788387,-3.226416,0.908012,-0.255218,0.146020
-0.013125,-0.019375,0.150000,-35.252027,-0.054386,-2.880083,3.043687,0.750641,0.544621
-0.013125,-0.018125,0.150000,-35.572254,-0.157369,-2.936279,-0.190815,0.711126,0.264118
-0.013125,-0.016875,0.150000,-35.605875,-0.249015,-2.964021,-3.252630,0.660394,-0.004427
-0.013125,-0.015625,0.150000,-35.402700,-0.328873,-2.967585,-6.115685,0.601043,-0.257937
-0.013125,-0.014375,0.150000,-35.011505,-0.396943,-2.951280,-8.762175,0.535470,-0.494158
-0.013125,-0.013125,0.150000,-34.478918,-0.453595,-2.919314,-11.181384,0.465827,-0.711556
-0.013125,-0.011875,0.150000,-33.848595,-0.499484,-2.875696,-13.368478,0.393995,-0.909221
-0.013125,-0.010625,0.150000,-33.160649,-0.535476,-2.824162,-15.323308,0.321573,-1.086750
-0.013125,-0.009375,0.150000,-32.451305,-0.562589,-2.768125,-17.049270,0.249888,-1.244144
-0.013125,-0.008125,0.150000,-31.752720,-0.581927,-2.710642,-18.552243,0.180003,-1.381706
-0.013125,-0.006875,0.150000,-31.092948,-0.594639,-2.654404,-19.839634,0.112747,-1.499946
-0.013125,-0.005625,0.150000,-30.495998,-0.601880,-2.601729,-20.919528,0.048737,-1.599498
-0.013125,-0.004375,0.150000,-29.981950,-0.604776,-2.554569,-21.799961,-0.011593,-1.681047
-0.013125,-0.003125,0.150000,-29.567106,-0.604410,-2.514520,-22.488305,-0.067956,-1.745267
-0.013125,-0.001875,0.150000,-29.264155,-0.601799,-2.482839,-22.990770,-0.120183,-1.792765
-0.013125,-0.000625,0.150000,-29.082308,-0.597888,-2.460453,-23.312018,-0.168196,-1.824050
-0.013125,0.000625,0.150000,-29.027418,-0.593541,-2.447975,-23.454880,-0.211978,-1.839494
-0.013125,0.001875,0.150000,-29.102042,-0.589540,-2.445714,-23.420177,-0.251546,-1.839315
-0.013125,0.003125,0.150000,-29.305468,-0.586580,-2.453679,-23.206648,-0.286931,-1.823570
-0.013125,0.004375,0.150000,-29.633671,-0.585270,-2.471582,-22.810971,-0.318153,-1.792150
-0.013125,0.005625,0.150000,-30.079233,-0.586135,-2.498836,-22.227891,-0.345211,-1.744791
-0.013125,0.006875,0.150000,-30.631206,-0.589611,-2.534551,-21.450450,-0.368061,-1.681090
-0.013125,0.008125,0.150000,-31.274939,-0.596047,-2.577519,-20.470329,-0.386608,-1.600536
-0.013125,0.009375,0.150000,-31.991886,-0.605698,-2.626212,-19.278305,-0.400697,-1.502544
-0.013125,0.010625,0.150000,-32.759408,-0.618721,-2.678763,-17.864824,-0.410108,-1.386506
-0.013125,0.011875,0.150000,-33.550602,-0.635167,-2.732961,-16.220709,-0.414553,-1.251845
-0.013125,0.013125,0.150000,-34.334174,-0.654974,-2.786244,-14.337981,-0.413680,-1.098087
-0.013125,0.014375,0.150000,-35.074405,-0.677955,-2.835704,-12.210820,-0.407077,-0.924936
-0.013125,0.015625,0.150000,-35.731241,-0.703784,-2.878095,-9.836634,-0.394282,-0.732361
-0.013125,0.016875,0.150000,-36.260546,-0.731985,-2.909862,-7.217238,-0.374804,-0.520695
-0.013125,0.018125,0.150000,-36.614576,-0.761922,-2.927183,-4.360105,-0.348137,-0.290727
-0.013125,0.019375,0.150000,-36.742698,-0.792781,-2.926032,-1.279669,-0.313790,-0.043813
-0.011875,-0.019375,0.150000,-35.505297,-0.121327,-2.626420,1.166675,0.735211,0.372901
-0.011875,-0.018125,0.150000,-35.650332,-0.221315,-2.665180,-2.094964,0.687541,0.115277
-0.011875,-0.016875,0.150000,-35.516957,-0.309173,-2.678366,-5.167547,0.629484,-0.130211
-0.011875,-0.015625,0.150000,-35.156613,-0.384637,-2.670028,-8.027615,0.563675,-0.360920
-0.011875,-0.014375,0.150000,-34.619248,-0.447885,-2.644214,-10.659958,0.492517,-0.574966
-0.011875,-0.013125,0.150000,-33.952263,-0.499444,-2.604848,-13.056374,0.418141,-0.771128
-0.011875,-0.011875,0.150000,-33.199742,-0.540109,-2.555642,-15.214411,0.342385,-0.948750
-0.011875,-0.010625,0.150000,-32.401956,-0.570871,-2.500037,-17.136128,0.266794,-1.107632
-0.011875,-0.009375,0.150000,-31.595069,-0.592847,-2.441156,-18.826936,0.192626,-1.247934
-0.011875,-0.008125,0.150000,-30.811021,-0.607227,-2.381784,-20.294517,0.120872,-1.370082
-0.011875,-0.006875,0.150000,-30.077548,-0.615225,-2.324357,-21.547865,0.052283,-1.474673
-0.011875,-0.005625,0.150000,-29.418277,-0.618047,-2.270966,-22.596438,-0.012602,-1.562407
-0.011875,-0.004375,0.150000,-28.852897,-0.616857,-2.223362,-23.449429,-0.073422,-1.634014
-0.011875,-0.003125,0.150000,-28.397338,-0.612763,-2.182969,-24.115160,-0.129960,-1.690198
-0.011875,-0.001875,0.150000,-28.063962,-0.606798,-2.150906,-24.600596,-0.182115,-1.731593
-0.011875,-0.000625,0.150000,-27.861730,-0.599915,-2.127993,-24.910956,-0.229867,-1.758725
-0.011875,0.000625,0.150000,-27.796329,-0.592978,-2.114771,-25.049443,-0.273253,-1.771982
-0.011875,0.001875,0.150000,-27.870253,-0.586767,-2.111511,-25.017070,-0.312336,-1.771602
-0.011875,0.003125,0.150000,-28.082831,-0.581969,-2.118220,-24.812582,-0.347185,-1.757659
-0.011875,0.004375,0.150000,-28.430188,-0.579186,-2.134642,-24.432484,-0.377857,-1.730066
-0.011875,0.005625,0.150000,-28.905153,-0.578933,-2.160262,-23.871158,-0.404374,-1.688578
-0.011875,0.006875,0.150000,-29.497114,-0.581635,-2.194294,-23.121092,-0.426713,-1.632812
-0.011875,0.008125,0.150000,-30.191830,-0.587630,-2.235676,-22.173211,-0.444794,-1.562272
-0.011875,0.009375,0.150000,-30.971212,-0.597166,-2.283059,-21.017326,-0.458472,-1.476379
-0.011875,0.010625,0.150000,-31.813096,-0.610390,-2.334795,-19.642698,-0.467529,-1.374513
-0.011875,0.011875,0.150000,-32.691034,-0.627348,-2.388923,-18.038732,-0.471676,-1.256070
-0.011875,0.013125,0.150000,-33.574127,-0.647972,-2.443168,-16.195804,-0.470556,-1.120516
-0.011875,0.014375,0.150000,-34.426938,-0.672071,-2.494934,-14.106208,-0.463744,-0.967462
-0.011875,0.015625,0.150000,-35.209525,-0.699314,-2.541314,-11.765240,-0.450764,-0.796738
-0.011875,0.016875,0.150000,-35.877633,-0.729226,-2.579109,-9.172385,-0.431104,-0.608484
-0.011875,0.018125,0.150000,-36.383104,-0.761165,-2.604858,-6.332597,-0.404233,-0.403238
-0.011875,0.019375,0.150000,-36.674525,-0.794318,-2.614898,-3.257640,-0.369632,-0.182031
-0.010625,-0.019375,0.150000,-35.652618,-0.181610,-2.359034,-0.523300,0.715617,0.243259
-0.010625,-0.018125,0.150000,-35.639336,-0.278302,-2.384345,-3.801588,0.660631,0.009971
-0.010625,-0.016875,0.150000,-35.355708,-0.362190,-2.386857,-6.876451,0.596068,-0.211431
-0.010625,-0.015625,0.150000,-34.854529,-0.433186,-2.370344,-9.726849,0.524585,-0.418684
-0.010625,-0.014375,0.150000,-34.186688,-0.491629,-2.338549,-12.339955,0.448578,-0.610221
-0.010625,-0.013125,0.150000,-33.400166,-0.538191,-2.295080,-14.709863,0.370149,-0.785074
-0.010625,-0.011875,0.150000,-32.539331,-0.573794,-2.243330,-16.836275,0.291091,-0.942789
-0.010625,-0.010625,0.150000,-31.644495,-0.599538,-2.186429,-18.723246,0.212888,-1.083318
-0.010625,-0.009375,0.150000,-30.751676,-0.616630,-2.127203,-20.377992,0.136730,-1.206932
-0.010625,-0.008125,0.150000,-29.892540,-0.626331,-2.068160,-21.809806,0.063535,-1.314130
-0.010625,-0.006875,0.150000,-29.094458,-0.629915,-2.011483,-23.029097,-0.006020,-1.405562
-0.010625,-0.005625,0.150000,-28.380656,-0.628628,-1.959035,-24.046535,-0.071469,-1.481955
-0.010625,-0.004375,0.150000,-27.770412,-0.623667,-1.912369,-24.872337,-0.132522,-1.544055
-0.010625,-0.003125,0.150000,-27.279275,-0.616156,-1.872747,-25.515666,-0.189029,-1.592573
-0.010625,-0.001875,0.150000,-26.919277,-0.607142,-1.841148,-25.984147,-0.240949,-1.628145
-0.010625,-0.000625,0.150000,-26.699122,-0.597581,-1.818292,-26.283493,-0.288317,-1.651300
-0.010625,0.000625,0.150000,-26.624326,-0.588336,-1.804650,-26.417236,-0.331217,-1.662433
-0.010625,0.001875,0.150000,-26.697314,-0.580180,-1.800454,-26.386560,-0.369755,-1.661795
-0.010625,0.003125,0.150000,-26.917444,-0.573794,-1.805707,-26.190224,-0.404036,-1.649476
-0.010625,0.004375,0.150000,-27.280976,-0.569769,-1.820187,-25.824586,-0.434142,-1.625413
-0.010625,0.005625,0.150000,-27.780972,-0.568610,-1.843440,-25.283723,-0.460121,-1.589391
-0.010625,0.006875,0.150000,-28.407144,-0.570732,-1.874784,-24.559647,-0.481964,-1.541063
-0.010625,0.008125,0.150000,-29.145646,-0.576463,-1.913293,-23.642632,-0.499604,-1.479963
-0.010625,0.009375,0.150000,-29.978839,-0.586040,-1.957791,-22.521652,-0.512900,-1.405541
-0.010625,0.010625,0.150000,-30.885035,-0.599603,-2.006839,-21.184937,-0.521635,-1.317201
-0.010625,0.011875,0.150000,-31.838259,-0.617190,-2.058724,-19.620656,-0.525519,-1.214341
-0.010625,0.013125,0.150000,-32.808041,-0.638728,-2.111453,-17.817737,-0.524182,-1.096410
-0.010625,0.014375,0.150000,-33.759284,-0.664018,-2.162743,-15.766811,-0.517191,-0.962972
-0.010625,0.015625,0.150000,-34.652248,-0.692729,-2.210032,-13.461300,-0.504052,-0.813769
-0.010625,0.016875,0.150000,-35.442686,-0.724378,-2.250485,-10.898609,-0.484232,-0.648803
-0.010625,0.018125,0.150000,-36.082193,-0.758322,-2.281028,-8.081430,-0.457176,-0.468419
-0.010625,0.019375,0.150000,-36.518794,-0.793742,-2.298385,-5.019110,-0.422338,-0.273385
-0.009375,-0.019375,0.150000,-35.722031,-0.235241,-2.082235,-2.018138,0.693167,0.151885
-0.009375,-0.018125,0.150000,-35.568164,-0.328486,-2.097753,-5.305191,0.631690,-0.056046
-0.009375,-0.016875,0.150000,-35.151616,-0.408362,-2.093125,-8.376371,0.561407,-0.252716
-0.009375,-0.015625,0.150000,-34.526290,-0.474942,-2.071804,-11.212829,0.484987,-0.436193
-0.009375,-0.014375,0.150000,-33.743822,-0.528711,-2.037195,-13.803887,0.404811,-0.605172
-0.009375,-0.013125,0.150000,-32.852622,-0.570472,-1.992565,-16.145691,0.322946,-0.758890
-0.009375,-0.011875,0.150000,-31.897227,-0.601261,-1.940975,-18.239867,0.241137,-0.897041
-0.009375,-0.010625,0.150000,-30.917906,-0.622272,-1.885231,-20.092236,0.160805,-1.019682
-0.009375,-0.009375,0.150000,-29.950482,-0.634792,-1.827857,-21.711609,0.083076,-1.127150
-0.009375,-0.008125,0.150000,-29.026309,-0.640146,-1.771085,-23.108697,0.008798,-1.219981
-0.009375,-0.006875,0.150000,-28.172383,-0.639654,-1.716847,-24.295144,-0.061426,-1.298837
-0.009375,-0.005625,0.150000,-27.411522,-0.634598,-1.666783,-25.282683,-0.127196,-1.364444
-0.009375,-0.004375,0.150000,-26.762598,-0.626200,-1.622258,-26.082424,-0.188289,-1.417535
-0.009375,-0.003125,0.150000,-26.240785,-0.615599,-1.584369,-26.704257,-0.244616,-1.458806
-0.009375,-0.001875,0.150000,-25.857792,-0.603848,-1.553969,-27.156383,-0.296191,-1.488878
-0.009375,-0.000625,0.150000,-25.622071,-0.591904,-1.531677,-27.444943,-0.343099,-1.508270
-0.009375,0.000625,0.150000,-25.538969,-0.580629,-1.517899,-27.573759,-0.385468,-1.517373
-0.009375,0.001875,0.150000,-25.610835,-0.570787,-1.512829,-27.544165,-0.423439,-1.516444
-0.009375,0.003125,0.150000,-25.837047,-0.563052,-1.516469,-27.354938,-0.457148,-1.505591
-0.009375,0.004375,0.150000,-26.213985,-0.558004,-1.528621,-27.002320,-0.486701,-1.484778
-0.009375,0.005625,0.150000,-26.734923,-0.556137,-1.548894,-26.480130,-0.512165,-1.453829
-0.009375,0.006875,0.150000,-27.389870,-0.557857,-1.576700,-25.779981,-0.533544,-1.412437
-0.009375,0.008125,0.150000,-28.165351,-0.563481,-1.611243,-24.891597,-0.550778,-1.360189
-0.009375,0.009375,0.150000,-29.044152,-0.573236,-1.651512,-23.803239,-0.563728,-1.296585
-0.009375,0.010625,0.150000,-30.005048,-0.587255,-1.696270,-22.502257,-0.572179,-1.221074
-0.009375,0.011875,0.150000,-31.022528,-0.605568,-1.744044,-20.975757,-0.575830,-1.133091
-0.009375,0.013125,0.150000,-32.066557,-0.628095,-1.793116,-19.211420,-0.574306,-1.032103
-0.009375,0.014375,0.150000,-33.102408,-0.654631,-1.841516,-17.198436,-0.567157,-0.917665
-0.009375,0.015625,0.150000,-34.090600,-0.684839,-1.887023,-14.928591,-0.553874,-0.789477
-0.009375,0.016875,0.150000,-34.986986,-0.718231,-1.927180,-12.397470,-0.533904,-0.647454
-0.009375,0.018125,0.150000,-35.743042,-0.754158,-1.959305,-9.605773,-0.506667,-0.491798
-0.009375,0.019375,0.150000,-36.306409,-0.791795,-1.980533,-6.560702,-0.471590,-0.323072
-0.008125,-0.019375,0.150000,-35.738714,-0.282371,-1.799301,-3.312450,0.669035,0.094516
-0.008125,-0.018125,0.150000,-35.462584,-0.372151,-1.808304,-6.602740,0.601860,-0.087374
-0.008125,-0.016875,0.150000,-34.930802,-0.448095,-1.799683,-9.666539,0.526601,-0.258957
-0.008125,-0.015625,0.150000,-34.198175,-0.510420,-1.776534,-12.486940,0.445927,-0.418579
-0.008125,-0.014375,0.150000,-33.316919,-0.559744,-1.741900,-15.055158,0.362199,-0.565151
-0.008125,-0.013125,0.150000,-32.335755,-0.596984,-1.698688,-17.369138,0.277448,-0.698068
-0.008125,-0.011875,0.150000,-31.299306,-0.623278,-1.649611,-19.432183,0.193367,-0.817126
-0.008125,-0.010625,0.150000,-30.247751,-0.639902,-1.597150,-21.251649,0.111320,-0.922445
-0.008125,-0.009375,0.150000,-29.216685,-0.648213,-1.543527,-22.837728,0.032368,-1.014387
-0.008125,-0.008125,0.150000,-28.237150,-0.649588,-1.490696,-24.202355,-0.042709,-1.093490
-0.008125,-0.006875,0.150000,-27.335768,-0.645388,-1.440344,-25.358239,-0.113370,-1.160397
-0.008125,-0.005625,0.150000,-26.534967,-0.636925,-1.393898,-26.318024,-0.179282,-1.215804
-0.008125,-0.004375,0.150000,-25.853233,-0.625438,-1.352535,-27.093581,-0.240280,-1.260410
-0.008125,-0.003125,0.150000,-25.305386,-0.612080,-1.317201,-27.695426,-0.296332,-1.294875
-0.008125,-0.001875,0.150000,-24.902831,-0.597907,-1.288623,-28.132250,-0.347501,-1.319791
-0.008125,-0.000625,0.150000,-24.653778,-0.583875,-1.267331,-28.410563,-0.393917,-1.335652
-0.008125,0.000625,0.150000,-24.563415,-0.570841,-1.253661,-28.534433,-0.435745,-1.342840
-0.008125,0.001875,0.150000,-24.634010,-0.559564,-1.247779,-28.505329,-0.473158,-1.341613
-0.008125,0.003125,0.150000,-24.864955,-0.550707,-1.249678,-28.322049,-0.506318,-1.332095
-0.008125,0.004375,0.150000,-25.252727,-0.544842,-1.259188,-27.980743,-0.535353,-1.314280
-0.008125,0.005625,0.150000,-25.790788,-0.542451,-1.275975,-27.475022,-0.560340,-1.288033
-0.008125,0.006875,0.150000,-26.469412,-0.543930,-1.299538,-26.796172,-0.581298,-1.253104
-0.008125,0.008125,0.150000,-27.275460,-0.549588,-1.329205,-25.933459,-0.598167,-1.209142
-0.008125,0.009375,0.150000,-28.192106,-0.559641,-1.364122,-24.874555,-0.610813,-1.155716
-0.008125,0.010625,0.150000,-29.198552,-0.574215,-1.403246,-23.606070,-0.619012,-1.092341
-0.008125,0.011875,0.150000,-30.269723,-0.593332,-1.445334,-22.114222,-0.622460,-1.018515
-0.008125,0.013125,0.150000,-31.376006,-0.616903,-1.488937,-20.385636,-0.620768,-0.933753
-0.008125,0.014375,0.150000,-32.483049,-0.644718,-1.532392,-18.408283,-0.613472,-0.837636
-0.008125,0.015625,0.150000,-33.551655,-0.676433,-1.573821,-16.172556,-0.600047,-0.729863
-0.008125,0.016875,0.150000,-34.537833,-0.711554,-1.611141,-13.672482,-0.579918,-0.610303
-0.008125,0.018125,0.150000,-35.393041,-0.749422,-1.642075,-10.907043,-0.552485,-0.479063
-0.008125,0.019375,0.150000,-36.064673,-0.789205,-1.664182,-7.881586,-0.517148,-0.336549
-0.006875,-0.019375,0.150000,-35.724706,-0.323252,-1.512581,-4.402877,0.644254,0.066574
-0.006875,-0.018125,0.150000,-35.345016,-0.409669,-1.517932,-7.692946,0.572137,-0.088842
-0.006875,-0.016875,0.150000,-34.715874,-0.481866,-1.508052,-10.747653,0.492594,-0.235181
-0.006875,-0.015625,0.150000,-33.892806,-0.540193,-1.485654,-13.551759,0.408291,-0.371029
-0.006875,-0.014375,0.150000,-32.928479,-0.585381,-1.453395,-16.098098,0.321565,-0.495468
-0.006875,-0.013125,0.150000,-31.871836,-0.618452,-1.413809,-18.386149,0.234409,-0.608004
-0.006875,-0.011875,0.150000,-30.767530,-0.640629,-1.369255,-20.420643,0.148467,-0.708499
-0.006875,-0.010625,0.150000,-29.655624,-0.653261,-1.321884,-22.210236,0.065047,-0.797097
-0.006875,-0.009375,0.150000,-28.571488,-0.657763,-1.273615,-23.766288,-0.014850,-0.874153
-0.006875,-0.008125,0.150000,-27.545861,-0.655557,-1.226133,-25.101765,-0.090504,-0.940174
-0.006875,-0.006875,0.150000,-26.605022,-0.648039,-1.180885,-26.230270,-0.161435,-0.995757
-0.006875,-0.005625,0.150000,-25.771038,-0.636544,-1.139087,-27.165212,-0.227367,-1.041547
-0.006875,-0.004375,0.150000,-25.062046,-0.622327,-1.101742,-27.919101,-0.288190,-1.078185
-0.006875,-0.003125,0.150000,-24.492542,-0.606547,-1.069647,-28.502975,-0.343920,-1.106281
-0.006875,-0.001875,0.150000,-24.073654,-0.590265,-1.043414,-28.925936,-0.394666,-1.126383
-0.006875,-0.000625,0.150000,-23.813375,-0.574434,-1.023482,-29.194802,-0.440595,-1.138952
-0.006875,0.000625,0.150000,-23.716739,-0.559907,-1.010131,-29.313853,-0.481905,-1.144354
-0.006875,0.001875,0.150000,-23.785940,-0.547435,-1.003492,-29.284674,-0.518796,-1.142843
-0.006875,0.003125,0.150000,-24.020369,-0.537673,-1.003554,-29.106087,-0.551452,-1.134558
-0.006875,0.004375,0.150000,-24.416583,-0.531183,-1.010171,-28.774173,-0.580017,-1.119525
-0.006875,0.005625,0.150000,-24.968201,-0.528437,-1.023063,-28.282382,-0.604580,-1.097656
-0.006875,0.006875,0.150000,-25.665723,-0.529824,-1.041813,-27.621738,-0.625164,-1.068765
-0.006875,0.008125,0.150000,-26.496301,-0.535640,-1.065863,-26.781143,-0.641715,-1.032574
-0.006875,0.009375,0.150000,-27.443451,-0.546096,-1.094511,-25.747790,-0.654093,-0.988734
-0.006875,0.010625,0.150000,-28.486750,-0.561307,-1.126898,-24.507693,-0.662071,-0.936846
-0.006875,0.011875,0.150000,-29.601518,-0.581288,-1.162004,-23.046343,-0.665334,-0.876491
-0.006875,0.013125,0.150000,-30.758530,-0.605943,-1.198642,-21.349503,-0.663482,-0.807259
-0.006875,0.014375,0.150000,-31.923786,-0.635055,-1.235449,-19.404140,-0.656036,-0.728786
-0.006875,0.015625,0.150000,-33.058379,-0.668269,-1.270885,-17.199496,-0.642453,-0.640800
-0.006875,0.016875,0.150000,-34.118505,-0.705083,-1.303243,-14.728303,-0.622139,-0.543164
-0.006875,0.018125,0.150000,-35.055667,-0.744831,-1.330653,-11.988108,-0.594472,-0.435930
-0.006875,0.019375,0.150000,-35.817127,-0.786669,-1.351108,-8.982700,-0.558830,-0.319388
-0.005625,-0.019375,0.150000,-35.698712,-0.358207,-1.223604,-5.287474,0.619716,0.063276
-0.005625,-0.018125,0.150000,-35.234401,-0.441461,-1.227728,-8.575641,0.543367,-0.065405
-0.005625,-0.016875,0.150000,-34.525839,-0.510190,-1.218899,-11.621234,0.460182,-0.186472
-0.005625,-0.015625,0.150000,-33.629122,-0.564854,-1.199418,-14.410396,0.372817,-0.298711
-0.005625,-0.014375,0.150000,-32.597260,-0.606287,-1.171543,-16.937294,0.283584,-0.401339
-0.005625,-0.013125,0.150000,-31.479352,-0.635597,-1.137425,-19.202673,0.194438,-0.493940
-0.005625,-0.011875,0.150000,-30.320055,-0.654082,-1.099063,-21.212432,0.106978,-0.576404
-0.005625,-0.010625,0.150000,-29.159312,-0.663155,-1.058276,-22.976294,0.022461,-0.648866
-0.005625,-0.009375,0.150000,-28.032285,-0.664277,-1.016687,-24.506574,-0.058165,-0.711647
-0.005625,-0.008125,0.150000,-26.969446,-0.658911,-0.975712,-25.817077,-0.134236,-0.765195
-0.005625,-0.006875,0.150000,-25.996771,-0.648480,-0.936563,-26.922138,-0.205326,-0.810042
-0.005625,-0.005625,0.150000,-25.136015,-0.634338,-0.900258,-27.835784,-0.271210,-0.846757
-0.005625,-0.004375,0.150000,-24.405010,-0.617752,-0.867627,-28.571047,-0.331825,-0.875911
-0.005625,-0.003125,0.150000,-23.817971,-0.599888,-0.839329,-29.139389,-0.387231,-0.898049
-0.005625,-0.001875,0.150000,-23.385786,-0.581807,-0.815865,-29.550246,-0.437573,-0.913663
-0.005625,-0.000625,0.150000,-23.116254,-0.564462,-0.797592,-29.810690,-0.483052,-0.923175
-0.005625,0.000625,0.150000,-23.014275,-0.548698,-0.784731,-29.925174,-0.523893,-0.926926
-0.005625,0.001875,0.150000,-23.081967,-0.535262,-0.777385,-29.895384,-0.560321,-0.925164
-0.005625,0.003125,0.150000,-23.318714,-0.524800,-0.775540,-29.720168,-0.592535,-0.918043
-0.005625,0.004375,0.150000,-23.721131,-0.517865,-0.779071,-29.395562,-0.620691,-0.905621
-0.005625,0.005625,0.150000,-24.282960,-0.514922,-0.787749,-28.914897,-0.644889,-0.887863
-0.005625,0.006875,0.150000,-24.994885,-0.516349,-0.801237,-28.269000,-0.665152,-0.864649
-0.005625,0.008125,0.150000,-25.844295,-0.522437,-0.819087,-27.446494,-0.681428,-0.835786
-0.005625,0.009375,0.150000,-26.814990,-0.533385,-0.840740,-26.434204,-0.693572,-0.801018
-0.005625,0.010625,0.150000,-27.886866,-0.549302,-0.865514,-25.217680,-0.701350,-0.760047
-0.005625,0.011875,0.150000,-29.035579,-0.570195,-0.892607,-23.781848,-0.704436,-0.712553
-0.005625,0.013125,0.150000,-30.232240,-0.595958,-0.921084,-22.111795,-0.702418,-0.658220
-0.005625,0.014375,0.150000,-31.443165,-0.626366,-0.949874,-20.193694,-0.694801,-0.596766
-0.005625,0.015625,0.150000,-32.629717,-0.661055,-0.977776,-18.015878,-0.681024,-0.527973
-0.005625,0.016875,0.150000,-33.748287,-0.699513,-1.003452,-15.570045,-0.660476,-0.451729
-0.005625,0.018125,0.150000,-34.750467,-0.741062,-1.025443,-12.852594,-0.632515,-0.368061
-0.005625,0.019375,0.150000,-35.583466,-0.784846,-1.042183,-9.866058,-0.596497,-0.277184
-0.004375,-0.019375,0.150000,-35.675983,-0.387595,-0.933206,-5.965188,0.596175,0.079704
-0.004375,-0.018125,0.150000,-35.146123,-0.467974,-0.938078,-9.251228,0.516262,-0.022084
-0.004375,-0.016875,0.150000,-34.376085,-0.533588,-0.932172,-12.289071,0.430025,-0.117910
-0.004375,-0.015625,0.150000,-33.422399,-0.584992,-0.917362,-15.065938,0.340106,-0.206732
-0.004375,-0.014375,0.150000,-32.338338,-0.623105,-0.895492,-17.577041,0.248796,-0.287867
-0.004375,-0.013125,0.150000,-31.173113,-0.649110,-0.868323,-19.824107,0.158015,-0.360946
-0.004375,-0.011875,0.150000,-29.971374,-0.664369,-0.837491,-21.813950,0.069319,-0.425860
-0.004375,-0.010625,0.150000,-28.772962,-0.670344,-0.804486,-23.557122,-0.016077,-0.482712
-0.004375,-0.009375,0.150000,-27.612866,-0.668540,-0.770632,-25.066681,-0.097276,-0.531759
-0.004375,-0.008125,0.150000,-26.521339,-0.660450,-0.737082,-26.357087,-0.173659,-0.573374
-0.004375,-0.006875,0.150000,-25.524111,-0.647521,-0.704823,-27.443238,-0.244849,-0.608002
-0.004375,-0.005625,0.150000,-24.642680,-0.631122,-0.674676,-28.339647,-0.310663,-0.636122
-0.004375,-0.004375,0.150000,-23.894631,-0.612530,-0.647310,-29.059750,-0.371078,-0.658222
-0.004375,-0.003125,0.150000,-23.293950,-0.592917,-0.623249,-29.615336,-0.426192,-0.674768
-0.004375,-0.001875,0.150000,-22.851324,-0.573344,-0.602890,-30.016109,-0.476182,-0.686189
-0.004375,-0.000625,0.150000,-22.574391,-0.554761,-0.586510,-30.269336,-0.521276,-0.692862
-0.004375,0.000625,0.150000,-22.467933,-0.538011,-0.574279,-30.379611,-0.561722,-0.695098
-0.004375,0.001875,0.150000,-22.534000,-0.523832,-0.566272,-30.348704,-0.597761,-0.693136
-0.004375,0.003125,0.150000,-22.771960,-0.512865,-0.562471,-30.175495,-0.629607,-0.687145
-0.004375,0.004375,0.150000,-23.178464,-0.505656,-0.562776,-29.855995,-0.657425,-0.677214
-0.004375,0.005625,0.150000,-23.747339,-0.502662,-0.567004,-29.383456,-0.681319,-0.663364
-0.004375,0.006875,0.150000,-24.469406,-0.504253,-0.574894,-28.748570,-0.701315,-0.645548
-0.004375,0.008125,0.150000,-25.332236,-0.510712,-0.586105,-27.939762,-0.717355,-0.623662
-0.004375,0.009375,0.150000,-26.319848,-0.522231,-0.600215,-26.943595,-0.729291,-0.597553
-0.004375,0.010625,0.150000,-27.412387,-0.538911,-0.616715,-25.745286,-0.736880,-0.567033
-0.004375,0.011875,0.150000,-28.585776,-0.560749,-0.635011,-24.329350,-0.739784,-0.531896
-0.004375,0.013125,0.150000,-29.811403,-0.587631,-0.654414,-22.680378,-0.737576,-0.491936
-0.004375,0.014375,0.150000,-31.055846,-0.619323,-0.674145,-20.783961,-0.729749,-0.446968
-0.004375,0.015625,0.150000,-32.280702,-0.655449,-0.693329,-18.627757,-0.715723,-0.396854
-0.004375,0.016875,0.150000,-33.442547,-0.695485,-0.711000,-16.202693,-0.694870,-0.341525
-0.004375,0.018125,0.150000,-34.493083,-0.738740,-0.726107,-13.504307,-0.666529,-0.281014
-0.004375,0.019375,0.150000,-35.379527,-0.784342,-0.737528,-10.534181,-0.630039,-0.215483
-0.003125,-0.019375,0.150000,-35.668232,-0.411786,-0.641673,-6.435425,0.574258,0.110856
-0.003125,-0.018125,0.150000,-35.091974,-0.489651,-0.648804,-9.720248,0.491405,0.036070
-0.003125,-0.016875,0.150000,-34.278376,-0.552566,-0.647253,-12.752779,0.402655,-0.034557
-0.003125,-0.015625,0.150000,-33.284289,-0.601166,-0.638454,-15.521009,0.310641,-0.100126
-0.003125,-0.014375,0.150000,-32.163182,-0.636441,-0.623826,-18.020891,0.217629,-0.160032
-0.003125,-0.013125,0.150000,-30.964354,-0.659636,-0.604734,-20.254858,0.125511,-0.213930
-0.003125,-0.011875,0.150000,-29.732453,-0.672162,-0.582450,-22.230375,0.035809,-0.261690
-0.003125,-0.010625,0.150000,-28.507247,-0.675526,-0.558132,-23.958589,-0.050303,-0.303358
-0.003125,-0.009375,0.150000,-27.323603,-0.671266,-0.532810,-25.453091,-0.131968,-0.339114
-0.003125,-0.008125,0.150000,-26.211614,-0.660900,-0.507381,-26.728809,-0.208607,-0.369237
-0.003125,-0.006875,0.150000,-25.196831,-0.645895,-0.482607,-27.801049,-0.279879,-0.394069
-0.003125,-0.005625,0.150000,-24.300563,-0.627633,-0.459120,-28.684672,-0.345641,-0.413990
-0.003125,-0.004375,0.150000,-23.540209,-0.607400,-0.437431,-29.393405,-0.405902,-0.429391
-0.003125,-0.003125,0.150000,-22.929582,-0.586370,-0.417937,-29.939279,-0.460789,-0.440654
-0.003125,-0.001875,0.150000,-22.479217,-0.565606,-0.400935,-30.332187,-0.510505,-0.448138
-0.003125,-0.000625,0.150000,-22.196624,-0.546057,-0.386628,-30.579546,-0.555300,-0.452167
-0.003125,0.000625,0.150000,-22.086490,-0.528562,-0.375136,-30.686060,-0.595440,-0.453019
-0.003125,0.001875,0.150000,-22.150805,-0.513854,-0.366509,-30.653565,-0.631180,-0.450925
-0.003125,0.003125,0.150000,-22.388910,-0.502569,-0.360727,-30.480976,-0.662742,-0.446062
-0.003125,0.004375,0.150000,-22.797469,-0.495248,-0.357712,-30.164300,-0.690297,-0.438558
-0.003125,0.005625,0.150000,-23.370359,-0.492340,-0.357329,-29.696752,-0.713951,-0.428487
-0.003125,0.006875,0.150000,-24.098489,-0.494209,-0.359391,-29.068945,-0.733729,-0.415879
-0.003125,0.008125,0.150000,-24.969548,-0.501130,-0.363660,-28.269188,-0.749568,-0.400723
-0.003125,0.009375,0.150000,-25.967706,-0.513289,-0.369847,-27.283883,-0.761313,-0.382975
-0.003125,0.010625,0.150000,-27.073282,-0.530777,-0.377611,-26.098039,-0.768711,-0.362566
-0.003125,0.011875,0.150000,-28.262392,-0.553584,-0.386561,-24.695911,-0.771411,-0.339413
-0.003125,0.013125,0.150000,-29.506624,-0.581586,-0.396252,-23.061772,-0.768975,-0.313430
-0.003125,0.014375,0.150000,-30.772759,-0.614536,-0.406187,-21.180838,-0.760877,-0.284544
-0.003125,0.015625,0.150000,-32.022581,-0.652048,-0.415817,-19.040322,-0.746524,-0.252707
-0.003125,0.016875,0.150000,-33.212824,-0.693582,-0.424544,-16.630645,-0.725271,-0.217914
-0.003125,0.018125,0.150000,-34.295308,-0.738432,-0.431725,-13.946765,-0.696440,-0.180221
-0.003125,0.019375,0.150000,-35.217302,-0.785707,-0.436681,-10.989624,-0.659357,-0.139760
-0.001875,-0.019375,0.150000,-35.683590,-0.431143,-0.348874,-6.697716,0.554471,0.151674
-0.001875,-0.018125,0.150000,-35.080134,-0.506912,-0.359305,-9.983035,0.469262,0.103990
-0.001875,-0.016875,0.150000,-34.240867,-0.567596,-0.363101,-13.013456,0.378496,0.058553
-0.001875,-0.015625,0.150000,-33.222860,-0.613893,-0.361239,-15.777418,0.284797,0.016135
-0.001875,-0.014375,0.150000,-32.079725,-0.646848,-0.354711,-18.271315,0.190413,-0.022720
-0.001875,-0.013125,0.150000,-30.860833,-0.667755,-0.344478,-20.497999,0.097210,-0.057672
-0.001875,-0.011875,0.150000,-29.610847,-0.678067,-0.331446,-22.465328,0.006682,-0.088555
-0.001875,-0.010625,0.150000,-28.369506,-0.679323,-0.316442,-24.184808,-0.080029,-0.115344
-0.001875,-0.009375,0.150000,-27.171612,-0.673089,-0.300205,-25.670350,-0.162095,-0.138127
-0.001875,-0.008125,0.150000,-26.047165,-0.660905,-0.283375,-26.937172,-0.238972,-0.157078
-0.001875,-0.006875,0.150000,-25.021611,-0.644252,-0.266495,-28.000829,-0.310348,-0.172427
-0.001875,-0.005625,0.150000,-24.116143,-0.624523,-0.250013,-28.876397,-0.376108,-0.184444
-0.001875,-0.004375,0.150000,-23.348044,-0.603012,-0.234286,-29.577785,-0.436289,-0.193416
-0.001875,-0.003125,0.150000,-22.731015,-0.580896,-0.219588,-30.117177,-0.491038,-0.199637
-0.001875,-0.001875,0.150000,-22.275489,-0.559240,-0.206119,-30.504591,-0.540580,-0.203388
-0.001875,-0.000625,0.150000,-21.988887,-0.538991,-0.194012,-30.747544,-0.585181,-0.204938
-0.001875,0.000625,0.150000,-21.875823,-0.520987,-0.183341,-30.850813,-0.625118,-0.204531
-0.001875,0.001875,0.150000,-21.938234,-0.505958,-0.174131,-30.816295,-0.660656,-0.202385
-0.001875,0.003125,0.150000,-22.175429,-0.494536,-0.166363,-30.642937,-0.692023,-0.198688
-0.001875,0.004375,0.150000,-22.584062,-0.487257,-0.159982,-30.326767,-0.719392,-0.193601
-0.001875,0.005625,0.150000,-23.158022,-0.484564,-0.154900,-29.860997,-0.742869,-0.187257
-0.001875,0.006875,0.150000,-23.888252,-0.486817,-0.151004,-29.236222,-0.762473,-0.179764
-0.001875,0.008125,0.150000,-24.762498,-0.494284,-0.148156,-28.440712,-0.778138,-0.171205
-0.001875,0.009375,0.150000,-25.765008,-0.507143,-0.146198,-27.460807,-0.789698,-0.161650
-0.001875,0.010625,0.150000,-26.876197,-0.525478,-0.144955,-26.281430,-0.796889,-0.151152
-0.001875,0.011875,0.150000,-28.072291,-0.549268,-0.144236,-24.886725,-0.799350,-0.139756
-0.001875,0.013125,0.150000,-29.325005,-0.578380,-0.143836,-23.260824,-0.796625,-0.127504
-0.001875,0.014375,0.150000,-30.601248,-0.612552,-0.143537,-21.388766,-0.788178,-0.114441
-0.001875,0.015625,0.150000,-31.862936,-0.651386,-0.143115,-19.257555,-0.773399,-0.100621
-0.001875,0.016875,0.150000,-33.066930,-0.694324,-0.142335,-16.857358,-0.751627,-0.086112
-0.001875,0.018125,0.150000,-34.165160,-0.740642,-0.140961,-14.182844,-0.722174,-0.071003
-0.001875,0.019375,0.150000,-35.104983,-0.789429,-0.138758,-11.234619,-0.684350,-0.055407
-0.000625,-0.019375,0.150000,-35.726567,-0.445998,-0.054409,-6.751485,0.537210,0.197048
-0.000625,-0.018125,0.150000,-35.115162,-0.520135,-0.068711,-10.039482,0.450195,0.176588
-0.000625,-0.016875,0.150000,-34.268117,-0.579096,-0.078400,-13.071441,0.357874,0.156390
-0.000625,-0.015625,0.150000,-33.242633,-0.623624,-0.083992,-15.835927,0.262862,0.137110
-0.000625,-0.014375,0.150000,-32.092415,-0.654807,-0.086043,-18.329467,0.167394,0.119241
-0.000625,-0.013125,0.150000,-30.866900,-0.673973,-0.085109,-20.555045,0.073318,0.103128
-0.000625,-0.011875,0.150000,-29.610792,-0.682607,-0.081726,-22.520650,-0.017894,0.088984
-0.000625,-0.010625,0.150000,-28.363846,-0.682275,-0.076392,-24.237911,-0.105120,0.076911
-0.000625,-0.009375,0.150000,-27.160862,-0.674561,-0.069551,-25.720855,-0.187560,0.066922
-0.000625,-0.008125,0.150000,-26.031825,-0.661022,-0.061592,-26.984803,-0.264688,0.058957
-0.000625,-0.006875,0.150000,-25.002150,-0.643152,-0.052839,-28.045405,-0.336218,0.052903
-0.000625,-0.005625,0.150000,-24.092994,-0.622355,-0.043558,-28.917823,-0.402054,0.048605
-0.000625,-0.004375,0.150000,-23.321594,-0.599929,-0.033956,-29.616039,-0.462250,0.045884
-0.000625,-0.003125,0.150000,-22.701604,-0.577056,-0.024186,-30.152303,-0.516971,0.044542
-0.000625,-0.001875,0.150000,-22.243407,-0.554803,-0.014355,-30.536692,-0.566455,0.044373
-0.000625,-0.000625,0.150000,-21.954375,-0.534118,-0.004527,-30.776775,-0.610977,0.045169
-0.000625,0.000625,0.150000,-21.839076,-0.515838,0.005267,-30.877376,-0.650824,0.046722
-0.000625,0.001875,0.150000,-21.899401,-0.500692,0.015024,-30.840434,-0.686263,0.048828
-0.000625,0.003125,0.150000,-22.134621,-0.489308,0.024761,-30.664938,-0.717527,0.051288
-0.000625,0.004375,0.150000,-22.541356,-0.482220,0.034509,-30.346952,-0.744786,0.053908
-0.000625,0.005625,0.150000,-23.113470,-0.479868,0.044307,-29.879728,-0.768143,0.056497
-0.000625,0.006875,0.150000,-23.841890,-0.482605,0.054196,-29.253898,-0.787614,0.058870
-0.000625,0.008125,0.150000,-24.714353,-0.490695,0.064212,-28.457769,-0.803120,0.060845
-0.000625,0.009375,0.150000,-25.715112,-0.504308,0.074382,-27.477717,-0.814489,0.062242
-0.000625,0.010625,0.150000,-26.824596,-0.523520,0.084717,-26.298703,-0.821444,0.062882
-0.000625,0.011875,0.150000,-28.019062,-0.548300,0.095209,-24.904904,-0.823611,0.062591
-0.000625,0.013125,0.150000,-29.270265,-0.578501,0.105825,-23.280484,-0.820522,0.061197
-0.000625,0.014375,0.150000,-30.545174,-0.613849,0.116503,-21.410506,-0.811625,0.058533
-0.000625,0.015625,0.150000,-31.805777,-0.653928,0.127148,-19.281992,-0.796298,0.054442
-0.000625,0.016875,0.150000,-33.009023,-0.698163,0.137630,-16.885115,-0.773869,0.048778
-0.000625,0.018125,0.150000,-34.106941,-0.745806,0.147781,-14.214537,-0.743635,0.041417
-0.000625,0.019375,0.150000,-35.047005,-0.795926,0.157393,-11.270834,-0.704902,0.032255
0.000625,-0.019375,0.150000,-35.798027,-0.456644,0.242240,-6.595918,0.522769,0.241822
0.000625,-0.018125,0.150000,-35.197979,-0.529650,0.223975,-9.888910,0.434471,0.248743
0.000625,-0.016875,0.150000,-34.361087,-0.587425,0.208293,-12.926188,0.341026,0.253905
0.000625,-0.015625,0.150000,-33.344587,-0.630745,0.195142,-15.696117,0.245044,0.257853
0.000625,-0.014375,0.150000,-32.202236,-0.660724,0.184408,-18.195050,0.148751,0.261031
0.000625,-0.013125,0.150000,-30.983531,-0.678714,0.175943,-20.425816,0.053984,0.263789
0.000625,-0.011875,0.150000,-29.733242,-0.686222,0.169583,-22.396271,-0.037797,0.266392
0.000625,-0.010625,0.150000,-28.491191,-0.684829,0.165163,-24.117931,-0.125486,0.269024
0.000625,-0.009375,0.150000,-27.292242,-0.676137,0.162530,-25.604729,-0.208295,0.271800
0.000625,-0.008125,0.150000,-26.166438,-0.661714,0.161552,-26.871909,-0.285713,0.274776
0.000625,-0.006875,0.150000,-25.139246,-0.643065,0.162118,-27.935063,-0.357468,0.277959
0.000625,-0.005625,0.150000,-24.231862,-0.621600,0.164146,-28.809303,-0.423474,0.281313
0.000625,-0.004375,0.150000,-23.461555,-0.598623,0.167578,-29.508582,-0.483799,0.284766
0.000625,-0.003125,0.150000,-22.841995,-0.575323,0.172379,-30.045129,-0.538615,0.288217
0.000625,-0.001875,0.150000,-22.383569,-0.552767,0.178536,-30.429014,-0.588166,0.291541
0.000625,-0.000625,0.150000,-22.093641,-0.531908,0.186050,-30.667811,-0.632734,0.294587
0.000625,0.000625,0.150000,-21.976756,-0.513582,0.194932,-30.766364,-0.672607,0.297187
0.000625,0.001875,0.150000,-22.034774,-0.498519,0.205199,-30.726639,-0.708054,0.299149
0.000625,0.003125,0.150000,-22.266918,-0.487347,0.216864,-30.547671,-0.739304,0.300267
0.000625,0.004375,0.150000,-22.669756,-0.480597,0.229933,-30.225586,-0.766527,0.300311
0.000625,0.005625,0.150000,-23.237088,-0.478707,0.244394,-29.753710,-0.789817,0.299038
0.000625,0.006875,0.150000,-23.959771,-0.482026,0.260214,-29.122770,-0.809182,0.296184
0.000625,0.008125,0.150000,-24.825473,-0.490811,0.277326,-28.321187,-0.824537,0.291471
0.000625,0.009375,0.150000,-25.818378,-0.505227,0.295623,-27.335474,-0.835695,0.284608
0.000625,0.010625,0.150000,-26.918849,-0.525339,0.314953,-26.150747,-0.842369,0.275294
0.000625,0.011875,0.150000,-28.103092,-0.551106,0.335106,-24.751364,-0.844173,0.263226
0.000625,0.013125,0.150000,-29.342823,-0.582368,0.355811,-23.121691,-0.840624,0.248105
0.000625,0.014375,0.150000,-30.604995,-0.618835,0.376727,-21.247017,-0.831159,0.229646
0.000625,0.015625,0.150000,-31.851611,-0.660071,0.397438,-19.114608,-0.815143,0.207590
0.000625,0.016875,0.150000,-33.039667,-0.705480,0.417452,-16.714899,-0.791893,0.181718
0.000625,0.018125,0.150000,-34.121287,-0.754291,0.436196,-14.042823,-0.760702,0.151869
0.000625,0.019375,0.150000,-35.044080,-0.805546,0.453024,-11.099236,-0.720868,0.117957
0.001875,-0.019375,0.150000,-35.895163,-0.463326,0.541561,-6.229944,0.511347,0.280783
0.001875,-0.018125,0.150000,-35.325850,-0.535721,0.519725,-9.530042,0.422271,0.315278
0.001875,-0.016875,0.150000,-34.517121,-0.592870,0.498398,-12.576233,0.328114,0.345998
0.001875,-0.015625,0.150000,-33.526151,-0.635561,0.477998,-15.356362,0.231484,0.373368
0.001875,-0.014375,0.150000,-32.406700,-0.664920,0.458855,-17.866292,0.134605,0.397778
0.001875,-0.013125,0.150000,-31.208320,-0.682313,0.441233,-20.108414,0.039310,0.419583
0.001875,-0.011875,0.150000,-29.975868,-0.689255,0.425341,-22.090183,-0.052946,0.439093
0.001875,-0.010625,0.150000,-28.749282,-0.687342,0.411350,-23.822767,-0.141061,0.456571
0.001875,-0.009375,0.150000,-27.563554,-0.678181,0.399402,-25.319796,-0.224252,0.472233
0.001875,-0.008125,0.150000,-26.448861,-0.663350,0.389620,-26.596255,-0.302015,0.486249
0.001875,-0.006875,0.150000,-25.430796,-0.644362,0.382112,-27.667518,-0.374078,0.498744
0.001875,-0.005625,0.150000,-24.530677,-0.622633,0.376978,-28.548521,-0.440363,0.509799
0.001875,-0.004375,0.150000,-23.765873,-0.599473,0.374310,-29.253077,-0.500938,0.519450
0.001875,-0.003125,0.150000,-23.150138,-0.576077,0.374194,-29.793310,-0.555978,0.527691
0.001875,-0.001875,0.150000,-22.693916,-0.553515,0.376705,-30.179217,-0.605728,0.534476
0.001875,-0.000625,0.150000,-22.404603,-0.532744,0.381912,-30.418331,-0.650468,0.539715
0.001875,0.000625,0.150000,-22.286751,-0.514604,0.389868,-30.515483,-0.690485,0.543275
0.001875,0.001875,0.150000,-22.342194,-0.499825,0.400605,-30.472661,-0.726044,0.544982
0.001875,0.003125,0.150000,-22.570107,-0.489037,0.414132,-30.288948,-0.757369,0.544619
0.001875,0.004375,0.150000,-22.966981,-0.482771,0.430427,-29.960553,-0.784621,0.541927
0.001875,0.005625,0.150000,-23.526517,-0.481462,0.449426,-29.480918,-0.807889,0.536607
0.001875,0.006875,0.150000,-24.239456,-0.485456,0.471015,-28.840922,-0.827169,0.528320
0.001875,0.008125,0.150000,-25.093334,-0.495005,0.495023,-28.029178,-0.842366,0.516698
0.001875,0.009375,0.150000,-26.072193,-0.510268,0.521209,-27.032433,-0.853281,0.501340
0.001875,0.010625,0.150000,-27.156257,-0.531298,0.549250,-25.836083,-0.859614,0.481830
0.001875,0.011875,0.150000,-28.321598,-0.558043,0.578734,-24.424811,-0.860967,0.457740
0.001875,0.013125,0.150000,-29.539818,-0.590328,0.609149,-22.783360,-0.856845,0.428652
0.001875,0.014375,0.150000,-30.777787,-0.627844,0.639872,-20.897442,-0.846673,0.394169
0.001875,0.015625,0.150000,-31.997464,-0.670135,0.670167,-18.754794,-0.829808,0.353940
0.001875,0.016875,0.150000,-33.155862,-0.716580,0.699177,-16.346368,-0.805559,0.307680
0.001875,0.018125,0.150000,-34.205189,-0.766383,0.725931,-13.667648,-0.773213,0.255204
0.001875,0.019375,0.150000,-35.093228,-0.818555,0.749340,-10.720072,-0.732068,0.196452
0.003125,-0.019375,0.150000,-36.011471,-0.466228,0.843864,-5.652319,0.503057,0.308661
0.003125,-0.018125,0.150000,-35.492352,-0.538549,0.819331,-8.961087,0.413700,0.370947
0.003125,-0.016875,0.150000,-34.729911,-0.595643,0.793161,-12.019284,0.319233,0.427485
0.003125,-0.015625,0.150000,-33.781158,-0.638294,0.766241,-14.813906,0.222268,0.478563
0.003125,-0.014375,0.150000,-32.699801,-0.667628,0.739347,-17.340024,0.125031,0.524509
0.003125,-0.013125,0.150000,-31.535428,-0.685011,0.713155,-19.599295,0.029361,0.565668
0.003125,-0.011875,0.150000,-30.333005,-0.691960,0.688252,-21.598516,-0.063284,0.602387
0.003125,-0.010625,0.150000,-29.132623,-0.690071,0.665146,-23.348264,-0.151798,0.634999
0.003125,-0.009375,0.150000,-27.969463,-0.680957,0.644280,-24.861654,-0.235392,0.663813
0.003125,-0.008125,0.150000,-26.873903,-0.666202,0.626034,-26.153229,-0.313558,0.689107
0.003125,-0.006875,0.150000,-25.871740,-0.647321,0.610739,-27.237988,-0.386020,0.711118
0.003125,-0.005625,0.150000,-24.984484,-0.625737,0.598679,-28.130557,-0.452694,0.730038
0.003125,-0.004375,0.150000,-24.229679,-0.602767,0.590099,-28.844500,-0.513644,0.746009
0.003125,-0.003125,0.150000,-23.621223,-0.579609,0.585205,-29.391749,-0.569040,0.759118
0.003125,-0.001875,0.150000,-23.169671,-0.557342,0.584166,-29.782163,-0.619119,0.769394
0.003125,-0.000625,0.150000,-22.882491,-0.536925,0.587115,-30.023184,-0.664157,0.776805
0.003125,0.000625,0.150000,-22.764265,-0.519203,0.594146,-30.119605,-0.704433,0.781256
0.003125,0.001875,0.150000,-22.816816,-0.504912,0.605308,-30.073420,-0.740203,0.782588
0.003125,0.003125,0.150000,-23.039265,-0.494682,0.620602,-29.883771,-0.771683,0.780577
0.003125,0.004375,0.150000,-23.428006,-0.489044,0.639975,-29.546968,-0.799024,0.774934
0.003125,0.005625,0.150000,-23.976611,-0.488435,0.663306,-29.056614,-0.822303,0.765308
0.003125,0.006875,0.150000,-24.675654,-0.493197,0.690400,-28.403799,-0.841507,0.751293
0.003125,0.008125,0.150000,-25.512483,-0.503577,0.720975,-27.577408,-0.856527,0.732429
0.003125,0.009375,0.150000,-26.470932,-0.519725,0.754649,-26.564523,-0.867152,0.708218
0.003125,0.010625,0.150000,-27.531013,-0.541685,0.790926,-25.350944,-0.873069,0.678132
0.003125,0.011875,0.150000,-28.668593,-0.569391,0.829188,-23.921827,-0.873868,0.641632
0.003125,0.013125,0.150000,-29.855090,-0.602651,0.868675,-22.262465,-0.869044,0.598188
0.003125,0.014375,0.150000,-31.057226,-0.641135,0.908481,-20.359194,-0.858011,0.547306
0.003125,0.015625,0.150000,-32.236873,-0.684364,0.947547,-18.200449,-0.840118,0.488554
0.003125,0.016875,0.150000,-33.351035,-0.731690,0.984652,-15.777949,-0.814671,0.421601
0.003125,0.018125,0.150000,-34.352007,-0.782287,1.018423,-13.088011,-0.780957,0.346253
0.003125,0.019375,0.150000,-35.187786,-0.835136,1.047341,-10.132950,-0.738279,0.262493
0.004375,-0.019375,0.150000,-36.136729,-0.465479,1.149119,-4.861814,0.497931,0.320133
0.004375,-0.018125,0.150000,-35.687336,-0.538264,1.123254,-8.179930,0.408788,0.410424
0.004375,-0.016875,0.150000,-34.989443,-0.595877,1.093502,-11.252399,0.314414,0.493074
0.004375,-0.015625,0.150000,-34.099780,-0.639083,1.061216,-14.065052,0.217427,0.568218
0.004375,-0.014375,0.150000,-33.071932,-0.668992,1.027617,-16.611857,0.120063,0.636099
0.004375,-0.013125,0.150000,-31.955497,-0.686958,0.993795,-18.893452,0.024171,0.697034
0.004375,-0.011875,0.150000,-30.795550,-0.694489,0.960718,-20.915709,-0.068776,0.751391
0.004375,-0.010625,0.150000,-29.632371,-0.693177,0.929237,-22.688375,-0.157658,0.799557
0.004375,-0.009375,0.150000,-28.501376,-0.684634,0.900095,-24.223837,-0.241674,0.841922
0.004375,-0.008125,0.150000,-27.433205,-0.670443,0.873938,-25.536007,-0.320300,0.878858
0.004375,-0.006875,0.150000,-26.453929,-0.652122,0.851322,-26.639348,-0.393248,0.910708
0.004375,-0.005625,0.150000,-25.585319,-0.631099,0.832722,-27.548043,-0.460420,0.937766
0.004375,-0.004375,0.150000,-24.845157,-0.608697,0.818538,-28.275294,-0.521866,0.960271
0.004375,-0.003125,0.150000,-24.247546,-0.586119,0.809100,-28.832751,-0.577743,0.978399
0.004375,-0.001875,0.150000,-23.803201,-0.564451,0.804671,-29.230067,-0.628278,0.992251
0.004375,-0.000625,0.150000,-23.519701,-0.544660,0.805452,-29.474546,-0.673733,1.001851
0.004375,0.000625,0.150000,-23.401684,-0.527596,0.811577,-29.570912,-0.714373,1.007140
0.004375,0.001875,0.150000,-23.450971,-0.513998,0.823109,-29.521157,-0.750446,1.007973
0.004375,0.003125,0.150000,-23.666627,-0.504502,0.840042,-29.324483,-0.782151,1.004120
0.004375,0.004375,0.150000,-24.044934,-0.499642,0.862286,-28.977334,-0.809630,0.995265
0.004375,0.005625,0.150000,-24.579301,-0.499852,0.889660,-28.473509,-0.832944,0.981012
0.004375,0.006875,0.150000,-25.260095,-0.505473,0.921882,-27.804376,-0.852067,0.960887
0.004375,0.008125,0.150000,-26.074421,-0.516747,0.958554,-26.959174,-0.866877,0.934352
0.004375,0.009375,0.150000,-27.005848,-0.533814,0.999147,-25.925424,-0.877150,0.900817
0.004375,0.010625,0.150000,-28.034110,-0.556710,1.042986,-24.689456,-0.882561,0.859655
0.004375,0.011875,0.150000,-29.134803,-0.585351,1.089237,-23.237051,-0.882687,0.810228
0.004375,0.013125,0.150000,-30.279102,-0.619525,1.136892,-21.554227,-0.877015,0.751911
0.004375,0.014375,0.150000,-31.433531,-0.658883,1.184756,-19.628146,-0.864949,0.684129
0.004375,0.015625,0.150000,-32.559842,-0.702916,1.231441,-17.448167,-0.845836,0.606392
0.004375,0.016875,0.150000,-33.615014,-0.750949,1.275364,-15.007032,-0.818979,0.518342
0.004375,0.018125,0.150000,-34.551452,-0.802123,1.314754,-12.302159,-0.783672,0.419798
0.004375,0.019375,0.150000,-35.317419,-0.855382,1.347664,-9.337035,-0.739226,0.310817
0.005625,-0.019375,0.150000,-36.256993,-0.461144,1.456808,-3.857519,0.495921,0.309841
0.005625,-0.018125,0.150000,-35.896894,-0.534926,1.431467,-7.184434,0.407497,0.428303
0.005625,-0.016875,0.150000,-35.281944,-0.593628,1.399857,-10.272295,0.313629,0.537360
0.005625,-0.015625,0.150000,-34.468452,-0.637981,1.363791,-13.105454,0.216945,0.636962
0.005625,-0.014375,0.150000,-33.509793,-0.669063,1.324932,-15.676477,0.119695,0.727239
0.005625,-0.013125,0.150000,-32.455526,-0.688206,1.284783,-17.984697,0.023749,0.808457
0.005625,-0.011875,0.150000,-31.350829,-0.696899,1.244696,-20.034792,-0.069401,0.880979
0.005625,-0.010625,0.150000,-30.236184,-0.696722,1.205868,-21.835440,-0.158610,0.945227
0.005625,-0.009375,0.150000,-29.147277,-0.689278,1.169349,-23.398083,-0.243055,1.001652
0.005625,-0.008125,0.150000,-28.115064,-0.676146,1.136055,-24.735813,-0.322187,1.050707
0.005625,-0.006875,0.150000,-27.165943,-0.658846,1.106774,-25.862392,-0.395696,1.092822
0.005625,-0.005625,0.150000,-26.322009,-0.638809,1.082176,-26.791418,-0.463462,1.128385
0.005625,-0.004375,0.150000,-25.601341,-0.617361,1.062822,-27.535617,-0.525513,1.157723
0.005625,-0.003125,0.150000,-25.018300,-0.595713,1.049171,-28.106268,-0.581988,1.181090
0.005625,-0.001875,0.150000,-24.583808,-0.574958,1.041583,-28.512742,-0.633092,1.198656
0.005625,-0.000625,0.150000,-24.305590,-0.556071,1.040328,-28.762161,-0.679071,1.210496
0.005625,0.000625,0.150000,-24.188364,-0.539908,1.045579,-28.859147,-0.720172,1.216584
0.005625,0.001875,0.150000,-24.233961,-0.527217,1.057417,-28.805677,-0.756625,1.216790
0.005625,0.003125,0.150000,-24.441387,-0.518637,1.075820,-28.601025,-0.788615,1.210881
0.005625,0.004375,0.150000,-24.806797,-0.514703,1.100663,-28.241789,-0.816266,1.198515
0.005625,0.005625,0.150000,-25.323411,-0.515853,1.131698,-27.722018,-0.839624,1.179254
0.005625,0.006875,0.150000,-25.981353,-0.522424,1.168551,-27.033417,-0.858648,1.152568
0.005625,0.008125,0.150000,-26.767437,-0.534653,1.210699,-26.165667,-0.873201,1.117849
0.005625,0.009375,0.150000,-27.664916,-0.552671,1.257461,-25.106837,-0.883046,1.074426
0.005625,0.010625,0.150000,-28.653191,-0.576500,1.307975,-23.843914,-0.887846,1.021589
0.005625,0.011875,0.150000,-29.707535,-0.606038,1.361184,-22.363464,-0.887166,0.958616
0.005625,0.013125,0.150000,-30.798830,-0.641056,1.415824,-20.652404,-0.880485,0.884810
0.005625,0.014375,0.150000,-31.893371,-0.681175,1.470405,-18.698926,-0.867203,0.799535
0.005625,0.015625,0.150000,-32.952767,-0.725861,1.523211,-16.493543,-0.846663,0.702270
0.005625,0.016875,0.150000,-33.933980,-0.774405,1.572296,-14.030266,-0.818175,0.592656
0.005625,0.018125,0.150000,-34.789562,-0.825911,1.615493,-11.307887,-0.781040,0.470562
0.005625,0.019375,0.150000,-35.468118,-0.879288,1.650436,-8.331353,-0.734586,0.336143
0.006875,-0.019375,0.150000,-36.354609,-0.453233,1.765771,-2.639247,0.496902,0.272425
0.006875,-0.018125,0.150000,-36.103341,-0.528525,1.743295,-5.972847,0.409720,0.419125
0.006875,-0.016875,0.150000,-35.589823,-0.588873,1.712016,-9.075749,0.316792,0.554830
0.006875,-0.015625,0.150000,-34.869781,-0.634954,1.674195,-11.930527,0.220757,0.679268
0.006875,-0.014375,0.150000,-33.996267,-0.667804,1.631926,-14.528048,0.123887,0.792422
0.006875,-0.013125,0.150000,-33.018736,-0.688715,1.587129,-16.866058,0.028075,0.894474
0.006875,-0.011875,0.150000,-31.982432,-0.699151,1.541535,-18.947776,-0.065155,0.985751
0.006875,-0.010625,0.150000,-30.928037,-0.700668,1.496691,-20.780569,-0.154628,1.066685
0.006875,-0.009375,0.150000,-29.891529,-0.694857,1.453962,-22.374715,-0.239486,1.137763
0.006875,-0.008125,0.150000,-28.904212,-0.683288,1.414539,-23.742289,-0.319149,1.199497
0.006875,-0.006875,0.150000,-27.992858,-0.667478,1.379448,-24.896187,-0.393275,1.252389
0.006875,-0.005625,0.150000,-27.179934,-0.648858,1.349561,-25.849279,-0.461712,1.296902
0.006875,-0.004375,0.150000,-26.483867,-0.628760,1.325606,-26.613694,-0.524461,1.333439
0.006875,-0.003125,0.150000,-25.919322,-0.608401,1.308175,-27.200243,-0.581630,1.362324
0.006875,-0.001875,0.150000,-25.497470,-0.588883,1.297732,-27.617946,-0.633401,1.383787
0.006875,-0.000625,0.150000,-25.226212,-0.571187,1.294614,-27.873684,-0.679995,1.397948
0.006875,0.000625,0.150000,-25.110369,-0.556179,1.299039,-27.971950,-0.721636,1.404812
0.006875,0.001875,0.150000,-25.151795,-0.544613,1.311102,-27.914695,-0.758532,1.404265
0.006875,0.003125,0.150000,-25.349434,-0.537135,1.330766,-27.701271,-0.790849,1.396067
0.006875,0.004375,0.150000,-25.699305,-0.534283,1.357863,-27.328463,-0.818691,1.379861
0.006875,0.005625,0.150000,-26.194415,-0.536495,1.392076,-26.790612,-0.842087,1.355171
0.006875,0.006875,0.150000,-26.824612,-0.544107,1.432929,-26.079833,-0.860978,1.321419
0.006875,0.008125,0.150000,-27.576386,-0.557348,1.479772,-25.186339,-0.875213,1.277939
0.006875,0.009375,0.150000,-28.432628,-0.576341,1.531758,-24.098855,-0.884539,1.223995
0.006875,0.010625,0.150000,-29.372368,-0.601091,1.587832,-22.805168,-0.888607,1.158811
0.006875,0.011875,0.150000,-30.370513,-0.631480,1.646708,-21.292777,-0.886974,1.081605
0.006875,0.013125,0.150000,-31.397624,-0.667253,1.706857,-19.549686,-0.879111,0.991628
0.006875,0.014375,0.150000,-32.419748,-0.708006,1.766493,-17.565322,-0.864417,0.888216
0.006875,0.015625,0.150000,-33.398352,-0.753171,1.823565,-15.331576,-0.842237,0.770845
0.006875,0.016875,0.150000,-34.290413,-0.802004,1.875767,-12.843976,-0.811888,0.639192
0.006875,0.018125,0.150000,-35.048685,-0.853572,1.920543,-10.102954,-0.772686,0.493208
0.006875,0.019375,0.150000,-35.622216,-0.906743,1.955118,-7.115190,-0.723983,0.333191
0.008125,-0.019375,0.150000,-36.408272,-0.441702,2.074051,-1.208044,0.500672,0.202597
0.008125,-0.018125,0.150000,-36.285225,-0.518990,2.057263,-4.544319,0.415283,0.377431
0.008125,-0.016875,0.150000,-35.891645,-0.581517,2.028968,-7.660124,0.323758,0.539905
0.008125,-0.015625,0.150000,-35.282481,-0.629891,1.991856,-10.535965,0.228751,0.689481
0.008125,-0.014375,0.150000,-34.510322,-0.665089,1.948444,-13.160727,0.132557,0.825955
0.008125,-0.013125,0.150000,-33.624423,-0.688353,1.901057,-15.530290,0.037103,0.949383
0.008125,-0.011875,0.150000,-32.670039,-0.701107,1.851810,-17.646156,-0.056052,1.060024
0.008125,-0.010625,0.150000,-31.688023,-0.704880,1.802599,-19.514136,-0.145692,1.158281
0.008125,-0.009375,0.150000,-30.714645,-0.701238,1.755108,-21.143120,-0.230918,1.244652
0.008125,-0.008125,0.150000,-29.781573,-0.691741,1.710809,-22.543975,-0.311107,1.319680
0.008125,-0.006875,0.150000,-28.915981,-0.677897,1.670974,-23.728554,-0.385876,1.383915
0.008125,-0.005625,0.150000,-28.140745,-0.661138,1.636684,-24.708850,-0.455035,1.437878
0.008125,-0.004375,0.150000,-27.474679,-0.642796,1.608841,-25.496275,-0.518546,1.482032
0.008125,-0.003125,0.150000,-26.932790,-0.624097,1.588174,-26.101068,-0.576483,1.516759
0.008125,-0.001875,0.150000,-26.526530,-0.606148,1.575254,-26.531823,-0.628996,1.542336
0.008125,-0.000625,0.150000,-26.264008,-0.589940,1.570495,-26.795127,-0.676272,1.558924
0.008125,0.000625,0.150000,-26.150164,-0.576349,1.574156,-26.895310,-0.718512,1.566557
0.008125,0.001875,0.150000,-26.186885,-0.566136,1.586345,-26.834284,-0.755894,1.565131
0.008125,0.003125,0.150000,-26.373057,-0.559952,1.607010,-26.611490,-0.788562,1.554407
0.008125,0.004375,0.150000,-26.704552,-0.558340,1.635937,-26.223928,-0.816596,1.534012
0.008125,0.005625,0.150000,-27.174148,-0.561739,1.672732,-25.666283,-0.840006,1.503444
0.008125,0.006875,0.150000,-27.771397,-0.570481,1.716814,-24.931155,-0.858714,1.462088
0.008125,0.008125,0.150000,-28.482435,-0.584789,1.767392,-24.009379,-0.872551,1.409233
0.008125,0.009375,0.150000,-29.289763,-0.604773,1.823450,-22.890457,-0.881252,1.344096
0.008125,0.010625,0.150000,-30.172008,-0.630424,1.883730,-21.563109,-0.884455,1.265858
0.008125,0.011875,0.150000,-31.103696,-0.661602,1.946710,-20.015934,-0.881710,1.173700
0.008125,0.013125,0.150000,-32.055052,-0.698027,2.010588,-18.238206,-0.872482,1.066855
0.008125,0.014375,0.150000,-32.991877,-0.739262,2.073276,-16.220790,-0.856172,0.944660
0.008125,0.015625,0.150000,-33.875527,-0.784708,2.132395,-13.957184,-0.832131,0.806625
0.008125,0.016875,0.150000,-34.663044,-0.833582,2.185276,-11.444676,-0.799690,0.652506
0.008125,0.018125,0.150000,-35.307473,-0.884909,2.228986,-8.685592,-0.758185,0.482379
0.008125,0.019375,0.150000,-35.758434,-0.937518,2.260357,-5.688613,-0.706998,0.296728
0.009375,-0.019375,0.150000,-36.393144,-0.426465,2.378753,0.433202,0.506949,0.095227
0.009375,-0.018125,0.150000,-36.417394,-0.506194,2.370941,-2.899525,0.423938,0.297840
0.009375,-0.016875,0.150000,-36.162141,-0.571399,2.348738,-6.023992,0.334318,0.487006
0.009375,-0.015625,0.150000,-35.681333,-0.622605,2.315236,-8.918372,0.240758,0.661876
0.009375,-0.014375,0.150000,-35.026924,-0.660711,2.273363,-11.569293,0.145582,0.822005
0.009375,-0.013125,0.150000,-34.247840,-0.686899,2.225836,-13.970505,0.050751,0.967282
0.009375,-0.011875,0.150000,-33.389260,-0.702540,2.175148,-16.121533,-0.042130,1.097852
0.009375,-0.010625,0.150000,-32.492158,-0.709124,2.123547,-18.026392,-0.131799,1.214055
0.009375,-0.009375,0.150000,-31.593065,-0.708190,2.073036,-19.692365,-0.217304,1.316359
0.009375,-0.008125,0.150000,-30.724009,-0.701278,2.025374,-21.128907,-0.297975,1.405310
0.009375,-0.006875,0.150000,-29.912578,-0.689884,1.982085,-22.346652,-0.373376,1.481478
0.009375,-0.005625,0.150000,-29.182074,-0.675436,1.944466,-23.356565,-0.443271,1.545419
0.009375,-0.004375,0.150000,-28.551724,-0.659268,1.913598,-24.169211,-0.507576,1.597638
0.009375,-0.003125,0.150000,-28.036907,-0.642609,1.890358,-24.794155,-0.566323,1.638555
0.009375,-0.001875,0.150000,-27.649378,-0.626574,1.875425,-25.239483,-0.619621,1.668488
0.009375,-0.000625,0.150000,-27.397477,-0.612163,1.869293,-25.511431,-0.667622,1.687630
0.009375,0.000625,0.150000,-27.286280,-0.600260,1.872265,-25.614130,-0.710492,1.696035
0.009375,0.001875,0.150000,-27.317716,-0.591634,1.884463,-25.549443,-0.748380,1.693612
0.009375,0.003125,0.150000,-27.490616,-0.586943,1.905817,-25.316910,-0.781399,1.680125
0.009375,0.004375,0.150000,-27.800702,-0.586734,1.936061,-24.913775,-0.809605,1.655189
0.009375,0.005625,0.150000,-28.240514,-0.591445,1.974722,-24.335125,-0.832985,1.618287
0.009375,0.006875,0.150000,-28.799293,-0.601405,2.021104,-23.574117,-0.851441,1.568779
0.009375,0.008125,0.150000,-29.462805,-0.616828,2.074271,-22.622307,-0.864786,1.505927
0.009375,0.009375,0.150000,-30.213146,-0.637813,2.133028,-21.470097,-0.872741,1.428924
0.009375,0.010625,0.150000,-31.028533,-0.664331,2.195906,-20.107281,-0.874933,1.336931
0.009375,0.011875,0.150000,-31.883103,-0.696220,2.261138,-18.523725,-0.870905,1.229123
0.009375,0.013125,0.150000,-32.746760,-0.733172,2.326648,-16.710155,-0.860121,1.104748
0.009375,0.014375,0.150000,-33.585090,-0.774718,2.390046,-14.659083,-0.841986,0.963183
0.009375,0.015625,0.150000,-34.359389,-0.820219,2.448619,-12.365835,-0.815863,0.804017
0.009375,0.016875,0.150000,-35.026847,-0.868854,2.499349,-9.829694,-0.781100,0.627126
0.009375,0.018125,0.150000,-35.540923,-0.919606,2.538936,-7.055129,-0.737062,0.432762
0.009375,0.019375,0.150000,-35.851963,-0.971259,2.563843,-4.053069,-0.683169,0.221647
0.010625,-0.019375,0.150000,-36.281056,-0.407400,2.675917,2.279063,0.515372,-0.054517
0.010625,-0.018125,0.150000,-36.471135,-0.489961,2.680803,-1.041383,0.435362,0.175173
0.010625,-0.016875,0.150000,-36.372292,-0.558301,2.668234,-4.167872,0.348196,0.390668
0.010625,-0.015625,0.150000,-36.037215,-0.612840,2.641674,-7.076003,0.256553,0.590751
0.010625,-0.014375,0.150000,-35.517011,-0.654387,2.604431,-9.749897,0.162785,0.774687
0.010625,-0.013125,0.150000,-34.860117,-0.684046,2.559605,-12.180915,0.068897,0.942141
0.010625,-0.011875,0.150000,-34.111515,-0.703129,2.510054,-14.366360,-0.023458,1.093100
0.010625,-0.010625,0.150000,-33.312214,-0.713074,2.458374,-16.308211,-0.112963,1.227791
0.010625,-0.009375,0.150000,-32.498955,-0.715383,2.406889,-18.011925,-0.198610,1.346616
0.010625,-0.008125,0.150000,-31.704092,-0.711570,2.357646,-19.485342,-0.279668,1.450085
0.010625,-0.006875,0.150000,-30.955613,-0.703115,2.312428,-20.737700,-0.355644,1.538758
0.010625,-0.005625,0.150000,-30.277251,-0.691437,2.272752,-21.778779,-0.426246,1.613199
0.010625,-0.004375,0.150000,-29.688654,-0.677869,2.239886,-22.618163,-0.491335,1.673929
0.010625,-0.003125,0.150000,-29.205583,-0.663640,2.214858,-23.264636,-0.550895,1.721394
0.010625,-0.001875,0.150000,-28.840120,-0.649874,2.198465,-23.725691,-0.604987,1.755935
0.010625,-0.000625,0.150000,-28.600843,-0.637578,2.191280,-24.007154,-0.653721,1.777765
0.010625,0.000625,0.150000,-28.492983,-0.627644,2.193654,-24.112920,-0.697222,1.786957
0.010625,0.001875,0.150000,-28.518518,-0.620849,2.205721,-24.044791,-0.735604,1.783431
0.010625,0.003125,0.150000,-28.676228,-0.617855,2.227392,-23.802413,-0.768949,1.766954
0.010625,0.004375,0.150000,-28.961685,-0.619213,2.258348,-23.383313,-0.797284,1.737140
0.010625,0.005625,0.150000,-29.367191,-0.625362,2.298029,-22.783033,-0.820569,1.693464
0.010625,0.006875,0.150000,-29.881672,-0.636623,2.345619,-21.995365,-0.838684,1.635278
0.010625,0.008125,0.150000,-30.490521,-0.653204,2.400028,-21.012692,-0.851425,1.561839
0.010625,0.009375,0.150000,-31.175434,-0.675188,2.459878,-19.826434,-0.858498,1.472336
0.010625,0.010625,0.150000,-31.914224,-0.702526,2.523480,-18.427611,-0.859521,1.365944
0.010625,0.011875,0.150000,-32.680662,-0.735030,2.588819,-16.807517,-0.854031,1.241864
0.010625,0.013125,0.150000,-33.444368,-0.772362,2.653543,-14.958522,-0.841495,1.099397
0.010625,0.014375,0.150000,-34.170771,-0.814018,2.714956,-12.874984,-0.821326,0.938006
0.010625,0.015625,0.150000,-34.821192,-0.859320,2.770022,-10.554275,-0.792902,0.757404
0.010625,0.016875,0.150000,-35.353085,-0.907403,2.815385,-7.997902,-0.755598,0.557639
0.010625,0.018125,0.150000,-35.720475,-0.957208,2.847399,-5.212704,-0.708813,0.339193
0.010625,0.019375,0.150000,-35.874632,-1.007473,2.862181,-2.212091,-0.652011,0.103081
0.011875,-0.019375,0.150000,-36.040823,-0.384365,2.960399,4.320792,0.525493,-0.251001
0.011875,-0.018125,0.150000,-36.414418,-0.470084,2.982101,1.024141,0.449155,0.004617
0.011875,-0.016875,0.150000,-36.489506,-0.541957,2.983112,-2.095057,0.365040,0.245691
0.011875,-0.015625,0.150000,-36.317210,-0.600282,2.967227,-5.009615,0.275839,0.470578
0.011875,-0.014375,0.150000,-35.947546,-0.645764,2.938105,-7.700915,0.183933,0.678193
0.011875,-0.013125,0.150000,-35.428258,-0.679416,2.899202,-10.157697,0.091369,0.867925
0.011875,-0.011875,0.150000,-34.803976,-0.702472,2.853729,-12.374803,-0.000147,1.039543
0.011875,-0.010625,0.150000,-34.115623,-0.716312,2.804619,-14.351947,-0.089236,1.193118
0.011875,-0.009375,0.150000,-33.400062,-0.722391,2.754513,-16.092543,-0.174825,1.328936
0.011875,-0.008125,0.150000,-32.689918,-0.722188,2.705750,-17.602616,-0.256118,1.447431
0.011875,-0.006875,0.150000,-32.013539,-0.717162,2.660368,-18.889828,-0.332557,1.549116
0.011875,-0.005625,0.150000,-31.395065,-0.708717,2.620114,-19.962612,-0.403782,1.634532
0.011875,-0.004375,0.150000,-30.854558,-0.698180,2.586447,-20.829439,-0.469598,1.704191
0.011875,-0.003125,0.150000,-30.408164,-0.686783,2.560550,-21.498198,-0.529927,1.758541
0.011875,-0.001875,0.150000,-30.068290,-0.675650,2.543341,-21.975702,-0.584779,1.797932
0.011875,-0.000625,0.150000,-29.843767,-0.665796,2.535476,-22.267304,-0.634213,1.822587
0.011875,0.000625,0.150000,-29.739982,-0.658119,2.537357,-22.376626,-0.678310,1.832591
0.011875,0.001875,0.150000,-29.758974,-0.653402,2.549131,-22.305394,-0.717144,1.827871
0.011875,0.003125,0.150000,-29.899477,-0.652314,2.570688,-22.053372,-0.750759,1.808202
0.011875,0.004375,0.150000,-30.156921,-0.655406,2.601651,-21.618402,-0.779151,1.773203
0.011875,0.005625,0.150000,-30.523377,-0.663116,2.641369,-20.996541,-0.802251,1.722357
0.011875,0.006875,0.150000,-30.987461,-0.675759,2.688902,-20.182299,-0.819917,1.655026
0.011875,0.008125,0.150000,-31.534214,-0.693531,2.743002,-19.168988,-0.831924,1.570479
0.011875,0.009375,0.150000,-32.144945,-0.716498,2.802099,-17.949176,-0.837965,1.467937
0.011875,0.010625,0.150000,-32.797098,-0.744591,2.864281,-16.515252,-0.837650,1.346615
0.011875,0.011875,0.150000,-33.464128,-0.777593,2.927284,-14.860109,-0.830514,1.205783
0.011875,0.013125,0.150000,-34.115432,-0.815133,2.988478,-12.977942,-0.816028,1.044836
0.011875,0.014375,0.150000,-34.716372,-0.856670,3.044869,-10.865155,-0.793618,0.863371
0.011875,0.015625,0.150000,-35.228416,-0.901485,3.093110,-8.521372,-0.762685,0.661278
0.011875,0.016875,0.150000,-35.609435,-0.948669,3.129521,-5.950538,-0.722635,0.438833
0.011875,0.018125,0.150000,-35.814207,-0.997116,3.150138,-3.162077,-0.672909,0.196806
0.011875,0.019375,0.150000,-35.795161,-1.045523,3.150772,-0.172077,-0.613027,-0.063439
0.013125,-0.019375,0.150000,-35.638696,-0.357215,3.225798,6.545492,0.536780,-0.497900
0.013125,-0.018125,0.150000,-36.212282,-0.446338,3.268760,3.287151,0.464827,-0.218065
0.013125,-0.016875,0.150000,-36.477926,-0.522070,3.287652,0.187474,0.384417,0.047341
0.013125,-0.015625,0.150000,-36.484851,-0.584575,3.286544,-2.723395,0.298246,0.296186
0.013125,-0.014375,0.150000,-36.281688,-0.634435,3.269401,-5.423906,0.208720,0.526978
0.013125,-0.013125,0.150000,-35.915251,-0.672558,3.240007,-7.899960,0.117930,0.738764
0.013125,-0.011875,0.150000,-35.429617,-0.700089,3.201902,-10.143720,0.027638,0.931044
0.013125,-0.010625,0.150000,-34.865468,-0.718335,3.158343,-12.152420,-0.060712,1.103670
0.013125,-0.009375,0.150000,-34.259668,-0.728695,3.112277,-13.927218,-0.145977,1.256766
0.013125,-0.008125,0.150000,-33.645017,-0.732604,3.066329,-15.472130,-0.227286,1.390642
0.013125,-0.006875,0.150000,-33.050161,-0.731493,3.022796,-16.793058,-0.304009,1.505727
0.013125,-0.005625,0.150000,-32.499602,-0.726745,2.983653,-17.896933,-0.375717,1.602500
0.013125,-0.004375,0.150000,-32.013783,-0.719676,2.950554,-18.790972,-0.442141,1.681436
0.013125,-0.003125,0.150000,-31.609219,-0.711514,2.924841,-19.482057,-0.503143,1.742963
0.013125,-0.001875,0.150000,-31.298635,-0.703384,2.907556,-19.976230,-0.558670,1.787419
0.013125,-0.000625,0.150000,-31.091112,-0.696304,2.899443,-20.278306,-0.608727,1.815026
0.013125,0.000625,0.150000,-30.992197,-0.691178,2.900954,-20.391595,-0.653344,1.825870
0.013125,0.001875,0.150000,-31.003993,-0.688793,2.912249,-20.317731,-0.692548,1.819887
0.013125,0.003125,0.150000,-31.125202,-0.689820,2.933196,-20.056609,-0.726343,1.796862
0.013125,0.004375,0.150000,-31.351121,-0.694812,2.963359,-19.606420,-0.754690,1.756430
0.013125,0.005625,0.150000,-31.673607,-0.704202,3.001994,-18.963794,-0.777489,1.698093
0.013125,0.006875,0.150000,-32.080993,-0.718298,3.048030,-18.124043,-0.794574,1.621242
0.013125,0.008125,0.150000,-32.557991,-0.737282,3.100059,-17.081516,-0.805701,1.525191
0.013125,0.009375,0.150000,-33.085573,-0.761203,3.156315,-15.830053,-0.810548,1.409216
0.013125,0.010625,0.150000,-33.640868,-0.789965,3.214665,-14.363561,-0.808718,1.272614
0.013125,0.011875,0.150000,-34.197084,-0.823324,3.272594,-12.676696,-0.799747,1.114764
0.013125,0.013125,0.150000,-34.723500,-0.860873,3.327201,-10.765656,-0.783116,0.935204
0.013125,0.014375,0.150000,-35.185534,-0.902030,3.375207,-8.629080,-0.758268,0.733716
0.013125,0.015625,0.150000,-35.544953,-0.946035,3.412966,-6.269042,-0.724632,0.510421
0.013125,0.016875,0.150000,-35.760237,-0.991932,3.436506,-3.692117,-0.681652,0.265886
0.013125,0.018125,0.150000,-35.787150,-1.038573,3.441576,-0.910501,-0.628823,0.001226
0.013125,0.019375,0.150000,-35.579549,-1.084608,3.423727,2.056868,-0.565728,-0.281782
0.014375,-0.019375,0.150000,-35.038989,-0.325823,3.464407,8.935249,0.548612,-0.797948
0.014375,-0.018125,0.150000,-35.827376,-0.418496,3.533322,5.732905,0.481803,-0.496276
0.014375,-0.016875,0.150000,-36.298902,-0.498328,3.574678,2.668087,0.405808,-0.208396
0.014375,-0.015625,0.150000,-36.500511,-0.565331,3.592755,-0.225980,0.323317,0.063018
0.014375,-0.014375,0.150000,-36.479119,-0.619949,3.591775,-2.924653,0.236760,0.315998
0.014375,-0.013125,0.150000,-36.280323,-0.662970,3.575804,-5.410814,0.148267,0.549193
0.014375,-0.011875,0.150000,-35.947409,-0.695435,3.548682,-7.673751,0.059660,0.761766
0.014375,-0.010625,0.150000,-35.520621,-0.718566,3.513964,-9.708013,-0.027550,0.953297
0.014375,-0.009375,0.150000,-35.036662,-0.733692,3.474891,-11.512309,-0.112146,1.123689
0.014375,-0.008125,0.150000,-34.528385,-0.742199,3.434364,-13.088455,-0.193178,1.273082
0.014375,-0.006875,0.150000,-34.024634,-0.745476,3.394934,-14.440419,-0.269937,1.401773
0.014375,-0.005625,0.150000,-33.550199,-0.744881,3.358800,-15.573470,-0.341914,1.510141
0.014375,-0.004375,0.150000,-33.125857,-0.741714,3.327812,-16.493434,-0.408766,1.598594
0.014375,-0.003125,0.150000,-32.768450,-0.737191,3.303473,-17.206071,-0.470283,1.667509
0.014375,-0.001875,0.150000,-32.491001,-0.732436,3.286951,-17.716560,-0.526345,1.717194
0.014375,-0.000625,0.150000,-32.302826,-0.728465,3.279078,-18.029113,-0.576895,1.747854
0.014375,0.000625,0.150000,-32.209633,-0.726184,3.280358,-18.146686,-0.621906,1.759571
0.014375,0.001875,0.150000,-32.213594,-0.726384,3.290965,-18.070806,-0.661356,1.752285
0.014375,0.003125,0.150000,-32.313386,-0.729735,3.310744,-17.801507,-0.695204,1.725794
0.014375,0.004375,0.150000,-32.504196,-0.736789,3.339201,-17.337367,-0.723371,1.679760
0.014375,0.005625,0.150000,-32.777693,-0.747970,3.375493,-16.675647,-0.745726,1.613721
0.014375,0.006875,0.150000,-33.121965,-0.763580,3.418421,-15.812546,-0.762076,1.527120
0.014375,0.008125,0.150000,-33.521446,-0.783784,3.466412,-14.743552,-0.772156,1.419339
0.014375,0.009375,0.150000,-33.956833,-0.808608,3.517508,-13.463905,-0.775633,1.289750
0.014375,0.010625,0.150000,-34.405024,-0.837933,3.569354,-11.969175,-0.772106,1.137769
0.014375,0.011875,0.150000,-34.839090,-0.871481,3.619194,-10.255937,-0.761113,0.962930
0.014375,0.013125,0.150000,-35.228318,-0.908806,3.663867,-8.322563,-0.742149,0.764964
0.014375,0.014375,0.150000,-35.538344,-0.949289,3.699825,-6.170104,-0.714679,0.543895
0.014375,0.015625,0.150000,-35.731430,-0.992124,3.723152,-3.803259,-0.678169,0.300136
0.014375,0.016875,0.150000,-35.766895,-1.036310,3.729613,-1.231404,-0.632109,0.034600
0.014375,0.018125,0.150000,-35.601759,-1.080654,3.714720,1.530340,-0.576055,-0.251186
0.014375,0.019375,0.150000,-35.191617,-1.123765,3.673820,4.460047,-0.509662,-0.554971
0.015625,-0.019375,0.150000,-34.204890,-0.290095,3.667230,11.466266,0.560280,-1.152621
0.015625,-0.018125,0.150000,-35.220705,-0.386353,3.766923,8.340869,0.499415,-0.832284
0.015625,-0.016875,0.150000,-35.911659,-0.470425,3.835514,5.329487,0.428597,-0.524510
0.015625,-0.015625,0.150000,-36.322001,-0.542154,3.877414,2.468491,0.350502,-0.232579
0.015625,-0.014375,0.150000,-36.496558,-0.601832,3.897036,-0.214266,0.267573,0.041009
0.015625,-0.013125,0.150000,-36.479385,-0.650109,3.898676,-2.698506,0.181981,0.294436
0.015625,-0.011875,0.150000,-36.312695,-0.687911,3.886430,-4.970474,0.095601,0.526467
0.015625,-0.010625,0.150000,-36.036053,-0.716360,3.864124,-7.021861,0.010014,0.736347
0.015625,-0.009375,0.150000,-35.685803,-0.736704,3.835265,-8.848741,-0.073486,0.923704
0.015625,-0.008125,0.150000,-35.294688,-0.750265,3.803014,-10.450556,-0.153866,1.088451
0.015625,-0.006875,0.150000,-34.891618,-0.758385,3.770166,-11.829172,-0.230332,1.230706
0.015625,-0.005625,0.150000,-34.501573,-0.762385,3.739138,-12.988044,-0.302290,1.350709
0.015625,-0.004375,0.150000,-34.145579,-0.763541,3.711971,-13.931473,-0.369317,1.448760
0.015625,-0.003125,0.150000,-33.840755,-0.763056,3.690328,-14.663979,-0.431123,1.525159
0.015625,-0.001875,0.150000,-33.600380,-0.762041,3.675503,-15.189790,-0.487516,1.580161
0.015625,-0.000625,0.150000,-33.433985,-0.761511,3.668416,-15.512447,-0.538371,1.613939
0.015625,0.000625,0.150000,-33.347425,-0.762368,3.669623,-15.634508,-0.583599,1.626558
0.015625,0.001875,0.150000,-33.342944,-0.765401,3.679315,-15.557379,-0.623124,1.617962
0.015625,0.003125,0.150000,-33.419210,-0.771278,3.697310,-15.281243,-0.656855,1.587968
0.015625,0.004375,0.150000,-33.571328,-0.780545,3.723057,-14.805096,-0.684673,1.536272
0.015625,0.005625,0.150000,-33.790814,-0.793620,3.755617,-14.126893,-0.706410,1.462468
0.015625,0.006875,0.150000,-34.065567,-0.810789,3.793661,-13.243798,-0.721846,1.366074
0.015625,0.008125,0.150000,-34.379814,-0.832201,3.835456,-12.152540,-0.730698,1.246574
0.015625,0.009375,0.150000,-34.714066,-0.857858,3.878856,-10.849884,-0.732620,1.103468
0.015625,0.010625,0.150000,-35.045103,-0.887611,3.921294,-9.333195,-0.727208,0.936336
0.015625,0.011875,0.150000,-35.345995,-0.921149,3.959783,-7.601119,-0.714010,0.744916
0.015625,0.013125,0.150000,-35.586204,-0.957988,3.990923,-5.654358,-0.692536,0.529188
0.015625,0.014375,0.150000,-35.731785,-0.997466,4.010921,-3.496532,-0.662284,0.289472
0.015625,0.015625,0.150000,-35.745726,-1.038732,4.015627,-1.135115,-0.622759,0.026533
0.015625,0.016875,0.150000,-35.588459,-1.080742,4.000589,1.417575,-0.573508,-0.258303
0.015625,0.018125,0.150000,-35.218566,-1.122260,3.961136,4.143373,-0.514155,-0.563039
0.015625,0.019375,0.150000,-34.593731,-1.161857,3.892479,7.017283,-0.444441,-0.884893
0.016875,-0.019375,0.150000,-33.099509,-0.250003,3.824056,14.108052,0.570991,-1.561809
0.016875,-0.018125,0.150000,-34.352599,-0.349752,3.959345,11.083813,0.516902,-1.226867
0.016875,-0.016875,0.150000,-35.274190,-0.438084,4.060006,8.147725,0.452071,-0.902615
0.016875,-0.015625,0.150000,-35.905382,-0.514659,4.130489,5.339314,0.379148,-0.592989
0.016875,-0.014375,0.150000,-36.288507,-0.579603,4.175317,2.689693,0.300580,-0.301082
0.016875,-0.013125,0.150000,-36.465706,-0.633414,4.198953,0.222402,0.218568,-0.029239
0.016875,-0.011875,0.150000,-36.477794,-0.676885,4.205695,-2.045636,0.135041,0.220844
0.016875,-0.010625,0.150000,-36.363375,-0.711024,4.199593,-4.103105,0.051646,0.448014
0.016875,-0.009375,0.150000,-36.158197,-0.736987,4.184394,-5.943291,-0.030242,0.651563
0.016875,-0.008125,0.150000,-35.894686,-0.756020,4.163491,-7.563098,-0.109508,0.831123
0.016875,-0.006875,0.150000,-35.601658,-0.769404,4.139904,-8.962140,-0.185266,0.986582
0.016875,-0.005625,0.150000,-35.304145,-0.778416,4.116258,-10.141911,-0.256836,1.117997
0.016875,-0.004375,0.150000,-35.023322,-0.784299,4.094775,-11.105058,-0.323706,1.225522
0.016875,-0.003125,0.150000,-34.776503,-0.788232,4.077274,-11.854753,-0.385502,1.309348
0.016875,-0.001875,0.150000,-34.577169,-0.791312,4.065169,-12.394183,-0.441953,1.369651
0.016875,-0.000625,0.150000,-34.435029,-0.794542,4.059468,-12.726149,-0.492862,1.406555
0.016875,0.000625,0.150000,-34.356068,-0.798818,4.060781,-12.852774,-0.538073,1.420101
0.016875,0.001875,0.150000,-34.342602,-0.804922,4.069311,-12.775322,-0.577450,1.410230
0.016875,0.003125,0.150000,-34.393308,-0.813515,4.084856,-12.494133,-0.610850,1.376784
0.016875,0.004375,0.150000,-34.503239,-0.825135,4.106804,-12.008654,-0.638109,1.319506
0.016875,0.005625,0.150000,-34.663817,-0.840188,4.134127,-11.317589,-0.659024,1.238063
0.016875,0.006875,0.150000,-34.862817,-0.858943,4.165369,-10.419143,-0.673344,1.132075
0.016875,0.008125,0.150000,-35.084351,-0.881528,4.198644,-9.311389,-0.680768,1.001158
0.016875,0.009375,0.150000,-35.308864,-0.907920,4.231629,-7.992722,-0.680941,0.844982
0.016875,0.010625,0.150000,-35.513158,-0.937939,4.261558,-6.462434,-0.673460,0.663337
0.016875,0.011875,0.150000,-35.670472,-0.971237,4.285235,-4.721373,-0.657882,0.456213
0.016875,0.013125,0.150000,-35.750647,-1.007291,4.299048,-2.772708,-0.633742,0.223894
0.016875,0.014375,0.150000,-35.720394,-1.045396,4.298995,-0.622759,-0.600573,-0.032944
0.016875,0.015625,0.150000,-35.543702,-1.084657,4.280736,1.718101,-0.557930,-0.313122
0.016875,0.016875,0.150000,-35.182424,-1.123989,4.239660,4.234513,-0.505426,-0.614844
0.016875,0.018125,0.150000,-34.597055,-1.162115,4.170979,6.905197,-0.442763,-0.935582
0.016875,0.019375,0.150000,-33.747747,-1.197574,4.069853,9.702055,-0.369778,-1.271967
0.018125,-0.019375,0.150000,-31.687155,-0.205607,3.923626,16.822700,0.579877,-2.023442
0.018125,-0.018125,0.150000,-33.183935,-0.308607,4.099147,13.926971,0.533414,-1.678939
0.018125,-0.016875,0.150000,-34.344411,-0.401082,4.236623,11.091266,0.475419,-1.342559
0.018125,-0.015625,0.150000,-35.206059,-0.482501,4.340433,8.358188,0.408497,-1.018935
0.018125,-0.014375,0.150000,-35.808265,-0.552804,4.415118,5.762103,0.335088,-0.711809
0.018125,-0.013125,0.150000,-36.190853,-0.612324,4.465227,3.329855,0.257414,-0.424109
0.018125,-0.011875,0.150000,-36.392871,-0.661708,4.495194,1.081618,0.177448,-0.158055
0.018125,-0.010625,0.150000,-36.451644,-0.701835,4.509243,-0.968181,0.096903,0.084744
0.018125,-0.009375,0.150000,-36.402036,-0.733754,4.511310,-2.809909,0.017230,0.303182
0.018125,-0.008125,0.150000,-36.275921,-0.758620,4.504993,-4.437803,-0.060368,0.496556
0.018125,-0.006875,0.150000,-36.101817,-0.777643,4.493507,-5.849084,-0.134916,0.664469
0.018125,-0.005625,0.150000,-35.904642,-0.792046,4.479665,-7.043160,-0.205640,0.806749
0.018125,-0.004375,0.150000,-35.705589,-0.803028,4.465857,-8.020902,-0.271937,0.923365
0.018125,-0.003125,0.150000,-35.522064,-0.811734,4.454048,-8.784032,-0.333344,1.014365
0.018125,-0.001875,0.150000,-35.367677,-0.819240,4.445765,-9.334608,-0.389508,1.079821
0.018125,-0.000625,0.150000,-35.252263,-0.826530,4.442103,-9.674631,-0.440152,1.119789
0.018125,0.000625,0.150000,-35.181915,-0.834487,4.443718,-9.805742,-0.485050,1.134272
0.018125,0.001875,0.150000,-35.159017,-0.843881,4.450830,-9.729051,-0.524002,1.123211
0.018125,0.003125,0.150000,-35.182275,-0.855362,4.463216,-9.445059,-0.556810,1.086473
0.018125,0.004375,0.150000,-35.246730,-0.869453,4.480211,-8.953694,-0.583262,1.023860
0.018125,0.005625,0.150000,-35.343774,-0.886545,4.500698,-8.254456,-0.603117,0.935134
0.018125,0.006875,0.150000,-35.461150,-0.906889,4.523108,-7.346667,-0.616097,0.820042
0.018125,0.008125,0.150000,-35.582970,-0.930586,4.545411,-6.229824,-0.621881,0.678368
0.018125,0.009375,0.150000,-35.689752,-0.957587,4.565123,-4.904061,-0.620106,0.509992
0.018125,0.010625,0.150000,-35.758492,-0.987676,4.579305,-3.370702,-0.610372,0.314958
0.018125,0.011875,0.150000,-35.762808,-1.020469,4.584579,-1.632913,-0.592255,0.093562
0.018125,0.013125,0.150000,-35.673159,-1.055403,4.577157,0.303562,-0.565316,-0.153553
0.018125,0.014375,0.150000,-35.457183,-1.091731,4.552875,2.429600,-0.529134,-0.425299
0.018125,0.015625,0.150000,-35.080185,-1.128516,4.507261,4.731848,-0.483320,-0.720023
0.018125,0.016875,0.150000,-34.505785,-1.164631,4.435612,7.191852,-0.427561,-1.035402
0.018125,0.018125,0.150000,-33.696772,-1.198765,4.333107,9.785200,-0.361649,-1.368323
0.018125,0.019375,0.150000,-32.616182,-1.229432,4.194945,12.480726,-0.285524,-1.714786
0.019375,-0.019375,0.150000,-29.934864,-0.157080,3.953884,19.564335,0.586006,-2.533112
0.019375,-0.018125,0.150000,-31.677618,-0.262932,4.173889,16.827358,0.548022,-2.185142
0.019375,-0.016875,0.150000,-33.081591,-0.359284,4.352647,14.120167,0.497736,-1.841996
0.019375,-0.015625,0.150000,-34.180138,-0.445398,4.494345,11.488289,0.437687,-1.509039
0.019375,-0.014375,0.150000,-35.009230,-0.521022,4.603433,8.969257,0.370291,-1.190699
0.019375,-0.013125,0.150000,-35.605929,-0.586310,4.684453,6.593196,0.297779,-0.890541
0.019375,-0.011875,0.150000,-36.007117,-0.641743,4.741897,4.383552,0.222162,-0.611363
0.019375,-0.010625,0.150000,-36.248471,-0.688061,4.780092,2.357930,0.145209,-0.355290
0.019375,-0.009375,0.150000,-36.363656,-0.726189,4.803114,0.528964,0.068446,-0.123883
0.019375,-0.008125,0.150000,-36.383714,-0.757179,4.814713,-1.094808,-0.006840,0.081762
0.019375,-0.006875,0.150000,-36.336625,-0.782157,4.818269,-2.508110,-0.079583,0.260917
0.019375,-0.005625,0.150000,-36.246999,-0.802276,4.816754,-3.708147,-0.148914,0.413128
0.019375,-0.004375,0.150000,-36.135884,-0.818681,4.812706,-4.693913,-0.214136,0.538141
0.019375,-0.003125,0.150000,-36.020653,-0.832477,4.808218,-5.465585,-0.274695,0.635826
0.019375,-0.001875,0.150000,-35.914947,-0.844704,4.804921,-6.024018,-0.330148,0.706125
0.019375,-0.000625,0.150000,-35.828669,-0.856323,4.803989,-6.370348,-0.380137,0.749003
0.019375,0.000625,0.150000,-35.767982,-0.868194,4.806123,-6.505701,-0.424362,0.764419
0.019375,0.001875,0.150000,-35.735335,-0.881069,4.811557,-6.431010,-0.462555,0.752305
0.019375,0.003125,0.150000,-35.729483,-0.895581,4.820053,-6.146940,-0.494460,0.712560
0.019375,0.004375,0.150000,-35.745509,-0.912235,4.830895,-5.653925,-0.519816,0.645060
0.019375,0.005625,0.150000,-35.774848,-0.931401,4.842891,-4.952308,-0.538343,0.549677
0.019375,0.006875,0.150000,-35.805319,-0.953304,4.854367,-4.042585,-0.549735,0.426316
0.019375,0.008125,0.150000,-35.821172,-0.978021,4.863172,-2.925754,-0.553654,0.274963
0.019375,0.009375,0.150000,-35.803166,-1.005469,4.866683,-1.603769,-0.549731,0.095747
0.019375,0.010625,0.150000,-35.728699,-1.035399,4.861818,-0.080075,-0.537573,-0.110985
0.019375,0.011875,0.150000,-35.572001,-1.067387,4.845057,1.639756,-0.516777,-0.344582
0.019375,0.013125,0.150000,-35.304422,-1.100831,4.812483,3.547326,-0.486942,-0.603991
0.019375,0.014375,0.150000,-34.894844,-1.134940,4.759829,5.630651,-0.447694,-0.887652
0.019375,0.015625,0.150000,-34.310231,-1.168741,4.682559,7.873362,-0.398714,-1.193389
0.019375,0.016875,0.150000,-33.516352,-1.201070,4.575960,10.253911,-0.339769,-1.518297
0.019375,0.018125,0.150000,-32.478701,-1.230589,4.435274,12.744801,-0.270751,-1.858637
0.019375,0.019375,0.150000,-31.163630,-1.255790,4.255848,15.311902,-0.191715,-2.209737
