#finish read file = array_planar_15_16.txt
this is calcu_pws
#calcu Epolar and Rpolar from xyz
========== file info ===========
antenna name = 
antenna size = 4.87316e-317
surface type = 9822952
n_sample = 256
space = 2.96439e-323
freq = 2.7e+10
data size = 256
Exyz = (0,0) (0,0) (0,0)
(0,0) (0,0) (0,0)
(0,0) (0,0) (0,0)
(0,0) (0,0) (0,0)
(0,0) (0,0) (0,0)
(0,0) (0,0) (0,0)
(0,0) (0,0) (0,0)
(0,0) (0,0) (0,0)
(0,0) (0,0) (0,0)
(0,0) (0,0) (0,0)
(0,0) (0,0) (0,0)
(0,0) (0,0) (0,0)
(0,0) (0,0) (0,0)
(0,0) (0,0) (0,0)
(0,0) (0,0) (0,0)
(0,0) (0,0) (0,0)
(0,0) (0,0) (0,0)
(0,0) (0,0) (0,0)
(0,0) (0,0) (0,0)
(0,0) (0,0) (0,0)
(0,0) (0,0) (0,0)
(0,0) (0,0) (0,0)
(0,0) (0,0) (0,0)
(0,0) (0,0) (0,0)
(0,0) (0,0) (0,0)
(0,0) (0,0) (0,0)
(0,0) (0,0) (0,0)
(0,0) (0,0) (0,0)
(0,0) (0,0) (0,0)
(0,0) (0,0) (0,0)
(0,0) (0,0) (0,0)
(0,0) (0,0) (0,0)
(0,0) (0,0) (0,0)
(0,0) (0,0) (0,0)
(0,0) (0,0) (0,0)
(0,0) (0,0) (0,0)
(0,0) (0,0) (0,0)
(0,0) (0,0) (0,0)
(0,0) (0,0) (0,0)
(0,0) (0,0) (0,0)
(0,0) (0,0) (0,0)
(0,0) (0,0) (0,0)
(0,0) (0,0) (0,0)
(0,0) (0,0) (0,0)
(0,0) (0,0) (0,0)
(0,0) (0,0) (0,0)
(0,0) (0,0) (0,0)
(0,0) (0,0) (0,0)
(0,0) (0,0) (0,0)
(0,0) (0,0) (0,0)
(0,0) (0,0) (0,0)
(0,0) (0,0) (0,0)
(0,0) (0,0) (0,0)
(0,0) (0,0) (0,0)
(0,0) (0,0) (0,0)
(0,0) (0,0) (0,0)
(0,0) (0,0) (0,0)
(0,0) (0,0) (0,0)
(0,0) (0,0) (0,0)
(0,0) (0,0) (0,0)
(0,0) (0,0) (0,0)
(0,0) (0,0) (0,0)
(0,0) (0,0) (0,0)
(0,0) (0,0) (0,0)
(0,0) (0,0) (0,0)
(0,0) (0,0) (0,0)
(0,0) (0,0) (0,0)
(0,0) (0,0) (0,0)
(0,0) (0,0) (0,0)
(0,0) (0,0) (0,0)
(0,0) (0,0) (0,0)
(0,0) (0,0) (0,0)
(0,0) (0,0) (0,0)
(0,0) (0,0) (0,0)
(0,0) (0,0) (0,0)
(0,0) (0,0) (0,0)
(0,0) (0,0) (0,0)
(0,0) (0,0) (0,0)
(0,0) (0,0) (0,0)
(0,0) (0,0) (0,0)
(0,0) (0,0) (0,0)
(0,0) (0,0) (0,0)
(0,0) (0,0) (0,0)
(0,0) (0,0) (0,0)
(0,0) (0,0) (0,0)
(0,0) (0,0) (0,0)
(0,0) (0,0) (0,0)
(0,0) (0,0) (0,0)
(0,0) (0,0) (0,0)
(0,0) (0,0) (0,0)
(0,0) (0,0) (0,0)
(0,0) (0,0) (0,0)
(0,0) (0,0) (0,0)
(0,0) (0,0) (0,0)
(0,0) (0,0) (0,0)
(0,0) (0,0) (0,0)
(0,0) (0,0) (0,0)
(0,0) (0,0) (0,0)
(0,0) (0,0) (0,0)
(0,0) (0,0) (0,0)
(0,0) (0,0) (0,0)
(0,0) (0,0) (0,0)
(0,0) (0,0) (0,0)
(0,0) (0,0) (0,0)
(0,0) (0,0) (0,0)
(0,0) (0,0) (0,0)
(0,0) (0,0) (0,0)
(0,0) (0,0) (0,0)
(0,0) (0,0) (0,0)
(0,0) (0,0) (0,0)
(0,0) (0,0) (0,0)
(0,0) (0,0) (0,0)
(0,0) (0,0) (0,0)
(0,0) (0,0) (0,0)
(0,0) (0,0) (0,0)
(0,0) (0,0) (0,0)
(0,0) (0,0) (0,0)
(0,0) (0,0) (0,0)
(0,0) (0,0) (0,0)
(0,0) (0,0) (0,0)
(0,0) (0,0) (0,0)
(0,0) (0,0) (0,0)
(0,0) (0,0) (0,0)
(0,0) (0,0) (0,0)
(0,0) (0,0) (0,0)
(0,0) (0,0) (0,0)
(0,0) (0,0) (0,0)
(0,0) (0,0) (0,0)
(0,0) (0,0) (0,0)
(0,0) (0,0) (0,0)
(0,0) (0,0) (0,0)
(0,0) (0,0) (0,0)
(0,0) (0,0) (0,0)
(0,0) (0,0) (0,0)
(0,0) (0,0) (0,0)
(0,0) (0,0) (0,0)
(0,0) (0,0) (0,0)
(0,0) (0,0) (0,0)
(0,0) (0,0) (0,0)
(0,0) (0,0) (0,0)
(0,0) (0,0) (0,0)
(0,0) (0,0) (0,0)
(0,0) (0,0) (0,0)
(0,0) (0,0) (0,0)
(0,0) (0,0) (0,0)
(0,0) (0,0) (0,0)
(0,0) (0,0) (0,0)
(0,0) (0,0) (0,0)
(0,0) (0,0) (0,0)
(0,0) (0,0) (0,0)
(0,0) (0,0) (0,0)
(0,0) (0,0) (0,0)
(0,0) (0,0) (0,0)
(0,0) (0,0) (0,0)
(0,0) (0,0) (0,0)
(0,0) (0,0) (0,0)
(0,0) (0,0) (0,0)
(0,0) (0,0) (0,0)
(0,0) (0,0) (0,0)
(0,0) (0,0) (0,0)
(0,0) (0,0) (0,0)
(0,0) (0,0) (0,0)
(0,0) (0,0) (0,0)
(0,0) (0,0) (0,0)
(0,0) (0,0) (0,0)
(0,0) (0,0) (0,0)
(0,0) (0,0) (0,0)
(0,0) (0,0) (0,0)
(0,0) (0,0) (0,0)
(0,0) (0,0) (0,0)
(0,0) (0,0) (0,0)
(0,0) (0,0) (0,0)
(0,0) (0,0) (0,0)
(0,0) (0,0) (0,0)
(0,0) (0,0) (0,0)
(0,0) (0,0) (0,0)
(0,0) (0,0) (0,0)
(0,0) (0,0) (0,0)
(0,0) (0,0) (0,0)
(0,0) (0,0) (0,0)
(0,0) (0,0) (0,0)
(0,0) (0,0) (0,0)
(0,0) (0,0) (0,0)
(0,0) (0,0) (0,0)
(0,0) (0,0) (0,0)
(0,0) (0,0) (0,0)
(0,0) (0,0) (0,0)
(0,0) (0,0) (0,0)
(0,0) (0,0) (0,0)
(0,0) (0,0) (0,0)
(0,0) (0,0) (0,0)
(0,0) (0,0) (0,0)
(0,0) (0,0) (0,0)
(0,0) (0,0) (0,0)
(0,0) (0,0) (0,0)
(0,0) (0,0) (0,0)
(0,0) (0,0) (0,0)
(0,0) (0,0) (0,0)
(0,0) (0,0) (0,0)
(0,0) (0,0) (0,0)
(0,0) (0,0) (0,0)
(0,0) (0,0) (0,0)
(0,0) (0,0) (0,0)
(0,0) (0,0) (0,0)
(0,0) (0,0) (0,0)
(0,0) (0,0) (0,0)
(0,0) (0,0) (0,0)
(0,0) (0,0) (0,0)
(0,0) (0,0) (0,0)
(0,0) (0,0) (0,0)
(0,0) (0,0) (0,0)
(0,0) (0,0) (0,0)
(0,0) (0,0) (0,0)
(0,0) (0,0) (0,0)
(0,0) (0,0) (0,0)
(0,0) (0,0) (0,0)
(0,0) (0,0) (0,0)
(0,0) (0,0) (0,0)
(0,0) (0,0) (0,0)
(0,0) (0,0) (0,0)
(0,0) (0,0) (0,0)
(0,0) (0,0) (0,0)
(0,0) (0,0) (0,0)
(0,0) (0,0) (0,0)
(0,0) (0,0) (0,0)
(0,0) (0,0) (0,0)
(0,0) (0,0) (0,0)
(0,0) (0,0) (0,0)
(0,0) (0,0) (0,0)
(0,0) (0,0) (0,0)
(0,0) (0,0) (0,0)
(0,0) (0,0) (0,0)
(0,0) (0,0) (0,0)
(0,0) (0,0) (0,0)
(0,0) (0,0) (0,0)
(0,0) (0,0) (0,0)
(0,0) (0,0) (0,0)
(0,0) (0,0) (0,0)
(0,0) (0,0) (0,0)
(0,0) (0,0) (0,0)
(0,0) (0,0) (0,0)
(0,0) (0,0) (0,0)
(0,0) (0,0) (0,0)
(0,0) (0,0) (0,0)
(0,0) (0,0) (0,0)
(0,0) (0,0) (0,0)
(0,0) (0,0) (0,0)
(0,0) (0,0) (0,0)
(0,0) (0,0) (0,0)
(0,0) (0,0) (0,0)
(0,0) (0,0) (0,0)
(0,0) (0,0) (0,0)
(0,0) (0,0) (0,0)
(0,0) (0,0) (0,0)
(0,0) (0,0) (0,0)
(0,0) (0,0) (0,0)
========== end info ===========
