near field @z=0.015000
freq=27000000000.000000
sampling point=1024
x,y,z,realEx,realEy,realEz,imgEx,imgEy,imgEz
-0.019375,-0.019375,0.015000,-12.855226,6.130229,-3.999686,5.615777,5.064988,10.899004
-0.019375,-0.018125,0.015000,-16.683799,5.088665,-10.693314,-0.540502,7.371368,7.998075
-0.019375,-0.016875,0.015000,-17.665347,3.375090,-15.654712,-8.559763,9.445109,1.580613
-0.019375,-0.015625,0.015000,-15.146385,1.110767,-17.350035,-17.096723,11.094507,-7.302220
-0.019375,-0.014375,0.015000,-9.130616,-1.516380,-14.919289,-24.690311,12.197806,-17.053983
-0.019375,-0.013125,0.015000,-0.224068,-4.288272,-8.313348,-30.075632,12.721229,-25.940583
-0.019375,-0.011875,0.015000,10.549513,-6.993364,1.784479,-32.415185,12.716100,-32.484971
-0.019375,-0.010625,0.015000,21.999154,-9.453432,14.198798,-31.408015,12.299184,-35.750168
-0.019375,-0.009375,0.015000,33.014261,-11.535383,27.575292,-27.274325,11.624069,-35.460394
-0.019375,-0.008125,0.015000,42.754584,-13.148780,40.674528,-20.644716,10.851590,-31.963702
-0.019375,-0.006875,0.015000,50.752596,-14.234104,52.577900,-12.400375,10.124685,-26.080429
-0.019375,-0.005625,0.015000,56.924263,-14.748723,62.774398,-3.511637,9.549552,-18.900163
-0.019375,-0.004375,0.015000,61.504040,-14.657041,71.133340,5.089202,9.182363,-11.585474
-0.019375,-0.003125,0.015000,64.929989,-13.929217,77.793792,12.583358,9.020103,-5.220353
-0.019375,-0.001875,0.015000,67.706070,-12.550149,83.012312,18.290936,8.995411,-0.715579
-0.019375,-0.000625,0.015000,70.264090,-10.537575,87.009008,21.662978,8.977562,1.238613
-0.019375,0.000625,0.015000,72.842136,-7.965503,89.843124,22.265300,8.783543,0.194279
-0.019375,0.001875,0.015000,75.392795,-4.986670,91.338817,19.779771,8.203145,-4.035500
-0.019375,0.003125,0.015000,77.534364,-1.845804,91.072832,14.041470,7.039407,-11.346696
-0.019375,0.004375,0.015000,78.559819,1.125083,88.428849,5.116324,5.160904,-21.302895
-0.019375,0.005625,0.015000,77.517940,3.536326,82.716592,-6.594349,2.556372,-33.096734
-0.019375,0.006875,0.015000,73.374395,4.997224,73.345131,-20.254525,-0.622696,-45.540117
-0.019375,0.008125,0.015000,65.245300,5.194117,60.027936,-34.544930,-4.047655,-57.113481
-0.019375,0.009375,0.015000,52.672683,3.975723,42.983341,-47.712925,-7.239539,-66.099045
-0.019375,0.010625,0.015000,35.886018,1.424558,23.081960,-57.754463,-9.641763,-70.806639
-0.019375,0.011875,0.015000,15.975567,-2.109095,1.887962,-62.730794,-10.731188,-69.874843
-0.019375,0.013125,0.015000,-5.097925,-6.029837,-18.450191,-61.179510,-10.146907,-62.599648
-0.019375,0.014375,0.015000,-24.709557,-9.584114,-35.478476,-52.535419,-7.806168,-49.215861
-0.019375,0.015625,0.015000,-39.997066,-12.002674,-46.863504,-37.446565,-3.973674,-31.043465
-0.019375,0.016875,0.015000,-48.448456,-12.672194,-50.895656,-17.868969,0.743313,-10.421547
-0.019375,0.018125,0.015000,-48.527691,-11.296258,-46.956157,3.141047,5.486267,9.609201
-0.019375,0.019375,0.015000,-40.174955,-8.001473,-35.815140,21.947824,9.313422,25.851862
-0.018125,-0.019375,0.015000,-14.562326,3.125672,-6.953522,0.647827,6.974776,9.192118
-0.018125,-0.018125,0.015000,-15.945228,1.208429,-12.392604,-7.174956,8.671633,4.161988
-0.018125,-0.016875,0.015000,-13.510185,-1.304587,-14.834673,-15.739217,9.868335,-3.708920
-0.018125,-0.015625,0.015000,-7.138134,-4.212318,-13.103206,-23.282633,10.392564,-12.767867
-0.018125,-0.014375,0.015000,2.501541,-7.258643,-6.932417,-28.205958,10.178746,-21.038748
-0.018125,-0.013125,0.015000,14.154088,-10.185895,3.037016,-29.404575,9.279118,-26.709456
-0.018125,-0.011875,0.015000,26.297121,-12.781940,15.493389,-26.447218,7.846986,-28.526039
-0.018125,-0.010625,0.015000,37.478712,-14.908145,28.825383,-19.581725,6.101085,-26.003139
-0.018125,-0.009375,0.015000,46.593119,-16.503484,41.511261,-9.596781,4.283691,-19.427913
-0.018125,-0.008125,0.015000,53.043205,-17.568068,52.423835,2.399594,2.623634,-9.696819
-0.018125,-0.006875,0.015000,56.776792,-18.134630,60.991565,15.215021,1.310257,1.937377
-0.018125,-0.005625,0.015000,58.216254,-18.238183,67.205896,27.762717,0.478501,14.124285
-0.018125,-0.004375,0.015000,58.118772,-17.892606,71.504945,39.171755,0.201131,25.615894
-0.018125,-0.003125,0.015000,57.407317,-17.079883,74.584527,48.810319,0.483232,35.377618
-0.018125,-0.001875,0.015000,57.003382,-15.754533,77.188802,56.238118,1.256274,42.614785
-0.018125,-0.000625,0.015000,57.678544,-13.862955,79.920915,61.119740,2.373045,46.743907
-0.018125,0.000625,0.015000,59.930171,-11.374914,83.097885,63.137340,3.608705,47.348513
-0.018125,0.001875,0.015000,63.881807,-8.321558,86.661035,61.939523,4.675104,44.155824
-0.018125,0.003125,0.015000,69.212372,-4.831333,90.146916,57.154383,5.254233,37.056972
-0.018125,0.004375,0.015000,75.127610,-1.152594,92.722642,48.479239,5.051982,26.174560
-0.018125,0.005625,0.015000,80.396506,2.348809,93.289971,35.838408,3.866171,11.961574
-0.018125,0.006875,0.015000,83.477599,5.225605,90.659299,19.576061,1.655242,-4.701233
-0.018125,0.008125,0.015000,82.749509,7.020274,83.784748,0.628801,-1.411358,-22.452992
-0.018125,0.009375,0.015000,76.834995,7.362507,72.034446,-19.390460,-4.940758,-39.489738
-0.018125,0.010625,0.015000,64.972688,6.073376,55.449468,-38.261407,-8.356293,-53.723298
-0.018125,0.011875,0.015000,47.355624,3.249170,34.927741,-53.415523,-10.991877,-63.068978
-0.018125,0.013125,0.015000,25.334684,-0.703214,12.264185,-62.375313,-12.228734,-65.832164
-0.018125,0.014375,0.015000,1.391025,-5.100083,-10.006804,-63.303793,-11.647301,-61.123506
-0.018125,0.015625,0.015000,-21.178566,-9.089588,-28.982638,-55.539964,-9.157154,-49.200072
-0.018125,0.016875,0.015000,-38.849397,-11.820848,-41.937190,-39.966203,-5.066540,-31.619657
-0.018125,0.018125,0.015000,-48.630945,-12.639541,-46.936433,-19.065382,-0.062726,-11.118285
-0.018125,0.019375,0.015000,-48.829861,-11.262354,-43.374968,3.414643,4.905945,8.820548
-0.016875,-0.019375,0.015000,-14.584251,-0.100641,-9.199983,-4.357336,7.190097,7.068699
-0.016875,-0.018125,0.015000,-13.017296,-2.506099,-12.914763,-12.952474,8.028810,0.508786
-0.016875,-0.016875,0.015000,-7.061187,-5.347711,-12.685003,-20.782360,8.143531,-7.857931
-0.016875,-0.015625,0.015000,2.676311,-8.344786,-7.879721,-25.848651,7.402904,-15.918733
-0.016875,-0.014375,0.015000,14.763789,-11.185696,1.058721,-26.669427,5.820824,-21.534643
-0.016875,-0.013125,0.015000,27.320502,-13.599945,12.787087,-22.575033,3.552873,-23.062508
-0.016875,-0.011875,0.015000,38.460473,-15.413082,25.455572,-13.775774,0.858563,-19.696029
-0.016875,-0.010625,0.015000,46.685346,-16.570265,37.187732,-1.217138,-1.954563,-11.556711
-0.016875,-0.009375,0.015000,51.139678,-17.126102,46.506015,13.707039,-4.586146,0.449992
-0.016875,-0.008125,0.015000,51.694811,-17.208647,52.602398,29.487986,-6.783175,14.932561
-0.016875,-0.006875,0.015000,48.878219,-16.971044,55.415358,44.792363,-8.359380,30.355789
-0.016875,-0.005625,0.015000,43.699452,-16.544518,55.533933,58.648285,-9.197070,45.327987
-0.016875,-0.004375,0.015000,37.434861,-16.002935,53.988342,70.503254,-9.240372,58.770860
-0.016875,-0.003125,0.015000,31.423266,-15.344463,51.997471,80.164818,-8.489829,69.957314
-0.016875,-0.001875,0.015000,26.901793,-14.492115,50.730828,87.658787,-7.004836,78.443327
-0.016875,-0.000625,0.015000,24.885797,-13.312782,51.117827,93.051389,-4.914281,83.944415
-0.016875,0.000625,0.015000,26.078574,-11.652974,53.713404,96.283280,-2.429325,86.212834
-0.016875,0.001875,0.015000,30.791276,-9.387570,58.614730,97.058342,0.152025,84.962314
-0.016875,0.003125,0.015000,38.862101,-6.474538,65.422117,94.820992,2.459583,79.868911
-0.016875,0.004375,0.015000,49.582857,-3.004320,73.244813,88.841986,4.092135,70.654754
-0.016875,0.005625,0.015000,61.662562,0.770675,80.762594,78.412883,4.684820,57.239705
-0.016875,0.006875,0.015000,73.272405,4.440959,86.359486,63.122855,3.992865,39.926021
-0.016875,0.008125,0.015000,82.214876,7.488569,88.340846,43.161589,1.972969,19.565240
-0.016875,0.009375,0.015000,86.237311,9.378561,85.227571,19.566407,-1.161449,-2.351972
-0.016875,0.010625,0.015000,83.468170,9.679548,76.093779,-5.678728,-4.933691,-23.738719
-0.016875,0.011875,0.015000,72.902978,8.187306,60.884254,-29.769812,-8.659977,-42.123424
-0.016875,0.013125,0.015000,54.822436,5.018445,40.626074,-49.467981,-11.567842,-55.028681
-0.016875,0.014375,0.015000,31.006364,0.642400,17.446906,-61.707329,-12.958478,-60.466293
-0.016875,0.015625,0.015000,4.628418,-4.169089,-5.660868,-64.312039,-12.378851,-57.446663
-0.016875,0.016875,0.015000,-20.218282,-8.476785,-25.334784,-56.647438,-9.760029,-46.366176
-0.016875,0.018125,0.015000,-39.315918,-11.371573,-38.524376,-40.007685,-5.479488,-29.135403
-0.016875,0.019375,0.015000,-49.281620,-12.192044,-43.214782,-17.578333,-0.318896,-8.954600
-0.015625,-0.019375,0.015000,-13.309248,-2.695357,-10.867858,-8.933073,6.002461,4.734736
-0.015625,-0.018125,0.015000,-8.609321,-5.182644,-12.657931,-17.362572,5.966672,-2.748988
-0.015625,-0.016875,0.015000,0.545154,-7.894981,-9.939147,-23.283220,5.044506,-10.809553
-0.015625,-0.015625,0.015000,12.688811,-10.474674,-2.744406,-24.706223,3.166964,-17.062195
-0.015625,-0.014375,0.015000,25.620770,-12.571293,7.748811,-20.556549,0.447715,-19.437279
-0.015625,-0.013125,0.015000,36.955450,-13.931268,19.569426,-10.867935,-2.844404,-16.687408
-0.015625,-0.011875,0.015000,44.665779,-14.455055,30.490508,3.319002,-6.351408,-8.626299
-0.015625,-0.010625,0.015000,47.479757,-14.208357,38.580984,20.289620,-9.705252,3.935825
-0.015625,-0.009375,0.015000,45.054876,-13.390204,42.619652,38.099913,-12.594249,19.499006
-0.015625,-0.008125,0.015000,37.929042,-12.272912,42.285064,55.003975,-14.799930,36.298851
-0.015625,-0.006875,0.015000,27.306712,-11.133587,38.114708,69.763203,-16.200708,52.713254
-0.015625,-0.005625,0.015000,14.769460,-10.194195,31.292118,81.785260,-16.750909,67.544130
-0.015625,-0.004375,0.015000,1.997782,-9.580221,23.352414,91.091923,-16.450827,80.123940
-0.015625,-0.003125,0.015000,-9.436774,-9.300853,15.892501,98.152927,-15.323857,90.255282
-0.015625,-0.001875,0.015000,-18.189591,-9.249302,10.341926,103.641686,-13.411511,98.034727
-0.015625,-0.000625,0.015000,-23.188578,-9.221055,7.811685,108.170505,-10.788583,103.631132
-0.015625,0.000625,0.015000,-23.648410,-8.948922,9.007091,112.055133,-7.591896,107.085989
-0.015625,0.001875,0.015000,-19.098893,-8.154126,14.177062,115.148864,-4.049394,108.186872
-0.015625,0.003125,0.015000,-9.457996,-6.610277,23.077071,116.778672,-0.493681,106.443331
-0.015625,0.004375,0.015000,4.849271,-4.211880,34.940828,115.808362,2.653686,101.173215
-0.015625,0.005625,0.015000,22.760011,-1.032935,48.477450,110.840968,4.933841,91.687722
-0.015625,0.006875,0.015000,42.493679,2.642547,61.926620,100.549496,5.934402,77.544483
-0.015625,0.008125,0.015000,61.597947,6.334711,73.206719,84.091063,5.390204,58.819216
-0.015625,0.009375,0.015000,77.179744,9.435246,80.176266,61.521261,3.276465,36.330252
-0.015625,0.010625,0.015000,86.337433,11.323229,80.998061,34.096391,-0.133858,11.742567
-0.015625,0.011875,0.015000,86.745574,11.509432,74.554526,4.346690,-4.273000,-12.513531
-0.015625,0.013125,0.015000,77.275284,9.776523,60.823354,-24.164706,-8.354301,-33.543246
-0.015625,0.014375,0.015000,58.484030,6.276939,41.099729,-47.413063,-11.516051,-48.489335
-0.015625,0.015625,0.015000,32.801220,1.554421,17.959481,-61.735033,-13.008313,-55.151920
-0.015625,0.016875,0.015000,4.283676,-3.529986,-5.095730,-64.729990,-12.381058,-52.583398
-0.015625,0.018125,0.015000,-22.084358,-7.963566,-24.288933,-56.003224,-9.623829,-41.485695
-0.015625,0.019375,0.015000,-41.439947,-10.808853,-36.395193,-37.512032,-5.211855,-24.255821
-0.014375,-0.019375,0.015000,-11.173613,-4.150076,-12.061911,-12.934717,4.054665,2.270104
-0.014375,-0.018125,0.015000,-3.414886,-6.413912,-11.927173,-20.327274,3.313518,-5.611932
-0.014375,-0.016875,0.015000,8.314623,-8.670458,-7.096005,-23.392160,1.583366,-12.799535
-0.014375,-0.015625,0.015000,21.639013,-10.489862,1.693571,-20.434066,-1.119861,-16.836461
-0.014375,-0.014375,0.015000,33.673772,-11.502950,12.582417,-11.075173,-4.564650,-15.933949
-0.014375,-0.013125,0.015000,41.738356,-11.504006,23.113838,3.719172,-8.365306,-9.415360
-0.014375,-0.011875,0.015000,43.951796,-10.501429,30.885540,21.963535,-12.082364,2.186282
-0.014375,-0.010625,0.015000,39.567950,-8.706651,34.128244,41.195401,-15.325441,17.369315
-0.014375,-0.009375,0.015000,29.003111,-6.472765,32.059238,59.066940,-17.826097,34.131364
-0.014375,-0.008125,0.015000,13.603107,-4.207581,24.950669,73.829123,-19.463026,50.499963
-0.014375,-0.006875,0.015000,-4.739308,-2.287939,13.947408,84.608529,-20.240489,64.969144
-0.014375,-0.005625,0.015000,-23.986765,-0.994655,0.735146,91.449489,-20.236080,76.739495
-0.014375,-0.004375,0.015000,-42.272049,-0.475633,-12.821034,95.156501,-19.541412,85.733320
-0.014375,-0.003125,0.015000,-58.067757,-0.734411,-24.970995,97.007667,-18.218052,92.422568
-0.014375,-0.001875,0.015000,-70.210298,-1.636675,-34.259845,98.416145,-16.283192,97.546706
-0.014375,-0.000625,0.015000,-77.824760,-2.928719,-39.599714,100.601944,-13.728609,101.806412
-0.014375,0.000625,0.015000,-80.223233,-4.266651,-40.275170,104.314966,-10.565596,105.604438
-0.014375,0.001875,0.015000,-76.850427,-5.259368,-35.935701,109.634888,-6.880352,108.880413
-0.014375,0.003125,0.015000,-67.328650,-5.528219,-26.615865,115.869559,-2.880153,111.062841
-0.014375,0.004375,0.015000,-51.615211,-4.781085,-12.795144,121.577385,1.088745,111.144200
-0.014375,0.005625,0.015000,-30.238099,-2.890031,4.523305,124.740166,4.564778,107.872303
-0.014375,0.006875,0.015000,-4.532007,0.046160,23.762134,123.099706,7.039694,100.037656
-0.014375,0.008125,0.015000,23.230117,3.676419,42.806076,114.638445,8.062872,86.818391
-0.014375,0.009375,0.015000,49.912431,7.426406,59.174867,98.135473,7.359926,68.121815
-0.014375,0.010625,0.015000,71.862439,10.588364,70.352536,73.679216,4.935624,44.841186
-0.014375,0.011875,0.015000,85.520536,12.461915,74.245226,42.987537,1.129435,18.939077
-0.014375,0.013125,0.015000,88.195896,12.519335,69.685032,9.394670,-3.401268,-6.714252
-0.014375,0.014375,0.015000,78.830037,10.556575,56.852343,-22.577285,-7.780328,-28.771796
-0.014375,0.015625,0.015000,58.524987,6.787513,37.473060,-48.042277,-11.083459,-44.061658
-0.014375,0.016875,0.015000,30.630303,1.846552,14.675397,-62.826147,-12.547732,-50.330690
-0.014375,0.018125,0.015000,0.271241,-3.316259,-7.532830,-64.543162,-11.770079,-46.889246
-0.014375,0.019375,0.015000,-26.653893,-7.635710,-25.095351,-53.370042,-8.839021,-34.952544
-0.013125,-0.019375,0.015000,-8.492927,-4.391949,-12.817847,-16.460770,2.083231,-0.286332
-0.013125,-0.018125,0.015000,2.081305,-6.295321,-10.884820,-22.066318,0.894679,-8.156626
-0.013125,-0.016875,0.015000,15.606416,-7.957036,-4.384686,-21.599976,-1.340644,-14.142939
-0.013125,-0.015625,0.015000,28.825278,-8.883450,5.268858,-13.952875,-4.497140,-15.899688
-0.013125,-0.014375,0.015000,38.339780,-8.710606,15.649553,0.295766,-8.209329,-12.081497
-0.013125,-0.013125,0.015000,41.450827,-7.312215,23.995271,19.087359,-11.976468,-2.686089
-0.013125,-0.011875,0.015000,36.744060,-4.832252,27.936724,39.466883,-15.301049,11.014584
-0.013125,-0.010625,0.015000,24.291068,-1.640452,26.056992,58.339079,-17.812767,26.895950
-0.013125,-0.009375,0.015000,5.466050,1.765503,18.141688,73.176069,-19.340204,42.592640
-0.013125,-0.008125,0.015000,-17.511637,4.874434,5.095860,82.503565,-19.914664,56.101395
-0.013125,-0.006875,0.015000,-42.139148,7.258524,-11.390088,86.083889,-19.714623,66.208639
-0.013125,-0.005625,0.015000,-66.127056,8.632452,-29.282203,84.810001,-18.976640,72.655193
-0.013125,-0.004375,0.015000,-87.712309,8.872649,-46.606641,80.393998,-17.904737,76.040640
-0.013125,-0.003125,0.015000,-105.742495,8.008324,-61.715139,74.959846,-16.605887,77.538717
-0.013125,-0.001875,0.015000,-119.560012,6.200669,-73.381462,70.635904,-15.067901,78.525799
-0.013125,-0.000625,0.015000,-128.767637,3.722016,-80.762394,69.204997,-13.182699,80.217919
-0.013125,0.000625,0.015000,-132.980920,0.936889,-83.296035,71.830943,-10.806106,83.382534
-0.013125,0.001875,0.015000,-131.667802,-1.722371,-80.616661,78.858810,-7.836963,88.158004
-0.013125,0.003125,0.015000,-124.147005,-3.796116,-72.543753,89.688786,-4.293935,93.990261
-0.013125,0.004375,0.015000,-109.770741,-4.860426,-59.164531,102.743686,-0.368064,99.686381
-0.013125,0.005625,0.015000,-88.261587,-4.608696,-40.987241,115.571414,3.566888,103.583369
-0.013125,0.006875,0.015000,-60.117698,-2.935909,-19.107417,125.127518,6.996099,103.827297
-0.013125,0.008125,0.015000,-26.957914,-0.001578,4.690841,128.256882,9.355398,98.744487
-0.013125,0.009375,0.015000,8.336182,3.753560,27.976078,122.337847,10.157837,87.260198
-0.013125,0.010625,0.015000,41.798289,7.654376,47.905984,105.981166,9.128073,69.287585
-0.013125,0.011875,0.015000,68.922548,10.904359,61.663506,79.615090,6.310352,45.983962
-0.013125,0.013125,0.015000,85.519293,12.749264,67.031906,45.764617,2.116386,19.769136
-0.013125,0.014375,0.015000,88.712366,12.658406,62.982776,8.868066,-2.711033,-5.965480
-0.013125,0.015625,0.015000,77.822803,10.479014,50.108209,-25.427842,-7.224548,-27.456410
-0.013125,0.016875,0.015000,54.859035,6.517590,30.730980,-51.409678,-10.470897,-41.379822
-0.013125,0.018125,0.015000,24.393804,1.513911,8.587616,-64.639850,-11.719660,-45.687704
-0.013125,0.019375,0.015000,-7.248009,-3.502072,-11.907656,-63.155204,-10.663436,-40.230386
-0.011875,-0.019375,0.015000,-5.385689,-3.721244,-13.124989,-19.712942,0.680423,-2.861625
-0.011875,-0.018125,0.015000,7.672187,-5.296639,-9.592386,-22.909360,-0.715513,-10.427133
-0.011875,-0.016875,0.015000,22.180768,-6.398601,-1.848628,-18.484897,-3.189480,-15.082504
-0.011875,-0.015625,0.015000,34.106145,-6.483880,8.100899,-6.191118,-6.479762,-14.732755
-0.011875,-0.014375,0.015000,39.770496,-5.222562,17.411824,12.230959,-10.073748,-8.572322
-0.011875,-0.013125,0.015000,36.768685,-2.599931,23.202113,33.549348,-13.362967,2.700535
-0.011875,-0.011875,0.015000,24.472183,1.082335,23.318167,53.905729,-15.819820,17.128156
-0.011875,-0.010625,0.015000,4.023171,5.295058,16.835092,69.768065,-17.136250,32.084411
-0.011875,-0.009375,0.015000,-22.115141,9.421005,4.172335,78.704950,-17.283998,45.001663
-0.011875,-0.008125,0.015000,-50.865960,12.894807,-13.155932,79.807312,-16.486756,54.007625
-0.011875,-0.006875,0.015000,-79.272484,15.302397,-33.023888,73.712188,-15.123709,58.306359
-0.011875,-0.005625,0.015000,-105.056110,16.421437,-53.227575,62.301318,-13.601858,58.240853
-0.011875,-0.004375,0.015000,-126.880519,16.209039,-71.903724,48.217395,-12.237359,55.077330
-0.011875,-0.003125,0.015000,-144.303244,14.760330,-87.737822,34.349489,-11.176612,50.618420
-0.011875,-0.001875,0.015000,-157.482335,12.265410,-99.952561,23.396489,-10.372091,46.769151
-0.011875,-0.000625,0.015000,-166.758236,8.983539,-108.140840,17.550709,-9.612463,45.154015
-0.011875,0.000625,0.015000,-172.246329,5.237580,-112.045656,18.284669,-8.595119,46.837325
-0.011875,0.001875,0.015000,-173.560549,1.416759,-111.388552,26.196463,-7.022626,52.157312
-0.011875,0.003125,0.015000,-169.752811,-2.031699,-105.817576,40.880906,-4.701850,60.662537
-0.011875,0.004375,0.015000,-159.504088,-4.638635,-94.999746,60.834582,-1.624303,71.139799
-0.011875,0.005625,0.015000,-141.544895,-5.981761,-78.835320,83.450082,1.991403,81.735943
-0.011875,0.006875,0.015000,-115.220710,-5.777065,-57.730940,105.181543,5.708864,90.186855
-0.011875,0.008125,0.015000,-81.061650,-3.969785,-32.841746,121.950597,8.939916,94.161973
-0.011875,0.009375,0.015000,-41.181598,-0.795842,-6.183905,129.804344,11.060490,91.706313
-0.011875,0.010625,0.015000,0.661879,3.212734,19.465905,125.747691,11.556340,81.719220
-0.011875,0.011875,0.015000,39.457243,7.293773,40.924450,108.579286,10.167417,64.364739
-0.011875,0.013125,0.015000,69.780546,10.590553,55.181328,79.498209,6.993752,41.283435
-0.011875,0.014375,0.015000,86.953816,12.335208,60.094980,42.249400,2.528073,15.489363
-0.011875,0.015625,0.015000,88.256371,12.040070,55.027868,2.655914,-2.406963,-9.101878
-0.011875,0.016875,0.015000,73.850032,9.646321,41.216160,-32.462052,-6.816957,-28.465395
-0.011875,0.018125,0.015000,47.096399,5.581306,21.706249,-56.792935,-9.761754,-39.415565
-0.011875,0.019375,0.015000,14.069533,0.693493,0.795431,-66.107387,-10.596083,-40.459862
-0.010625,-0.019375,0.015000,-1.795166,-2.646210,-12.985703,-22.861014,0.148666,-5.317623
-0.010625,-0.018125,0.015000,13.381191,-4.042107,-8.095199,-23.134831,-1.312589,-12.393183
-0.010625,-0.016875,0.015000,28.111186,-4.728224,0.524794,-14.516447,-3.869269,-15.738064
-0.010625,-0.015625,0.015000,37.746999,-4.133826,10.394827,2.150290,-7.097782,-13.591326
-0.010625,-0.014375,0.015000,38.600843,-1.996967,18.408016,23.827707,-10.330587,-5.712240
-0.010625,-0.013125,0.015000,28.876328,1.553471,21.723557,46.113605,-12.865398,6.545569
-0.010625,-0.011875,0.015000,9.016264,6.041588,18.535079,64.391161,-14.176073,20.647827
-0.010625,-0.010625,0.015000,-18.576525,10.786998,8.482811,74.943756,-14.055907,33.616515
-0.010625,-0.009375,0.015000,-50.296324,15.088209,-7.380809,75.734491,-12.654237,42.837353
-0.010625,-0.008125,0.015000,-82.299530,18.383114,-27.006511,66.691781,-10.406908,46.693352
-0.010625,-0.006875,0.015000,-111.385996,20.340707,-47.965048,49.511298,-7.894488,44.868613
-0.010625,-0.005625,0.015000,-135.573323,20.870012,-68.048423,27.120649,-5.678509,38.292128
-0.010625,-0.004375,0.015000,-154.261042,20.064003,-85.678766,3.016957,-4.163039,28.803062
-0.010625,-0.003125,0.015000,-168.007020,18.116149,-100.039540,-19.329940,-3.512311,18.679900
-0.010625,-0.001875,0.015000,-178.031679,15.249362,-110.946136,-36.893998,-3.634119,10.175207
-0.010625,-0.000625,0.015000,-185.609671,11.683343,-118.550358,-47.314415,-4.221533,5.150628
-0.010625,0.000625,0.015000,-191.507897,7.644202,-123.006696,-48.987785,-4.836041,4.843399
-0.010625,0.001875,0.015000,-195.599458,3.399485,-124.218194,-41.129083,-5.012574,9.745797
-0.010625,0.003125,0.015000,-196.741257,-0.709606,-121.740226,-23.876014,-4.367868,19.560081
-0.010625,0.004375,0.015000,-192.956328,-4.265651,-114.869603,1.553738,-2.695057,33.203774
-0.010625,0.005625,0.015000,-181.909300,-6.816710,-102.897497,32.719408,-0.028535,48.869695
-0.010625,0.006875,0.015000,-161.602228,-7.959383,-85.464019,65.949296,3.335218,64.172014
-0.010625,0.008125,0.015000,-131.152484,-7.443896,-62.922013,96.594582,6.870813,76.416096
-0.010625,0.009375,0.015000,-91.460134,-5.271413,-36.600419,119.617473,9.913004,83.007145
-0.010625,0.010625,0.015000,-45.552366,-1.751437,-8.860475,130.483601,11.791783,81.963532
-0.010625,0.011875,0.015000,1.571133,2.506711,17.130460,126.205000,11.990437,72.440211
-0.010625,0.013125,0.015000,43.666899,6.680629,37.918309,106.275927,10.292099,55.119269
-0.010625,0.014375,0.015000,74.472683,9.892554,50.496700,73.201278,6.874983,32.314193
-0.010625,0.015625,0.015000,89.182803,11.408915,53.087844,32.366478,2.321178,7.679385
-0.010625,0.016875,0.015000,85.797705,10.833837,45.743489,-8.856014,-2.479354,-14.483432
-0.010625,0.018125,0.015000,65.933632,8.240273,30.546708,-42.652746,-6.520684,-30.198817
-0.010625,0.019375,0.015000,34.767707,4.190271,11.282058,-62.631199,-8.928619,-36.828662
-0.009375,-0.019375,0.015000,2.420778,-1.689442,-12.472275,-25.962566,0.474203,-7.468595
-0.009375,-0.018125,0.015000,19.346396,-3.089588,-6.497125,-22.887774,-1.040106,-13.972903
-0.009375,-0.016875,0.015000,33.629507,-3.527338,2.698508,-9.968831,-3.655026,-16.143066
-0.009375,-0.015625,0.015000,40.206139,-2.435231,12.291528,10.684697,-6.764019,-12.574141
-0.009375,-0.014375,0.015000,35.652592,0.343088,19.050639,34.677751,-9.545297,-3.548397
-0.009375,-0.013125,0.015000,19.065658,4.505291,20.290631,56.513901,-11.224602,9.027145
-0.009375,-0.011875,0.015000,-7.814769,9.391262,14.616939,71.017158,-11.311895,22.184116
-0.009375,-0.010625,0.015000,-41.211306,14.185214,2.235848,74.562400,-9.736333,32.744917
-0.009375,-0.009375,0.015000,-76.397240,18.141590,-15.228376,65.793441,-6.846239,38.176186
-0.009375,-0.008125,0.015000,-108.909035,20.758449,-35.298957,45.704004,-3.289232,37.188921
-0.009375,-0.006875,0.015000,-135.537674,21.850417,-55.372683,17.164635,0.176297,29.946013
-0.009375,-0.005625,0.015000,-154.867104,21.515028,-73.363020,-15.872473,2.874749,17.882817
-0.009375,-0.004375,0.015000,-167.288760,20.024257,-88.079449,-49.209286,4.359395,3.263670
-0.009375,-0.003125,0.015000,-174.569253,17.694028,-99.273813,-79.048053,4.483937,-11.350943
-0.009375,-0.001875,0.015000,-179.141909,14.783301,-107.398078,-102.336297,3.399377,-23.571672
-0.009375,-0.000625,0.015000,-183.319744,11.454627,-113.195591,-116.834364,1.494295,-31.495770
-0.009375,0.000625,0.015000,-188.602785,7.799716,-117.273092,-121.030488,-0.697429,-33.864522
-0.009375,0.001875,0.015000,-195.204795,3.907902,-119.779614,-114.063126,-2.600880,-30.113070
-0.009375,0.003125,0.015000,-201.877148,-0.058768,-120.270713,-95.772533,-3.702491,-20.378366
-0.009375,0.004375,0.015000,-206.068711,-3.819528,-117.783486,-66.912835,-3.641439,-5.507074
-0.009375,0.005625,0.015000,-204.421874,-6.980830,-111.102081,-29.448739,-2.281520,12.940176
-0.009375,0.006875,0.015000,-193.553339,-9.098316,-99.157471,13.221960,0.247069,32.734516
-0.009375,0.008125,0.015000,-170.999749,-9.780704,-81.475876,56.305751,3.547999,51.140199
-0.009375,0.009375,0.015000,-136.135110,-8.808406,-58.566895,94.051797,7.010624,65.241227
-0.009375,0.010625,0.015000,-90.817141,-6.233426,-32.131967,120.622438,9.914961,72.432164
-0.009375,0.011875,0.015000,-39.524882,-2.428060,-4.989568,131.277684,11.578662,70.999930
-0.009375,0.013125,0.015000,11.168079,1.941681,19.333443,123.610054,11.519957,60.654371
-0.009375,0.014375,0.015000,53.783386,6.025937,37.305696,98.474795,9.598197,42.829492
-0.009375,0.015625,0.015000,81.589040,8.969813,46.246389,60.267590,6.089375,20.599474
-0.009375,0.016875,0.015000,90.324692,10.122862,45.102217,16.328419,1.662713,-1.857509
-0.009375,0.018125,0.015000,79.512468,9.223018,34.891600,-24.519591,-2.752803,-20.176800
-0.009375,0.019375,0.015000,52.903526,6.495555,18.622787,-54.011373,-6.190226,-30.890875
-0.008125,-0.019375,0.015000,7.379310,-1.233104,-11.752318,-28.956804,1.401389,-9.128547
-0.008125,-0.018125,0.015000,25.695940,-2.779962,-4.992069,-22.188719,-0.265750,-15.089403
-0.008125,-0.016875,0.015000,38.978229,-3.087638,4.541391,-4.945884,-3.017208,-16.321196
-0.008125,-0.015625,0.015000,41.951490,-1.629900,13.807438,19.290205,-6.051674,-11.738089
-0.008125,-0.014375,0.015000,31.703067,1.606028,19.554136,44.774942,-8.404980,-2.047677
-0.008125,-0.013125,0.015000,8.449203,6.120134,19.306826,65.046086,-9.261155,10.429908
-0.008125,-0.011875,0.015000,-24.624403,11.066391,12.075055,74.590863,-8.203019,22.445409
-0.008125,-0.010625,0.015000,-62.330240,15.515952,-1.436649,70.139892,-5.324463,30.754205
-0.008125,-0.009375,0.015000,-98.903633,18.720029,-19.142286,51.260648,-1.181604,32.986590
-0.008125,-0.008125,0.015000,-129.438198,20.286183,-38.262076,20.176169,3.383557,28.196115
-0.008125,-0.006875,0.015000,-150.941582,20.221775,-56.127763,-19.021380,7.476682,16.966307
-0.008125,-0.005625,0.015000,-162.785932,18.849611,-70.843751,-61.437325,10.365317,1.116515
-0.008125,-0.004375,0.015000,-166.529739,16.643484,-81.625503,-102.368558,11.618639,-16.832565
-0.008125,-0.003125,0.015000,-165.254751,14.051323,-88.764941,-137.963497,11.152951,-34.231642
-0.008125,-0.001875,0.015000,-162.648635,11.367402,-93.293445,-165.449097,9.196228,-48.750152
-0.008125,-0.000625,0.015000,-162.065358,8.688828,-96.487323,-182.996366,6.203538,-58.622845
-0.008125,0.000625,0.015000,-165.739552,5.957435,-99.375249,-189.415179,2.756231,-62.714622
-0.008125,0.001875,0.015000,-174.260858,3.059222,-102.374193,-183.903292,-0.533329,-60.484754
-0.008125,0.003125,0.015000,-186.362225,-0.061718,-105.125397,-166.020518,-3.103860,-51.943338
-0.008125,0.004375,0.015000,-199.049942,-3.316642,-106.549164,-135.942574,-4.515605,-37.658817
-0.008125,0.005625,0.015000,-208.086296,-6.441139,-105.098361,-94.912986,-4.511552,-18.816840
-0.008125,0.006875,0.015000,-208.802602,-9.028701,-99.163643,-45.700741,-3.066345,2.725841
-0.008125,0.008125,0.015000,-197.155658,-10.619974,-87.559494,7.177893,-0.412358,24.480241
-0.008125,0.009375,0.015000,-170.852313,-10.825524,-69.993927,57.683940,2.971772,43.537682
-0.008125,0.010625,0.015000,-130.285310,-9.451825,-47.402208,99.026809,6.422534,56.989266
-0.008125,0.011875,0.015000,-78.991045,-6.596820,-22.022651,124.914392,9.205357,62.507989
-0.008125,0.013125,0.015000,-23.392130,-2.683753,2.871206,131.031865,10.667566,58.964812
-0.008125,0.014375,0.015000,28.263075,1.587898,23.586378,116.357482,10.399760,46.890715
-0.008125,0.015625,0.015000,67.628998,5.376401,36.866343,83.880794,8.362282,28.594016
-0.008125,0.016875,0.015000,88.287677,7.893118,40.772376,40.383227,4.932549,7.812869
-0.008125,0.018125,0.015000,87.529425,8.610912,35.319621,-4.828180,0.844108,-11.082566
-0.008125,0.019375,0.015000,67.326285,7.423420,22.628416,-42.026907,-2.981846,-24.164349
-0.006875,-0.019375,0.015000,13.085052,-1.441999,-11.073720,-31.720483,2.560251,-10.159278
-0.006875,-0.018125,0.015000,32.462155,-3.188043,-3.846911,-21.010095,0.580476,-15.722416
-0.006875,-0.016875,0.015000,44.321664,-3.395919,5.844569,0.519670,-2.430269,-16.351633
-0.006875,-0.015625,0.015000,43.363554,-1.622153,14.853400,27.978494,-5.477086,-11.192452
-0.006875,-0.014375,0.015000,27.377894,1.968802,19.968584,54.335787,-7.477559,-1.238242
-0.006875,-0.013125,0.015000,-2.152575,6.664618,18.919217,72.318031,-7.611485,10.938497
-0.006875,-0.011875,0.015000,-40.532611,11.441951,11.043291,76.286665,-5.571261,21.952960
-0.006875,-0.010625,0.015000,-81.199888,15.287185,-2.582716,63.545772,-1.637450,28.590909
-0.006875,-0.009375,0.015000,-117.475079,17.486921,-19.556269,34.759547,3.428541,28.675463
-0.006875,-0.008125,0.015000,-144.186514,17.795707,-36.922258,-6.531268,8.619930,21.559544
-0.006875,-0.006875,0.015000,-158.744184,16.440555,-52.026071,-55.029009,12.958316,8.142815
-0.006875,-0.005625,0.015000,-161.457154,13.981562,-63.174018,-105.014360,15.717882,-9.516368
-0.006875,-0.004375,0.015000,-155.131309,11.093152,-69.928925,-151.477156,16.545040,-28.802985
-0.006875,-0.003125,0.015000,-144.166222,8.347126,-73.009436,-190.757694,15.464304,-47.138586
-0.006875,-0.001875,0.015000,-133.443923,6.065681,-73.885959,-220.621063,12.799882,-62.396936
-0.006875,-0.000625,0.015000,-127.271337,4.279272,-74.234831,-239.889939,9.060507,-73.077484
-0.006875,0.000625,0.015000,-128.545907,2.785369,-75.415461,-247.894781,4.830196,-78.277395
-0.006875,0.001875,0.015000,-138.218456,1.273769,-78.090803,-244.030139,0.687837,-77.568697
-0.006875,0.003125,0.015000,-155.070948,-0.529713,-82.050255,-227.634232,-2.843715,-70.896018
-0.006875,0.004375,0.015000,-175.816954,-2.745807,-86.243126,-198.268434,-5.332619,-58.569169
-0.006875,0.005625,0.015000,-195.543640,-5.279984,-89.000913,-156.311851,-6.472484,-41.357236
-0.006875,0.006875,0.015000,-208.506407,-7.826908,-88.411772,-103.651769,-6.123148,-20.624598
-0.006875,0.008125,0.015000,-209.233486,-9.935949,-82.795859,-44.180397,-4.351837,1.592443
-0.006875,0.009375,0.015000,-193.798765,-11.121732,-71.205078,16.176669,-1.457915,22.672665
-0.006875,0.010625,0.015000,-161.009295,-10.996307,-53.838993,70.070675,2.039466,39.724683
-0.006875,0.011875,0.015000,-113.180113,-9.393681,-32.248786,109.971397,5.466395,50.117258
-0.006875,0.013125,0.015000,-56.183717,-6.454092,-9.217369,129.820246,8.113444,52.120164
-0.006875,0.014375,0.015000,1.407843,-2.638087,11.729236,126.685771,9.391021,45.473063
-0.006875,0.015625,0.015000,50.035673,1.346725,27.113910,101.916416,8.983630,31.672680
-0.006875,0.016875,0.015000,81.388213,4.700311,34.418162,61.338279,6.955391,13.816688
-0.006875,0.018125,0.015000,90.588980,6.732424,32.841915,14.264670,3.764374,-4.034770
-0.006875,0.019375,0.015000,77.679925,7.056021,23.646505,-28.571725,0.166025,-17.854985
-0.005625,-0.019375,0.015000,19.389486,-2.268794,-10.718524,-34.153439,3.594330,-10.495064
-0.005625,-0.018125,0.015000,39.554147,-4.165079,-3.352830,-19.377702,1.144708,-15.926431
-0.005625,-0.016875,0.015000,49.730221,-4.215468,6.370943,6.345883,-2.230423,-16.389218
-0.005625,-0.015625,0.015000,44.732243,-2.099304,15.290412,36.747741,-5.358469,-11.132970
-0.005625,-0.014375,0.015000,23.166547,1.817279,20.256196,63.613915,-7.073928,-1.269293
-0.005625,-0.013125,0.015000,-12.163415,6.607913,19.139718,79.012613,-6.593933,10.544264
-0.005625,-0.011875,0.015000,-55.074255,11.091895,11.475777,77.346521,-3.753797,20.913765
-0.005625,-0.010625,0.015000,-97.721021,14.204205,-1.457481,56.634506,0.965932,26.711592
-0.005625,-0.009375,0.015000,-132.648541,15.301392,-17.107689,18.720665,6.610962,25.929517
-0.005625,-0.008125,0.015000,-154.568716,14.309012,-32.466268,-31.528919,12.046396,18.125385
-0.005625,-0.006875,0.015000,-161.413816,11.679998,-44.939474,-87.678615,16.263181,4.375702
-0.005625,-0.005625,0.015000,-154.489613,8.199883,-52.996386,-143.311697,18.601304,-13.174794
-0.005625,-0.004375,0.015000,-137.833346,4.720075,-56.429382,-193.274024,18.837811,-31.955349
-0.005625,-0.003125,0.015000,-117.074179,1.911468,-56.211064,-234.272622,17.143344,-49.567260
-0.005625,-0.001875,0.015000,-98.150256,0.109339,-54.056666,-264.779482,13.954207,-64.166671
-0.005625,-0.000625,0.015000,-86.169176,-0.719994,-51.863281,-284.422551,9.823535,-74.575584
-0.005625,0.000625,0.015000,-84.567035,-0.902638,-51.190037,-293.188707,5.303792,-80.176656
-0.005625,0.001875,0.015000,-94.599020,-0.912272,-52.889039,-290.785437,0.884319,-80.715411
-0.005625,0.003125,0.015000,-115.133844,-1.208642,-56.930767,-276.418218,-3.022516,-76.140660
-0.005625,0.004375,0.015000,-142.732357,-2.103263,-62.418992,-249.078793,-6.072144,-66.569536
-0.005625,0.005625,0.015000,-172.032637,-3.678525,-67.769807,-208.258294,-7.984002,-52.392031
-0.005625,0.006875,0.015000,-196.486387,-5.768364,-71.027583,-154.846724,-8.560837,-34.459164
-0.005625,0.008125,0.015000,-209.453968,-7.996441,-70.287561,-91.892495,-7.731701,-14.250479
-0.005625,0.009375,0.015000,-205.561402,-9.861678,-64.174644,-24.893898,-5.603099,6.095998
-0.005625,0.010625,0.015000,-182.084179,-10.856998,-52.291038,38.612954,-2.492952,23.978768
-0.005625,0.011875,0.015000,-140.008059,-10.601269,-35.510632,90.226155,1.078458,36.771599
-0.005625,0.013125,0.015000,-84.389999,-8.956663,-15.993719,122.432352,4.456619,42.431446
-0.005625,0.014375,0.015000,-23.746205,-6.098643,3.156227,130.535517,6.977433,40.111937
-0.005625,0.015625,0.015000,31.569627,-2.509831,18.571548,114.203559,8.123261,30.570783
-0.005625,0.016875,0.015000,71.719748,1.114255,27.488265,78.082514,7.666750,16.183368
-0.005625,0.018125,0.015000,89.894543,4.032886,28.555207,31.125172,5.753119,0.478561
-0.005625,0.019375,0.015000,84.252734,5.658514,22.309951,-15.359383,2.884037,-12.728838
-0.004375,-0.019375,0.015000,25.997886,-3.518678,-10.944569,-36.256418,4.249727,-10.133810
-0.004375,-0.018125,0.015000,46.779614,-5.435769,-3.770277,-17.455109,1.226507,-15.806357
-0.004375,-0.016875,0.015000,55.217647,-5.212275,5.904063,12.306197,-2.556267,-16.632197
-0.004375,-0.015625,0.015000,46.315126,-2.683726,14.976471,45.469261,-5.777811,-11.811190
-0.004375,-0.014375,0.015000,19.513938,1.570479,20.348616,72.761919,-7.232114,-2.389792
-0.004375,-0.013125,0.015000,-21.107199,6.422408,19.933160,85.721434,-6.214653,9.055189
-0.004375,-0.011875,0.015000,-67.978201,10.564452,13.291591,78.888574,-2.729751,19.226062
-0.004375,-0.010625,0.015000,-112.104361,12.916687,1.705779,51.039906,2.538950,25.101183
-0.004375,-0.009375,0.015000,-145.385584,12.934601,-12.298915,5.180195,8.465053,24.772896
-0.004375,-0.008125,0.015000,-162.513077,10.725680,-25.773089,-52.572405,13.824588,17.870241
-0.004375,-0.006875,0.015000,-161.976832,6.957346,-36.205944,-114.751101,17.625621,5.484000
-0.004375,-0.005625,0.015000,-146.042683,2.610031,-42.156244,-174.356597,19.320309,-10.306617
-0.004375,-0.004375,0.015000,-119.873468,-1.327869,-43.493485,-226.191692,18.853345,-27.086413
-0.004375,-0.003125,0.015000,-90.169081,-4.122847,-41.242391,-267.405678,16.564665,-42.694831
-0.004375,-0.001875,0.015000,-63.737258,-5.447143,-37.147572,-297.229774,13.010701,-55.583149
-0.004375,-0.000625,0.015000,-46.302869,-5.395279,-33.132133,-316.140184,8.782426,-64.885173
-0.004375,0.000625,0.015000,-41.692668,-4.388608,-30.809137,-324.832882,4.380540,-70.262802
-0.004375,0.001875,0.015000,-51.383881,-3.017211,-31.143536,-323.405607,0.171512,-71.656502
-0.004375,0.003125,0.015000,-74.339484,-1.872825,-34.292673,-311.035093,-3.588752,-69.078120
-0.004375,0.004375,0.015000,-107.078133,-1.412872,-39.607111,-286.258377,-6.699788,-62.539931
-0.004375,0.005625,0.015000,-143.999292,-1.874747,-45.761197,-247.772107,-8.969682,-52.144136
-0.004375,0.006875,0.015000,-178.038079,-3.242196,-50.993148,-195.500119,-10.203907,-38.287191
-0.004375,0.008125,0.015000,-201.706889,-5.257860,-53.443847,-131.578956,-10.237751,-21.882272
-0.004375,0.009375,0.015000,-208.477373,-7.476225,-51.571403,-60.893596,-9.000835,-4.482376
-0.004375,0.010625,0.015000,-194.297064,-9.352904,-44.581268,9.126782,-6.588065,11.796862
-0.004375,0.011875,0.015000,-158.883438,-10.362871,-32.766334,69.569990,-3.305249,24.599793
-0.004375,0.013125,0.015000,-106.369502,-10.130204,-17.628588,111.830000,0.338712,31.857718
-0.004375,0.014375,0.015000,-44.947611,-8.539936,-1.680892,129.732040,3.706797,32.386113
-0.004375,0.015625,0.015000,14.612995,-5.796659,12.088121,121.405456,6.167302,26.354389
-0.004375,0.016875,0.015000,61.360499,-2.401801,20.982681,90.275444,7.252976,15.431110
-0.004375,0.018125,0.015000,86.906584,0.957111,23.387834,44.713715,6.796896,2.488189
-0.004375,0.019375,0.015000,87.743707,3.582375,19.313099,-3.747424,4.996081,-9.108429
-0.003125,-0.019375,0.015000,32.506431,-4.938773,-11.932456,-38.172304,4.409760,-9.099960
-0.003125,-0.018125,0.015000,53.887829,-6.705999,-5.287117,-15.583125,0.787635,-15.460275
-0.003125,-0.016875,0.015000,60.791745,-6.074492,4.274014,17.983974,-3.369256,-17.251749
-0.003125,-0.015625,0.015000,48.405278,-3.058510,13.777507,53.828141,-6.631164,-13.459155
-0.003125,-0.014375,0.015000,16.922541,1.551919,20.150690,81.754341,-7.796096,-4.874715
-0.003125,-0.013125,0.015000,-28.448606,6.452502,21.227677,92.854318,-6.273141,6.167291
-0.003125,-0.011875,0.015000,-78.925759,10.246394,16.409135,81.817633,-2.251114,16.556049
-0.003125,-0.010625,0.015000,-124.524189,11.874969,6.771608,48.111317,3.391009,23.372165
-0.003125,-0.009375,0.015000,-156.604883,10.914405,-5.365239,-4.225661,9.381793,24.714400
-0.003125,-0.008125,0.015000,-169.865257,7.653340,-17.216667,-67.974442,14.445470,20.127166
-0.003125,-0.006875,0.015000,-163.294146,2.949485,-26.364135,-134.773999,17.644163,10.541517
-0.003125,-0.005625,0.015000,-139.983817,-2.063280,-31.369996,-197.132271,18.570528,-2.176914
-0.003125,-0.004375,0.015000,-106.037453,-6.307098,-32.020489,-249.834928,17.352892,-15.859051
-0.003125,-0.003125,0.015000,-69.016484,-9.026496,-29.190834,-290.439319,14.505172,-28.605024
-0.003125,-0.001875,0.015000,-36.391037,-9.923674,-24.447436,-318.864539,10.701348,-39.127391
-0.003125,-0.000625,0.015000,-14.319238,-9.151350,-19.555893,-336.362262,6.564715,-46.809757
-0.003125,0.000625,0.015000,-6.874919,-7.197498,-16.045116,-344.301364,2.537800,-51.537857
-0.003125,0.001875,0.015000,-15.670163,-4.719244,-14.913455,-343.199140,-1.144528,-53.428322
-0.003125,0.003125,0.015000,-39.747948,-2.380529,-16.491838,-332.308440,-4.398110,-52.589891
-0.003125,0.004375,0.015000,-75.658992,-0.727736,-20.434236,-309.877997,-7.193085,-49.013432
-0.003125,0.005625,0.015000,-117.736141,-0.112764,-25.799236,-274.000913,-9.465798,-42.624550
-0.003125,0.006875,0.015000,-158.662923,-0.656200,-31.206551,-223.797749,-11.073723,-33.468908
-0.003125,0.008125,0.015000,-190.436684,-2.239875,-35.073403,-160.572714,-11.807893,-21.950498
-0.003125,0.009375,0.015000,-205.728666,-4.525245,-35.933652,-88.550692,-11.457332,-9.016021
-0.003125,0.010625,0.015000,-199.470514,-7.002892,-32.809230,-14.864157,-9.903733,3.818664
-0.003125,0.011875,0.015000,-170.315359,-9.079901,-25.552673,51.379025,-7.213631,14.665098
-0.003125,0.013125,0.015000,-121.515610,-10.202070,-15.041598,100.866566,-3.691933,21.673839
-0.003125,0.014375,0.015000,-60.800292,-9.990455,-3.111844,126.325016,0.132083,23.563587
-0.003125,0.015625,0.015000,0.949661,-8.355874,7.819835,124.633718,3.596342,20.097065
-0.003125,0.016875,0.015000,52.077261,-5.550561,15.384195,98.124235,6.058594,12.313005
-0.003125,0.018125,0.015000,83.040927,-2.128753,17.967178,54.518821,7.068234,2.378956
-0.003125,0.019375,0.015000,89.012530,1.184719,15.259442,5.322402,6.502011,-6.947420
-0.001875,-0.019375,0.015000,38.445762,-6.300644,-13.747095,-40.177127,4.082033,-7.395338
-0.001875,-0.018125,0.015000,60.602299,-7.747850,-7.995622,-14.265124,-0.090094,-14.909835
-0.001875,-0.016875,0.015000,66.478819,-6.592327,1.358263,22.779830,-4.525108,-18.307455
-0.001875,-0.015625,0.015000,51.360070,-3.036515,11.543221,61.312145,-7.727124,-16.197098
-0.001875,-0.014375,0.015000,16.006782,1.934457,19.492989,90.354324,-8.538327,-8.931217
-0.001875,-0.013125,0.015000,-33.486958,6.873696,22.849596,100.591489,-6.506213,1.557374
-0.001875,-0.011875,0.015000,-87.367137,10.334551,20.671324,86.783981,-2.006967,12.432834
-0.001875,-0.010625,0.015000,-134.838019,11.310954,13.625605,48.912231,3.902816,20.871962
-0.001875,-0.009375,0.015000,-166.796212,9.512192,3.651553,-8.181316,9.836974,24.884069
-0.001875,-0.008125,0.015000,-177.899839,5.397195,-6.735175,-76.402219,14.499585,23.772780
-0.001875,-0.006875,0.015000,-167.484128,-0.017613,-15.221214,-146.658656,17.029616,18.137380
-0.001875,-0.005625,0.015000,-139.242842,-5.489073,-20.296688,-211.029872,17.168538,9.486988
-0.001875,-0.004375,0.015000,-99.965262,-9.895665,-21.522316,-264.239116,15.222733,-0.337094
-0.001875,-0.003125,0.015000,-57.829551,-12.496592,-19.447724,-304.116327,11.866519,-9.704919
-0.001875,-0.001875,0.015000,-20.758340,-13.043315,-15.283778,-331.085230,7.878264,-17.538263
-0.001875,-0.000625,0.015000,4.821458,-11.744409,-10.485057,-346.996259,3.908096,-23.385089
-0.001875,0.000625,0.015000,14.707366,-9.130413,-6.381414,-353.773856,0.345496,-27.271202
-0.001875,0.001875,0.015000,7.225371,-5.883454,-3.934569,-352.335579,-2.693296,-29.438894
-0.001875,0.003125,0.015000,-16.725938,-2.686460,-3.625805,-342.104461,-5.282643,-30.096006
-0.001875,0.004375,0.015000,-53.773521,-0.119485,-5.437317,-321.236005,-7.559285,-29.269388
-0.001875,0.005625,0.015000,-98.311670,1.398063,-8.886263,-287.477088,-9.600419,-26.805778
-0.001875,0.006875,0.015000,-142.996000,1.637345,-13.096955,-239.406233,-11.346526,-22.509748
-0.001875,0.008125,0.015000,-179.622163,0.579798,-16.927414,-177.694008,-12.588445,-16.363106
-0.001875,0.009375,0.015000,-200.432913,-1.569526,-19.175227,-105.981507,-13.020222,-8.738504
-0.001875,0.010625,0.015000,-199.718433,-4.387752,-18.861633,-31.020586,-12.343265,-0.509236
-0.001875,0.011875,0.015000,-175.372887,-7.279803,-15.541461,38.132676,-10.392879,7.022836
-0.001875,0.013125,0.015000,-129.934409,-9.577248,-9.537689,91.833905,-7.247439,12.403873
-0.001875,0.014375,0.015000,-70.647795,-10.683007,-1.985863,122.139214,-3.278701,14.451474
-0.001875,0.015625,0.015000,-8.288448,-10.229377,5.384653,125.066790,0.885929,12.690294
-0.001875,0.016875,0.015000,45.157008,-8.200029,10.714661,102.112745,4.492269,7.628431
-0.001875,0.018125,0.015000,79.447582,-4.967779,12.599427,60.413497,6.849968,0.733286
-0.001875,0.019375,0.015000,88.863127,-1.221850,10.593411,11.298801,7.528658,-5.936881
-0.000625,-0.019375,0.015000,43.312713,-7.456271,-16.313397,-42.622295,3.358578,-4.958191
-0.000625,-0.018125,0.015000,66.622195,-8.446839,-11.880447,-14.103749,-1.268024,-14.041193
-0.000625,-0.016875,0.015000,72.297459,-6.690417,-2.926229,25.961400,-5.857981,-19.672067
-0.000625,-0.015625,0.015000,55.561706,-2.573764,8.072411,67.231728,-8.888582,-19.946066
-0.000625,-0.014375,0.015000,17.464524,2.747872,18.065052,98.096719,-9.275838,-14.604227
-0.000625,-0.013125,0.015000,-35.344731,7.721344,24.421044,108.836187,-6.716406,-5.020373
-0.000625,-0.011875,0.015000,-92.442642,10.884841,25.705288,94.127143,-1.763782,6.344045
-0.000625,-0.010625,0.015000,-142.421451,11.305970,21.994312,54.190102,4.373050,16.777170
-0.000625,-0.009375,0.015000,-175.762862,8.827898,14.680765,-5.652857,10.222855,24.128968
-0.000625,-0.008125,0.015000,-186.978613,4.060125,5.900585,-76.725188,14.491951,27.330853
-0.000625,-0.006875,0.015000,-175.517199,-1.856694,-2.171976,-149.396925,16.402885,26.496487
-0.000625,-0.005625,0.015000,-145.370065,-7.610280,-7.912399,-215.368702,15.834805,22.643885
-0.000625,-0.004375,0.015000,-103.699436,-12.071995,-10.555713,-269.204916,13.247694,17.203110
-0.000625,-0.003125,0.015000,-59.026998,-14.541593,-10.196191,-308.797382,9.448046,11.515746
-0.000625,-0.001875,0.015000,-19.520763,-14.831219,-7.557742,-334.807409,5.297704,6.491509
-0.000625,-0.000625,0.015000,8.262595,-13.201510,-3.671140,-349.429103,1.468649,2.496489
-0.000625,0.000625,0.015000,20.076501,-10.207723,0.417106,-354.961973,-1.688677,-0.548226
-0.000625,0.001875,0.015000,14.230882,-6.527254,3.836300,-352.662078,-4.147462,-2.943132
-0.000625,0.003125,0.015000,-8.421143,-2.823243,5.981834,-342.197338,-6.105650,-4.966985
-0.000625,0.004375,0.015000,-44.612524,0.334461,6.544722,-321.829952,-7.837945,-6.701062
-0.000625,0.005625,0.015000,-88.893318,2.502250,5.523854,-289.247555,-9.550687,-7.972412
-0.000625,0.006875,0.015000,-134.072923,3.378430,3.235092,-242.801687,-11.278243,-8.427295
-0.000625,0.008125,0.015000,-172.023704,2.827316,0.293483,-182.802194,-12.843416,-7.707501
-0.000625,0.009375,0.015000,-194.919024,0.918145,-2.473903,-112.468803,-13.890608,-5.667657
-0.000625,0.010625,0.015000,-196.801518,-2.038914,-4.210250,-38.173322,-13.986850,-2.548032
-0.000625,0.011875,0.015000,-175.165118,-5.492646,-4.283941,31.260932,-12.769332,0.982193
-0.000625,0.013125,0.015000,-132.078844,-8.716612,-2.538030,86.198350,-10.100135,3.960595
-0.000625,0.014375,0.015000,-74.369881,-10.948834,0.574301,118.461818,-6.177264,5.428407
-0.000625,0.015625,0.015000,-12.566311,-11.580427,4.057643,123.647932,-1.554834,4.794882
-0.000625,0.016875,0.015000,41.346596,-10.339096,6.664695,102.756897,2.951509,2.125529
-0.000625,0.018125,0.015000,76.879724,-7.402106,7.332074,62.495584,6.460189,-1.783144
-0.000625,0.019375,0.015000,87.888816,-3.387649,5.605719,13.952451,8.267526,-5.609546
0.000625,-0.019375,0.015000,46.585211,-8.361425,-19.400242,-45.840103,2.372772,-1.648752
0.000625,-0.018125,0.015000,71.590363,-8.812948,-16.802820,-15.701429,-2.605734,-12.575974
0.000625,-0.016875,0.015000,78.180417,-6.423849,-8.614621,26.743710,-7.244622,-20.983386
0.000625,-0.015625,0.015000,61.306527,-1.749129,3.103682,70.759355,-10.023437,-24.358334
0.000625,-0.014375,0.015000,21.958145,3.915954,15.375807,104.273006,-9.946135,-21.686262
0.000625,-0.013125,0.015000,-33.064468,8.944838,25.276302,117.145295,-6.853088,-13.628217
0.000625,-0.011875,0.015000,-93.028241,11.884241,30.781055,103.767615,-1.452991,-2.150244
0.000625,-0.010625,0.015000,-146.140718,11.881756,31.234021,64.258242,4.922420,10.204392
0.000625,-0.009375,0.015000,-182.512263,8.901348,27.331799,4.021930,10.742000,21.109018
0.000625,-0.008125,0.015000,-196.365078,3.674925,20.709318,-68.036917,14.724563,29.042229
0.000625,-0.006875,0.015000,-186.973102,-2.567442,13.332521,-141.979559,16.166310,33.515804
0.000625,-0.005625,0.015000,-158.263497,-8.476667,6.929757,-209.186321,15.055661,34.938936
0.000625,-0.004375,0.015000,-117.411023,-12.940076,2.629429,-263.948848,11.967374,34.241271
0.000625,-0.003125,0.015000,-72.981202,-15.309119,0.859351,-303.974880,7.802705,32.433343
0.000625,-0.001875,0.015000,-33.177795,-15.456850,1.457267,-329.852845,3.482807,30.263140
0.000625,-0.000625,0.015000,-4.566198,-13.688188,3.883271,-343.821844,-0.301212,28.056825
0.000625,0.000625,0.015000,8.617589,-10.569967,7.426631,-348.337023,-3.217280,25.749312
0.000625,0.001875,0.015000,4.682567,-6.757302,11.346276,-344.898644,-5.288701,23.049395
0.000625,0.003125,0.015000,-15.571825,-2.870966,14.943724,-333.468436,-6.789131,19.658137
0.000625,0.004375,0.015000,-49.018734,0.557837,17.607471,-312.597062,-8.087220,15.462654
0.000625,0.005625,0.015000,-90.444036,3.094775,18.871600,-280.191861,-9.489693,10.646823
0.000625,0.006875,0.015000,-132.963308,4.400064,18.501683,-234.698019,-11.118769,5.686090
0.000625,0.008125,0.015000,-168.768308,4.250458,16.579098,-176.359475,-12.847726,1.224481
0.000625,0.009375,0.015000,-190.291133,2.596100,13.527650,-108.174788,-14.310114,-2.131665
0.000625,0.010625,0.015000,-191.705083,-0.367869,10.033762,-36.184964,-14.988379,-4.033445
0.000625,0.011875,0.015000,-170.468787,-4.157746,6.854577,31.150105,-14.370246,-4.534924
0.000625,0.013125,0.015000,-128.455727,-8.030965,4.567723,84.503738,-12.137055,-4.092404
0.000625,0.014375,0.015000,-72.186429,-11.112583,3.360806,115.881674,-8.326789,-3.397775
0.000625,0.015625,0.015000,-11.848823,-12.603147,2.960642,120.902211,-3.409026,-3.098371
0.000625,0.016875,0.015000,40.863375,-12.012242,2.753388,100.436416,1.772069,-3.515321
0.000625,0.018125,0.015000,75.642033,-9.338339,2.064622,60.960850,6.189564,-4.487720
0.000625,0.019375,0.015000,86.387967,-5.121396,0.489433,13.303289,8.913466,-5.426923
0.001875,-0.019375,0.015000,47.730022,-9.069755,-22.608107,-50.030166,1.270893,2.725958
0.001875,-0.018125,0.015000,75.045179,-8.965622,-22.469286,-19.537844,-3.988460,-10.086650
0.001875,-0.016875,0.015000,83.866539,-5.955808,-15.648395,24.394673,-8.629004,-21.636876
0.001875,-0.015625,0.015000,68.645205,-0.736697,-3.636098,70.991571,-11.146555,-28.775097
0.001875,-0.014375,0.015000,29.922590,5.288187,10.785799,107.929078,-10.628465,-29.632554
0.001875,-0.013125,0.015000,-25.805609,10.443767,24.453944,124.652428,-7.036323,-24.017191
0.001875,-0.011875,0.015000,-87.907931,13.293901,34.737932,115.057935,-1.201041,-13.255597
0.001875,-0.010625,0.015000,-144.475405,13.054683,40.167537,78.790294,5.454553,0.389237
0.001875,-0.009375,0.015000,-185.313184,9.782353,40.622498,20.896524,11.357800,14.469644
0.001875,-0.008125,0.015000,-204.212574,4.294175,37.107630,-49.893947,15.237110,27.005063
0.001875,-0.006875,0.015000,-199.968874,-2.125358,31.269965,-123.608140,16.436818,36.848207
0.001875,-0.005625,0.015000,-176.055397,-8.114562,24.865444,-191.400327,15.012225,43.713836
0.001875,-0.004375,0.015000,-139.268805,-12.586089,19.347063,-247.199991,11.604614,47.942891
0.001875,-0.003125,0.015000,-97.894260,-14.938976,15.656252,-288.298328,7.168803,50.145693
0.001875,-0.001875,0.015000,-59.949117,-15.094851,14.202770,-314.904546,2.662142,50.871759
0.001875,-0.000625,0.015000,-31.888732,-13.388518,14.956487,-329.000048,-1.203996,50.406637
0.001875,0.000625,0.015000,-17.899876,-10.386076,17.564685,-332.963943,-4.090592,48.729901
0.001875,0.001875,0.015000,-19.684359,-6.710642,21.442073,-328.424975,-6.027504,45.611991
0.001875,0.003125,0.015000,-36.531183,-2.930667,25.830679,-315.656485,-7.312074,40.794831
0.001875,0.004375,0.015000,-65.507600,0.475674,29.863493,-293.640037,-8.357523,34.190100
0.001875,0.005625,0.015000,-101.721074,3.105190,32.670114,-260.738438,-9.534291,26.031317
0.001875,0.006875,0.015000,-138.733729,4.609160,33.534427,-215.771022,-11.035818,16.927371
0.001875,0.008125,0.015000,-169.270533,4.709033,32.070546,-159.181408,-12.792808,7.788560
0.001875,0.009375,0.015000,-186.310356,3.263825,28.350159,-93.935312,-14.457663,-0.365919
0.001875,0.010625,0.015000,-184.492949,0.368818,22.913834,-25.800640,-15.475312,-6.664859
0.001875,0.011875,0.015000,-161.571460,-3.564291,16.636652,37.229704,-15.239103,-10.618030
0.001875,0.013125,0.015000,-119.477422,-7.803656,10.479776,86.398524,-13.300928,-12.234702
0.001875,0.014375,0.015000,-64.534580,-11.407517,5.214993,114.267283,-9.574483,-11.975272
0.001875,0.015625,0.015000,-6.514685,-13.442701,1.229621,116.881742,-4.456205,-10.550548
0.001875,0.016875,0.015000,43.440930,-13.255915,-1.509569,95.325958,1.197432,-8.650002
0.001875,0.018125,0.015000,75.600057,-10.707662,-3.322718,56.037087,6.254453,-6.714360
0.001875,0.019375,0.015000,84.346756,-6.276345,-4.579713,9.570013,9.613274,-4.850101
0.003125,-0.019375,0.015000,46.223258,-9.704284,-25.363432,-55.147060,0.205418,8.343115
0.003125,-0.018125,0.015000,76.387367,-9.102510,-28.385328,-25.836864,-5.320880,-6.065588
0.003125,-0.016875,0.015000,88.801876,-5.529693,-23.786498,18.366159,-10.003090,-20.832227
0.003125,-0.015625,0.015000,77.215674,0.213304,-12.310171,67.050776,-12.350571,-32.226565
0.003125,-0.014375,0.015000,41.338252,6.646794,3.639980,107.910360,-11.510224,-37.494762
0.003125,-0.013125,0.015000,-13.113987,12.063001,20.809537,130.033524,-7.525581,-35.483682
0.003125,-0.011875,0.015000,-76.061578,15.035764,36.040716,126.653960,-1.306606,-26.724759
0.003125,-0.010625,0.015000,-135.798612,14.820127,47.048088,96.592342,5.666180,-13.036020
0.003125,-0.009375,0.015000,-181.944981,11.520339,52.821208,44.093466,11.790951,3.150891
0.003125,-0.008125,0.015000,-207.766115,5.992122,53.611285,-22.719649,15.791803,19.480395
0.003125,-0.006875,0.015000,-211.306050,-0.462851,50.600968,-94.163076,17.023569,34.168375
0.003125,-0.005625,0.015000,-195.207707,-6.489467,45.432264,-161.321229,15.556449,46.202310
0.003125,-0.004375,0.015000,-165.494771,-11.024795,39.763174,-217.738895,12.045158,55.264726
0.003125,-0.003125,0.015000,-129.831885,-13.498763,34.959439,-260.121888,7.456927,61.482564
0.003125,-0.001875,0.015000,-95.808445,-13.857360,31.944387,-288.046778,2.765433,65.132842
0.003125,-0.000625,0.015000,-69.636975,-12.442169,31.166745,-302.970496,-1.292847,66.413050
0.003125,0.000625,0.015000,-55.414287,-9.802237,32.625221,-306.978531,-4.344971,65.336389
0.003125,0.001875,0.015000,-54.874890,-6.520189,35.907400,-301.701787,-6.385184,61.761623
0.003125,0.003125,0.015000,-67.453815,-3.108193,40.238684,-287.707476,-7.686095,55.528807
0.003125,0.004375,0.015000,-90.491903,0.013725,44.567712,-264.493069,-8.659601,46.647553
0.003125,0.005625,0.015000,-119.521839,2.485185,47.718688,-231.039890,-9.703901,35.470984
0.003125,0.006875,0.015000,-148.693118,3.969455,48.614344,-186.743738,-11.063407,22.787384
0.003125,0.008125,0.015000,-171.455028,4.161393,46.529692,-132.441581,-12.725667,9.778666
0.003125,0.009375,0.015000,-181.575488,2.859600,41.300562,-71.200738,-14.382688,-2.166059
0.003125,0.010625,0.015000,-174.434086,0.083367,33.405173,-8.547217,-15.482237,-11.740302
0.003125,0.011875,0.015000,-148.340505,-3.819970,23.870880,48.091000,-15.377195,-18.024872
0.003125,0.013125,0.015000,-105.478089,-8.144601,14.020676,90.750207,-13.547199,-20.702128
0.003125,0.014375,0.015000,-52.044015,-11.921513,5.138005,112.860335,-9.829238,-20.100868
0.003125,0.015625,0.015000,2.693667,-14.141945,-1.836380,111.228679,-4.572206,-17.055209
0.003125,0.016875,0.015000,48.388337,-14.054450,-6.473685,87.425361,1.359634,-12.633075
0.003125,0.018125,0.015000,76.234925,-11.437453,-8.846131,47.985821,6.764787,-7.839548
0.003125,0.019375,0.015000,81.480098,-6.740333,-9.364176,3.151632,10.429110,-3.404235
0.004375,-0.019375,0.015000,41.604838,-10.412247,-26.933220,-60.811797,-0.654466,15.255563
0.004375,-0.018125,0.015000,74.896705,-9.456119,-33.811302,-34.438357,-6.494423,-0.050814
0.004375,-0.016875,0.015000,92.096775,-5.437027,-32.490745,8.448898,-11.352595,-17.687464
0.004375,-0.015625,0.015000,86.122935,0.786943,-22.788625,58.244484,-13.734722,-33.499743
0.004375,-0.014375,0.015000,55.523634,7.694023,-6.498017,102.995678,-12.806472,-43.908617
0.004375,-0.013125,0.015000,4.783901,13.553328,13.268784,131.581696,-8.638850,-46.751257
0.004375,-0.011875,0.015000,-57.035244,16.929335,33.009715,136.497420,-2.167433,-41.621899
0.004375,-0.010625,0.015000,-118.803240,17.071705,49.721288,115.464530,5.106966,-29.694369
0.004375,-0.009375,0.015000,-170.153661,14.074509,61.500371,71.524539,11.564074,-13.173949
0.004375,-0.008125,0.015000,-203.820426,8.774647,67.751190,11.764354,15.904714,5.386909
0.004375,-0.006875,0.015000,-216.905989,2.448350,69.033311,-54.785764,17.450944,23.683020
0.004375,-0.005625,0.015000,-210.907354,-3.575229,66.684121,-119.373947,16.232081,40.016243
0.004375,-0.004375,0.015000,-190.712550,-8.252393,62.376083,-175.237925,12.862364,53.385041
0.004375,-0.003125,0.015000,-163.029630,-11.019782,57.733422,-218.435698,8.282019,63.360917
0.004375,-0.001875,0.015000,-134.762663,-11.814287,54.066520,-247.753834,3.463536,69.858165
0.004375,-0.000625,0.015000,-111.725393,-10.951726,52.221625,-263.929814,-0.826124,72.906185
0.004375,0.000625,0.015000,-97.865996,-8.939777,52.513205,-268.575948,-4.156301,72.504288
0.004375,0.001875,0.015000,-94.969183,-6.307092,54.710529,-263.198782,-6.450805,68.596344
0.004375,0.003125,0.015000,-102.684034,-3.504802,58.074698,-248.603871,-7.919214,61.160607
0.004375,0.004375,0.015000,-118.723696,-0.893439,61.464812,-224.819411,-8.936333,50.374264
0.004375,0.005625,0.015000,-139.166380,1.213603,63.533196,-191.514863,-9.899268,36.785813
0.004375,0.006875,0.015000,-158.891148,2.503340,63.003884,-148.760524,-11.085049,21.417218
0.004375,0.008125,0.015000,-172.238775,2.664603,58.986397,-97.879890,-12.533802,5.730365
0.004375,0.009375,0.015000,-173.955572,1.461598,51.240634,-42.094881,-13.990110,-8.567389
0.004375,0.010625,0.015000,-160.356648,-1.138521,40.301235,13.328016,-14.935941,-19.844772
0.004375,0.011875,0.015000,-130.479622,-4.840978,27.402122,61.630736,-14.730552,-26.905677
0.004375,0.013125,0.015000,-86.866792,-8.975099,14.205702,95.830235,-12.835516,-29.269518
0.004375,0.014375,0.015000,-35.594302,-12.578765,2.411344,110.463134,-9.060161,-27.274933
0.004375,0.015625,0.015000,14.689389,-14.623563,-6.636424,103.334325,-3.735849,-21.968043
0.004375,0.016875,0.015000,54.659864,-14.326604,-12.219178,76.671048,2.265276,-14.813152
0.004375,0.018125,0.015000,76.735166,-11.445333,-14.321002,37.159276,7.705692,-7.325595
0.004375,0.019375,0.015000,77.320457,-6.438570,-13.509315,-5.365164,11.319902,-0.747273
0.005625,-0.019375,0.015000,33.579083,-11.308133,-26.481437,-66.272276,-1.108964,23.260730
0.005625,-0.018125,0.015000,69.825275,-10.237438,-37.754072,-44.698321,-7.345920,8.199223
0.005625,-0.016875,0.015000,92.581265,-5.972526,-40.827333,-5.063981,-12.587449,-11.428779
0.005625,-0.015625,0.015000,93.922587,0.629769,-34.447254,44.282546,-15.310515,-31.303177
0.005625,-0.014375,0.015000,71.015164,8.045625,-19.546874,92.143481,-14.647571,-47.188554
0.005625,-0.013125,0.015000,26.733305,14.530971,1.201460,127.444388,-10.630807,-55.953426
0.005625,-0.011875,0.015000,-31.326860,18.617157,24.231637,141.996718,-4.157570,-56.162876
0.005625,-0.010625,0.015000,-93.020834,19.496532,46.026336,132.275047,3.296458,-48.147940
0.005625,-0.009375,0.015000,-148.283834,17.185759,63.880870,99.811436,10.109010,-33.630860
0.005625,-0.008125,0.015000,-189.433232,12.436631,76.321225,50.269595,14.942878,-15.102515
0.005625,-0.006875,0.015000,-212.566948,6.449500,83.147162,-8.356663,17.047636,4.821718
0.005625,-0.005625,0.015000,-217.830885,0.502546,85.184307,-67.787183,16.359365,23.890106
0.005625,-0.004375,0.015000,-208.691297,-4.377240,83.884152,-121.145106,13.400968,40.461887
0.005625,-0.003125,0.015000,-190.600441,-7.608049,80.904580,-163.910731,9.047890,53.523863
0.005625,-0.001875,0.015000,-169.521875,-9.079502,77.757756,-194.049385,4.252729,62.552247
0.005625,-0.000625,0.015000,-150.694985,-9.041340,75.558673,-211.483095,-0.187007,67.320865
0.005625,0.000625,0.015000,-137.834733,-7.926374,74.872003,-217.229218,-3.769017,67.746167
0.005625,0.001875,0.015000,-132.773897,-6.187528,75.646481,-212.553902,-6.325470,63.826596
0.005625,0.003125,0.015000,-135.435894,-4.205171,77.236789,-198.409948,-7.979913,55.691224
0.005625,0.004375,0.015000,-144.006327,-2.278959,78.524977,-175.296651,-9.048528,43.729489
0.005625,0.005625,0.015000,-155.230442,-0.676291,78.149608,-143.539389,-9.908892,28.738423
0.005625,0.006875,0.015000,-164.847557,0.316214,74.824812,-103.866293,-10.856996,12.005970
0.005625,0.008125,0.015000,-168.222045,0.391193,67.691556,-58.069448,-11.979632,-4.741028
0.005625,0.009375,0.015000,-161.204201,-0.705171,56.609871,-9.487871,-13.079836,-19.554496
0.005625,0.010625,0.015000,-141.151154,-3.040415,42.295119,36.943512,-13.694594,-30.616679
0.005625,0.011875,0.015000,-107.897160,-6.362732,26.234777,75.248915,-13.224899,-36.633773
0.005625,0.013125,0.015000,-64.352766,-10.044055,10.387743,99.570041,-11.158302,-37.148534
0.005625,0.014375,0.015000,-16.406207,-13.159112,-3.258005,105.701187,-7.318083,-32.663293
0.005625,0.015625,0.015000,28.059238,-14.710621,-13.141604,92.565457,-2.043631,-24.522962
0.005625,0.016875,0.015000,60.946990,-13.946024,-18.464298,63.097699,3.787046,-14.587782
0.005625,0.018125,0.015000,76.123541,-10.658593,-19.309837,24.086096,8.934638,-4.795677
0.005625,0.019375,0.015000,71.343559,-5.351136,-16.531220,-15.191250,12.143620,3.253511
0.006875,-0.019375,0.015000,22.155383,-12.411687,-23.188446,-70.438415,-0.928643,31.778576
0.006875,-0.018125,0.015000,60.573652,-11.566261,-39.035145,-55.450718,-7.631612,18.507248
0.006875,-0.016875,0.015000,88.983088,-7.366216,-47.444053,-21.241092,-13.484555,-1.646536
0.006875,-0.015625,0.015000,98.754228,-0.597479,-46.022137,25.520585,-16.912396,-24.544617
0.006875,-0.014375,0.015000,85.603525,7.264754,-34.622715,74.832850,-16.960224,-45.578601
0.006875,-0.013125,0.015000,50.540783,14.482100,-15.156451,116.030302,-13.549300,-60.804463
0.006875,-0.011875,0.015000,-0.681440,19.535405,9.097666,140.448909,-7.465835,-67.756642
0.006875,-0.010625,0.015000,-59.320853,21.510927,34.413429,143.333734,-0.103199,-65.772583
0.006875,-0.009375,0.015000,-115.979187,20.280126,57.483698,124.544355,6.944566,-55.832891
0.006875,-0.008125,0.015000,-162.802959,16.439088,76.018710,88.024951,12.302151,-40.061354
0.006875,-0.006875,0.015000,-194.979105,11.054439,88.986017,40.371543,15.121013,-21.093984
0.006875,-0.005625,0.015000,-211.248960,5.319313,96.521140,-10.963917,15.203200,-1.511706
0.006875,-0.004375,0.015000,-213.492882,0.237949,99.615302,-59.286376,12.936529,16.538999
0.006875,-0.003125,0.015000,-205.686447,-3.570129,99.708089,-99.702986,9.094974,31.502805
0.006875,-0.001875,0.015000,-192.631015,-5.910739,98.290089,-129.463024,4.586859,42.390422
0.006875,-0.000625,0.015000,-178.814034,-6.924385,96.578813,-147.689926,0.228250,48.655178
0.006875,0.000625,0.015000,-167.609830,-6.929443,95.295065,-154.755778,-3.409866,50.061458
0.006875,0.001875,0.015000,-160.867647,-6.274483,94.549076,-151.592165,-6.066050,46.613161
0.006875,0.003125,0.015000,-158.818371,-5.254451,93.843400,-139.181308,-7.773599,38.570620
0.006875,0.004375,0.015000,-160.196921,-4.105887,92.200106,-118.366727,-8.784231,26.538788
0.006875,0.005625,0.015000,-162.512448,-3.055262,88.409075,-90.002565,-9.448173,11.569684
0.006875,0.006875,0.015000,-162.460264,-2.368621,81.366750,-55.351082,-10.071162,-4.798534
0.006875,0.008125,0.015000,-156.506689,-2.350657,70.437718,-16.552910,-10.778848,-20.634361
0.006875,0.009375,0.015000,-141.655091,-3.267996,55.742814,23.053449,-11.430999,-33.864753
0.006875,0.010625,0.015000,-116.315380,-5.214461,38.276515,58.979668,-11.628511,-42.650921
0.006875,0.011875,0.015000,-81.083826,-7.976811,19.793002,86.140139,-10.835032,-45.793465
0.006875,0.013125,0.015000,-39.155612,-10.977499,2.467446,99.890919,-8.593212,-43.041494
0.006875,0.014375,0.015000,3.898284,-13.353776,-11.585929,97.337892,-4.768377,-35.195430
0.006875,0.015625,0.015000,41.120869,-14.182000,-20.804250,78.520806,0.277047,-23.952263
0.006875,0.016875,0.015000,65.810055,-12.790678,-24.531217,47.009948,5.667692,-11.524478
0.006875,0.018125,0.015000,73.417449,-9.053423,-23.134804,9.550719,10.198573,-0.138265
0.006875,0.019375,0.015000,63.117198,-3.539598,-17.861609,-25.337654,12.682615,8.445651
0.008125,-0.019375,0.015000,7.799950,-13.593414,-16.441816,-72.011890,0.113661,39.783855
0.008125,-0.018125,0.015000,46.927300,-13.395913,-36.467923,-65.069098,-7.040428,30.103319
0.008125,-0.016875,0.015000,80.221273,-9.692363,-50.684185,-38.459989,-13.673657,11.423170
0.008125,-0.015625,0.015000,98.643044,-3.119610,-55.609280,3.162107,-18.149179,-12.701056
0.008125,-0.014375,0.015000,96.578280,4.960062,-49.881455,51.429062,-19.380073,-37.671836
0.008125,-0.013125,0.015000,73.090977,12.849909,-34.360204,96.526112,-17.107799,-59.014451
0.008125,-0.011875,0.015000,31.832725,18.980922,-11.661439,129.668266,-11.930066,-73.355325
0.008125,-0.010625,0.015000,-20.228252,22.300494,14.658493,145.071147,-5.088255,-78.985002
0.008125,-0.009375,0.015000,-74.765392,22.478248,40.994157,140.937771,1.901301,-75.937479
0.008125,-0.008125,0.015000,-124.113549,19.888362,64.416838,119.335045,7.648417,-65.667496
0.008125,-0.006875,0.015000,-162.802782,15.403076,83.092587,85.172867,11.204234,-50.500347
0.008125,-0.005625,0.015000,-188.291160,10.087684,96.366050,44.717607,12.215293,-33.047606
0.008125,-0.004375,0.015000,-200.867109,4.905662,104.574889,4.120331,10.902095,-15.738432
0.008125,-0.003125,0.015000,-202.928253,0.521510,108.704774,-31.666055,7.901974,-0.539559
0.008125,-0.001875,0.015000,-197.963813,-2.759602,109.995498,-59.402826,4.045969,11.140071
0.008125,-0.000625,0.015000,-189.557989,-4.931097,109.582607,-77.541667,0.139878,18.418061
0.008125,0.000625,0.015000,-180.628180,-6.158926,108.227228,-85.835936,-3.201202,20.859695
0.008125,0.001875,0.015000,-172.977426,-6.658113,106.163588,-84.821870,-5.642651,18.419872
0.008125,0.003125,0.015000,-167.134800,-6.622931,103.080571,-75.382644,-7.142926,11.440978
0.008125,0.004375,0.015000,-162.413483,-6.225790,98.242901,-58.531731,-7.897869,0.698343
0.008125,0.005625,0.015000,-157.130355,-5.661334,90.739202,-35.453041,-8.230701,-12.554128
0.008125,0.006875,0.015000,-148.971050,-5.187620,79.814803,-7.738034,-8.449531,-26.605596
0.008125,0.008125,0.015000,-135.508638,-5.116463,65.213519,22.318806,-8.707136,-39.434789
0.008125,0.009375,0.015000,-114.862151,-5.731063,47.430528,51.549833,-8.909447,-48.998362
0.008125,0.010625,0.015000,-86.410313,-7.150637,27.784090,76.046324,-8.717331,-53.618933
0.008125,0.011875,0.015000,-51.384899,-9.200339,8.254727,91.696126,-7.662435,-52.375851
0.008125,0.013125,0.015000,-13.108892,-11.360553,-8.891384,95.091867,-5.354882,-45.376346
0.008125,0.014375,0.015000,23.331088,-12.850658,-21.605077,84.603936,-1.714252,-33.803764
0.008125,0.015625,0.015000,52.055108,-12.851641,-28.543138,61.270750,2.871724,-19.700848
0.008125,0.016875,0.015000,67.860249,-10.808062,-29.398416,29.118162,7.546241,-5.528993
0.008125,0.018125,0.015000,67.814744,-6.700620,-24.970289,-5.370652,11.175226,6.381464
0.008125,0.019375,0.015000,52.453743,-1.171054,-16.954349,-34.659333,12.691541,14.337781
0.009375,-0.019375,0.015000,-8.450952,-14.547175,-6.080457,-69.714326,2.173845,45.844196
0.009375,-0.018125,0.015000,29.298843,-15.452868,-29.148709,-71.657582,-5.261618,41.544126
0.009375,-0.016875,0.015000,65.767714,-12.773628,-48.874441,-54.497377,-12.691562,26.669119
0.009375,-0.015625,0.015000,91.942738,-6.917336,-60.886763,-20.671064,-18.432039,3.793508
0.009375,-0.014375,0.015000,101.189108,0.943328,-62.608936,23.458692,-21.241600,-22.941916
0.009375,-0.013125,0.015000,90.746509,9.210850,-53.654945,69.394699,-20.628151,-48.926343
0.009375,-0.011875,0.015000,62.078672,16.294454,-35.638810,108.695760,-16.927945,-70.140011
0.009375,-0.010625,0.015000,20.110886,20.998321,-11.543177,134.918281,-11.152834,-83.910380
0.009375,-0.009375,0.015000,-28.290376,22.757998,15.110826,144.817347,-4.672844,-89.229150
0.009375,-0.008125,0.015000,-76.075706,21.675830,41.045654,138.600498,1.156915,-86.644090
0.009375,-0.006875,0.015000,-117.506789,18.375062,63.782322,119.329849,5.313933,-77.851094
0.009375,-0.005625,0.015000,-149.050231,13.746346,81.891225,91.789332,7.292721,-65.159945
0.009375,-0.004375,0.015000,-169.570245,8.682553,94.957354,61.218121,7.130150,-50.992101
0.009375,-0.003125,0.015000,-179.934330,3.884185,103.340786,32.258709,5.295751,-37.511479
0.009375,-0.001875,0.015000,-182.276280,-0.222541,107.835354,8.324054,2.502410,-26.418703
0.009375,-0.000625,0.015000,-179.183626,-3.461492,109.319644,-8.581740,-0.500120,-18.881032
0.009375,0.000625,0.015000,-173.013072,-5.820466,108.471369,-17.691997,-3.098653,-15.539192
0.009375,0.001875,0.015000,-165.435227,-7.360791,105.592031,-19.129880,-4.926888,-16.531969
0.009375,0.003125,0.015000,-157.219327,-8.167320,100.568050,-13.561876,-5.900663,-21.503730
0.009375,0.004375,0.015000,-148.221062,-8.352226,92.974318,-1.980224,-6.179021,-29.596863
0.009375,0.005625,0.015000,-137.534290,-8.091574,82.300882,14.335393,-6.062406,-39.465164
0.009375,0.006875,0.015000,-123.787960,-7.651986,68.252499,33.709973,-5.852101,-49.360400
0.009375,0.008125,0.015000,-105.580545,-7.366139,51.041117,53.923286,-5.710034,-57.332870
0.009375,0.009375,0.015000,-82.021498,-7.541256,31.576536,72.162969,-5.568105,-61.548103
0.009375,0.010625,0.015000,-53.291064,-8.323624,11.473348,85.218593,-5.130939,-60.668570
0.009375,0.011875,0.015000,-21.061122,-9.576805,-7.162892,89.987873,-3.989264,-54.203239
0.009375,0.013125,0.015000,11.416542,-10.842804,-22.140104,84.245600,-1.817879,-42.711187
0.009375,0.014375,0.015000,39.710600,-11.433937,-31.676685,67.483915,1.411436,-27.770928
0.009375,0.015625,0.015000,59.127830,-10.652686,-34.850526,41.524825,5.294258,-11.690608
0.009375,0.016875,0.015000,65.985121,-8.076351,-31.861460,10.592658,9.013117,2.984743
0.009375,0.018125,0.015000,58.884369,-3.799711,-24.018187,-19.348720,11.538232,14.043442
0.009375,0.019375,0.015000,39.539961,1.474780,-13.443105,-41.955596,11.962057,20.098527
0.010625,-0.019375,0.015000,-24.975528,-14.812675,7.360788,-62.590857,5.240831,48.305889
0.010625,-0.018125,0.015000,8.897967,-17.222215,-16.820563,-73.374304,-2.103604,50.799354
0.010625,-0.016875,0.015000,45.989431,-16.118102,-40.772936,-66.802516,-10.112394,42.032199
0.010625,-0.015625,0.015000,77.838256,-11.608880,-59.587235,-43.084348,-17.100592,23.270321
0.010625,-0.014375,0.015000,97.265711,-4.595572,-69.641196,-6.335666,-21.682881,-2.248593
0.010625,-0.013125,0.015000,100.015151,3.501165,-69.260706,36.684525,-23.107979,-30.243702
0.010625,-0.011875,0.015000,85.478640,11.128242,-58.823984,78.390051,-21.394950,-56.436955
0.010625,-0.010625,0.015000,56.428026,16.979305,-40.376551,112.174778,-17.251467,-77.430258
0.010625,-0.009375,0.015000,17.965674,20.259602,-16.945457,133.731688,-11.821125,-91.228372
0.010625,-0.008125,0.015000,-23.903163,20.778600,8.217363,141.617657,-6.351318,-97.356045
0.010625,-0.006875,0.015000,-63.639321,18.873386,32.265953,137.054498,-1.883475,-96.636554
0.010625,-0.005625,0.015000,-97.144600,15.217455,53.148517,123.169042,0.955076,-90.769058
0.010625,-0.004375,0.015000,-122.187288,10.595231,69.726057,103.984990,2.020711,-81.854359
0.010625,-0.003125,0.015000,-138.308580,5.716812,81.666081,83.473782,1.592672,-71.984502
0.010625,-0.001875,0.015000,-146.370656,1.116528,89.194892,64.878103,0.222390,-62.954612
0.010625,-0.000625,0.015000,-147.954554,-2.862045,92.800328,50.389258,-1.453081,-56.100016
0.010625,0.000625,0.015000,-144.788161,-6.025697,92.964815,41.138500,-2.883356,-52.225714
0.010625,0.001875,0.015000,-138.315016,-8.280756,89.987523,37.385405,-3.726080,-51.585669
0.010625,0.003125,0.015000,-129.443107,-9.607515,83.930075,38.764499,-3.896620,-53.883402
0.010625,0.004375,0.015000,-118.467454,-10.069954,74.693646,44.477192,-3.540526,-58.292430
0.010625,0.005625,0.015000,-105.146956,-9.842168,62.205233,53.372804,-2.938579,-63.520653
0.010625,0.006875,0.015000,-88.920523,-9.215667,46.659553,63.931153,-2.371099,-67.953061
0.010625,0.008125,0.015000,-69.246245,-8.555384,28.737905,74.220619,-1.983999,-69.893706
0.010625,0.009375,0.015000,-46.022788,-8.196643,9.717894,81.941068,-1.706565,-67.892472
0.010625,0.010625,0.015000,-20.004335,-8.310533,-8.592730,84.653277,-1.261727,-61.097258
0.010625,0.011875,0.015000,6.929118,-8.793959,-24.117643,80.237038,-0.280380,-49.537517
0.010625,0.013125,0.015000,31.800962,-9.246826,-34.924645,67.517730,1.511066,-34.239480
0.010625,0.014375,0.015000,50.974160,-9.074221,-39.685803,46.887534,4.099855,-17.105882
0.010625,0.015625,0.015000,60.983042,-7.702031,-38.049665,20.671678,7.079295,-0.557626
0.010625,0.016875,0.015000,59.586999,-4.839147,-30.801862,-6.999432,9.691882,12.989117
0.010625,0.018125,0.015000,46.727336,-0.683464,-19.746034,-30.931010,11.037500,21.676854
0.010625,0.019375,0.015000,25.012793,4.027602,-7.320079,-46.127465,10.391754,24.638041
0.011875,-0.019375,0.015000,-39.698986,-13.864338,22.490631,-50.333181,9.043408,45.637498
0.011875,-0.018125,0.015000,-12.254349,-18.009900,-0.217118,-68.848447,2.363733,55.556569
0.011875,-0.016875,0.015000,22.359667,-18.935486,-26.092243,-72.947785,-5.732578,54.689989
0.011875,-0.015625,0.015000,56.778800,-16.403776,-50.163530,-60.813197,-13.637489,42.810067
0.011875,-0.014375,0.015000,83.865757,-10.969538,-68.106205,-34.260101,-19.871962,21.880917
0.011875,-0.013125,0.015000,98.372608,-3.788069,-77.102554,1.988594,-23.439231,-4.616962
0.011875,-0.011875,0.015000,97.943737,3.711960,-76.225027,41.678013,-24.017031,-32.615835
0.011875,-0.010625,0.015000,83.283237,10.184772,-66.329834,78.591831,-21.952582,-58.367281
0.011875,-0.009375,0.015000,57.572993,14.651366,-49.582311,107.877008,-18.085901,-79.109946
0.011875,-0.008125,0.015000,25.421277,16.645785,-28.806275,126.824190,-13.473157,-93.391485
0.011875,-0.006875,0.015000,-8.302166,16.210096,-6.850660,135.009619,-9.099747,-101.051660
0.011875,-0.005625,0.015000,-39.431750,13.772269,13.885240,133.896597,-5.661177,-102.956809
0.011875,-0.004375,0.015000,-65.084518,9.969298,31.702547,126.117882,-3.457465,-100.611026
0.011875,-0.003125,0.015000,-83.813195,5.479683,45.635920,114.692092,-2.407620,-95.759299
0.011875,-0.001875,0.015000,-95.416968,0.908259,55.324944,102.378578,-2.158055,-90.058888
0.011875,-0.000625,0.015000,-100.555639,-3.265746,60.802245,91.280673,-2.240340,-84.848943
0.011875,0.000625,0.015000,-100.314146,-6.694846,62.276652,82.706643,-2.230148,-81.012450
0.011875,0.001875,0.015000,-95.825239,-9.154200,59.974594,77.222568,-1.866906,-78.908678
0.011875,0.003125,0.015000,-88.007686,-10.542084,54.079048,74.797245,-1.107414,-78.358191
0.011875,0.004375,0.015000,-77.438932,-10.895351,44.776207,74.946363,-0.103745,-78.678299
0.011875,0.005625,0.015000,-64.362216,-10.403607,32.388250,76.821440,0.885332,-78.782133
0.011875,0.006875,0.015000,-48.820945,-9.394271,17.540760,79.242499,1.620699,-77.357767
0.011875,0.008125,0.015000,-30.901823,-8.267028,1.293404,80.724033,2.003026,-73.128552
0.011875,0.009375,0.015000,-11.041727,-7.379378,-14.838346,79.572413,2.138401,-65.164887
0.011875,0.010625,0.015000,9.686107,-6.915272,-29.018451,74.124192,2.314316,-53.182718
0.011875,0.011875,0.015000,29.424903,-6.790767,-39.383515,63.142761,2.881642,-37.742096
0.011875,0.013125,0.015000,45.645546,-6.650496,-44.437528,46.306515,4.078348,-20.264922
0.011875,0.014375,0.015000,55.582393,-5.981171,-43.443658,24.634892,5.863940,-2.829704
0.011875,0.015625,0.015000,56.952177,-4.320972,-36.689823,0.651330,7.843143,12.235402
0.011875,0.016875,0.015000,48.781598,-1.495117,-25.526953,-21.888556,9.333358,22.872213
0.011875,0.018125,0.015000,32.064502,2.218993,-12.139250,-38.756782,9.577371,27.788610
0.011875,0.019375,0.015000,9.950892,6.082299,0.913511,-46.372752,8.039159,26.788363
0.013125,-0.019375,0.015000,-50.393180,-11.264628,37.082121,-33.538187,13.002747,36.888693
0.013125,-0.018125,0.015000,-31.527871,-17.096143,18.745113,-57.605555,7.694156,53.740104
0.013125,-0.016875,0.015000,-2.568407,-20.267072,-5.943709,-71.186996,0.243266,61.550023
0.013125,-0.015625,0.015000,30.691784,-20.185950,-32.490120,-70.849098,-7.920472,58.609956
0.013125,-0.014375,0.015000,61.767975,-17.010714,-56.350106,-56.273691,-15.312601,45.392417
0.013125,-0.013125,0.015000,85.040541,-11.547912,-73.895078,-30.036921,-20.749684,24.185396
0.013125,-0.011875,0.015000,96.908103,-5.000662,-83.019998,3.295150,-23.587651,-1.629886
0.013125,-0.010625,0.015000,96.296847,1.347385,-83.310614,38.417144,-23.791851,-28.416466
0.013125,-0.009375,0.015000,84.502782,6.419002,-75.818462,70.502768,-21.842947,-53.011475
0.013125,-0.008125,0.015000,64.529496,9.531680,-62.582628,96.088997,-18.528945,-73.202253
0.013125,-0.006875,0.015000,40.186910,10.458727,-46.068382,113.473309,-14.697938,-87.901401
0.013125,-0.005625,0.015000,15.221598,9.377004,-28.670298,122.633830,-11.044734,-97.059367
0.013125,-0.004375,0.015000,-7.323909,6.744400,-12.371991,124.806290,-7.982243,-101.404322
0.013125,-0.003125,0.015000,-25.436005,3.158504,1.409317,121.908403,-5.615989,-102.110630
0.013125,-0.001875,0.015000,-38.156639,-0.763535,11.818132,115.990695,-3.808933,-100.478166
0.013125,-0.000625,0.015000,-45.397232,-4.466538,18.452767,108.833427,-2.302042,-97.671623
0.013125,0.000625,0.015000,-47.647871,-7.504695,21.221374,101.732224,-0.847086,-94.537806
0.013125,0.001875,0.015000,-45.676441,-9.570718,20.221596,95.448097,0.689076,-91.499973
0.013125,0.003125,0.015000,-40.282702,-10.519907,15.683412,90.258449,2.277763,-88.523874
0.013125,0.004375,0.015000,-32.143787,-10.389353,7.987105,86.039993,3.750593,-85.154950
0.013125,0.005625,0.015000,-21.767718,-9.398400,-2.261904,82.337350,4.881011,-80.631219
0.013125,0.006875,0.015000,-9.556860,-7.911134,-14.145842,78.410164,5.495729,-74.072630
0.013125,0.008125,0.015000,4.035103,-6.350717,-26.393868,73.290320,5.573024,-64.731370
0.013125,0.009375,0.015000,18.296829,-5.076858,-37.442109,65.901803,5.284237,-52.261940
0.013125,0.010625,0.015000,32.080186,-4.262242,-45.622118,55.285546,4.951125,-36.945587
0.013125,0.011875,0.015000,43.746378,-3.818087,-49.461542,40.926977,4.922851,-19.794232
0.013125,0.013125,0.015000,51.325123,-3.412380,-48.032593,23.116900,5.412660,-2.475003
0.013125,0.014375,0.015000,52.919730,-2.594504,-41.249132,3.213938,6.360458,12.960851
0.013125,0.015625,0.015000,47.296568,-0.995747,-30.007992,-16.346510,7.389554,24.501613
0.013125,0.016875,0.015000,34.493078,1.465280,-16.101806,-32.409292,7.897512,30.651866
0.013125,0.018125,0.015000,16.209727,4.460379,-1.893119,-41.823158,7.269372,30.831118
0.013125,0.019375,0.015000,-4.237648,7.281754,10.185873,-42.380268,5.145306,25.571203
0.014375,-0.019375,0.015000,-55.113131,-6.852188,48.350301,-13.808249,16.273883,22.159747
0.014375,-0.018125,0.015000,-46.110365,-13.961973,37.059306,-40.382028,13.038511,44.157738
0.014375,-0.016875,0.015000,-25.487194,-19.229480,16.986453,-60.991347,7.091765,60.008386
0.014375,-0.015625,0.015000,2.854388,-21.749389,-8.365463,-71.167306,-0.424620,66.757598
0.014375,-0.014375,0.015000,33.623836,-21.272658,-34.786706,-68.842680,-8.136628,63.378786
0.014375,-0.013125,0.015000,61.476130,-18.198582,-58.319022,-54.559982,-14.775141,50.733990
0.014375,-0.011875,0.015000,82.180174,-13.409184,-76.003040,-31.026234,-19.442749,31.121861
0.014375,-0.010625,0.015000,93.349785,-8.011203,-86.275654,-2.232652,-21.748838,7.598852
0.014375,-0.009375,0.015000,94.631320,-3.066339,-88.997220,27.562266,-21.797601,-16.720817
0.014375,-0.008125,0.015000,87.406966,0.620544,-85.186286,54.707931,-20.057382,-39.222165
0.014375,-0.006875,0.015000,74.187349,2.615241,-76.592970,76.712181,-17.168340,-58.114497
0.014375,-0.005625,0.015000,57.907604,2.865529,-65.247002,92.410776,-13.752554,-72.514400
0.014375,-0.004375,0.015000,41.312447,1.633952,-53.084426,101.812762,-10.278049,-82.335339
0.014375,-0.003125,0.015000,26.543843,-0.610512,-41.707128,105.747786,-7.003149,-88.060539
0.014375,-0.001875,0.015000,14.962807,-3.307121,-32.280147,105.457000,-3.999607,-90.475517
0.014375,-0.000625,0.015000,7.171917,-5.902836,-25.535596,102.240093,-1.230420,-90.418456
0.014375,0.000625,0.015000,3.170202,-7.929993,-21.834109,97.218144,1.354078,-88.583566
0.014375,0.001875,0.015000,2.565769,-9.064609,-21.234631,91.217966,3.738959,-85.394135
0.014375,0.003125,0.015000,4.782869,-9.167486,-23.537399,84.746065,5.813796,-80.951912
0.014375,0.004375,0.015000,9.217821,-8.303507,-28.287886,78.007699,7.398589,-75.065385
0.014375,0.005625,0.015000,15.315757,-6.727834,-34.754955,70.937769,8.316435,-67.355667
0.014375,0.006875,0.015000,22.558255,-4.828391,-41.917327,63.236420,8.484229,-57.429394
0.014375,0.008125,0.015000,30.374212,-3.025269,-48.501244,54.429252,7.982064,-45.091554
0.014375,0.009375,0.015000,38.013782,-1.646812,-53.103709,43.984959,7.065049,-30.551471
0.014375,0.010625,0.015000,44.451582,-0.820351,-54.409243,31.511235,6.099689,-14.561050
0.014375,0.011875,0.015000,48.397140,-0.422233,-51.470256,17.012113,5.436920,1.574005
0.014375,0.013125,0.015000,48.473075,-0.119323,-43.984124,1.138550,5.264741,16.145761
0.014375,0.014375,0.015000,43.568187,0.496918,-32.479441,-14.677090,5.501740,27.350767
0.014375,0.015625,0.015000,33.293292,1.722279,-18.331276,-28.316249,5.787542,33.692279
0.014375,0.016875,0.015000,18.389990,3.567642,-3.563889,-37.362221,5.594672,34.375713
0.014375,0.018125,0.015000,0.904305,5.679974,9.539629,-39.743190,4.437602,29.579495
0.014375,0.019375,0.015000,-16.030071,7.408053,18.936958,-34.471351,2.107544,20.505372
0.015625,-0.019375,0.015000,-52.684957,-0.907571,53.500003,6.381616,17.900108,2.928491
0.015625,-0.018125,0.015000,-53.598065,-8.531873,51.087431,-19.206879,17.254530,27.105747
0.015625,-0.016875,0.015000,-42.941911,-15.322629,38.691704,-43.399753,13.609179,48.812798
0.015625,-0.015625,0.015000,-22.623731,-20.151697,18.431528,-61.365611,7.723573,64.288775
0.015625,-0.014375,0.015000,3.642863,-22.404656,-6.345391,-69.847350,0.737183,71.233134
0.015625,-0.013125,0.015000,31.362192,-22.058568,-31.903203,-67.688064,-6.125205,69.065372
0.015625,-0.011875,0.015000,56.314952,-19.607287,-54.899879,-55.789923,-11.825271,58.768177
0.015625,-0.010625,0.015000,75.380576,-15.876086,-72.938849,-36.613296,-15.693257,42.432699
0.015625,-0.009375,0.015000,86.965689,-11.790255,-84.813792,-13.425834,-17.489126,22.673674
0.015625,-0.008125,0.015000,91.015205,-8.162635,-90.463525,10.465569,-17.350585,2.074908
0.015625,-0.006875,0.015000,88.694760,-5.546814,-90.719755,32.313944,-15.665814,-17.221831
0.015625,-0.005625,0.015000,81.895187,-4.175289,-86.957217,50.264557,-12.922383,-33.735294
0.015625,-0.004375,0.015000,72.715685,-3.975945,-80.746704,63.416048,-9.579782,-46.678992
0.015625,-0.003125,0.015000,63.045178,-4.643637,-73.579352,71.676429,-5.995678,-55.857359
0.015625,-0.001875,0.015000,54.303860,-5.739093,-66.690752,75.512066,-2.413035,-61.484503
0.015625,-0.000625,0.015000,47.351461,-6.792150,-60.978869,75.682552,1.005852,-63.982406
0.015625,0.000625,0.015000,42.529543,-7.394663,-56.988123,73.023854,4.125678,-63.802077
0.015625,0.001875,0.015000,39.786075,-7.274673,-54.925596,68.303666,6.794974,-61.296099
0.015625,0.003125,0.015000,38.827951,-6.345036,-54.682489,62.141704,8.836225,-56.658567
0.015625,0.004375,0.015000,39.254732,-4.718264,-55.850033,54.973196,10.076836,-49.938419
0.015625,0.005625,0.015000,40.640376,-2.679218,-57.737829,47.037327,10.410269,-41.122068
0.015625,0.006875,0.015000,42.548057,-0.612976,-59.416857,38.387815,9.861072,-30.268379
0.015625,0.008125,0.015000,44.486298,1.102228,-59.813004,28.939050,8.620787,-17.663638
0.015625,0.009375,0.015000,45.840270,2.211091,-57.866156,18.566359,7.027963,-3.950383
0.015625,0.010625,0.015000,45.832695,2.668626,-52.746095,7.265362,5.484844,9.821342
0.015625,0.011875,0.015000,43.573290,2.661635,-44.086518,-4.656026,4.330262,22.261711
0.015625,0.013125,0.015000,38.234194,2.544081,-32.173862,-16.416777,3.712628,31.841670
0.015625,0.014375,0.015000,29.340074,2.696959,-18.020215,-26.720653,3.517095,37.199452
0.015625,0.015625,0.015000,17.097852,3.356987,-3.267336,-33.910437,3.389132,37.484261
0.015625,0.016875,0.015000,2.637356,4.480553,10.089268,-36.342966,2.863627,32.640594
0.015625,0.018125,0.015000,-11.979529,5.707081,20.111740,-32.922214,1.564563,23.536517
0.015625,0.019375,0.015000,-24.076844,6.455292,25.371307,-23.636167,-0.596883,11.872112
0.016875,-0.019375,0.015000,-43.117305,5.774795,50.462969,24.073454,17.066404,-17.927331
0.016875,-0.018125,0.015000,-52.617455,-1.346135,57.362216,2.832029,19.161939,4.713603
0.016875,-0.016875,0.015000,-52.107111,-8.706377,54.589835,-21.035707,18.336325,28.771275
0.016875,-0.015625,0.015000,-41.639610,-15.087998,42.693898,-43.003927,14.910145,50.255797
0.016875,-0.014375,0.015000,-23.192217,-19.606300,23.760524,-59.280866,9.680788,66.025397
0.016875,-0.013125,0.015000,0.002421,-21.856529,0.782118,-67.520526,3.691909,74.275164
0.016875,-0.011875,0.015000,24.306390,-21.925552,-23.052943,-67.094404,-2.017460,74.656803
0.016875,-0.010625,0.015000,46.467595,-20.287134,-44.970742,-58.936807,-6.617901,68.077512
0.016875,-0.009375,0.015000,64.173255,-17.626845,-63.008422,-45.085484,-9.606698,56.293931
0.016875,-0.008125,0.015000,76.285460,-14.652228,-76.161893,-28.091319,-10.827071,41.438451
0.016875,-0.006875,0.015000,82.776633,-11.936174,-84.317335,-10.463469,-10.408454,25.595776
0.016875,-0.005625,0.015000,84.452817,-9.822681,-88.039960,5.734575,-8.664191,10.503993
0.016875,-0.004375,0.015000,82.581818,-8.402329,-88.303864,19.091607,-5.986028,-2.594835
0.016875,-0.003125,0.015000,78.534278,-7.547324,-86.232879,28.873910,-2.765100,-12.969568
0.016875,-0.001875,0.015000,73.511912,-6.986320,-82.895418,34.924040,0.647838,-20.319364
0.016875,-0.000625,0.015000,68.395192,-6.397292,-79.167854,37.499191,3.947725,-24.644235
0.016875,0.000625,0.015000,63.705782,-5.499302,-75.659517,37.103517,6.863280,-26.109767
0.016875,0.001875,0.015000,59.654160,-4.127610,-72.682045,34.345911,9.148886,-24.939097
0.016875,0.003125,0.015000,56.231346,-2.279348,-70.246690,29.832792,10.596025,-21.353416
0.016875,0.004375,0.015000,53.303435,-0.119714,-68.081831,24.092840,11.067794,-15.569765
0.016875,0.005625,0.015000,50.676622,2.056472,-65.674154,17.529853,10.545507,-7.851722
0.016875,0.006875,0.015000,48.116718,3.903861,-62.344539,10.407088,9.165182,1.405477
0.016875,0.008125,0.015000,45.328617,5.129642,-57.368828,2.873587,7.219084,11.586965
0.016875,0.009375,0.015000,41.923285,5.591636,-50.142236,-4.958545,5.106270,21.807333
0.016875,0.010625,0.015000,37.414787,5.356792,-40.366648,-12.891817,3.234861,30.935156
0.016875,0.011875,0.015000,31.288899,4.691904,-28.219165,-20.507513,1.901355,37.716183
0.016875,0.013125,0.015000,23.161946,3.978362,-14.447435,-27.073428,1.189333,40.990428
0.016875,0.014375,0.015000,13.006313,3.571362,-0.341285,-31.562218,0.932256,39.963633
0.016875,0.015625,0.015000,1.370559,3.650853,12.445329,-32.828162,0.768046,34.463448
0.016875,0.016875,0.015000,-10.510803,4.124119,22.206759,-29.938492,0.280158,25.097473
0.016875,0.018125,0.015000,-20.818186,4.629470,27.570689,-22.583846,-0.817876,13.243254
0.016875,0.019375,0.015000,-27.505083,4.656801,27.858541,-11.428067,-2.524043,0.839966
0.018125,-0.019375,0.015000,-27.798104,11.968444,38.644572,36.422603,13.392096,-36.523332
0.018125,-0.018125,0.015000,-43.303530,6.425605,53.573624,22.141335,17.895133,-19.171632
0.018125,-0.016875,0.015000,-51.539991,-0.330713,60.654835,2.286024,19.943214,3.018228
0.018125,-0.015625,0.015000,-51.073776,-7.148072,58.934291,-19.483952,19.417371,26.442476
0.018125,-0.014375,0.015000,-42.234242,-13.009681,49.049701,-39.493051,16.706779,47.685925
0.018125,-0.013125,0.015000,-26.800007,-17.225228,32.864056,-54.812174,12.557507,64.140078
0.018125,-0.011875,0.015000,-7.416162,-19.514764,12.916105,-63.729199,7.866460,74.340609
0.018125,-0.010625,0.015000,13.066848,-19.983520,-8.150939,-65.871131,3.480235,78.008466
0.018125,-0.009375,0.015000,32.161041,-19.014214,-28.053239,-62.021551,0.045628,75.853437
0.018125,-0.008125,0.015000,48.104940,-17.119382,-45.150802,-53.743202,-2.064975,69.240112
0.018125,-0.006875,0.015000,59.989839,-14.797646,-58.540903,-42.936739,-2.755184,59.821424
0.018125,-0.005625,0.015000,67.681023,-12.427330,-67.994921,-31.447701,-2.153799,49.222900
0.018125,-0.004375,0.015000,71.607653,-10.214412,-73.796842,-20.790487,-0.540262,38.825069
0.018125,-0.003125,0.015000,72.505953,-8.195329,-76.543683,-12.009768,1.727865,29.655620
0.018125,-0.001875,0.015000,71.186874,-6.283014,-76.954985,-5.661658,4.270044,22.375576
0.018125,-0.000625,0.015000,68.372131,-4.337919,-75.719043,-1.877056,6.717988,17.328493
0.018125,0.000625,0.015000,64.612489,-2.244097,-73.385541,-0.467264,8.738445,14.617597
0.018125,0.001875,0.015000,60.277328,0.028297,-70.302688,-1.041132,10.054770,14.179769
0.018125,0.003125,0.015000,55.588988,2.389321,-66.593091,-3.115055,10.475214,15.834393
0.018125,0.004375,0.015000,50.670437,4.634285,-62.164674,-6.205714,9.927189,19.296955
0.018125,0.005625,0.015000,45.579727,6.489303,-56.757080,-9.897871,8.486888,24.160533
0.018125,0.006875,0.015000,40.317806,7.688476,-50.025630,-13.877991,6.387277,29.861251
0.018125,0.008125,0.015000,34.814265,8.062317,-41.660766,-17.924370,3.988791,35.653867
0.018125,0.009375,0.015000,28.912887,7.608850,-31.530231,-21.850960,1.707331,40.627242
0.018125,0.010625,0.015000,22.388345,6.518578,-19.816944,-25.417467,-0.088985,43.783476
0.018125,0.011875,0.015000,15.020348,5.135287,-7.113503,-28.238512,-1.185689,44.187484
0.018125,0.013125,0.015000,6.729194,3.855537,5.568354,-29.740545,-1.592249,41.168648
0.018125,0.014375,0.015000,-2.257940,2.994527,16.902855,-29.214926,-1.543168,34.529683
0.018125,0.015625,0.015000,-11.274890,2.665208,25.471976,-25.991322,-1.416625,24.699884
0.018125,0.016875,0.015000,-19.199509,2.721269,30.069193,-19.708684,-1.588334,12.769636
0.018125,0.018125,0.015000,-24.615394,2.797787,30.015580,-10.605610,-2.268388,0.365272
0.018125,0.019375,0.015000,-26.161363,2.448882,25.399238,0.288586,-3.384832,-10.634920
0.019375,-0.019375,0.015000,-9.372661,16.269665,19.436049,41.373614,7.166575,-48.776192
0.019375,-0.018125,0.015000,-27.466060,13.183030,39.463331,35.399608,13.250915,-39.657773
0.019375,-0.016875,0.015000,-41.685606,8.171458,54.659424,22.325605,17.673949,-23.375119
0.019375,-0.015625,0.015000,-49.641328,2.172045,62.889814,4.576176,19.940480,-2.611561
0.019375,-0.014375,0.015000,-50.328530,-3.825609,63.413622,-14.833845,20.025149,19.539567
0.019375,-0.013125,0.015000,-44.123294,-8.984752,56.794211,-32.993759,18.305936,40.210395
0.019375,-0.011875,0.015000,-32.481124,-12.755182,44.566942,-47.646764,15.420721,57.225677
0.019375,-0.010625,0.015000,-17.468697,-14.916700,28.789602,-57.496051,12.094997,69.337033
0.019375,-0.009375,0.015000,-1.272309,-15.540471,11.598389,-62.249791,8.986218,76.229444
0.019375,-0.008125,0.015000,14.200853,-14.895722,-5.140267,-62.455007,6.575752,78.355926
0.019375,-0.006875,0.015000,27.563774,-13.337192,-20.037712,-59.208187,5.119991,76.679713
0.019375,-0.005625,0.015000,38.023295,-11.205690,-32.249911,-53.835836,4.654532,72.400829
0.019375,-0.004375,0.015000,45.319560,-8.763500,-41.432348,-47.618420,5.034462,66.724084
0.019375,-0.003125,0.015000,49.586763,-6.172734,-47.625816,-41.599194,5.991285,60.698444
0.019375,-0.001875,0.015000,51.192379,-3.512345,-51.115082,-36.487941,7.191324,55.132476
0.019375,-0.000625,0.015000,50.598591,-0.820621,-52.292758,-32.647135,8.288051,50.572378
0.019375,0.000625,0.015000,48.268826,1.854388,-51.548332,-30.137247,8.967582,47.319776
0.019375,0.001875,0.015000,44.621695,4.414373,-49.191931,-28.796592,8.989691,45.465382
0.019375,0.003125,0.015000,40.019373,6.694697,-45.416020,-28.334519,8.225003,44.919668
0.019375,0.004375,0.015000,34.770607,8.480674,-40.295522,-28.420646,6.684090,45.430935
0.019375,0.005625,0.015000,29.130564,9.554910,-33.825443,-28.755187,4.529026,46.592018
0.019375,0.006875,0.015000,23.289302,9.763887,-25.992270,-29.107371,2.056273,47.847093
0.019375,0.008125,0.015000,17.354078,9.082922,-16.869377,-29.313458,-0.355798,48.516552
0.019375,0.009375,0.015000,11.342663,7.654497,-6.717747,-29.235554,-2.330822,47.858000
0.019375,0.010625,0.015000,5.209098,5.779057,3.935700,-28.697099,-3.592068,45.173155
0.019375,0.011875,0.015000,-1.084575,3.850625,14.274180,-27.426155,-4.044817,39.954511
0.019375,0.013125,0.015000,-7.457426,2.249309,23.248586,-25.045690,-3.811861,32.045671
0.019375,0.014375,0.015000,-13.593242,1.222430,29.726817,-21.142940,-3.200529,21.772072
0.019375,0.015625,0.015000,-18.873887,0.797354,32.718748,-15.424046,-2.601304,9.992046
0.019375,0.016875,0.015000,-22.420723,0.765129,31.631273,-7.920361,-2.345091,-1.972163
0.019375,0.018125,0.015000,-23.277621,0.752995,26.485667,0.827162,-2.567937,-12.536731
0.019375,0.019375,0.015000,-20.718142,0.370933,18.024752,9.699709,-3.137920,-20.166111
