this is calcu field constructa
val_L = 0
this file format is polar coordinates
nuber of lines = 2701
#finish read file = refdata_integrated.txt
this file format is polar coordinates
nuber of lines = 2701
#finish read file = refdata_integrated.txt
(2597960,0)       (0,0)       (0,0)
(2650970,0)       (0,0)       (0,0)
(2876130,0)       (0,0)       (0,0)
(3237360,0)       (0,0)       (0,0)
(3686190,0)       (0,0)       (0,0)
(4177040,0)       (0,0)       (0,0)
(4671840,0)       (0,0)       (0,0)
(5140390,0)       (0,0)       (0,0)
(5560420,0)       (0,0)       (0,0)
(5917700,0)       (0,0)       (0,0)
(6205990,0)       (0,0)       (0,0)
(6426180,0)       (0,0)       (0,0)
(6584790,0)       (0,0)       (0,0)
(6691940,0)       (0,0)       (0,0)
(6759310,0)       (0,0)       (0,0)
(6798310,0)       (0,0)       (0,0)
(6818730,0)       (0,0)       (0,0)
(6827960,0)       (0,0)       (0,0)
(6830530,0)       (0,0)       (0,0)
      (0,0)       (0,0)       (0,0)
      (0,0)       (0,0)       (0,0)
      (0,0)       (0,0)       (0,0)
      (0,0)       (0,0)       (0,0)
      (0,0)       (0,0)       (0,0)
      (0,0)       (0,0)       (0,0)
      (0,0)       (0,0)       (0,0)
      (0,0)       (0,0)       (0,0)
      (0,0)       (0,0)       (0,0)
      (0,0)       (0,0)       (0,0)
      (0,0)       (0,0)       (0,0)
      (0,0)       (0,0)       (0,0)
      (0,0)       (0,0)       (0,0)
      (0,0)       (0,0)       (0,0)
      (0,0)       (0,0)       (0,0)
      (0,0)       (0,0)       (0,0)
      (0,0)       (0,0)       (0,0)
      (0,0)       (0,0)       (0,0)
(2.59796,0)       (0,0)       (0,0)
(2.66295,0)       (0,0)       (0,0)
(2.89215,0)       (0,0)       (0,0)
(3.24978,0)       (0,0)       (0,0)
(3.68802,0)       (0,0)       (0,0)
 (4.1613,0)       (0,0)       (0,0)
(4.63159,0)       (0,0)       (0,0)
(5.06975,0)       (0,0)       (0,0)
(5.45601,0)       (0,0)       (0,0)
(5.77992,0)       (0,0)       (0,0)
 (6.0395,0)       (0,0)       (0,0)
(6.23937,0)       (0,0)       (0,0)
(6.38824,0)       (0,0)       (0,0)
(6.49632,0)       (0,0)       (0,0)
(6.57314,0)       (0,0)       (0,0)
(6.62638,0)       (0,0)       (0,0)
(6.66134,0)       (0,0)       (0,0)
(6.68125,0)       (0,0)       (0,0)
(6.68773,0)       (0,0)       (0,0)
      (0,0)       (0,0)       (0,0)
      (0,0)       (0,0)       (0,0)
      (0,0)       (0,0)       (0,0)
      (0,0)       (0,0)       (0,0)
      (0,0)       (0,0)       (0,0)
      (0,0)       (0,0)       (0,0)
      (0,0)       (0,0)       (0,0)
      (0,0)       (0,0)       (0,0)
      (0,0)       (0,0)       (0,0)
      (0,0)       (0,0)       (0,0)
      (0,0)       (0,0)       (0,0)
      (0,0)       (0,0)       (0,0)
      (0,0)       (0,0)       (0,0)
      (0,0)       (0,0)       (0,0)
      (0,0)       (0,0)       (0,0)
      (0,0)       (0,0)       (0,0)
      (0,0)       (0,0)       (0,0)
      (0,0)       (0,0)       (0,0)
(2.59796,0)       (0,0)       (0,0)
(2.69227,0)       (0,0)       (0,0)
(2.79007,0)       (0,0)       (0,0)
 (2.8878,0)       (0,0)       (0,0)
(2.98294,0)       (0,0)       (0,0)
 (3.0735,0)       (0,0)       (0,0)
(3.15778,0)       (0,0)       (0,0)
(3.23459,0)       (0,0)       (0,0)
(3.30348,0)       (0,0)       (0,0)
(3.36488,0)       (0,0)       (0,0)
(3.41988,0)       (0,0)       (0,0)
(3.46983,0)       (0,0)       (0,0)
(3.51581,0)       (0,0)       (0,0)
(3.55818,0)       (0,0)       (0,0)
(3.59641,0)       (0,0)       (0,0)
(3.62913,0)       (0,0)       (0,0)
(3.65449,0)       (0,0)       (0,0)
(3.67063,0)       (0,0)       (0,0)
(3.67617,0)       (0,0)       (0,0)
      (0,0)       (0,0)       (0,0)
      (0,0)       (0,0)       (0,0)
      (0,0)       (0,0)       (0,0)
      (0,0)       (0,0)       (0,0)
      (0,0)       (0,0)       (0,0)
      (0,0)       (0,0)       (0,0)
      (0,0)       (0,0)       (0,0)
      (0,0)       (0,0)       (0,0)
      (0,0)       (0,0)       (0,0)
      (0,0)       (0,0)       (0,0)
      (0,0)       (0,0)       (0,0)
      (0,0)       (0,0)       (0,0)
      (0,0)       (0,0)       (0,0)
      (0,0)       (0,0)       (0,0)
      (0,0)       (0,0)       (0,0)
      (0,0)       (0,0)       (0,0)
      (0,0)       (0,0)       (0,0)
      (0,0)       (0,0)       (0,0)
(2.59796,0)       (0,0)       (0,0)
(2.69699,0)       (0,0)       (0,0)
(2.80469,0)       (0,0)       (0,0)
(2.91544,0)       (0,0)       (0,0)
(3.02445,0)       (0,0)       (0,0)
(3.12756,0)       (0,0)       (0,0)
(3.22133,0)       (0,0)       (0,0)
(3.30338,0)       (0,0)       (0,0)
(3.37268,0)       (0,0)       (0,0)
(3.42965,0)       (0,0)       (0,0)
(3.47585,0)       (0,0)       (0,0)
(3.51352,0)       (0,0)       (0,0)
(3.54496,0)       (0,0)       (0,0)
(3.57195,0)       (0,0)       (0,0)
(3.59537,0)       (0,0)       (0,0)
(3.61518,0)       (0,0)       (0,0)
(3.63058,0)       (0,0)       (0,0)
(3.64044,0)       (0,0)       (0,0)
(3.64385,0)       (0,0)       (0,0)
      (0,0)       (0,0)       (0,0)
      (0,0)       (0,0)       (0,0)
      (0,0)       (0,0)       (0,0)
      (0,0)       (0,0)       (0,0)
      (0,0)       (0,0)       (0,0)
      (0,0)       (0,0)       (0,0)
      (0,0)       (0,0)       (0,0)
      (0,0)       (0,0)       (0,0)
      (0,0)       (0,0)       (0,0)
      (0,0)       (0,0)       (0,0)
      (0,0)       (0,0)       (0,0)
      (0,0)       (0,0)       (0,0)
      (0,0)       (0,0)       (0,0)
      (0,0)       (0,0)       (0,0)
      (0,0)       (0,0)       (0,0)
      (0,0)       (0,0)       (0,0)
      (0,0)       (0,0)       (0,0)
      (0,0)       (0,0)       (0,0)
(2.59796,0)       (0,0)       (0,0)
(2.69699,0)       (0,0)       (0,0)
(2.80469,0)       (0,0)       (0,0)
(2.91544,0)       (0,0)       (0,0)
(3.02445,0)       (0,0)       (0,0)
(3.12756,0)       (0,0)       (0,0)
(3.22133,0)       (0,0)       (0,0)
(3.30338,0)       (0,0)       (0,0)
(3.37268,0)       (0,0)       (0,0)
(3.42965,0)       (0,0)       (0,0)
(3.47585,0)       (0,0)       (0,0)
(3.51352,0)       (0,0)       (0,0)
(3.54496,0)       (0,0)       (0,0)
(3.57195,0)       (0,0)       (0,0)
(3.59537,0)       (0,0)       (0,0)
(3.61518,0)       (0,0)       (0,0)
(3.63058,0)       (0,0)       (0,0)
(3.64044,0)       (0,0)       (0,0)
(3.64385,0)       (0,0)       (0,0)
      (0,0)       (0,0)       (0,0)
      (0,0)       (0,0)       (0,0)
      (0,0)       (0,0)       (0,0)
      (0,0)       (0,0)       (0,0)
      (0,0)       (0,0)       (0,0)
      (0,0)       (0,0)       (0,0)
      (0,0)       (0,0)       (0,0)
      (0,0)       (0,0)       (0,0)
      (0,0)       (0,0)       (0,0)
      (0,0)       (0,0)       (0,0)
      (0,0)       (0,0)       (0,0)
      (0,0)       (0,0)       (0,0)
      (0,0)       (0,0)       (0,0)
      (0,0)       (0,0)       (0,0)
      (0,0)       (0,0)       (0,0)
      (0,0)       (0,0)       (0,0)
      (0,0)       (0,0)       (0,0)
      (0,0)       (0,0)       (0,0)
(2.59796,0)       (0,0)       (0,0)
(2.70748,0)       (0,0)       (0,0)
(2.84149,0)       (0,0)       (0,0)
 (2.9888,0)       (0,0)       (0,0)
(3.13852,0)       (0,0)       (0,0)
(3.28083,0)       (0,0)       (0,0)
 (3.4078,0)       (0,0)       (0,0)
(3.51411,0)       (0,0)       (0,0)
(3.59738,0)       (0,0)       (0,0)
(3.65795,0)       (0,0)       (0,0)
 (3.6983,0)       (0,0)       (0,0)
(3.72235,0)       (0,0)       (0,0)
(3.73461,0)       (0,0)       (0,0)
(3.73939,0)       (0,0)       (0,0)
(3.74025,0)       (0,0)       (0,0)
(3.73964,0)       (0,0)       (0,0)
(3.73887,0)       (0,0)       (0,0)
(3.73841,0)       (0,0)       (0,0)
(3.73827,0)       (0,0)       (0,0)
      (0,0)       (0,0)       (0,0)
      (0,0)       (0,0)       (0,0)
      (0,0)       (0,0)       (0,0)
      (0,0)       (0,0)       (0,0)
      (0,0)       (0,0)       (0,0)
      (0,0)       (0,0)       (0,0)
      (0,0)       (0,0)       (0,0)
      (0,0)       (0,0)       (0,0)
      (0,0)       (0,0)       (0,0)
      (0,0)       (0,0)       (0,0)
      (0,0)       (0,0)       (0,0)
      (0,0)       (0,0)       (0,0)
      (0,0)       (0,0)       (0,0)
      (0,0)       (0,0)       (0,0)
      (0,0)       (0,0)       (0,0)
      (0,0)       (0,0)       (0,0)
      (0,0)       (0,0)       (0,0)
      (0,0)       (0,0)       (0,0)
(2.59796,0)       (0,0)       (0,0)
(2.71293,0)       (0,0)       (0,0)
(2.86249,0)       (0,0)       (0,0)
(3.03195,0)       (0,0)       (0,0)
(3.20684,0)       (0,0)       (0,0)
 (3.3742,0)       (0,0)       (0,0)
 (3.5239,0)       (0,0)       (0,0)
(3.64939,0)       (0,0)       (0,0)
(3.74787,0)       (0,0)       (0,0)
(3.81992,0)       (0,0)       (0,0)
(3.86861,0)       (0,0)       (0,0)
(3.89854,0)       (0,0)       (0,0)
(3.91488,0)       (0,0)       (0,0)
(3.92251,0)       (0,0)       (0,0)
 (3.9254,0)       (0,0)       (0,0)
(3.92625,0)       (0,0)       (0,0)
(3.92651,0)       (0,0)       (0,0)
(3.92667,0)       (0,0)       (0,0)
(3.92674,0)       (0,0)       (0,0)
      (0,0)       (0,0)       (0,0)
      (0,0)       (0,0)       (0,0)
      (0,0)       (0,0)       (0,0)
      (0,0)       (0,0)       (0,0)
      (0,0)       (0,0)       (0,0)
      (0,0)       (0,0)       (0,0)
      (0,0)       (0,0)       (0,0)
      (0,0)       (0,0)       (0,0)
      (0,0)       (0,0)       (0,0)
      (0,0)       (0,0)       (0,0)
      (0,0)       (0,0)       (0,0)
      (0,0)       (0,0)       (0,0)
      (0,0)       (0,0)       (0,0)
      (0,0)       (0,0)       (0,0)
      (0,0)       (0,0)       (0,0)
      (0,0)       (0,0)       (0,0)
      (0,0)       (0,0)       (0,0)
      (0,0)       (0,0)       (0,0)
(2.59796,0)       (0,0)       (0,0)
(2.71829,0)       (0,0)       (0,0)
(2.88431,0)       (0,0)       (0,0)
(3.07749,0)       (0,0)       (0,0)
(3.27952,0)       (0,0)       (0,0)
(3.47441,0)       (0,0)       (0,0)
(3.64998,0)       (0,0)       (0,0)
(3.79874,0)       (0,0)       (0,0)
 (3.9178,0)       (0,0)       (0,0)
(4.00817,0)       (0,0)       (0,0)
(4.07354,0)       (0,0)       (0,0)
(4.11908,0)       (0,0)       (0,0)
(4.15025,0)       (0,0)       (0,0)
(4.17192,0)       (0,0)       (0,0)
(4.18768,0)       (0,0)       (0,0)
(4.19964,0)       (0,0)       (0,0)
(4.20853,0)       (0,0)       (0,0)
(4.21417,0)       (0,0)       (0,0)
(4.21613,0)       (0,0)       (0,0)
      (0,0)       (0,0)       (0,0)
      (0,0)       (0,0)       (0,0)
      (0,0)       (0,0)       (0,0)
      (0,0)       (0,0)       (0,0)
      (0,0)       (0,0)       (0,0)
      (0,0)       (0,0)       (0,0)
      (0,0)       (0,0)       (0,0)
      (0,0)       (0,0)       (0,0)
      (0,0)       (0,0)       (0,0)
      (0,0)       (0,0)       (0,0)
      (0,0)       (0,0)       (0,0)
      (0,0)       (0,0)       (0,0)
      (0,0)       (0,0)       (0,0)
      (0,0)       (0,0)       (0,0)
      (0,0)       (0,0)       (0,0)
      (0,0)       (0,0)       (0,0)
      (0,0)       (0,0)       (0,0)
      (0,0)       (0,0)       (0,0)
(2.59796,0)       (0,0)       (0,0)
(2.72337,0)       (0,0)       (0,0)
(2.90622,0)       (0,0)       (0,0)
(3.12389,0)       (0,0)       (0,0)
(3.35417,0)       (0,0)       (0,0)
(3.57813,0)       (0,0)       (0,0)
(3.78185,0)       (0,0)       (0,0)
(3.95714,0)       (0,0)       (0,0)
(4.10123,0)       (0,0)       (0,0)
 (4.2156,0)       (0,0)       (0,0)
(4.30453,0)       (0,0)       (0,0)
(4.37349,0)       (0,0)       (0,0)
(4.42787,0)       (0,0)       (0,0)
(4.47198,0)       (0,0)       (0,0)
(4.50852,0)       (0,0)       (0,0)
(4.53842,0)       (0,0)       (0,0)
(4.56119,0)       (0,0)       (0,0)
(4.57564,0)       (0,0)       (0,0)
(4.58061,0)       (0,0)       (0,0)
      (0,0)       (0,0)       (0,0)
      (0,0)       (0,0)       (0,0)
      (0,0)       (0,0)       (0,0)
      (0,0)       (0,0)       (0,0)
      (0,0)       (0,0)       (0,0)
      (0,0)       (0,0)       (0,0)
      (0,0)       (0,0)       (0,0)
      (0,0)       (0,0)       (0,0)
      (0,0)       (0,0)       (0,0)
      (0,0)       (0,0)       (0,0)
      (0,0)       (0,0)       (0,0)
      (0,0)       (0,0)       (0,0)
      (0,0)       (0,0)       (0,0)
      (0,0)       (0,0)       (0,0)
      (0,0)       (0,0)       (0,0)
      (0,0)       (0,0)       (0,0)
      (0,0)       (0,0)       (0,0)
      (0,0)       (0,0)       (0,0)
(2.59796,0)       (0,0)       (0,0)
(2.72796,0)       (0,0)       (0,0)
 (2.9275,0)       (0,0)       (0,0)
(3.16967,0)       (0,0)       (0,0)
(3.42843,0)       (0,0)       (0,0)
(3.68213,0)       (0,0)       (0,0)
(3.91536,0)       (0,0)       (0,0)
(4.11942,0)       (0,0)       (0,0)
(4.29164,0)       (0,0)       (0,0)
(4.43388,0)       (0,0)       (0,0)
(4.55073,0)       (0,0)       (0,0)
(4.64764,0)       (0,0)       (0,0)
(4.72954,0)       (0,0)       (0,0)
 (4.7999,0)       (0,0)       (0,0)
(4.86028,0)       (0,0)       (0,0)
(4.91036,0)       (0,0)       (0,0)
(4.94851,0)       (0,0)       (0,0)
(4.97258,0)       (0,0)       (0,0)
(4.98083,0)       (0,0)       (0,0)
      (0,0)       (0,0)       (0,0)
      (0,0)       (0,0)       (0,0)
      (0,0)       (0,0)       (0,0)
      (0,0)       (0,0)       (0,0)
      (0,0)       (0,0)       (0,0)
      (0,0)       (0,0)       (0,0)
      (0,0)       (0,0)       (0,0)
      (0,0)       (0,0)       (0,0)
      (0,0)       (0,0)       (0,0)
      (0,0)       (0,0)       (0,0)
      (0,0)       (0,0)       (0,0)
      (0,0)       (0,0)       (0,0)
      (0,0)       (0,0)       (0,0)
      (0,0)       (0,0)       (0,0)
      (0,0)       (0,0)       (0,0)
      (0,0)       (0,0)       (0,0)
      (0,0)       (0,0)       (0,0)
      (0,0)       (0,0)       (0,0)
(2.59796,0)       (0,0)       (0,0)
(2.73189,0)       (0,0)       (0,0)
 (2.9474,0)       (0,0)       (0,0)
(3.21337,0)       (0,0)       (0,0)
(3.50005,0)       (0,0)       (0,0)
(3.78336,0)       (0,0)       (0,0)
(4.04658,0)       (0,0)       (0,0)
(4.28054,0)       (0,0)       (0,0)
(4.48251,0)       (0,0)       (0,0)
(4.65444,0)       (0,0)       (0,0)
(4.80078,0)       (0,0)       (0,0)
(4.92658,0)       (0,0)       (0,0)
(5.03603,0)       (0,0)       (0,0)
(5.13166,0)       (0,0)       (0,0)
(5.21406,0)       (0,0)       (0,0)
(5.28208,0)       (0,0)       (0,0)
(5.33346,0)       (0,0)       (0,0)
(5.36562,0)       (0,0)       (0,0)
(5.37659,0)       (0,0)       (0,0)
      (0,0)       (0,0)       (0,0)
      (0,0)       (0,0)       (0,0)
      (0,0)       (0,0)       (0,0)
      (0,0)       (0,0)       (0,0)
      (0,0)       (0,0)       (0,0)
      (0,0)       (0,0)       (0,0)
      (0,0)       (0,0)       (0,0)
      (0,0)       (0,0)       (0,0)
      (0,0)       (0,0)       (0,0)
      (0,0)       (0,0)       (0,0)
      (0,0)       (0,0)       (0,0)
      (0,0)       (0,0)       (0,0)
      (0,0)       (0,0)       (0,0)
      (0,0)       (0,0)       (0,0)
      (0,0)       (0,0)       (0,0)
      (0,0)       (0,0)       (0,0)
      (0,0)       (0,0)       (0,0)
      (0,0)       (0,0)       (0,0)
(2.59796,0)       (0,0)       (0,0)
(2.73495,0)       (0,0)       (0,0)
(2.96523,0)       (0,0)       (0,0)
(3.25361,0)       (0,0)       (0,0)
(3.56695,0)       (0,0)       (0,0)
(3.87899,0)       (0,0)       (0,0)
(4.17186,0)       (0,0)       (0,0)
(4.43579,0)       (0,0)       (0,0)
(4.66772,0)       (0,0)       (0,0)
(4.86922,0)       (0,0)       (0,0)
(5.04415,0)       (0,0)       (0,0)
(5.19674,0)       (0,0)       (0,0)
(5.33028,0)       (0,0)       (0,0)
(5.44652,0)       (0,0)       (0,0)
(5.54553,0)       (0,0)       (0,0)
(5.62603,0)       (0,0)       (0,0)
(5.68593,0)       (0,0)       (0,0)
  (5.723,0)       (0,0)       (0,0)
(5.73556,0)       (0,0)       (0,0)
      (0,0)       (0,0)       (0,0)
      (0,0)       (0,0)       (0,0)
      (0,0)       (0,0)       (0,0)
      (0,0)       (0,0)       (0,0)
      (0,0)       (0,0)       (0,0)
      (0,0)       (0,0)       (0,0)
      (0,0)       (0,0)       (0,0)
      (0,0)       (0,0)       (0,0)
      (0,0)       (0,0)       (0,0)
      (0,0)       (0,0)       (0,0)
      (0,0)       (0,0)       (0,0)
      (0,0)       (0,0)       (0,0)
      (0,0)       (0,0)       (0,0)
      (0,0)       (0,0)       (0,0)
      (0,0)       (0,0)       (0,0)
      (0,0)       (0,0)       (0,0)
      (0,0)       (0,0)       (0,0)
      (0,0)       (0,0)       (0,0)
(2.59796,0)       (0,0)       (0,0)
(2.66734,0)       (0,0)       (0,0)
(2.89373,0)       (0,0)       (0,0)
(3.24273,0)       (0,0)       (0,0)
(3.66799,0)       (0,0)       (0,0)
(4.12463,0)       (0,0)       (0,0)
(4.57508,0)       (0,0)       (0,0)
(4.99108,0)       (0,0)       (0,0)
(5.35444,0)       (0,0)       (0,0)
(5.65695,0)       (0,0)       (0,0)
(5.89898,0)       (0,0)       (0,0)
(6.08705,0)       (0,0)       (0,0)
(6.23078,0)       (0,0)       (0,0)
(6.33997,0)       (0,0)       (0,0)
(6.42265,0)       (0,0)       (0,0)
(6.48417,0)       (0,0)       (0,0)
(6.52732,0)       (0,0)       (0,0)
(6.55313,0)       (0,0)       (0,0)
(6.56175,0)       (0,0)       (0,0)
      (0,0)       (0,0)       (0,0)
      (0,0)       (0,0)       (0,0)
      (0,0)       (0,0)       (0,0)
      (0,0)       (0,0)       (0,0)
      (0,0)       (0,0)       (0,0)
      (0,0)       (0,0)       (0,0)
      (0,0)       (0,0)       (0,0)
      (0,0)       (0,0)       (0,0)
      (0,0)       (0,0)       (0,0)
      (0,0)       (0,0)       (0,0)
      (0,0)       (0,0)       (0,0)
      (0,0)       (0,0)       (0,0)
      (0,0)       (0,0)       (0,0)
      (0,0)       (0,0)       (0,0)
      (0,0)       (0,0)       (0,0)
      (0,0)       (0,0)       (0,0)
      (0,0)       (0,0)       (0,0)
      (0,0)       (0,0)       (0,0)
(2.59796,0)       (0,0)       (0,0)
(2.73698,0)       (0,0)       (0,0)
(2.98034,0)       (0,0)       (0,0)
(3.28915,0)       (0,0)       (0,0)
(3.62722,0)       (0,0)       (0,0)
(3.96645,0)       (0,0)       (0,0)
(4.28784,0)       (0,0)       (0,0)
(4.58088,0)       (0,0)       (0,0)
(4.84178,0)       (0,0)       (0,0)
(5.07121,0)       (0,0)       (0,0)
(5.27197,0)       (0,0)       (0,0)
 (5.4472,0)       (0,0)       (0,0)
(5.59927,0)       (0,0)       (0,0)
(5.72942,0)       (0,0)       (0,0)
(5.83782,0)       (0,0)       (0,0)
(5.92385,0)       (0,0)       (0,0)
(5.98647,0)       (0,0)       (0,0)
(6.02459,0)       (0,0)       (0,0)
 (6.0374,0)       (0,0)       (0,0)
      (0,0)       (0,0)       (0,0)
      (0,0)       (0,0)       (0,0)
      (0,0)       (0,0)       (0,0)
      (0,0)       (0,0)       (0,0)
      (0,0)       (0,0)       (0,0)
      (0,0)       (0,0)       (0,0)
      (0,0)       (0,0)       (0,0)
      (0,0)       (0,0)       (0,0)
      (0,0)       (0,0)       (0,0)
      (0,0)       (0,0)       (0,0)
      (0,0)       (0,0)       (0,0)
      (0,0)       (0,0)       (0,0)
      (0,0)       (0,0)       (0,0)
      (0,0)       (0,0)       (0,0)
      (0,0)       (0,0)       (0,0)
      (0,0)       (0,0)       (0,0)
      (0,0)       (0,0)       (0,0)
      (0,0)       (0,0)       (0,0)
(2.59796,0)       (0,0)       (0,0)
(2.73781,0)       (0,0)       (0,0)
(2.99214,0)       (0,0)       (0,0)
(3.31883,0)       (0,0)       (0,0)
(3.67917,0)       (0,0)       (0,0)
(4.04343,0)       (0,0)       (0,0)
(4.39156,0)       (0,0)       (0,0)
(4.71204,0)       (0,0)       (0,0)
(4.99994,0)       (0,0)       (0,0)
(5.25457,0)       (0,0)       (0,0)
(5.47735,0)       (0,0)       (0,0)
(5.67014,0)       (0,0)       (0,0)
(5.83451,0)       (0,0)       (0,0)
(5.97157,0)       (0,0)       (0,0)
(6.08213,0)       (0,0)       (0,0)
(6.16696,0)       (0,0)       (0,0)
(6.22682,0)       (0,0)       (0,0)
(6.26241,0)       (0,0)       (0,0)
(6.27421,0)       (0,0)       (0,0)
      (0,0)       (0,0)       (0,0)
      (0,0)       (0,0)       (0,0)
      (0,0)       (0,0)       (0,0)
      (0,0)       (0,0)       (0,0)
      (0,0)       (0,0)       (0,0)
      (0,0)       (0,0)       (0,0)
      (0,0)       (0,0)       (0,0)
      (0,0)       (0,0)       (0,0)
      (0,0)       (0,0)       (0,0)
      (0,0)       (0,0)       (0,0)
      (0,0)       (0,0)       (0,0)
      (0,0)       (0,0)       (0,0)
      (0,0)       (0,0)       (0,0)
      (0,0)       (0,0)       (0,0)
      (0,0)       (0,0)       (0,0)
      (0,0)       (0,0)       (0,0)
      (0,0)       (0,0)       (0,0)
      (0,0)       (0,0)       (0,0)
(2.59796,0)       (0,0)       (0,0)
(2.73732,0)       (0,0)       (0,0)
(3.00012,0)       (0,0)       (0,0)
(3.34168,0)       (0,0)       (0,0)
(3.72128,0)       (0,0)       (0,0)
(4.10788,0)       (0,0)       (0,0)
(4.48034,0)       (0,0)       (0,0)
(4.82592,0)       (0,0)       (0,0)
(5.13816,0)       (0,0)       (0,0)
(5.41469,0)       (0,0)       (0,0)
(5.65528,0)       (0,0)       (0,0)
(5.86059,0)       (0,0)       (0,0)
(6.03156,0)       (0,0)       (0,0)
(6.16955,0)       (0,0)       (0,0)
 (6.2765,0)       (0,0)       (0,0)
(6.35501,0)       (0,0)       (0,0)
(6.40808,0)       (0,0)       (0,0)
(6.43855,0)       (0,0)       (0,0)
(6.44846,0)       (0,0)       (0,0)
      (0,0)       (0,0)       (0,0)
      (0,0)       (0,0)       (0,0)
      (0,0)       (0,0)       (0,0)
      (0,0)       (0,0)       (0,0)
      (0,0)       (0,0)       (0,0)
      (0,0)       (0,0)       (0,0)
      (0,0)       (0,0)       (0,0)
      (0,0)       (0,0)       (0,0)
      (0,0)       (0,0)       (0,0)
      (0,0)       (0,0)       (0,0)
      (0,0)       (0,0)       (0,0)
      (0,0)       (0,0)       (0,0)
      (0,0)       (0,0)       (0,0)
      (0,0)       (0,0)       (0,0)
      (0,0)       (0,0)       (0,0)
      (0,0)       (0,0)       (0,0)
      (0,0)       (0,0)       (0,0)
      (0,0)       (0,0)       (0,0)
(2.59796,0)       (0,0)       (0,0)
(2.73539,0)       (0,0)       (0,0)
(3.00384,0)       (0,0)       (0,0)
(3.35685,0)       (0,0)       (0,0)
(3.75226,0)       (0,0)       (0,0)
  (4.158,0)       (0,0)       (0,0)
(4.55186,0)       (0,0)       (0,0)
(4.91964,0)       (0,0)       (0,0)
(5.25307,0)       (0,0)       (0,0)
 (5.5479,0)       (0,0)       (0,0)
(5.80226,0)       (0,0)       (0,0)
(6.01571,0)       (0,0)       (0,0)
(6.18891,0)       (0,0)       (0,0)
(6.32375,0)       (0,0)       (0,0)
(6.42358,0)       (0,0)       (0,0)
(6.49301,0)       (0,0)       (0,0)
(6.53733,0)       (0,0)       (0,0)
(6.56153,0)       (0,0)       (0,0)
(6.56917,0)       (0,0)       (0,0)
      (0,0)       (0,0)       (0,0)
      (0,0)       (0,0)       (0,0)
      (0,0)       (0,0)       (0,0)
      (0,0)       (0,0)       (0,0)
      (0,0)       (0,0)       (0,0)
      (0,0)       (0,0)       (0,0)
      (0,0)       (0,0)       (0,0)
      (0,0)       (0,0)       (0,0)
      (0,0)       (0,0)       (0,0)
      (0,0)       (0,0)       (0,0)
      (0,0)       (0,0)       (0,0)
      (0,0)       (0,0)       (0,0)
      (0,0)       (0,0)       (0,0)
      (0,0)       (0,0)       (0,0)
      (0,0)       (0,0)       (0,0)
      (0,0)       (0,0)       (0,0)
      (0,0)       (0,0)       (0,0)
      (0,0)       (0,0)       (0,0)
(2.59796,0)       (0,0)       (0,0)
(2.73195,0)       (0,0)       (0,0)
(3.00296,0)       (0,0)       (0,0)
(3.36364,0)       (0,0)       (0,0)
(3.77101,0)       (0,0)       (0,0)
(4.19225,0)       (0,0)       (0,0)
(4.60408,0)       (0,0)       (0,0)
(4.99067,0)       (0,0)       (0,0)
(5.34182,0)       (0,0)       (0,0)
(5.65132,0)       (0,0)       (0,0)
(5.91581,0)       (0,0)       (0,0)
  (6.134,0)       (0,0)       (0,0)
 (6.3066,0)       (0,0)       (0,0)
(6.43632,0)       (0,0)       (0,0)
(6.52797,0)       (0,0)       (0,0)
(6.58803,0)       (0,0)       (0,0)
(6.62381,0)       (0,0)       (0,0)
(6.64205,0)       (0,0)       (0,0)
(6.64755,0)       (0,0)       (0,0)
      (0,0)       (0,0)       (0,0)
      (0,0)       (0,0)       (0,0)
      (0,0)       (0,0)       (0,0)
      (0,0)       (0,0)       (0,0)
      (0,0)       (0,0)       (0,0)
      (0,0)       (0,0)       (0,0)
      (0,0)       (0,0)       (0,0)
      (0,0)       (0,0)       (0,0)
      (0,0)       (0,0)       (0,0)
      (0,0)       (0,0)       (0,0)
      (0,0)       (0,0)       (0,0)
      (0,0)       (0,0)       (0,0)
      (0,0)       (0,0)       (0,0)
      (0,0)       (0,0)       (0,0)
      (0,0)       (0,0)       (0,0)
      (0,0)       (0,0)       (0,0)
      (0,0)       (0,0)       (0,0)
      (0,0)       (0,0)       (0,0)
(2.59796,0)       (0,0)       (0,0)
(2.72695,0)       (0,0)       (0,0)
(2.99726,0)       (0,0)       (0,0)
(3.36154,0)       (0,0)       (0,0)
(3.77666,0)       (0,0)       (0,0)
(4.20935,0)       (0,0)       (0,0)
(4.63525,0)       (0,0)       (0,0)
(5.03687,0)       (0,0)       (0,0)
(5.40201,0)       (0,0)       (0,0)
 (5.7226,0)       (0,0)       (0,0)
  (5.994,0)       (0,0)       (0,0)
(6.21447,0)       (0,0)       (0,0)
(6.38506,0)       (0,0)       (0,0)
(6.50947,0)       (0,0)       (0,0)
(6.59388,0)       (0,0)       (0,0)
(6.64628,0)       (0,0)       (0,0)
(6.67539,0)       (0,0)       (0,0)
(6.68913,0)       (0,0)       (0,0)
(6.69304,0)       (0,0)       (0,0)
      (0,0)       (0,0)       (0,0)
      (0,0)       (0,0)       (0,0)
      (0,0)       (0,0)       (0,0)
      (0,0)       (0,0)       (0,0)
      (0,0)       (0,0)       (0,0)
      (0,0)       (0,0)       (0,0)
      (0,0)       (0,0)       (0,0)
      (0,0)       (0,0)       (0,0)
      (0,0)       (0,0)       (0,0)
      (0,0)       (0,0)       (0,0)
      (0,0)       (0,0)       (0,0)
      (0,0)       (0,0)       (0,0)
      (0,0)       (0,0)       (0,0)
      (0,0)       (0,0)       (0,0)
      (0,0)       (0,0)       (0,0)
      (0,0)       (0,0)       (0,0)
      (0,0)       (0,0)       (0,0)
      (0,0)       (0,0)       (0,0)
(2.59796,0)       (0,0)       (0,0)
 (2.7204,0)       (0,0)       (0,0)
 (2.9866,0)       (0,0)       (0,0)
 (3.3502,0)       (0,0)       (0,0)
(3.76858,0)       (0,0)       (0,0)
(4.20827,0)       (0,0)       (0,0)
(4.64395,0)       (0,0)       (0,0)
(5.05645,0)       (0,0)       (0,0)
(5.43163,0)       (0,0)       (0,0)
(5.75975,0)       (0,0)       (0,0)
 (6.0352,0)       (0,0)       (0,0)
(6.25613,0)       (0,0)       (0,0)
(6.42422,0)       (0,0)       (0,0)
(6.54425,0)       (0,0)       (0,0)
(6.62354,0)       (0,0)       (0,0)
(6.67111,0)       (0,0)       (0,0)
(6.69636,0)       (0,0)       (0,0)
(6.70764,0)       (0,0)       (0,0)
(6.71072,0)       (0,0)       (0,0)
      (0,0)       (0,0)       (0,0)
      (0,0)       (0,0)       (0,0)
      (0,0)       (0,0)       (0,0)
      (0,0)       (0,0)       (0,0)
      (0,0)       (0,0)       (0,0)
      (0,0)       (0,0)       (0,0)
      (0,0)       (0,0)       (0,0)
      (0,0)       (0,0)       (0,0)
      (0,0)       (0,0)       (0,0)
      (0,0)       (0,0)       (0,0)
      (0,0)       (0,0)       (0,0)
      (0,0)       (0,0)       (0,0)
      (0,0)       (0,0)       (0,0)
      (0,0)       (0,0)       (0,0)
      (0,0)       (0,0)       (0,0)
      (0,0)       (0,0)       (0,0)
      (0,0)       (0,0)       (0,0)
      (0,0)       (0,0)       (0,0)
(2.59796,0)       (0,0)       (0,0)
(2.71231,0)       (0,0)       (0,0)
(2.97096,0)       (0,0)       (0,0)
(3.32948,0)       (0,0)       (0,0)
(3.74636,0)       (0,0)       (0,0)
(4.18831,0)       (0,0)       (0,0)
(4.62911,0)       (0,0)       (0,0)
(5.04801,0)       (0,0)       (0,0)
(5.42906,0)       (0,0)       (0,0)
(5.76112,0)       (0,0)       (0,0)
(6.03789,0)       (0,0)       (0,0)
(6.25775,0)       (0,0)       (0,0)
(6.42319,0)       (0,0)       (0,0)
(6.54008,0)       (0,0)       (0,0)
(6.61663,0)       (0,0)       (0,0)
(6.66232,0)       (0,0)       (0,0)
(6.68658,0)       (0,0)       (0,0)
(6.69748,0)       (0,0)       (0,0)
(6.70047,0)       (0,0)       (0,0)
      (0,0)       (0,0)       (0,0)
      (0,0)       (0,0)       (0,0)
      (0,0)       (0,0)       (0,0)
      (0,0)       (0,0)       (0,0)
      (0,0)       (0,0)       (0,0)
      (0,0)       (0,0)       (0,0)
      (0,0)       (0,0)       (0,0)
      (0,0)       (0,0)       (0,0)
      (0,0)       (0,0)       (0,0)
      (0,0)       (0,0)       (0,0)
      (0,0)       (0,0)       (0,0)
      (0,0)       (0,0)       (0,0)
      (0,0)       (0,0)       (0,0)
      (0,0)       (0,0)       (0,0)
      (0,0)       (0,0)       (0,0)
      (0,0)       (0,0)       (0,0)
      (0,0)       (0,0)       (0,0)
      (0,0)       (0,0)       (0,0)
(2.59796,0)       (0,0)       (0,0)
(2.70276,0)       (0,0)       (0,0)
(2.95044,0)       (0,0)       (0,0)
(3.29939,0)       (0,0)       (0,0)
(3.70989,0)       (0,0)       (0,0)
(4.14907,0)       (0,0)       (0,0)
(4.59002,0)       (0,0)       (0,0)
(5.01057,0)       (0,0)       (0,0)
(5.39315,0)       (0,0)       (0,0)
(5.72544,0)       (0,0)       (0,0)
(6.00076,0)       (0,0)       (0,0)
(6.21793,0)       (0,0)       (0,0)
(6.38038,0)       (0,0)       (0,0)
(6.49498,0)       (0,0)       (0,0)
(6.57056,0)       (0,0)       (0,0)
(6.61663,0)       (0,0)       (0,0)
 (6.6421,0)       (0,0)       (0,0)
 (6.6542,0)       (0,0)       (0,0)
(6.65768,0)       (0,0)       (0,0)
      (0,0)       (0,0)       (0,0)
      (0,0)       (0,0)       (0,0)
      (0,0)       (0,0)       (0,0)
      (0,0)       (0,0)       (0,0)
      (0,0)       (0,0)       (0,0)
      (0,0)       (0,0)       (0,0)
      (0,0)       (0,0)       (0,0)
      (0,0)       (0,0)       (0,0)
      (0,0)       (0,0)       (0,0)
      (0,0)       (0,0)       (0,0)
      (0,0)       (0,0)       (0,0)
      (0,0)       (0,0)       (0,0)
      (0,0)       (0,0)       (0,0)
      (0,0)       (0,0)       (0,0)
      (0,0)       (0,0)       (0,0)
      (0,0)       (0,0)       (0,0)
      (0,0)       (0,0)       (0,0)
      (0,0)       (0,0)       (0,0)
(2.59796,0)       (0,0)       (0,0)
(2.69185,0)       (0,0)       (0,0)
(2.92526,0)       (0,0)       (0,0)
 (3.2602,0)       (0,0)       (0,0)
 (3.6593,0)       (0,0)       (0,0)
(4.09053,0)       (0,0)       (0,0)
(4.52647,0)       (0,0)       (0,0)
 (4.9437,0)       (0,0)       (0,0)
(5.32329,0)       (0,0)       (0,0)
(5.65198,0)       (0,0)       (0,0)
(5.92291,0)       (0,0)       (0,0)
(6.13544,0)       (0,0)       (0,0)
(6.29397,0)       (0,0)       (0,0)
(6.40624,0)       (0,0)       (0,0)
(6.48151,0)       (0,0)       (0,0)
(6.52899,0)       (0,0)       (0,0)
 (6.5567,0)       (0,0)       (0,0)
(6.57078,0)       (0,0)       (0,0)
(6.57505,0)       (0,0)       (0,0)
      (0,0)       (0,0)       (0,0)
      (0,0)       (0,0)       (0,0)
      (0,0)       (0,0)       (0,0)
      (0,0)       (0,0)       (0,0)
      (0,0)       (0,0)       (0,0)
      (0,0)       (0,0)       (0,0)
      (0,0)       (0,0)       (0,0)
      (0,0)       (0,0)       (0,0)
      (0,0)       (0,0)       (0,0)
      (0,0)       (0,0)       (0,0)
      (0,0)       (0,0)       (0,0)
      (0,0)       (0,0)       (0,0)
      (0,0)       (0,0)       (0,0)
      (0,0)       (0,0)       (0,0)
      (0,0)       (0,0)       (0,0)
      (0,0)       (0,0)       (0,0)
      (0,0)       (0,0)       (0,0)
      (0,0)       (0,0)       (0,0)
(2.59796,0)       (0,0)       (0,0)
(2.67072,0)       (0,0)       (0,0)
(2.89137,0)       (0,0)       (0,0)
(3.22762,0)       (0,0)       (0,0)
(3.63529,0)       (0,0)       (0,0)
(4.07071,0)       (0,0)       (0,0)
(4.49705,0)       (0,0)       (0,0)
(4.88703,0)       (0,0)       (0,0)
(5.22415,0)       (0,0)       (0,0)
(5.50237,0)       (0,0)       (0,0)
(5.72441,0)       (0,0)       (0,0)
(5.89861,0)       (0,0)       (0,0)
(6.03538,0)       (0,0)       (0,0)
(6.14407,0)       (0,0)       (0,0)
(6.23114,0)       (0,0)       (0,0)
(6.29963,0)       (0,0)       (0,0)
(6.34993,0)       (0,0)       (0,0)
(6.38096,0)       (0,0)       (0,0)
(6.39148,0)       (0,0)       (0,0)
      (0,0)       (0,0)       (0,0)
      (0,0)       (0,0)       (0,0)
      (0,0)       (0,0)       (0,0)
      (0,0)       (0,0)       (0,0)
      (0,0)       (0,0)       (0,0)
      (0,0)       (0,0)       (0,0)
      (0,0)       (0,0)       (0,0)
      (0,0)       (0,0)       (0,0)
      (0,0)       (0,0)       (0,0)
      (0,0)       (0,0)       (0,0)
      (0,0)       (0,0)       (0,0)
      (0,0)       (0,0)       (0,0)
      (0,0)       (0,0)       (0,0)
      (0,0)       (0,0)       (0,0)
      (0,0)       (0,0)       (0,0)
      (0,0)       (0,0)       (0,0)
      (0,0)       (0,0)       (0,0)
      (0,0)       (0,0)       (0,0)
(2.59796,0)       (0,0)       (0,0)
(2.67972,0)       (0,0)       (0,0)
(2.89576,0)       (0,0)       (0,0)
(3.21234,0)       (0,0)       (0,0)
(3.59508,0)       (0,0)       (0,0)
(4.01309,0)       (0,0)       (0,0)
(4.43874,0)       (0,0)       (0,0)
(4.84759,0)       (0,0)       (0,0)
(5.21959,0)       (0,0)       (0,0)
(5.54076,0)       (0,0)       (0,0)
(5.80417,0)       (0,0)       (0,0)
 (6.0097,0)       (0,0)       (0,0)
(6.16265,0)       (0,0)       (0,0)
 (6.2715,0)       (0,0)       (0,0)
(6.34576,0)       (0,0)       (0,0)
(6.39422,0)       (0,0)       (0,0)
(6.42395,0)       (0,0)       (0,0)
(6.43988,0)       (0,0)       (0,0)
(6.44488,0)       (0,0)       (0,0)
      (0,0)       (0,0)       (0,0)
      (0,0)       (0,0)       (0,0)
      (0,0)       (0,0)       (0,0)
      (0,0)       (0,0)       (0,0)
      (0,0)       (0,0)       (0,0)
      (0,0)       (0,0)       (0,0)
      (0,0)       (0,0)       (0,0)
      (0,0)       (0,0)       (0,0)
      (0,0)       (0,0)       (0,0)
      (0,0)       (0,0)       (0,0)
      (0,0)       (0,0)       (0,0)
      (0,0)       (0,0)       (0,0)
      (0,0)       (0,0)       (0,0)
      (0,0)       (0,0)       (0,0)
      (0,0)       (0,0)       (0,0)
      (0,0)       (0,0)       (0,0)
      (0,0)       (0,0)       (0,0)
      (0,0)       (0,0)       (0,0)
(2.59796,0)       (0,0)       (0,0)
(2.66656,0)       (0,0)       (0,0)
(2.86238,0)       (0,0)       (0,0)
(3.15651,0)       (0,0)       (0,0)
(3.51802,0)       (0,0)       (0,0)
(3.91759,0)       (0,0)       (0,0)
(4.32768,0)       (0,0)       (0,0)
(4.72314,0)       (0,0)       (0,0)
(5.08303,0)       (0,0)       (0,0)
(5.39279,0)       (0,0)       (0,0)
(5.64543,0)       (0,0)       (0,0)
 (5.8413,0)       (0,0)       (0,0)
(5.98639,0)       (0,0)       (0,0)
(6.08977,0)       (0,0)       (0,0)
(6.16113,0)       (0,0)       (0,0)
(6.20888,0)       (0,0)       (0,0)
(6.23923,0)       (0,0)       (0,0)
 (6.2561,0)       (0,0)       (0,0)
(6.26152,0)       (0,0)       (0,0)
      (0,0)       (0,0)       (0,0)
      (0,0)       (0,0)       (0,0)
      (0,0)       (0,0)       (0,0)
      (0,0)       (0,0)       (0,0)
      (0,0)       (0,0)       (0,0)
      (0,0)       (0,0)       (0,0)
      (0,0)       (0,0)       (0,0)
      (0,0)       (0,0)       (0,0)
      (0,0)       (0,0)       (0,0)
      (0,0)       (0,0)       (0,0)
      (0,0)       (0,0)       (0,0)
      (0,0)       (0,0)       (0,0)
      (0,0)       (0,0)       (0,0)
      (0,0)       (0,0)       (0,0)
      (0,0)       (0,0)       (0,0)
      (0,0)       (0,0)       (0,0)
      (0,0)       (0,0)       (0,0)
      (0,0)       (0,0)       (0,0)
(2.59796,0)       (0,0)       (0,0)
(2.65256,0)       (0,0)       (0,0)
(2.82571,0)       (0,0)       (0,0)
 (3.0936,0)       (0,0)       (0,0)
(3.42926,0)       (0,0)       (0,0)
(3.80536,0)       (0,0)       (0,0)
(4.19482,0)       (0,0)       (0,0)
(4.57207,0)       (0,0)       (0,0)
(4.91555,0)       (0,0)       (0,0)
(5.21022,0)       (0,0)       (0,0)
(5.44901,0)       (0,0)       (0,0)
(5.63252,0)       (0,0)       (0,0)
 (5.7672,0)       (0,0)       (0,0)
(5.86255,0)       (0,0)       (0,0)
(5.92841,0)       (0,0)       (0,0)
(5.97294,0)       (0,0)       (0,0)
(6.00178,0)       (0,0)       (0,0)
(6.01814,0)       (0,0)       (0,0)
(6.02346,0)       (0,0)       (0,0)
      (0,0)       (0,0)       (0,0)
      (0,0)       (0,0)       (0,0)
      (0,0)       (0,0)       (0,0)
      (0,0)       (0,0)       (0,0)
      (0,0)       (0,0)       (0,0)
      (0,0)       (0,0)       (0,0)
      (0,0)       (0,0)       (0,0)
      (0,0)       (0,0)       (0,0)
      (0,0)       (0,0)       (0,0)
      (0,0)       (0,0)       (0,0)
      (0,0)       (0,0)       (0,0)
      (0,0)       (0,0)       (0,0)
      (0,0)       (0,0)       (0,0)
      (0,0)       (0,0)       (0,0)
      (0,0)       (0,0)       (0,0)
      (0,0)       (0,0)       (0,0)
      (0,0)       (0,0)       (0,0)
      (0,0)       (0,0)       (0,0)
(2.59796,0)       (0,0)       (0,0)
(2.63796,0)       (0,0)       (0,0)
(2.78642,0)       (0,0)       (0,0)
(3.02476,0)       (0,0)       (0,0)
(3.33033,0)       (0,0)       (0,0)
(3.67825,0)       (0,0)       (0,0)
(4.04232,0)       (0,0)       (0,0)
(4.39695,0)       (0,0)       (0,0)
(4.72017,0)       (0,0)       (0,0)
(4.99658,0)       (0,0)       (0,0)
(5.21889,0)       (0,0)       (0,0)
(5.38775,0)       (0,0)       (0,0)
(5.50976,0)       (0,0)       (0,0)
(5.59465,0)       (0,0)       (0,0)
(5.65239,0)       (0,0)       (0,0)
 (5.6911,0)       (0,0)       (0,0)
(5.71616,0)       (0,0)       (0,0)
(5.73045,0)       (0,0)       (0,0)
(5.73512,0)       (0,0)       (0,0)
      (0,0)       (0,0)       (0,0)
      (0,0)       (0,0)       (0,0)
      (0,0)       (0,0)       (0,0)
      (0,0)       (0,0)       (0,0)
      (0,0)       (0,0)       (0,0)
      (0,0)       (0,0)       (0,0)
      (0,0)       (0,0)       (0,0)
      (0,0)       (0,0)       (0,0)
      (0,0)       (0,0)       (0,0)
      (0,0)       (0,0)       (0,0)
      (0,0)       (0,0)       (0,0)
      (0,0)       (0,0)       (0,0)
      (0,0)       (0,0)       (0,0)
      (0,0)       (0,0)       (0,0)
      (0,0)       (0,0)       (0,0)
      (0,0)       (0,0)       (0,0)
      (0,0)       (0,0)       (0,0)
      (0,0)       (0,0)       (0,0)
(2.59796,0)       (0,0)       (0,0)
(2.62302,0)       (0,0)       (0,0)
(2.74529,0)       (0,0)       (0,0)
(2.95135,0)       (0,0)       (0,0)
(3.22312,0)       (0,0)       (0,0)
(3.53864,0)       (0,0)       (0,0)
(3.87308,0)       (0,0)       (0,0)
(4.20124,0)       (0,0)       (0,0)
(4.50103,0)       (0,0)       (0,0)
(4.75676,0)       (0,0)       (0,0)
(4.96083,0)       (0,0)       (0,0)
(5.11363,0)       (0,0)       (0,0)
(5.22165,0)       (0,0)       (0,0)
 (5.2946,0)       (0,0)       (0,0)
(5.34248,0)       (0,0)       (0,0)
 (5.3735,0)       (0,0)       (0,0)
 (5.3931,0)       (0,0)       (0,0)
(5.40412,0)       (0,0)       (0,0)
(5.40771,0)       (0,0)       (0,0)
      (0,0)       (0,0)       (0,0)
      (0,0)       (0,0)       (0,0)
      (0,0)       (0,0)       (0,0)
      (0,0)       (0,0)       (0,0)
      (0,0)       (0,0)       (0,0)
      (0,0)       (0,0)       (0,0)
      (0,0)       (0,0)       (0,0)
      (0,0)       (0,0)       (0,0)
      (0,0)       (0,0)       (0,0)
      (0,0)       (0,0)       (0,0)
      (0,0)       (0,0)       (0,0)
      (0,0)       (0,0)       (0,0)
      (0,0)       (0,0)       (0,0)
      (0,0)       (0,0)       (0,0)
      (0,0)       (0,0)       (0,0)
      (0,0)       (0,0)       (0,0)
      (0,0)       (0,0)       (0,0)
      (0,0)       (0,0)       (0,0)
(2.59796,0)       (0,0)       (0,0)
(2.60801,0)       (0,0)       (0,0)
 (2.7032,0)       (0,0)       (0,0)
(2.87496,0)       (0,0)       (0,0)
(3.10991,0)       (0,0)       (0,0)
(3.38946,0)       (0,0)       (0,0)
(3.69071,0)       (0,0)       (0,0)
 (3.9893,0)       (0,0)       (0,0)
(4.26337,0)       (0,0)       (0,0)
(4.49703,0)       (0,0)       (0,0)
(4.68228,0)       (0,0)       (0,0)
(4.81904,0)       (0,0)       (0,0)
(4.91332,0)       (0,0)       (0,0)
(4.97451,0)       (0,0)       (0,0)
(5.01252,0)       (0,0)       (0,0)
(5.03559,0)       (0,0)       (0,0)
(5.04932,0)       (0,0)       (0,0)
(5.05673,0)       (0,0)       (0,0)
(5.05911,0)       (0,0)       (0,0)
      (0,0)       (0,0)       (0,0)
      (0,0)       (0,0)       (0,0)
      (0,0)       (0,0)       (0,0)
      (0,0)       (0,0)       (0,0)
      (0,0)       (0,0)       (0,0)
      (0,0)       (0,0)       (0,0)
      (0,0)       (0,0)       (0,0)
      (0,0)       (0,0)       (0,0)
      (0,0)       (0,0)       (0,0)
      (0,0)       (0,0)       (0,0)
      (0,0)       (0,0)       (0,0)
      (0,0)       (0,0)       (0,0)
      (0,0)       (0,0)       (0,0)
      (0,0)       (0,0)       (0,0)
      (0,0)       (0,0)       (0,0)
      (0,0)       (0,0)       (0,0)
      (0,0)       (0,0)       (0,0)
      (0,0)       (0,0)       (0,0)
(2.59796,0)       (0,0)       (0,0)
(2.59322,0)       (0,0)       (0,0)
 (2.6611,0)       (0,0)       (0,0)
(2.79739,0)       (0,0)       (0,0)
(2.99336,0)       (0,0)       (0,0)
(3.23421,0)       (0,0)       (0,0)
(3.49953,0)       (0,0)       (0,0)
(3.76638,0)       (0,0)       (0,0)
(4.01347,0)       (0,0)       (0,0)
(4.22488,0)       (0,0)       (0,0)
(4.39221,0)       (0,0)       (0,0)
(4.51465,0)       (0,0)       (0,0)
(4.59745,0)       (0,0)       (0,0)
(4.64934,0)       (0,0)       (0,0)
(4.67975,0)       (0,0)       (0,0)
(4.69678,0)       (0,0)       (0,0)
(4.70602,0)       (0,0)       (0,0)
(4.71067,0)       (0,0)       (0,0)
 (4.7121,0)       (0,0)       (0,0)
      (0,0)       (0,0)       (0,0)
      (0,0)       (0,0)       (0,0)
      (0,0)       (0,0)       (0,0)
      (0,0)       (0,0)       (0,0)
      (0,0)       (0,0)       (0,0)
      (0,0)       (0,0)       (0,0)
      (0,0)       (0,0)       (0,0)
      (0,0)       (0,0)       (0,0)
      (0,0)       (0,0)       (0,0)
      (0,0)       (0,0)       (0,0)
      (0,0)       (0,0)       (0,0)
      (0,0)       (0,0)       (0,0)
      (0,0)       (0,0)       (0,0)
      (0,0)       (0,0)       (0,0)
      (0,0)       (0,0)       (0,0)
      (0,0)       (0,0)       (0,0)
      (0,0)       (0,0)       (0,0)
      (0,0)       (0,0)       (0,0)
(2.59796,0)       (0,0)       (0,0)
(2.57894,0)       (0,0)       (0,0)
(2.61997,0)       (0,0)       (0,0)
 (2.7206,0)       (0,0)       (0,0)
(2.87651,0)       (0,0)       (0,0)
(3.07695,0)       (0,0)       (0,0)
(3.30463,0)       (0,0)       (0,0)
(3.53859,0)       (0,0)       (0,0)
(3.75857,0)       (0,0)       (0,0)
(3.94888,0)       (0,0)       (0,0)
(4.10069,0)       (0,0)       (0,0)
(4.21235,0)       (0,0)       (0,0)
(4.28802,0)       (0,0)       (0,0)
(4.33534,0)       (0,0)       (0,0)
(4.36284,0)       (0,0)       (0,0)
(4.37797,0)       (0,0)       (0,0)
(4.38598,0)       (0,0)       (0,0)
(4.38991,0)       (0,0)       (0,0)
(4.39111,0)       (0,0)       (0,0)
      (0,0)       (0,0)       (0,0)
      (0,0)       (0,0)       (0,0)
      (0,0)       (0,0)       (0,0)
      (0,0)       (0,0)       (0,0)
      (0,0)       (0,0)       (0,0)
      (0,0)       (0,0)       (0,0)
      (0,0)       (0,0)       (0,0)
      (0,0)       (0,0)       (0,0)
      (0,0)       (0,0)       (0,0)
      (0,0)       (0,0)       (0,0)
      (0,0)       (0,0)       (0,0)
      (0,0)       (0,0)       (0,0)
      (0,0)       (0,0)       (0,0)
      (0,0)       (0,0)       (0,0)
      (0,0)       (0,0)       (0,0)
      (0,0)       (0,0)       (0,0)
      (0,0)       (0,0)       (0,0)
      (0,0)       (0,0)       (0,0)
(2.59796,0)       (0,0)       (0,0)
(2.56544,0)       (0,0)       (0,0)
(2.58084,0)       (0,0)       (0,0)
(2.64672,0)       (0,0)       (0,0)
(2.76274,0)       (0,0)       (0,0)
(2.92232,0)       (0,0)       (0,0)
(3.11182,0)       (0,0)       (0,0)
(3.31289,0)       (0,0)       (0,0)
(3.50679,0)       (0,0)       (0,0)
(3.67837,0)       (0,0)       (0,0)
(3.81846,0)       (0,0)       (0,0)
 (3.9244,0)       (0,0)       (0,0)
(3.99895,0)       (0,0)       (0,0)
(4.04819,0)       (0,0)       (0,0)
(4.07919,0)       (0,0)       (0,0)
(4.09816,0)       (0,0)       (0,0)
(4.10948,0)       (0,0)       (0,0)
(4.11558,0)       (0,0)       (0,0)
(4.11753,0)       (0,0)       (0,0)
      (0,0)       (0,0)       (0,0)
      (0,0)       (0,0)       (0,0)
      (0,0)       (0,0)       (0,0)
      (0,0)       (0,0)       (0,0)
      (0,0)       (0,0)       (0,0)
      (0,0)       (0,0)       (0,0)
      (0,0)       (0,0)       (0,0)
      (0,0)       (0,0)       (0,0)
      (0,0)       (0,0)       (0,0)
      (0,0)       (0,0)       (0,0)
      (0,0)       (0,0)       (0,0)
      (0,0)       (0,0)       (0,0)
      (0,0)       (0,0)       (0,0)
      (0,0)       (0,0)       (0,0)
      (0,0)       (0,0)       (0,0)
      (0,0)       (0,0)       (0,0)
      (0,0)       (0,0)       (0,0)
      (0,0)       (0,0)       (0,0)
(2.59796,0)       (0,0)       (0,0)
(2.55301,0)       (0,0)       (0,0)
(2.54473,0)       (0,0)       (0,0)
(2.57795,0)       (0,0)       (0,0)
 (2.6557,0)       (0,0)       (0,0)
(2.77547,0)       (0,0)       (0,0)
(2.92762,0)       (0,0)       (0,0)
(3.09705,0)       (0,0)       (0,0)
(3.26706,0)       (0,0)       (0,0)
(3.42332,0)       (0,0)       (0,0)
 (3.5564,0)       (0,0)       (0,0)
(3.66251,0)       (0,0)       (0,0)
(3.74266,0)       (0,0)       (0,0)
(3.80086,0)       (0,0)       (0,0)
(3.84213,0)       (0,0)       (0,0)
(3.87088,0)       (0,0)       (0,0)
(3.89008,0)       (0,0)       (0,0)
(3.90126,0)       (0,0)       (0,0)
(3.90496,0)       (0,0)       (0,0)
      (0,0)       (0,0)       (0,0)
      (0,0)       (0,0)       (0,0)
      (0,0)       (0,0)       (0,0)
      (0,0)       (0,0)       (0,0)
      (0,0)       (0,0)       (0,0)
      (0,0)       (0,0)       (0,0)
      (0,0)       (0,0)       (0,0)
      (0,0)       (0,0)       (0,0)
      (0,0)       (0,0)       (0,0)
      (0,0)       (0,0)       (0,0)
      (0,0)       (0,0)       (0,0)
      (0,0)       (0,0)       (0,0)
      (0,0)       (0,0)       (0,0)
      (0,0)       (0,0)       (0,0)
      (0,0)       (0,0)       (0,0)
      (0,0)       (0,0)       (0,0)
      (0,0)       (0,0)       (0,0)
      (0,0)       (0,0)       (0,0)
(2.59796,0)       (0,0)       (0,0)
(2.67317,0)       (0,0)       (0,0)
(2.88546,0)       (0,0)       (0,0)
(3.20528,0)       (0,0)       (0,0)
(3.59127,0)       (0,0)       (0,0)
 (4.0015,0)       (0,0)       (0,0)
(4.40014,0)       (0,0)       (0,0)
(4.76098,0)       (0,0)       (0,0)
(5.06905,0)       (0,0)       (0,0)
(5.32033,0)       (0,0)       (0,0)
(5.51965,0)       (0,0)       (0,0)
(5.67701,0)       (0,0)       (0,0)
 (5.8036,0)       (0,0)       (0,0)
(5.90842,0)       (0,0)       (0,0)
(5.99654,0)       (0,0)       (0,0)
(6.06902,0)       (0,0)       (0,0)
(6.12409,0)       (0,0)       (0,0)
(6.15882,0)       (0,0)       (0,0)
(6.17072,0)       (0,0)       (0,0)
      (0,0)       (0,0)       (0,0)
      (0,0)       (0,0)       (0,0)
      (0,0)       (0,0)       (0,0)
      (0,0)       (0,0)       (0,0)
      (0,0)       (0,0)       (0,0)
      (0,0)       (0,0)       (0,0)
      (0,0)       (0,0)       (0,0)
      (0,0)       (0,0)       (0,0)
      (0,0)       (0,0)       (0,0)
      (0,0)       (0,0)       (0,0)
      (0,0)       (0,0)       (0,0)
      (0,0)       (0,0)       (0,0)
      (0,0)       (0,0)       (0,0)
      (0,0)       (0,0)       (0,0)
      (0,0)       (0,0)       (0,0)
      (0,0)       (0,0)       (0,0)
      (0,0)       (0,0)       (0,0)
      (0,0)       (0,0)       (0,0)
(2.59796,0)       (0,0)       (0,0)
(2.54189,0)       (0,0)       (0,0)
 (2.5126,0)       (0,0)       (0,0)
(2.51649,0)       (0,0)       (0,0)
(2.55921,0)       (0,0)       (0,0)
(2.64197,0)       (0,0)       (0,0)
(2.75926,0)       (0,0)       (0,0)
(2.89964,0)       (0,0)       (0,0)
(3.04895,0)       (0,0)       (0,0)
(3.19396,0)       (0,0)       (0,0)
(3.32503,0)       (0,0)       (0,0)
(3.43703,0)       (0,0)       (0,0)
(3.52883,0)       (0,0)       (0,0)
(3.60192,0)       (0,0)       (0,0)
(3.65879,0)       (0,0)       (0,0)
 (3.7017,0)       (0,0)       (0,0)
  (3.732,0)       (0,0)       (0,0)
(3.75019,0)       (0,0)       (0,0)
(3.75627,0)       (0,0)       (0,0)
      (0,0)       (0,0)       (0,0)
      (0,0)       (0,0)       (0,0)
      (0,0)       (0,0)       (0,0)
      (0,0)       (0,0)       (0,0)
      (0,0)       (0,0)       (0,0)
      (0,0)       (0,0)       (0,0)
      (0,0)       (0,0)       (0,0)
      (0,0)       (0,0)       (0,0)
      (0,0)       (0,0)       (0,0)
      (0,0)       (0,0)       (0,0)
      (0,0)       (0,0)       (0,0)
      (0,0)       (0,0)       (0,0)
      (0,0)       (0,0)       (0,0)
      (0,0)       (0,0)       (0,0)
      (0,0)       (0,0)       (0,0)
      (0,0)       (0,0)       (0,0)
      (0,0)       (0,0)       (0,0)
      (0,0)       (0,0)       (0,0)
(2.59796,0)       (0,0)       (0,0)
(2.53229,0)       (0,0)       (0,0)
(2.48533,0)       (0,0)       (0,0)
(2.46443,0)       (0,0)       (0,0)
(2.47711,0)       (0,0)       (0,0)
(2.52764,0)       (0,0)       (0,0)
(2.61441,0)       (0,0)       (0,0)
(2.72982,0)       (0,0)       (0,0)
(2.86249,0)       (0,0)       (0,0)
 (3.0005,0)       (0,0)       (0,0)
(3.13396,0)       (0,0)       (0,0)
(3.25617,0)       (0,0)       (0,0)
(3.36355,0)       (0,0)       (0,0)
(3.45475,0)       (0,0)       (0,0)
(3.52957,0)       (0,0)       (0,0)
(3.58812,0)       (0,0)       (0,0)
(3.63031,0)       (0,0)       (0,0)
(3.65584,0)       (0,0)       (0,0)
 (3.6644,0)       (0,0)       (0,0)
      (0,0)       (0,0)       (0,0)
      (0,0)       (0,0)       (0,0)
      (0,0)       (0,0)       (0,0)
      (0,0)       (0,0)       (0,0)
      (0,0)       (0,0)       (0,0)
      (0,0)       (0,0)       (0,0)
      (0,0)       (0,0)       (0,0)
      (0,0)       (0,0)       (0,0)
      (0,0)       (0,0)       (0,0)
      (0,0)       (0,0)       (0,0)
      (0,0)       (0,0)       (0,0)
      (0,0)       (0,0)       (0,0)
      (0,0)       (0,0)       (0,0)
      (0,0)       (0,0)       (0,0)
      (0,0)       (0,0)       (0,0)
      (0,0)       (0,0)       (0,0)
      (0,0)       (0,0)       (0,0)
      (0,0)       (0,0)       (0,0)
(2.59796,0)       (0,0)       (0,0)
(2.52442,0)       (0,0)       (0,0)
(2.46369,0)       (0,0)       (0,0)
(2.42366,0)       (0,0)       (0,0)
(2.41297,0)       (0,0)       (0,0)
(2.43813,0)       (0,0)       (0,0)
(2.50079,0)       (0,0)       (0,0)
(2.59682,0)       (0,0)       (0,0)
(2.71761,0)       (0,0)       (0,0)
(2.85253,0)       (0,0)       (0,0)
(2.99136,0)       (0,0)       (0,0)
 (3.1257,0)       (0,0)       (0,0)
(3.24939,0)       (0,0)       (0,0)
 (3.3583,0)       (0,0)       (0,0)
(3.44979,0)       (0,0)       (0,0)
(3.52219,0)       (0,0)       (0,0)
 (3.5745,0)       (0,0)       (0,0)
 (3.6061,0)       (0,0)       (0,0)
(3.61667,0)       (0,0)       (0,0)
      (0,0)       (0,0)       (0,0)
      (0,0)       (0,0)       (0,0)
      (0,0)       (0,0)       (0,0)
      (0,0)       (0,0)       (0,0)
      (0,0)       (0,0)       (0,0)
      (0,0)       (0,0)       (0,0)
      (0,0)       (0,0)       (0,0)
      (0,0)       (0,0)       (0,0)
      (0,0)       (0,0)       (0,0)
      (0,0)       (0,0)       (0,0)
      (0,0)       (0,0)       (0,0)
      (0,0)       (0,0)       (0,0)
      (0,0)       (0,0)       (0,0)
      (0,0)       (0,0)       (0,0)
      (0,0)       (0,0)       (0,0)
      (0,0)       (0,0)       (0,0)
      (0,0)       (0,0)       (0,0)
      (0,0)       (0,0)       (0,0)
(2.59796,0)       (0,0)       (0,0)
(2.51842,0)       (0,0)       (0,0)
(2.44829,0)       (0,0)       (0,0)
(2.39569,0)       (0,0)       (0,0)
(2.36981,0)       (0,0)       (0,0)
(2.37841,0)       (0,0)       (0,0)
(2.42533,0)       (0,0)       (0,0)
(2.50907,0)       (0,0)       (0,0)
(2.62322,0)       (0,0)       (0,0)
 (2.7582,0)       (0,0)       (0,0)
(2.90342,0)       (0,0)       (0,0)
(3.04891,0)       (0,0)       (0,0)
(3.18625,0)       (0,0)       (0,0)
(3.30901,0)       (0,0)       (0,0)
 (3.4127,0)       (0,0)       (0,0)
(3.49461,0)       (0,0)       (0,0)
(3.55342,0)       (0,0)       (0,0)
 (3.5887,0)       (0,0)       (0,0)
(3.60045,0)       (0,0)       (0,0)
      (0,0)       (0,0)       (0,0)
      (0,0)       (0,0)       (0,0)
      (0,0)       (0,0)       (0,0)
      (0,0)       (0,0)       (0,0)
      (0,0)       (0,0)       (0,0)
      (0,0)       (0,0)       (0,0)
      (0,0)       (0,0)       (0,0)
      (0,0)       (0,0)       (0,0)
      (0,0)       (0,0)       (0,0)
      (0,0)       (0,0)       (0,0)
      (0,0)       (0,0)       (0,0)
      (0,0)       (0,0)       (0,0)
      (0,0)       (0,0)       (0,0)
      (0,0)       (0,0)       (0,0)
      (0,0)       (0,0)       (0,0)
      (0,0)       (0,0)       (0,0)
      (0,0)       (0,0)       (0,0)
      (0,0)       (0,0)       (0,0)
(2.59796,0)       (0,0)       (0,0)
(2.51438,0)       (0,0)       (0,0)
(2.43952,0)       (0,0)       (0,0)
(2.38159,0)       (0,0)       (0,0)
(2.34976,0)       (0,0)       (0,0)
(2.35207,0)       (0,0)       (0,0)
(2.39317,0)       (0,0)       (0,0)
(2.47282,0)       (0,0)       (0,0)
 (2.5858,0)       (0,0)       (0,0)
(2.72313,0)       (0,0)       (0,0)
(2.87394,0)       (0,0)       (0,0)
(3.02716,0)       (0,0)       (0,0)
(3.17289,0)       (0,0)       (0,0)
(3.30327,0)       (0,0)       (0,0)
(3.41286,0)       (0,0)       (0,0)
(3.49865,0)       (0,0)       (0,0)
(3.55955,0)       (0,0)       (0,0)
(3.59572,0)       (0,0)       (0,0)
(3.60769,0)       (0,0)       (0,0)
      (0,0)       (0,0)       (0,0)
      (0,0)       (0,0)       (0,0)
      (0,0)       (0,0)       (0,0)
      (0,0)       (0,0)       (0,0)
      (0,0)       (0,0)       (0,0)
      (0,0)       (0,0)       (0,0)
      (0,0)       (0,0)       (0,0)
      (0,0)       (0,0)       (0,0)
      (0,0)       (0,0)       (0,0)
      (0,0)       (0,0)       (0,0)
      (0,0)       (0,0)       (0,0)
      (0,0)       (0,0)       (0,0)
      (0,0)       (0,0)       (0,0)
      (0,0)       (0,0)       (0,0)
      (0,0)       (0,0)       (0,0)
      (0,0)       (0,0)       (0,0)
      (0,0)       (0,0)       (0,0)
      (0,0)       (0,0)       (0,0)
(2.59796,0)       (0,0)       (0,0)
(2.51236,0)       (0,0)       (0,0)
(2.43758,0)       (0,0)       (0,0)
(2.38183,0)       (0,0)       (0,0)
(2.35379,0)       (0,0)       (0,0)
(2.36074,0)       (0,0)       (0,0)
(2.40665,0)       (0,0)       (0,0)
(2.49088,0)       (0,0)       (0,0)
(2.60816,0)       (0,0)       (0,0)
(2.74959,0)       (0,0)       (0,0)
(2.90418,0)       (0,0)       (0,0)
(3.06057,0)       (0,0)       (0,0)
(3.20841,0)       (0,0)       (0,0)
(3.33951,0)       (0,0)       (0,0)
(3.44843,0)       (0,0)       (0,0)
(3.53249,0)       (0,0)       (0,0)
 (3.5913,0)       (0,0)       (0,0)
(3.62581,0)       (0,0)       (0,0)
(3.63714,0)       (0,0)       (0,0)
      (0,0)       (0,0)       (0,0)
      (0,0)       (0,0)       (0,0)
      (0,0)       (0,0)       (0,0)
      (0,0)       (0,0)       (0,0)
      (0,0)       (0,0)       (0,0)
      (0,0)       (0,0)       (0,0)
      (0,0)       (0,0)       (0,0)
      (0,0)       (0,0)       (0,0)
      (0,0)       (0,0)       (0,0)
      (0,0)       (0,0)       (0,0)
      (0,0)       (0,0)       (0,0)
      (0,0)       (0,0)       (0,0)
      (0,0)       (0,0)       (0,0)
      (0,0)       (0,0)       (0,0)
      (0,0)       (0,0)       (0,0)
      (0,0)       (0,0)       (0,0)
      (0,0)       (0,0)       (0,0)
      (0,0)       (0,0)       (0,0)
(2.59796,0)       (0,0)       (0,0)
(2.51236,0)       (0,0)       (0,0)
(2.44244,0)       (0,0)       (0,0)
(2.39627,0)       (0,0)       (0,0)
(2.38155,0)       (0,0)       (0,0)
(2.40378,0)       (0,0)       (0,0)
(2.46476,0)       (0,0)       (0,0)
(2.56195,0)       (0,0)       (0,0)
(2.68887,0)       (0,0)       (0,0)
(2.83618,0)       (0,0)       (0,0)
(2.99305,0)       (0,0)       (0,0)
(3.14858,0)       (0,0)       (0,0)
(3.29305,0)       (0,0)       (0,0)
(3.41899,0)       (0,0)       (0,0)
(3.52177,0)       (0,0)       (0,0)
(3.59965,0)       (0,0)       (0,0)
(3.65317,0)       (0,0)       (0,0)
(3.68409,0)       (0,0)       (0,0)
(3.69416,0)       (0,0)       (0,0)
      (0,0)       (0,0)       (0,0)
      (0,0)       (0,0)       (0,0)
      (0,0)       (0,0)       (0,0)
      (0,0)       (0,0)       (0,0)
      (0,0)       (0,0)       (0,0)
      (0,0)       (0,0)       (0,0)
      (0,0)       (0,0)       (0,0)
      (0,0)       (0,0)       (0,0)
      (0,0)       (0,0)       (0,0)
      (0,0)       (0,0)       (0,0)
      (0,0)       (0,0)       (0,0)
      (0,0)       (0,0)       (0,0)
      (0,0)       (0,0)       (0,0)
      (0,0)       (0,0)       (0,0)
      (0,0)       (0,0)       (0,0)
      (0,0)       (0,0)       (0,0)
      (0,0)       (0,0)       (0,0)
      (0,0)       (0,0)       (0,0)
(2.59796,0)       (0,0)       (0,0)
(2.51433,0)       (0,0)       (0,0)
(2.45382,0)       (0,0)       (0,0)
(2.42418,0)       (0,0)       (0,0)
(2.43148,0)       (0,0)       (0,0)
(2.47843,0)       (0,0)       (0,0)
(2.56348,0)       (0,0)       (0,0)
(2.68106,0)       (0,0)       (0,0)
(2.82272,0)       (0,0)       (0,0)
(2.97833,0)       (0,0)       (0,0)
 (3.1374,0)       (0,0)       (0,0)
(3.29002,0)       (0,0)       (0,0)
 (3.4279,0)       (0,0)       (0,0)
(3.54509,0)       (0,0)       (0,0)
(3.63843,0)       (0,0)       (0,0)
(3.70749,0)       (0,0)       (0,0)
(3.75388,0)       (0,0)       (0,0)
(3.78019,0)       (0,0)       (0,0)
(3.78867,0)       (0,0)       (0,0)
      (0,0)       (0,0)       (0,0)
      (0,0)       (0,0)       (0,0)
      (0,0)       (0,0)       (0,0)
      (0,0)       (0,0)       (0,0)
      (0,0)       (0,0)       (0,0)
      (0,0)       (0,0)       (0,0)
      (0,0)       (0,0)       (0,0)
      (0,0)       (0,0)       (0,0)
      (0,0)       (0,0)       (0,0)
      (0,0)       (0,0)       (0,0)
      (0,0)       (0,0)       (0,0)
      (0,0)       (0,0)       (0,0)
      (0,0)       (0,0)       (0,0)
      (0,0)       (0,0)       (0,0)
      (0,0)       (0,0)       (0,0)
      (0,0)       (0,0)       (0,0)
      (0,0)       (0,0)       (0,0)
      (0,0)       (0,0)       (0,0)
(2.59796,0)       (0,0)       (0,0)
(2.51817,0)       (0,0)       (0,0)
(2.47127,0)       (0,0)       (0,0)
 (2.4643,0)       (0,0)       (0,0)
(2.50098,0)       (0,0)       (0,0)
(2.58033,0)       (0,0)       (0,0)
(2.69664,0)       (0,0)       (0,0)
(2.84079,0)       (0,0)       (0,0)
(3.00198,0)       (0,0)       (0,0)
(3.16921,0)       (0,0)       (0,0)
(3.33229,0)       (0,0)       (0,0)
(3.48259,0)       (0,0)       (0,0)
(3.61361,0)       (0,0)       (0,0)
(3.72136,0)       (0,0)       (0,0)
(3.80452,0)       (0,0)       (0,0)
 (3.8642,0)       (0,0)       (0,0)
(3.90317,0)       (0,0)       (0,0)
(3.92476,0)       (0,0)       (0,0)
(3.93162,0)       (0,0)       (0,0)
      (0,0)       (0,0)       (0,0)
      (0,0)       (0,0)       (0,0)
      (0,0)       (0,0)       (0,0)
      (0,0)       (0,0)       (0,0)
      (0,0)       (0,0)       (0,0)
      (0,0)       (0,0)       (0,0)
      (0,0)       (0,0)       (0,0)
      (0,0)       (0,0)       (0,0)
      (0,0)       (0,0)       (0,0)
      (0,0)       (0,0)       (0,0)
      (0,0)       (0,0)       (0,0)
      (0,0)       (0,0)       (0,0)
      (0,0)       (0,0)       (0,0)
      (0,0)       (0,0)       (0,0)
      (0,0)       (0,0)       (0,0)
      (0,0)       (0,0)       (0,0)
      (0,0)       (0,0)       (0,0)
      (0,0)       (0,0)       (0,0)
(2.59796,0)       (0,0)       (0,0)
(2.52375,0)       (0,0)       (0,0)
(2.49412,0)       (0,0)       (0,0)
(2.51492,0)       (0,0)       (0,0)
(2.58674,0)       (0,0)       (0,0)
(2.70416,0)       (0,0)       (0,0)
(2.85701,0)       (0,0)       (0,0)
(3.03254,0)       (0,0)       (0,0)
(3.21767,0)       (0,0)       (0,0)
(3.40049,0)       (0,0)       (0,0)
(3.57108,0)       (0,0)       (0,0)
(3.72204,0)       (0,0)       (0,0)
(3.84864,0)       (0,0)       (0,0)
(3.94894,0)       (0,0)       (0,0)
(4.02356,0)       (0,0)       (0,0)
(4.07519,0)       (0,0)       (0,0)
(4.10775,0)       (0,0)       (0,0)
(4.12527,0)       (0,0)       (0,0)
(4.13073,0)       (0,0)       (0,0)
      (0,0)       (0,0)       (0,0)
      (0,0)       (0,0)       (0,0)
      (0,0)       (0,0)       (0,0)
      (0,0)       (0,0)       (0,0)
      (0,0)       (0,0)       (0,0)
      (0,0)       (0,0)       (0,0)
      (0,0)       (0,0)       (0,0)
      (0,0)       (0,0)       (0,0)
      (0,0)       (0,0)       (0,0)
      (0,0)       (0,0)       (0,0)
      (0,0)       (0,0)       (0,0)
      (0,0)       (0,0)       (0,0)
      (0,0)       (0,0)       (0,0)
      (0,0)       (0,0)       (0,0)
      (0,0)       (0,0)       (0,0)
      (0,0)       (0,0)       (0,0)
      (0,0)       (0,0)       (0,0)
      (0,0)       (0,0)       (0,0)
(2.59796,0)       (0,0)       (0,0)
(2.67479,0)       (0,0)       (0,0)
(2.87651,0)       (0,0)       (0,0)
(3.17673,0)       (0,0)       (0,0)
(3.53757,0)       (0,0)       (0,0)
(3.91932,0)       (0,0)       (0,0)
(4.28746,0)       (0,0)       (0,0)
(4.61683,0)       (0,0)       (0,0)
(4.89377,0)       (0,0)       (0,0)
(5.11591,0)       (0,0)       (0,0)
(5.28978,0)       (0,0)       (0,0)
(5.42681,0)       (0,0)       (0,0)
(5.53894,0)       (0,0)       (0,0)
(5.63507,0)       (0,0)       (0,0)
(5.71936,0)       (0,0)       (0,0)
 (5.7914,0)       (0,0)       (0,0)
(5.84772,0)       (0,0)       (0,0)
(5.88389,0)       (0,0)       (0,0)
(5.89639,0)       (0,0)       (0,0)
      (0,0)       (0,0)       (0,0)
      (0,0)       (0,0)       (0,0)
      (0,0)       (0,0)       (0,0)
      (0,0)       (0,0)       (0,0)
      (0,0)       (0,0)       (0,0)
      (0,0)       (0,0)       (0,0)
      (0,0)       (0,0)       (0,0)
      (0,0)       (0,0)       (0,0)
      (0,0)       (0,0)       (0,0)
      (0,0)       (0,0)       (0,0)
      (0,0)       (0,0)       (0,0)
      (0,0)       (0,0)       (0,0)
      (0,0)       (0,0)       (0,0)
      (0,0)       (0,0)       (0,0)
      (0,0)       (0,0)       (0,0)
      (0,0)       (0,0)       (0,0)
      (0,0)       (0,0)       (0,0)
      (0,0)       (0,0)       (0,0)
(2.59796,0)       (0,0)       (0,0)
(2.53088,0)       (0,0)       (0,0)
(2.52158,0)       (0,0)       (0,0)
(2.57409,0)       (0,0)       (0,0)
(2.68506,0)       (0,0)       (0,0)
(2.84429,0)       (0,0)       (0,0)
(3.03713,0)       (0,0)       (0,0)
(3.24754,0)       (0,0)       (0,0)
 (3.4604,0)       (0,0)       (0,0)
(3.66295,0)       (0,0)       (0,0)
(3.84545,0)       (0,0)       (0,0)
(4.00148,0)       (0,0)       (0,0)
(4.12787,0)       (0,0)       (0,0)
(4.22451,0)       (0,0)       (0,0)
(4.29379,0)       (0,0)       (0,0)
(4.33993,0)       (0,0)       (0,0)
(4.36793,0)       (0,0)       (0,0)
(4.38248,0)       (0,0)       (0,0)
(4.38693,0)       (0,0)       (0,0)
      (0,0)       (0,0)       (0,0)
      (0,0)       (0,0)       (0,0)
      (0,0)       (0,0)       (0,0)
      (0,0)       (0,0)       (0,0)
      (0,0)       (0,0)       (0,0)
      (0,0)       (0,0)       (0,0)
      (0,0)       (0,0)       (0,0)
      (0,0)       (0,0)       (0,0)
      (0,0)       (0,0)       (0,0)
      (0,0)       (0,0)       (0,0)
      (0,0)       (0,0)       (0,0)
      (0,0)       (0,0)       (0,0)
      (0,0)       (0,0)       (0,0)
      (0,0)       (0,0)       (0,0)
      (0,0)       (0,0)       (0,0)
      (0,0)       (0,0)       (0,0)
      (0,0)       (0,0)       (0,0)
      (0,0)       (0,0)       (0,0)
(2.59796,0)       (0,0)       (0,0)
(2.53935,0)       (0,0)       (0,0)
(2.55273,0)       (0,0)       (0,0)
(2.63963,0)       (0,0)       (0,0)
(2.79215,0)       (0,0)       (0,0)
(2.99511,0)       (0,0)       (0,0)
(3.22978,0)       (0,0)       (0,0)
(3.47727,0)       (0,0)       (0,0)
(3.72075,0)       (0,0)       (0,0)
(3.94671,0)       (0,0)       (0,0)
(4.14544,0)       (0,0)       (0,0)
(4.31121,0)       (0,0)       (0,0)
(4.44206,0)       (0,0)       (0,0)
(4.53933,0)       (0,0)       (0,0)
(4.60696,0)       (0,0)       (0,0)
(4.65049,0)       (0,0)       (0,0)
(4.67595,0)       (0,0)       (0,0)
(4.68873,0)       (0,0)       (0,0)
(4.69255,0)       (0,0)       (0,0)
      (0,0)       (0,0)       (0,0)
      (0,0)       (0,0)       (0,0)
      (0,0)       (0,0)       (0,0)
      (0,0)       (0,0)       (0,0)
      (0,0)       (0,0)       (0,0)
      (0,0)       (0,0)       (0,0)
      (0,0)       (0,0)       (0,0)
      (0,0)       (0,0)       (0,0)
      (0,0)       (0,0)       (0,0)
      (0,0)       (0,0)       (0,0)
      (0,0)       (0,0)       (0,0)
      (0,0)       (0,0)       (0,0)
      (0,0)       (0,0)       (0,0)
      (0,0)       (0,0)       (0,0)
      (0,0)       (0,0)       (0,0)
      (0,0)       (0,0)       (0,0)
      (0,0)       (0,0)       (0,0)
      (0,0)       (0,0)       (0,0)
(2.59796,0)       (0,0)       (0,0)
(2.54893,0)       (0,0)       (0,0)
 (2.5866,0)       (0,0)       (0,0)
(2.70934,0)       (0,0)       (0,0)
(2.90426,0)       (0,0)       (0,0)
(3.15133,0)       (0,0)       (0,0)
(3.42822,0)       (0,0)       (0,0)
(3.71369,0)       (0,0)       (0,0)
(3.98951,0)       (0,0)       (0,0)
(4.24146,0)       (0,0)       (0,0)
(4.45976,0)       (0,0)       (0,0)
(4.63906,0)       (0,0)       (0,0)
(4.77825,0)       (0,0)       (0,0)
 (4.8798,0)       (0,0)       (0,0)
(4.94885,0)       (0,0)       (0,0)
(4.99212,0)       (0,0)       (0,0)
(5.01666,0)       (0,0)       (0,0)
 (5.0286,0)       (0,0)       (0,0)
(5.03209,0)       (0,0)       (0,0)
      (0,0)       (0,0)       (0,0)
      (0,0)       (0,0)       (0,0)
      (0,0)       (0,0)       (0,0)
      (0,0)       (0,0)       (0,0)
      (0,0)       (0,0)       (0,0)
      (0,0)       (0,0)       (0,0)
      (0,0)       (0,0)       (0,0)
      (0,0)       (0,0)       (0,0)
      (0,0)       (0,0)       (0,0)
      (0,0)       (0,0)       (0,0)
      (0,0)       (0,0)       (0,0)
      (0,0)       (0,0)       (0,0)
      (0,0)       (0,0)       (0,0)
      (0,0)       (0,0)       (0,0)
      (0,0)       (0,0)       (0,0)
      (0,0)       (0,0)       (0,0)
      (0,0)       (0,0)       (0,0)
      (0,0)       (0,0)       (0,0)
(2.59796,0)       (0,0)       (0,0)
(2.55935,0)       (0,0)       (0,0)
(2.62217,0)       (0,0)       (0,0)
(2.78105,0)       (0,0)       (0,0)
(3.01787,0)       (0,0)       (0,0)
(3.30808,0)       (0,0)       (0,0)
(3.62627,0)       (0,0)       (0,0)
(3.94926,0)       (0,0)       (0,0)
 (4.2577,0)       (0,0)       (0,0)
(4.53672,0)       (0,0)       (0,0)
(4.77629,0)       (0,0)       (0,0)
(4.97127,0)       (0,0)       (0,0)
(5.12109,0)       (0,0)       (0,0)
(5.22903,0)       (0,0)       (0,0)
(5.30126,0)       (0,0)       (0,0)
(5.34558,0)       (0,0)       (0,0)
(5.37002,0)       (0,0)       (0,0)
(5.38155,0)       (0,0)       (0,0)
(5.38483,0)       (0,0)       (0,0)
      (0,0)       (0,0)       (0,0)
      (0,0)       (0,0)       (0,0)
      (0,0)       (0,0)       (0,0)
      (0,0)       (0,0)       (0,0)
      (0,0)       (0,0)       (0,0)
      (0,0)       (0,0)       (0,0)
      (0,0)       (0,0)       (0,0)
      (0,0)       (0,0)       (0,0)
      (0,0)       (0,0)       (0,0)
      (0,0)       (0,0)       (0,0)
      (0,0)       (0,0)       (0,0)
      (0,0)       (0,0)       (0,0)
      (0,0)       (0,0)       (0,0)
      (0,0)       (0,0)       (0,0)
      (0,0)       (0,0)       (0,0)
      (0,0)       (0,0)       (0,0)
      (0,0)       (0,0)       (0,0)
      (0,0)       (0,0)       (0,0)
(2.59796,0)       (0,0)       (0,0)
(2.57036,0)       (0,0)       (0,0)
(2.65846,0)       (0,0)       (0,0)
 (2.8527,0)       (0,0)       (0,0)
(3.12974,0)       (0,0)       (0,0)
(3.46093,0)       (0,0)       (0,0)
(3.81827,0)       (0,0)       (0,0)
(4.17702,0)       (0,0)       (0,0)
(4.51682,0)       (0,0)       (0,0)
 (4.8222,0)       (0,0)       (0,0)
(5.08284,0)       (0,0)       (0,0)
(5.29365,0)       (0,0)       (0,0)
(5.45441,0)       (0,0)       (0,0)
(5.56906,0)       (0,0)       (0,0)
(5.64468,0)       (0,0)       (0,0)
(5.69008,0)       (0,0)       (0,0)
(5.71437,0)       (0,0)       (0,0)
(5.72539,0)       (0,0)       (0,0)
(5.72844,0)       (0,0)       (0,0)
      (0,0)       (0,0)       (0,0)
      (0,0)       (0,0)       (0,0)
      (0,0)       (0,0)       (0,0)
      (0,0)       (0,0)       (0,0)
      (0,0)       (0,0)       (0,0)
      (0,0)       (0,0)       (0,0)
      (0,0)       (0,0)       (0,0)
      (0,0)       (0,0)       (0,0)
      (0,0)       (0,0)       (0,0)
      (0,0)       (0,0)       (0,0)
      (0,0)       (0,0)       (0,0)
      (0,0)       (0,0)       (0,0)
      (0,0)       (0,0)       (0,0)
      (0,0)       (0,0)       (0,0)
      (0,0)       (0,0)       (0,0)
      (0,0)       (0,0)       (0,0)
      (0,0)       (0,0)       (0,0)
      (0,0)       (0,0)       (0,0)
(2.59796,0)       (0,0)       (0,0)
(2.58169,0)       (0,0)       (0,0)
(2.69449,0)       (0,0)       (0,0)
(2.92235,0)       (0,0)       (0,0)
(3.23693,0)       (0,0)       (0,0)
(3.60593,0)       (0,0)       (0,0)
(3.99917,0)       (0,0)       (0,0)
(4.39061,0)       (0,0)       (0,0)
(4.75902,0)       (0,0)       (0,0)
(5.08834,0)       (0,0)       (0,0)
(5.36796,0)       (0,0)       (0,0)
(5.59281,0)       (0,0)       (0,0)
(5.76297,0)       (0,0)       (0,0)
(5.88301,0)       (0,0)       (0,0)
(5.96086,0)       (0,0)       (0,0)
 (6.0064,0)       (0,0)       (0,0)
(6.02979,0)       (0,0)       (0,0)
(6.03984,0)       (0,0)       (0,0)
(6.04248,0)       (0,0)       (0,0)
      (0,0)       (0,0)       (0,0)
      (0,0)       (0,0)       (0,0)
      (0,0)       (0,0)       (0,0)
      (0,0)       (0,0)       (0,0)
      (0,0)       (0,0)       (0,0)
      (0,0)       (0,0)       (0,0)
      (0,0)       (0,0)       (0,0)
      (0,0)       (0,0)       (0,0)
      (0,0)       (0,0)       (0,0)
      (0,0)       (0,0)       (0,0)
      (0,0)       (0,0)       (0,0)
      (0,0)       (0,0)       (0,0)
      (0,0)       (0,0)       (0,0)
      (0,0)       (0,0)       (0,0)
      (0,0)       (0,0)       (0,0)
      (0,0)       (0,0)       (0,0)
      (0,0)       (0,0)       (0,0)
      (0,0)       (0,0)       (0,0)
(2.59796,0)       (0,0)       (0,0)
(2.59309,0)       (0,0)       (0,0)
(2.72936,0)       (0,0)       (0,0)
(2.98829,0)       (0,0)       (0,0)
(3.33687,0)       (0,0)       (0,0)
(3.73963,0)       (0,0)       (0,0)
(4.16455,0)       (0,0)       (0,0)
(4.58446,0)       (0,0)       (0,0)
(4.97737,0)       (0,0)       (0,0)
(5.32672,0)       (0,0)       (0,0)
(5.62168,0)       (0,0)       (0,0)
(5.85724,0)       (0,0)       (0,0)
(6.03391,0)       (0,0)       (0,0)
 (6.1569,0)       (0,0)       (0,0)
(6.23505,0)       (0,0)       (0,0)
(6.27926,0)       (0,0)       (0,0)
(6.30075,0)       (0,0)       (0,0)
(6.30924,0)       (0,0)       (0,0)
(6.31129,0)       (0,0)       (0,0)
      (0,0)       (0,0)       (0,0)
      (0,0)       (0,0)       (0,0)
      (0,0)       (0,0)       (0,0)
      (0,0)       (0,0)       (0,0)
      (0,0)       (0,0)       (0,0)
      (0,0)       (0,0)       (0,0)
      (0,0)       (0,0)       (0,0)
      (0,0)       (0,0)       (0,0)
      (0,0)       (0,0)       (0,0)
      (0,0)       (0,0)       (0,0)
      (0,0)       (0,0)       (0,0)
      (0,0)       (0,0)       (0,0)
      (0,0)       (0,0)       (0,0)
      (0,0)       (0,0)       (0,0)
      (0,0)       (0,0)       (0,0)
      (0,0)       (0,0)       (0,0)
      (0,0)       (0,0)       (0,0)
      (0,0)       (0,0)       (0,0)
(2.59796,0)       (0,0)       (0,0)
(2.60431,0)       (0,0)       (0,0)
(2.76225,0)       (0,0)       (0,0)
(3.04899,0)       (0,0)       (0,0)
(3.42733,0)       (0,0)       (0,0)
(3.85908,0)       (0,0)       (0,0)
(4.31065,0)       (0,0)       (0,0)
(4.75389,0)       (0,0)       (0,0)
(5.16615,0)       (0,0)       (0,0)
(5.53051,0)       (0,0)       (0,0)
(5.83609,0)       (0,0)       (0,0)
(6.07815,0)       (0,0)       (0,0)
(6.25774,0)       (0,0)       (0,0)
(6.38086,0)       (0,0)       (0,0)
(6.45727,0)       (0,0)       (0,0)
(6.49882,0)       (0,0)       (0,0)
(6.51765,0)       (0,0)       (0,0)
(6.52421,0)       (0,0)       (0,0)
(6.52557,0)       (0,0)       (0,0)
      (0,0)       (0,0)       (0,0)
      (0,0)       (0,0)       (0,0)
      (0,0)       (0,0)       (0,0)
      (0,0)       (0,0)       (0,0)
      (0,0)       (0,0)       (0,0)
      (0,0)       (0,0)       (0,0)
      (0,0)       (0,0)       (0,0)
      (0,0)       (0,0)       (0,0)
      (0,0)       (0,0)       (0,0)
      (0,0)       (0,0)       (0,0)
      (0,0)       (0,0)       (0,0)
      (0,0)       (0,0)       (0,0)
      (0,0)       (0,0)       (0,0)
      (0,0)       (0,0)       (0,0)
      (0,0)       (0,0)       (0,0)
      (0,0)       (0,0)       (0,0)
      (0,0)       (0,0)       (0,0)
      (0,0)       (0,0)       (0,0)
(2.59796,0)       (0,0)       (0,0)
(2.61513,0)       (0,0)       (0,0)
(2.79246,0)       (0,0)       (0,0)
(3.10317,0)       (0,0)       (0,0)
(3.50646,0)       (0,0)       (0,0)
(3.96187,0)       (0,0)       (0,0)
(4.43443,0)       (0,0)       (0,0)
(4.89518,0)       (0,0)       (0,0)
(5.32096,0)       (0,0)       (0,0)
 (5.6947,0)       (0,0)       (0,0)
(6.00572,0)       (0,0)       (0,0)
(6.24981,0)       (0,0)       (0,0)
 (6.4288,0)       (0,0)       (0,0)
(6.54958,0)       (0,0)       (0,0)
(6.62279,0)       (0,0)       (0,0)
(6.66106,0)       (0,0)       (0,0)
(6.67714,0)       (0,0)       (0,0)
(6.68189,0)       (0,0)       (0,0)
(6.68261,0)       (0,0)       (0,0)
      (0,0)       (0,0)       (0,0)
      (0,0)       (0,0)       (0,0)
      (0,0)       (0,0)       (0,0)
      (0,0)       (0,0)       (0,0)
      (0,0)       (0,0)       (0,0)
      (0,0)       (0,0)       (0,0)
      (0,0)       (0,0)       (0,0)
      (0,0)       (0,0)       (0,0)
      (0,0)       (0,0)       (0,0)
      (0,0)       (0,0)       (0,0)
      (0,0)       (0,0)       (0,0)
      (0,0)       (0,0)       (0,0)
      (0,0)       (0,0)       (0,0)
      (0,0)       (0,0)       (0,0)
      (0,0)       (0,0)       (0,0)
      (0,0)       (0,0)       (0,0)
      (0,0)       (0,0)       (0,0)
      (0,0)       (0,0)       (0,0)
(2.59796,0)       (0,0)       (0,0)
(2.62536,0)       (0,0)       (0,0)
(2.81936,0)       (0,0)       (0,0)
(3.14977,0)       (0,0)       (0,0)
(3.57281,0)       (0,0)       (0,0)
(4.04612,0)       (0,0)       (0,0)
(4.53362,0)       (0,0)       (0,0)
(5.00565,0)       (0,0)       (0,0)
(5.43881,0)       (0,0)       (0,0)
(5.81616,0)       (0,0)       (0,0)
(6.12754,0)       (0,0)       (0,0)
(6.36958,0)       (0,0)       (0,0)
(6.54511,0)       (0,0)       (0,0)
(6.66198,0)       (0,0)       (0,0)
(6.73158,0)       (0,0)       (0,0)
(6.76701,0)       (0,0)       (0,0)
(6.78115,0)       (0,0)       (0,0)
(6.78481,0)       (0,0)       (0,0)
(6.78519,0)       (0,0)       (0,0)
      (0,0)       (0,0)       (0,0)
      (0,0)       (0,0)       (0,0)
      (0,0)       (0,0)       (0,0)
      (0,0)       (0,0)       (0,0)
      (0,0)       (0,0)       (0,0)
      (0,0)       (0,0)       (0,0)
      (0,0)       (0,0)       (0,0)
      (0,0)       (0,0)       (0,0)
      (0,0)       (0,0)       (0,0)
      (0,0)       (0,0)       (0,0)
      (0,0)       (0,0)       (0,0)
      (0,0)       (0,0)       (0,0)
      (0,0)       (0,0)       (0,0)
      (0,0)       (0,0)       (0,0)
      (0,0)       (0,0)       (0,0)
      (0,0)       (0,0)       (0,0)
      (0,0)       (0,0)       (0,0)
      (0,0)       (0,0)       (0,0)
(2.59796,0)       (0,0)       (0,0)
(2.67573,0)       (0,0)       (0,0)
(2.86509,0)       (0,0)       (0,0)
(3.14318,0)       (0,0)       (0,0)
(3.47606,0)       (0,0)       (0,0)
 (3.8268,0)       (0,0)       (0,0)
(4.16248,0)       (0,0)       (0,0)
  (4.459,0)       (0,0)       (0,0)
(4.70371,0)       (0,0)       (0,0)
(4.89534,0)       (0,0)       (0,0)
 (5.0416,0)       (0,0)       (0,0)
(5.15497,0)       (0,0)       (0,0)
 (5.2481,0)       (0,0)       (0,0)
(5.33012,0)       (0,0)       (0,0)
(5.40486,0)       (0,0)       (0,0)
(5.47113,0)       (0,0)       (0,0)
(5.52443,0)       (0,0)       (0,0)
(5.55928,0)       (0,0)       (0,0)
(5.57143,0)       (0,0)       (0,0)
      (0,0)       (0,0)       (0,0)
      (0,0)       (0,0)       (0,0)
      (0,0)       (0,0)       (0,0)
      (0,0)       (0,0)       (0,0)
      (0,0)       (0,0)       (0,0)
      (0,0)       (0,0)       (0,0)
      (0,0)       (0,0)       (0,0)
      (0,0)       (0,0)       (0,0)
      (0,0)       (0,0)       (0,0)
      (0,0)       (0,0)       (0,0)
      (0,0)       (0,0)       (0,0)
      (0,0)       (0,0)       (0,0)
      (0,0)       (0,0)       (0,0)
      (0,0)       (0,0)       (0,0)
      (0,0)       (0,0)       (0,0)
      (0,0)       (0,0)       (0,0)
      (0,0)       (0,0)       (0,0)
      (0,0)       (0,0)       (0,0)
(2.59796,0)       (0,0)       (0,0)
(2.63482,0)       (0,0)       (0,0)
(2.84249,0)       (0,0)       (0,0)
  (3.188,0)       (0,0)       (0,0)
(3.62529,0)       (0,0)       (0,0)
(4.11051,0)       (0,0)       (0,0)
(4.60666,0)       (0,0)       (0,0)
(5.08366,0)       (0,0)       (0,0)
 (5.5181,0)       (0,0)       (0,0)
(5.89353,0)       (0,0)       (0,0)
(6.20072,0)       (0,0)       (0,0)
(6.43745,0)       (0,0)       (0,0)
 (6.6077,0)       (0,0)       (0,0)
(6.72029,0)       (0,0)       (0,0)
 (6.7871,0)       (0,0)       (0,0)
(6.82122,0)       (0,0)       (0,0)
(6.83511,0)       (0,0)       (0,0)
(6.83898,0)       (0,0)       (0,0)
 (6.8395,0)       (0,0)       (0,0)
      (0,0)       (0,0)       (0,0)
      (0,0)       (0,0)       (0,0)
      (0,0)       (0,0)       (0,0)
      (0,0)       (0,0)       (0,0)
      (0,0)       (0,0)       (0,0)
      (0,0)       (0,0)       (0,0)
      (0,0)       (0,0)       (0,0)
      (0,0)       (0,0)       (0,0)
      (0,0)       (0,0)       (0,0)
      (0,0)       (0,0)       (0,0)
      (0,0)       (0,0)       (0,0)
      (0,0)       (0,0)       (0,0)
      (0,0)       (0,0)       (0,0)
      (0,0)       (0,0)       (0,0)
      (0,0)       (0,0)       (0,0)
      (0,0)       (0,0)       (0,0)
      (0,0)       (0,0)       (0,0)
      (0,0)       (0,0)       (0,0)
(2.59796,0)       (0,0)       (0,0)
(2.64339,0)       (0,0)       (0,0)
(2.86149,0)       (0,0)       (0,0)
 (3.2173,0)       (0,0)       (0,0)
(3.66319,0)       (0,0)       (0,0)
(4.15423,0)       (0,0)       (0,0)
(4.65277,0)       (0,0)       (0,0)
(5.12851,0)       (0,0)       (0,0)
(5.55842,0)       (0,0)       (0,0)
(5.92695,0)       (0,0)       (0,0)
(6.22618,0)       (0,0)       (0,0)
(6.45532,0)       (0,0)       (0,0)
(6.61964,0)       (0,0)       (0,0)
(6.72872,0)       (0,0)       (0,0)
(6.79459,0)       (0,0)       (0,0)
(6.82978,0)       (0,0)       (0,0)
(6.84572,0)       (0,0)       (0,0)
(6.85143,0)       (0,0)       (0,0)
(6.85268,0)       (0,0)       (0,0)
      (0,0)       (0,0)       (0,0)
      (0,0)       (0,0)       (0,0)
      (0,0)       (0,0)       (0,0)
      (0,0)       (0,0)       (0,0)
      (0,0)       (0,0)       (0,0)
      (0,0)       (0,0)       (0,0)
      (0,0)       (0,0)       (0,0)
      (0,0)       (0,0)       (0,0)
      (0,0)       (0,0)       (0,0)
      (0,0)       (0,0)       (0,0)
      (0,0)       (0,0)       (0,0)
      (0,0)       (0,0)       (0,0)
      (0,0)       (0,0)       (0,0)
      (0,0)       (0,0)       (0,0)
      (0,0)       (0,0)       (0,0)
      (0,0)       (0,0)       (0,0)
      (0,0)       (0,0)       (0,0)
      (0,0)       (0,0)       (0,0)
(2.59796,0)       (0,0)       (0,0)
(2.65097,0)       (0,0)       (0,0)
(2.87613,0)       (0,0)       (0,0)
(3.23736,0)       (0,0)       (0,0)
(3.68619,0)       (0,0)       (0,0)
(4.17704,0)       (0,0)       (0,0)
(4.67184,0)       (0,0)       (0,0)
(5.14039,0)       (0,0)       (0,0)
(5.56042,0)       (0,0)       (0,0)
 (5.9177,0)       (0,0)       (0,0)
(6.20599,0)       (0,0)       (0,0)
(6.42618,0)       (0,0)       (0,0)
(6.58479,0)       (0,0)       (0,0)
(6.69194,0)       (0,0)       (0,0)
(6.75931,0)       (0,0)       (0,0)
(6.79831,0)       (0,0)       (0,0)
(6.81873,0)       (0,0)       (0,0)
(6.82796,0)       (0,0)       (0,0)
(6.83053,0)       (0,0)       (0,0)
      (0,0)       (0,0)       (0,0)
      (0,0)       (0,0)       (0,0)
      (0,0)       (0,0)       (0,0)
      (0,0)       (0,0)       (0,0)
      (0,0)       (0,0)       (0,0)
      (0,0)       (0,0)       (0,0)
      (0,0)       (0,0)       (0,0)
      (0,0)       (0,0)       (0,0)
      (0,0)       (0,0)       (0,0)
      (0,0)       (0,0)       (0,0)
      (0,0)       (0,0)       (0,0)
      (0,0)       (0,0)       (0,0)
      (0,0)       (0,0)       (0,0)
      (0,0)       (0,0)       (0,0)
      (0,0)       (0,0)       (0,0)
      (0,0)       (0,0)       (0,0)
      (0,0)       (0,0)       (0,0)
      (0,0)       (0,0)       (0,0)
(2.59796,0)       (0,0)       (0,0)
(2.67613,0)       (0,0)       (0,0)
(2.85186,0)       (0,0)       (0,0)
(3.10597,0)       (0,0)       (0,0)
(3.40885,0)       (0,0)       (0,0)
(3.72685,0)       (0,0)       (0,0)
(4.02902,0)       (0,0)       (0,0)
(4.29239,0)       (0,0)       (0,0)
(4.50496,0)       (0,0)       (0,0)
(4.66602,0)       (0,0)       (0,0)
(4.78379,0)       (0,0)       (0,0)
(4.87131,0)       (0,0)       (0,0)
 (4.9418,0)       (0,0)       (0,0)
(5.00485,0)       (0,0)       (0,0)
(5.06459,0)       (0,0)       (0,0)
 (5.1198,0)       (0,0)       (0,0)
(5.16567,0)       (0,0)       (0,0)
(5.19633,0)       (0,0)       (0,0)
(5.20713,0)       (0,0)       (0,0)
      (0,0)       (0,0)       (0,0)
      (0,0)       (0,0)       (0,0)
      (0,0)       (0,0)       (0,0)
      (0,0)       (0,0)       (0,0)
      (0,0)       (0,0)       (0,0)
      (0,0)       (0,0)       (0,0)
      (0,0)       (0,0)       (0,0)
      (0,0)       (0,0)       (0,0)
      (0,0)       (0,0)       (0,0)
      (0,0)       (0,0)       (0,0)
      (0,0)       (0,0)       (0,0)
      (0,0)       (0,0)       (0,0)
      (0,0)       (0,0)       (0,0)
      (0,0)       (0,0)       (0,0)
      (0,0)       (0,0)       (0,0)
      (0,0)       (0,0)       (0,0)
      (0,0)       (0,0)       (0,0)
      (0,0)       (0,0)       (0,0)
(2.59796,0)       (0,0)       (0,0)
(2.67614,0)       (0,0)       (0,0)
(2.83753,0)       (0,0)       (0,0)
(3.06656,0)       (0,0)       (0,0)
(3.33821,0)       (0,0)       (0,0)
(3.62259,0)       (0,0)       (0,0)
(3.89116,0)       (0,0)       (0,0)
(4.12218,0)       (0,0)       (0,0)
(4.30411,0)       (0,0)       (0,0)
(4.43624,0)       (0,0)       (0,0)
(4.52664,0)       (0,0)       (0,0)
 (4.5883,0)       (0,0)       (0,0)
(4.63465,0)       (0,0)       (0,0)
(4.67585,0)       (0,0)       (0,0)
(4.71673,0)       (0,0)       (0,0)
(4.75676,0)       (0,0)       (0,0)
(4.79162,0)       (0,0)       (0,0)
(4.81562,0)       (0,0)       (0,0)
 (4.8242,0)       (0,0)       (0,0)
      (0,0)       (0,0)       (0,0)
      (0,0)       (0,0)       (0,0)
      (0,0)       (0,0)       (0,0)
      (0,0)       (0,0)       (0,0)
      (0,0)       (0,0)       (0,0)
      (0,0)       (0,0)       (0,0)
      (0,0)       (0,0)       (0,0)
      (0,0)       (0,0)       (0,0)
      (0,0)       (0,0)       (0,0)
      (0,0)       (0,0)       (0,0)
      (0,0)       (0,0)       (0,0)
      (0,0)       (0,0)       (0,0)
      (0,0)       (0,0)       (0,0)
      (0,0)       (0,0)       (0,0)
      (0,0)       (0,0)       (0,0)
      (0,0)       (0,0)       (0,0)
      (0,0)       (0,0)       (0,0)
      (0,0)       (0,0)       (0,0)
(2.59796,0)       (0,0)       (0,0)
(2.65749,0)       (0,0)       (0,0)
(2.88634,0)       (0,0)       (0,0)
(3.24812,0)       (0,0)       (0,0)
(3.69433,0)       (0,0)       (0,0)
(4.17916,0)       (0,0)       (0,0)
 (4.6644,0)       (0,0)       (0,0)
(5.12027,0)       (0,0)       (0,0)
(5.52557,0)       (0,0)       (0,0)
(5.86783,0)       (0,0)       (0,0)
(6.14281,0)       (0,0)       (0,0)
(6.35323,0)       (0,0)       (0,0)
(6.50677,0)       (0,0)       (0,0)
(6.61376,0)       (0,0)       (0,0)
(6.68503,0)       (0,0)       (0,0)
(6.73032,0)       (0,0)       (0,0)
(6.75734,0)       (0,0)       (0,0)
(6.77148,0)       (0,0)       (0,0)
(6.77586,0)       (0,0)       (0,0)
      (0,0)       (0,0)       (0,0)
      (0,0)       (0,0)       (0,0)
      (0,0)       (0,0)       (0,0)
      (0,0)       (0,0)       (0,0)
      (0,0)       (0,0)       (0,0)
      (0,0)       (0,0)       (0,0)
      (0,0)       (0,0)       (0,0)
      (0,0)       (0,0)       (0,0)
      (0,0)       (0,0)       (0,0)
      (0,0)       (0,0)       (0,0)
      (0,0)       (0,0)       (0,0)
      (0,0)       (0,0)       (0,0)
      (0,0)       (0,0)       (0,0)
      (0,0)       (0,0)       (0,0)
      (0,0)       (0,0)       (0,0)
      (0,0)       (0,0)       (0,0)
      (0,0)       (0,0)       (0,0)
      (0,0)       (0,0)       (0,0)
(2.59796,0)       (0,0)       (0,0)
(2.67595,0)       (0,0)       (0,0)
(2.82282,0)       (0,0)       (0,0)
(3.02648,0)       (0,0)       (0,0)
(3.26656,0)       (0,0)       (0,0)
(3.51733,0)       (0,0)       (0,0)
(3.75312,0)       (0,0)       (0,0)
(3.95369,0)       (0,0)       (0,0)
 (4.1079,0)       (0,0)       (0,0)
(4.21464,0)       (0,0)       (0,0)
(4.28124,0)       (0,0)       (0,0)
(4.31997,0)       (0,0)       (0,0)
(4.34396,0)       (0,0)       (0,0)
(4.36368,0)       (0,0)       (0,0)
(4.38484,0)       (0,0)       (0,0)
(4.40804,0)       (0,0)       (0,0)
(4.43006,0)       (0,0)       (0,0)
(4.44604,0)       (0,0)       (0,0)
(4.45189,0)       (0,0)       (0,0)
      (0,0)       (0,0)       (0,0)
      (0,0)       (0,0)       (0,0)
      (0,0)       (0,0)       (0,0)
      (0,0)       (0,0)       (0,0)
      (0,0)       (0,0)       (0,0)
      (0,0)       (0,0)       (0,0)
      (0,0)       (0,0)       (0,0)
      (0,0)       (0,0)       (0,0)
      (0,0)       (0,0)       (0,0)
      (0,0)       (0,0)       (0,0)
      (0,0)       (0,0)       (0,0)
      (0,0)       (0,0)       (0,0)
      (0,0)       (0,0)       (0,0)
      (0,0)       (0,0)       (0,0)
      (0,0)       (0,0)       (0,0)
      (0,0)       (0,0)       (0,0)
      (0,0)       (0,0)       (0,0)
      (0,0)       (0,0)       (0,0)
(2.59796,0)       (0,0)       (0,0)
(2.67572,0)       (0,0)       (0,0)
(2.80848,0)       (0,0)       (0,0)
(2.98732,0)       (0,0)       (0,0)
 (3.1964,0)       (0,0)       (0,0)
(3.41445,0)       (0,0)       (0,0)
(3.61914,0)       (0,0)       (0,0)
(3.79211,0)       (0,0)       (0,0)
(3.92275,0)       (0,0)       (0,0)
(4.00939,0)       (0,0)       (0,0)
(4.05816,0)       (0,0)       (0,0)
(4.08001,0)       (0,0)       (0,0)
(4.08714,0)       (0,0)       (0,0)
(4.08982,0)       (0,0)       (0,0)
(4.09438,0)       (0,0)       (0,0)
(4.10261,0)       (0,0)       (0,0)
(4.11267,0)       (0,0)       (0,0)
(4.12092,0)       (0,0)       (0,0)
(4.12411,0)       (0,0)       (0,0)
      (0,0)       (0,0)       (0,0)
      (0,0)       (0,0)       (0,0)
      (0,0)       (0,0)       (0,0)
      (0,0)       (0,0)       (0,0)
      (0,0)       (0,0)       (0,0)
      (0,0)       (0,0)       (0,0)
      (0,0)       (0,0)       (0,0)
      (0,0)       (0,0)       (0,0)
      (0,0)       (0,0)       (0,0)
      (0,0)       (0,0)       (0,0)
      (0,0)       (0,0)       (0,0)
      (0,0)       (0,0)       (0,0)
      (0,0)       (0,0)       (0,0)
      (0,0)       (0,0)       (0,0)
      (0,0)       (0,0)       (0,0)
      (0,0)       (0,0)       (0,0)
      (0,0)       (0,0)       (0,0)
      (0,0)       (0,0)       (0,0)
(2.59796,0)       (0,0)       (0,0)
(2.67561,0)       (0,0)       (0,0)
(2.79524,0)       (0,0)       (0,0)
(2.95065,0)       (0,0)       (0,0)
(3.13026,0)       (0,0)       (0,0)
(3.31736,0)       (0,0)       (0,0)
(3.49336,0)       (0,0)       (0,0)
(3.64227,0)       (0,0)       (0,0)
(3.75427,0)       (0,0)       (0,0)
(3.82722,0)       (0,0)       (0,0)
(3.86583,0)       (0,0)       (0,0)
(3.87929,0)       (0,0)       (0,0)
(3.87824,0)       (0,0)       (0,0)
(3.87208,0)       (0,0)       (0,0)
(3.86711,0)       (0,0)       (0,0)
(3.86593,0)       (0,0)       (0,0)
(3.86792,0)       (0,0)       (0,0)
(3.87072,0)       (0,0)       (0,0)
(3.87197,0)       (0,0)       (0,0)
      (0,0)       (0,0)       (0,0)
      (0,0)       (0,0)       (0,0)
      (0,0)       (0,0)       (0,0)
      (0,0)       (0,0)       (0,0)
      (0,0)       (0,0)       (0,0)
      (0,0)       (0,0)       (0,0)
      (0,0)       (0,0)       (0,0)
      (0,0)       (0,0)       (0,0)
      (0,0)       (0,0)       (0,0)
      (0,0)       (0,0)       (0,0)
      (0,0)       (0,0)       (0,0)
      (0,0)       (0,0)       (0,0)
      (0,0)       (0,0)       (0,0)
      (0,0)       (0,0)       (0,0)
      (0,0)       (0,0)       (0,0)
      (0,0)       (0,0)       (0,0)
      (0,0)       (0,0)       (0,0)
      (0,0)       (0,0)       (0,0)
(2.59796,0)       (0,0)       (0,0)
(2.67578,0)       (0,0)       (0,0)
(2.78377,0)       (0,0)       (0,0)
(2.91798,0)       (0,0)       (0,0)
 (3.0706,0)       (0,0)       (0,0)
(3.22937,0)       (0,0)       (0,0)
(3.37971,0)       (0,0)       (0,0)
(3.50841,0)       (0,0)       (0,0)
(3.60687,0)       (0,0)       (0,0)
(3.67268,0)       (0,0)       (0,0)
(3.70918,0)       (0,0)       (0,0)
(3.72354,0)       (0,0)       (0,0)
(3.72437,0)       (0,0)       (0,0)
(3.71949,0)       (0,0)       (0,0)
(3.71446,0)       (0,0)       (0,0)
 (3.7119,0)       (0,0)       (0,0)
 (3.7119,0)       (0,0)       (0,0)
  (3.713,0)       (0,0)       (0,0)
 (3.7136,0)       (0,0)       (0,0)
      (0,0)       (0,0)       (0,0)
      (0,0)       (0,0)       (0,0)
      (0,0)       (0,0)       (0,0)
      (0,0)       (0,0)       (0,0)
      (0,0)       (0,0)       (0,0)
      (0,0)       (0,0)       (0,0)
      (0,0)       (0,0)       (0,0)
      (0,0)       (0,0)       (0,0)
      (0,0)       (0,0)       (0,0)
      (0,0)       (0,0)       (0,0)
      (0,0)       (0,0)       (0,0)
      (0,0)       (0,0)       (0,0)
      (0,0)       (0,0)       (0,0)
      (0,0)       (0,0)       (0,0)
      (0,0)       (0,0)       (0,0)
      (0,0)       (0,0)       (0,0)
      (0,0)       (0,0)       (0,0)
      (0,0)       (0,0)       (0,0)
(2.59796,0)       (0,0)       (0,0)
(2.67635,0)       (0,0)       (0,0)
(2.77468,0)       (0,0)       (0,0)
 (2.8907,0)       (0,0)       (0,0)
(3.01974,0)       (0,0)       (0,0)
(3.15362,0)       (0,0)       (0,0)
(3.28178,0)       (0,0)       (0,0)
(3.39407,0)       (0,0)       (0,0)
(3.48351,0)       (0,0)       (0,0)
(3.54775,0)       (0,0)       (0,0)
(3.58889,0)       (0,0)       (0,0)
(3.61208,0)       (0,0)       (0,0)
(3.62361,0)       (0,0)       (0,0)
(3.62927,0)       (0,0)       (0,0)
(3.63314,0)       (0,0)       (0,0)
(3.63719,0)       (0,0)       (0,0)
(3.64145,0)       (0,0)       (0,0)
(3.64484,0)       (0,0)       (0,0)
(3.64614,0)       (0,0)       (0,0)
      (0,0)       (0,0)       (0,0)
      (0,0)       (0,0)       (0,0)
      (0,0)       (0,0)       (0,0)
      (0,0)       (0,0)       (0,0)
      (0,0)       (0,0)       (0,0)
      (0,0)       (0,0)       (0,0)
      (0,0)       (0,0)       (0,0)
      (0,0)       (0,0)       (0,0)
      (0,0)       (0,0)       (0,0)
      (0,0)       (0,0)       (0,0)
      (0,0)       (0,0)       (0,0)
      (0,0)       (0,0)       (0,0)
      (0,0)       (0,0)       (0,0)
      (0,0)       (0,0)       (0,0)
      (0,0)       (0,0)       (0,0)
      (0,0)       (0,0)       (0,0)
      (0,0)       (0,0)       (0,0)
      (0,0)       (0,0)       (0,0)
(2.59796,0)       (0,0)       (0,0)
(2.67743,0)       (0,0)       (0,0)
(2.76849,0)       (0,0)       (0,0)
(2.87001,0)       (0,0)       (0,0)
(2.97972,0)       (0,0)       (0,0)
 (3.0929,0)       (0,0)       (0,0)
(3.20271,0)       (0,0)       (0,0)
(3.30209,0)       (0,0)       (0,0)
(3.38588,0)       (0,0)       (0,0)
 (3.4521,0)       (0,0)       (0,0)
(3.50188,0)       (0,0)       (0,0)
 (3.5385,0)       (0,0)       (0,0)
(3.56596,0)       (0,0)       (0,0)
(3.58778,0)       (0,0)       (0,0)
(3.60627,0)       (0,0)       (0,0)
(3.62216,0)       (0,0)       (0,0)
(3.63494,0)       (0,0)       (0,0)
(3.64338,0)       (0,0)       (0,0)
(3.64635,0)       (0,0)       (0,0)
      (0,0)       (0,0)       (0,0)
      (0,0)       (0,0)       (0,0)
      (0,0)       (0,0)       (0,0)
      (0,0)       (0,0)       (0,0)
      (0,0)       (0,0)       (0,0)
      (0,0)       (0,0)       (0,0)
      (0,0)       (0,0)       (0,0)
      (0,0)       (0,0)       (0,0)
      (0,0)       (0,0)       (0,0)
      (0,0)       (0,0)       (0,0)
      (0,0)       (0,0)       (0,0)
      (0,0)       (0,0)       (0,0)
      (0,0)       (0,0)       (0,0)
      (0,0)       (0,0)       (0,0)
      (0,0)       (0,0)       (0,0)
      (0,0)       (0,0)       (0,0)
      (0,0)       (0,0)       (0,0)
      (0,0)       (0,0)       (0,0)
(2.59796,0)       (0,0)       (0,0)
(2.67911,0)       (0,0)       (0,0)
 (2.7656,0)       (0,0)       (0,0)
(2.85686,0)       (0,0)       (0,0)
(2.95223,0)       (0,0)       (0,0)
(3.04958,0)       (0,0)       (0,0)
(3.14513,0)       (0,0)       (0,0)
(3.23461,0)       (0,0)       (0,0)
 (3.3147,0)       (0,0)       (0,0)
(3.38396,0)       (0,0)       (0,0)
 (3.4429,0)       (0,0)       (0,0)
(3.49325,0)       (0,0)       (0,0)
(3.53701,0)       (0,0)       (0,0)
(3.57566,0)       (0,0)       (0,0)
(3.60971,0)       (0,0)       (0,0)
 (3.6386,0)       (0,0)       (0,0)
(3.66099,0)       (0,0)       (0,0)
(3.67529,0)       (0,0)       (0,0)
(3.68022,0)       (0,0)       (0,0)
      (0,0)       (0,0)       (0,0)
      (0,0)       (0,0)       (0,0)
      (0,0)       (0,0)       (0,0)
      (0,0)       (0,0)       (0,0)
      (0,0)       (0,0)       (0,0)
      (0,0)       (0,0)       (0,0)
      (0,0)       (0,0)       (0,0)
      (0,0)       (0,0)       (0,0)
      (0,0)       (0,0)       (0,0)
      (0,0)       (0,0)       (0,0)
      (0,0)       (0,0)       (0,0)
      (0,0)       (0,0)       (0,0)
      (0,0)       (0,0)       (0,0)
      (0,0)       (0,0)       (0,0)
      (0,0)       (0,0)       (0,0)
      (0,0)       (0,0)       (0,0)
      (0,0)       (0,0)       (0,0)
      (0,0)       (0,0)       (0,0)
(2.59796,0)       (0,0)       (0,0)
(2.68143,0)       (0,0)       (0,0)
(2.76626,0)       (0,0)       (0,0)
(2.85191,0)       (0,0)       (0,0)
(2.93848,0)       (0,0)       (0,0)
(3.02538,0)       (0,0)       (0,0)
(3.11102,0)       (0,0)       (0,0)
(3.19325,0)       (0,0)       (0,0)
 (3.2703,0)       (0,0)       (0,0)
(3.34137,0)       (0,0)       (0,0)
(3.40669,0)       (0,0)       (0,0)
(3.46699,0)       (0,0)       (0,0)
(3.52287,0)       (0,0)       (0,0)
(3.57428,0)       (0,0)       (0,0)
(3.62036,0)       (0,0)       (0,0)
(3.65946,0)       (0,0)       (0,0)
(3.68954,0)       (0,0)       (0,0)
(3.70857,0)       (0,0)       (0,0)
(3.71509,0)       (0,0)       (0,0)
      (0,0)       (0,0)       (0,0)
      (0,0)       (0,0)       (0,0)
      (0,0)       (0,0)       (0,0)
      (0,0)       (0,0)       (0,0)
      (0,0)       (0,0)       (0,0)
      (0,0)       (0,0)       (0,0)
      (0,0)       (0,0)       (0,0)
      (0,0)       (0,0)       (0,0)
      (0,0)       (0,0)       (0,0)
      (0,0)       (0,0)       (0,0)
      (0,0)       (0,0)       (0,0)
      (0,0)       (0,0)       (0,0)
      (0,0)       (0,0)       (0,0)
      (0,0)       (0,0)       (0,0)
      (0,0)       (0,0)       (0,0)
      (0,0)       (0,0)       (0,0)
      (0,0)       (0,0)       (0,0)
      (0,0)       (0,0)       (0,0)
(2.59796,0)       (0,0)       (0,0)
(2.68442,0)       (0,0)       (0,0)
(2.77061,0)       (0,0)       (0,0)
 (2.8555,0)       (0,0)       (0,0)
(2.93909,0)       (0,0)       (0,0)
(3.02133,0)       (0,0)       (0,0)
(3.10164,0)       (0,0)       (0,0)
(3.17914,0)       (0,0)       (0,0)
(3.25309,0)       (0,0)       (0,0)
(3.32331,0)       (0,0)       (0,0)
(3.39009,0)       (0,0)       (0,0)
 (3.4538,0)       (0,0)       (0,0)
(3.51442,0)       (0,0)       (0,0)
 (3.5712,0)       (0,0)       (0,0)
(3.62257,0)       (0,0)       (0,0)
(3.66631,0)       (0,0)       (0,0)
(3.69994,0)       (0,0)       (0,0)
(3.72119,0)       (0,0)       (0,0)
(3.72847,0)       (0,0)       (0,0)
      (0,0)       (0,0)       (0,0)
      (0,0)       (0,0)       (0,0)
      (0,0)       (0,0)       (0,0)
      (0,0)       (0,0)       (0,0)
      (0,0)       (0,0)       (0,0)
      (0,0)       (0,0)       (0,0)
      (0,0)       (0,0)       (0,0)
      (0,0)       (0,0)       (0,0)
      (0,0)       (0,0)       (0,0)
      (0,0)       (0,0)       (0,0)
      (0,0)       (0,0)       (0,0)
      (0,0)       (0,0)       (0,0)
      (0,0)       (0,0)       (0,0)
      (0,0)       (0,0)       (0,0)
      (0,0)       (0,0)       (0,0)
      (0,0)       (0,0)       (0,0)
      (0,0)       (0,0)       (0,0)
      (0,0)       (0,0)       (0,0)
(2.59796,0)       (0,0)       (0,0)
(2.68805,0)       (0,0)       (0,0)
(2.77861,0)       (0,0)       (0,0)
(2.86759,0)       (0,0)       (0,0)
(2.95411,0)       (0,0)       (0,0)
(3.03759,0)       (0,0)       (0,0)
 (3.1174,0)       (0,0)       (0,0)
(3.19291,0)       (0,0)       (0,0)
(3.26384,0)       (0,0)       (0,0)
(3.33042,0)       (0,0)       (0,0)
(3.39328,0)       (0,0)       (0,0)
(3.45306,0)       (0,0)       (0,0)
(3.50995,0)       (0,0)       (0,0)
(3.56338,0)       (0,0)       (0,0)
(3.61191,0)       (0,0)       (0,0)
(3.65339,0)       (0,0)       (0,0)
(3.68539,0)       (0,0)       (0,0)
(3.70565,0)       (0,0)       (0,0)
 (3.7126,0)       (0,0)       (0,0)
      (0,0)       (0,0)       (0,0)
      (0,0)       (0,0)       (0,0)
      (0,0)       (0,0)       (0,0)
      (0,0)       (0,0)       (0,0)
      (0,0)       (0,0)       (0,0)
      (0,0)       (0,0)       (0,0)
      (0,0)       (0,0)       (0,0)
      (0,0)       (0,0)       (0,0)
      (0,0)       (0,0)       (0,0)
      (0,0)       (0,0)       (0,0)
      (0,0)       (0,0)       (0,0)
      (0,0)       (0,0)       (0,0)
      (0,0)       (0,0)       (0,0)
      (0,0)       (0,0)       (0,0)
      (0,0)       (0,0)       (0,0)
      (0,0)       (0,0)       (0,0)
      (0,0)       (0,0)       (0,0)
      (0,0)       (0,0)       (0,0)
freq = 4.893336827e-317
k_0 = 0
L = 5
polar info is already calculated
