#data
R,THETA,PHI,abs|E|
100,0,0,2.59796e+06
100,5,0,2.65097e+06
100,10,0,2.87613e+06
100,15,0,3.23736e+06
100,20,0,3.68619e+06
100,25,0,4.17704e+06
100,30,0,4.67184e+06
100,35,0,5.14039e+06
100,40,0,5.56042e+06
100,45,0,5.9177e+06
100,50,0,6.20599e+06
100,55,0,6.42618e+06
100,60,0,6.58479e+06
100,65,0,6.69194e+06
100,70,0,6.75931e+06
100,75,0,6.79831e+06
100,80,0,6.81873e+06
100,85,0,6.82796e+06
100,90,0,6.83053e+06
100,95,0,0
100,100,0,0
100,105,0,0
100,110,0,0
100,115,0,0
100,120,0,0
100,125,0,0
100,130,0,0
100,135,0,0
100,140,0,0
100,145,0,0
100,150,0,0
100,155,0,0
100,160,0,0
100,165,0,0
100,170,0,0
100,175,0,0
100,180,0,0
100,0,10,2.59796
100,5,10,2.66295
100,10,10,2.89215
100,15,10,3.24978
100,20,10,3.68802
100,25,10,4.1613
100,30,10,4.63159
100,35,10,5.06975
100,40,10,5.45601
100,45,10,5.77992
100,50,10,6.0395
100,55,10,6.23937
100,60,10,6.38824
100,65,10,6.49632
100,70,10,6.57314
100,75,10,6.62638
100,80,10,6.66134
100,85,10,6.68125
100,90,10,6.68773
100,95,10,0
100,100,10,0
100,105,10,0
100,110,10,0
100,115,10,0
100,120,10,0
100,125,10,0
100,130,10,0
100,135,10,0
100,140,10,0
100,145,10,0
100,150,10,0
100,155,10,0
100,160,10,0
100,165,10,0
100,170,10,0
100,175,10,0
100,180,10,0
100,0,100,2.59796
100,5,100,2.69227
100,10,100,2.79007
100,15,100,2.8878
100,20,100,2.98294
100,25,100,3.0735
100,30,100,3.15778
100,35,100,3.23459
100,40,100,3.30348
100,45,100,3.36488
100,50,100,3.41988
100,55,100,3.46983
100,60,100,3.51581
100,65,100,3.55818
100,70,100,3.59641
100,75,100,3.62913
100,80,100,3.65449
100,85,100,3.67063
100,90,100,3.67617
100,95,100,0
100,100,100,0
100,105,100,0
100,110,100,0
100,115,100,0
100,120,100,0
100,125,100,0
100,130,100,0
100,135,100,0
100,140,100,0
100,145,100,0
100,150,100,0
100,155,100,0
100,160,100,0
100,165,100,0
100,170,100,0
100,175,100,0
100,180,100,0
100,0,105,2.59796
100,5,105,2.69699
100,10,105,2.80469
100,15,105,2.91544
100,20,105,3.02445
100,25,105,3.12756
100,30,105,3.22133
100,35,105,3.30338
100,40,105,3.37268
100,45,105,3.42965
100,50,105,3.47585
100,55,105,3.51352
100,60,105,3.54496
100,65,105,3.57195
100,70,105,3.59537
100,75,105,3.61518
100,80,105,3.63058
100,85,105,3.64044
100,90,105,3.64385
100,95,105,0
100,100,105,0
100,105,105,0
100,110,105,0
100,115,105,0
100,120,105,0
100,125,105,0
100,130,105,0
100,135,105,0
100,140,105,0
100,145,105,0
100,150,105,0
100,155,105,0
100,160,105,0
100,165,105,0
100,170,105,0
100,175,105,0
100,180,105,0
100,0,110,2.59796
100,5,110,2.69699
100,10,110,2.80469
100,15,110,2.91544
100,20,110,3.02445
100,25,110,3.12756
100,30,110,3.22133
100,35,110,3.30338
100,40,110,3.37268
100,45,110,3.42965
100,50,110,3.47585
100,55,110,3.51352
100,60,110,3.54496
100,65,110,3.57195
100,70,110,3.59537
100,75,110,3.61518
100,80,110,3.63058
100,85,110,3.64044
100,90,110,3.64385
100,95,110,0
100,100,110,0
100,105,110,0
100,110,110,0
100,115,110,0
100,120,110,0
100,125,110,0
100,130,110,0
100,135,110,0
100,140,110,0
100,145,110,0
100,150,110,0
100,155,110,0
100,160,110,0
100,165,110,0
100,170,110,0
100,175,110,0
100,180,110,0
100,0,115,2.59796
100,5,115,2.70748
100,10,115,2.84149
100,15,115,2.9888
100,20,115,3.13852
100,25,115,3.28083
100,30,115,3.4078
100,35,115,3.51411
100,40,115,3.59738
100,45,115,3.65795
100,50,115,3.6983
100,55,115,3.72235
100,60,115,3.73461
100,65,115,3.73939
100,70,115,3.74025
100,75,115,3.73964
100,80,115,3.73887
100,85,115,3.73841
100,90,115,3.73827
100,95,115,0
100,100,115,0
100,105,115,0
100,110,115,0
100,115,115,0
100,120,115,0
100,125,115,0
100,130,115,0
100,135,115,0
100,140,115,0
100,145,115,0
100,150,115,0
100,155,115,0
100,160,115,0
100,165,115,0
100,170,115,0
100,175,115,0
100,180,115,0
100,0,120,2.59796
100,5,120,2.71293
100,10,120,2.86249
100,15,120,3.03195
100,20,120,3.20684
100,25,120,3.3742
100,30,120,3.5239
100,35,120,3.64939
100,40,120,3.74787
100,45,120,3.81992
100,50,120,3.86861
100,55,120,3.89854
100,60,120,3.91488
100,65,120,3.92251
100,70,120,3.9254
100,75,120,3.92625
100,80,120,3.92651
100,85,120,3.92667
100,90,120,3.92674
100,95,120,0
100,100,120,0
100,105,120,0
100,110,120,0
100,115,120,0
100,120,120,0
100,125,120,0
100,130,120,0
100,135,120,0
100,140,120,0
100,145,120,0
100,150,120,0
100,155,120,0
100,160,120,0
100,165,120,0
100,170,120,0
100,175,120,0
100,180,120,0
100,0,125,2.59796
100,5,125,2.71829
100,10,125,2.88431
100,15,125,3.07749
100,20,125,3.27952
100,25,125,3.47441
100,30,125,3.64998
100,35,125,3.79874
100,40,125,3.9178
100,45,125,4.00817
100,50,125,4.07354
100,55,125,4.11908
100,60,125,4.15025
100,65,125,4.17192
100,70,125,4.18768
100,75,125,4.19964
100,80,125,4.20853
100,85,125,4.21417
100,90,125,4.21613
100,95,125,0
100,100,125,0
100,105,125,0
100,110,125,0
100,115,125,0
100,120,125,0
100,125,125,0
100,130,125,0
100,135,125,0
100,140,125,0
100,145,125,0
100,150,125,0
100,155,125,0
100,160,125,0
100,165,125,0
100,170,125,0
100,175,125,0
100,180,125,0
100,0,130,2.59796
100,5,130,2.72337
100,10,130,2.90622
100,15,130,3.12389
100,20,130,3.35417
100,25,130,3.57813
100,30,130,3.78185
100,35,130,3.95714
100,40,130,4.10123
100,45,130,4.2156
100,50,130,4.30453
100,55,130,4.37349
100,60,130,4.42787
100,65,130,4.47198
100,70,130,4.50852
100,75,130,4.53842
100,80,130,4.56119
100,85,130,4.57564
100,90,130,4.58061
100,95,130,0
100,100,130,0
100,105,130,0
100,110,130,0
100,115,130,0
100,120,130,0
100,125,130,0
100,130,130,0
100,135,130,0
100,140,130,0
100,145,130,0
100,150,130,0
100,155,130,0
100,160,130,0
100,165,130,0
100,170,130,0
100,175,130,0
100,180,130,0
100,0,135,2.59796
100,5,135,2.72796
100,10,135,2.9275
100,15,135,3.16967
100,20,135,3.42843
100,25,135,3.68213
100,30,135,3.91536
100,35,135,4.11942
100,40,135,4.29164
100,45,135,4.43388
100,50,135,4.55073
100,55,135,4.64764
100,60,135,4.72954
100,65,135,4.7999
100,70,135,4.86028
100,75,135,4.91036
100,80,135,4.94851
100,85,135,4.97258
100,90,135,4.98083
100,95,135,0
100,100,135,0
100,105,135,0
100,110,135,0
100,115,135,0
100,120,135,0
100,125,135,0
100,130,135,0
100,135,135,0
100,140,135,0
100,145,135,0
100,150,135,0
100,155,135,0
100,160,135,0
100,165,135,0
100,170,135,0
100,175,135,0
100,180,135,0
100,0,140,2.59796
100,5,140,2.73189
100,10,140,2.9474
100,15,140,3.21337
100,20,140,3.50005
100,25,140,3.78336
100,30,140,4.04658
100,35,140,4.28054
100,40,140,4.48251
100,45,140,4.65444
100,50,140,4.80078
100,55,140,4.92658
100,60,140,5.03603
100,65,140,5.13166
100,70,140,5.21406
100,75,140,5.28208
100,80,140,5.33346
100,85,140,5.36562
100,90,140,5.37659
100,95,140,0
100,100,140,0
100,105,140,0
100,110,140,0
100,115,140,0
100,120,140,0
100,125,140,0
100,130,140,0
100,135,140,0
100,140,140,0
100,145,140,0
100,150,140,0
100,155,140,0
100,160,140,0
100,165,140,0
100,170,140,0
100,175,140,0
100,180,140,0
100,0,145,2.59796
100,5,145,2.73495
100,10,145,2.96523
100,15,145,3.25361
100,20,145,3.56695
100,25,145,3.87899
100,30,145,4.17186
100,35,145,4.43579
100,40,145,4.66772
100,45,145,4.86922
100,50,145,5.04415
100,55,145,5.19674
100,60,145,5.33028
100,65,145,5.44652
100,70,145,5.54553
100,75,145,5.62603
100,80,145,5.68593
100,85,145,5.723
100,90,145,5.73556
100,95,145,0
100,100,145,0
100,105,145,0
100,110,145,0
100,115,145,0
100,120,145,0
100,125,145,0
100,130,145,0
100,135,145,0
100,140,145,0
100,145,145,0
100,150,145,0
100,155,145,0
100,160,145,0
100,165,145,0
100,170,145,0
100,175,145,0
100,180,145,0
100,0,15,2.59796
100,5,15,2.66734
100,10,15,2.89373
100,15,15,3.24273
100,20,15,3.66799
100,25,15,4.12463
100,30,15,4.57508
100,35,15,4.99108
100,40,15,5.35444
100,45,15,5.65695
100,50,15,5.89898
100,55,15,6.08705
100,60,15,6.23078
100,65,15,6.33997
100,70,15,6.42265
100,75,15,6.48417
100,80,15,6.52732
100,85,15,6.55313
100,90,15,6.56175
100,95,15,0
100,100,15,0
100,105,15,0
100,110,15,0
100,115,15,0
100,120,15,0
100,125,15,0
100,130,15,0
100,135,15,0
100,140,15,0
100,145,15,0
100,150,15,0
100,155,15,0
100,160,15,0
100,165,15,0
100,170,15,0
100,175,15,0
100,180,15,0
100,0,150,2.59796
100,5,150,2.73698
100,10,150,2.98034
100,15,150,3.28915
100,20,150,3.62722
100,25,150,3.96645
100,30,150,4.28784
100,35,150,4.58088
100,40,150,4.84178
100,45,150,5.07121
100,50,150,5.27197
100,55,150,5.4472
100,60,150,5.59927
100,65,150,5.72942
100,70,150,5.83782
100,75,150,5.92385
100,80,150,5.98647
100,85,150,6.02459
100,90,150,6.0374
100,95,150,0
100,100,150,0
100,105,150,0
100,110,150,0
100,115,150,0
100,120,150,0
100,125,150,0
100,130,150,0
100,135,150,0
100,140,150,0
100,145,150,0
100,150,150,0
100,155,150,0
100,160,150,0
100,165,150,0
100,170,150,0
100,175,150,0
100,180,150,0
100,0,155,2.59796
100,5,155,2.73781
100,10,155,2.99214
100,15,155,3.31883
100,20,155,3.67917
100,25,155,4.04343
100,30,155,4.39156
100,35,155,4.71204
100,40,155,4.99994
100,45,155,5.25457
100,50,155,5.47735
100,55,155,5.67014
100,60,155,5.83451
100,65,155,5.97157
100,70,155,6.08213
100,75,155,6.16696
100,80,155,6.22682
100,85,155,6.26241
100,90,155,6.27421
100,95,155,0
100,100,155,0
100,105,155,0
100,110,155,0
100,115,155,0
100,120,155,0
100,125,155,0
100,130,155,0
100,135,155,0
100,140,155,0
100,145,155,0
100,150,155,0
100,155,155,0
100,160,155,0
100,165,155,0
100,170,155,0
100,175,155,0
100,180,155,0
100,0,160,2.59796
100,5,160,2.73732
100,10,160,3.00012
100,15,160,3.34168
100,20,160,3.72128
100,25,160,4.10788
100,30,160,4.48034
100,35,160,4.82592
100,40,160,5.13816
100,45,160,5.41469
100,50,160,5.65528
100,55,160,5.86059
100,60,160,6.03156
100,65,160,6.16955
100,70,160,6.2765
100,75,160,6.35501
100,80,160,6.40808
100,85,160,6.43855
100,90,160,6.44846
100,95,160,0
100,100,160,0
100,105,160,0
100,110,160,0
100,115,160,0
100,120,160,0
100,125,160,0
100,130,160,0
100,135,160,0
100,140,160,0
100,145,160,0
100,150,160,0
100,155,160,0
100,160,160,0
100,165,160,0
100,170,160,0
100,175,160,0
100,180,160,0
100,0,165,2.59796
100,5,165,2.73539
100,10,165,3.00384
100,15,165,3.35685
100,20,165,3.75226
100,25,165,4.158
100,30,165,4.55186
100,35,165,4.91964
100,40,165,5.25307
100,45,165,5.5479
100,50,165,5.80226
100,55,165,6.01571
100,60,165,6.18891
100,65,165,6.32375
100,70,165,6.42358
100,75,165,6.49301
100,80,165,6.53733
100,85,165,6.56153
100,90,165,6.56917
100,95,165,0
100,100,165,0
100,105,165,0
100,110,165,0
100,115,165,0
100,120,165,0
100,125,165,0
100,130,165,0
100,135,165,0
100,140,165,0
100,145,165,0
100,150,165,0
100,155,165,0
100,160,165,0
100,165,165,0
100,170,165,0
100,175,165,0
100,180,165,0
100,0,170,2.59796
100,5,170,2.73195
100,10,170,3.00296
100,15,170,3.36364
100,20,170,3.77101
100,25,170,4.19225
100,30,170,4.60408
100,35,170,4.99067
100,40,170,5.34182
100,45,170,5.65132
100,50,170,5.91581
100,55,170,6.134
100,60,170,6.3066
100,65,170,6.43632
100,70,170,6.52797
100,75,170,6.58803
100,80,170,6.62381
100,85,170,6.64205
100,90,170,6.64755
100,95,170,0
100,100,170,0
100,105,170,0
100,110,170,0
100,115,170,0
100,120,170,0
100,125,170,0
100,130,170,0
100,135,170,0
100,140,170,0
100,145,170,0
100,150,170,0
100,155,170,0
100,160,170,0
100,165,170,0
100,170,170,0
100,175,170,0
100,180,170,0
100,0,175,2.59796
100,5,175,2.72695
100,10,175,2.99726
100,15,175,3.36154
100,20,175,3.77666
100,25,175,4.20935
100,30,175,4.63525
100,35,175,5.03687
100,40,175,5.40201
100,45,175,5.7226
100,50,175,5.994
100,55,175,6.21447
100,60,175,6.38506
100,65,175,6.50947
100,70,175,6.59388
100,75,175,6.64628
100,80,175,6.67539
100,85,175,6.68913
100,90,175,6.69304
100,95,175,0
100,100,175,0
100,105,175,0
100,110,175,0
100,115,175,0
100,120,175,0
100,125,175,0
100,130,175,0
100,135,175,0
100,140,175,0
100,145,175,0
100,150,175,0
100,155,175,0
100,160,175,0
100,165,175,0
100,170,175,0
100,175,175,0
100,180,175,0
100,0,180,2.59796
100,5,180,2.7204
100,10,180,2.9866
100,15,180,3.3502
100,20,180,3.76858
100,25,180,4.20827
100,30,180,4.64395
100,35,180,5.05645
100,40,180,5.43163
100,45,180,5.75975
100,50,180,6.0352
100,55,180,6.25613
100,60,180,6.42422
100,65,180,6.54425
100,70,180,6.62354
100,75,180,6.67111
100,80,180,6.69636
100,85,180,6.70764
100,90,180,6.71072
100,95,180,0
100,100,180,0
100,105,180,0
100,110,180,0
100,115,180,0
100,120,180,0
100,125,180,0
100,130,180,0
100,135,180,0
100,140,180,0
100,145,180,0
100,150,180,0
100,155,180,0
100,160,180,0
100,165,180,0
100,170,180,0
100,175,180,0
100,180,180,0
100,0,185,2.59796
100,5,185,2.71231
100,10,185,2.97096
100,15,185,3.32948
100,20,185,3.74636
100,25,185,4.18831
100,30,185,4.62911
100,35,185,5.04801
100,40,185,5.42906
100,45,185,5.76112
100,50,185,6.03789
100,55,185,6.25775
100,60,185,6.42319
100,65,185,6.54008
100,70,185,6.61663
100,75,185,6.66232
100,80,185,6.68658
100,85,185,6.69748
100,90,185,6.70047
100,95,185,0
100,100,185,0
100,105,185,0
100,110,185,0
100,115,185,0
100,120,185,0
100,125,185,0
100,130,185,0
100,135,185,0
100,140,185,0
100,145,185,0
100,150,185,0
100,155,185,0
100,160,185,0
100,165,185,0
100,170,185,0
100,175,185,0
100,180,185,0
100,0,190,2.59796
100,5,190,2.70276
100,10,190,2.95044
100,15,190,3.29939
100,20,190,3.70989
100,25,190,4.14907
100,30,190,4.59002
100,35,190,5.01057
100,40,190,5.39315
100,45,190,5.72544
100,50,190,6.00076
100,55,190,6.21793
100,60,190,6.38038
100,65,190,6.49498
100,70,190,6.57056
100,75,190,6.61663
100,80,190,6.6421
100,85,190,6.6542
100,90,190,6.65768
100,95,190,0
100,100,190,0
100,105,190,0
100,110,190,0
100,115,190,0
100,120,190,0
100,125,190,0
100,130,190,0
100,135,190,0
100,140,190,0
100,145,190,0
100,150,190,0
100,155,190,0
100,160,190,0
100,165,190,0
100,170,190,0
100,175,190,0
100,180,190,0
100,0,195,2.59796
100,5,195,2.69185
100,10,195,2.92526
100,15,195,3.2602
100,20,195,3.6593
100,25,195,4.09053
100,30,195,4.52647
100,35,195,4.9437
100,40,195,5.32329
100,45,195,5.65198
100,50,195,5.92291
100,55,195,6.13544
100,60,195,6.29397
100,65,195,6.40624
100,70,195,6.48151
100,75,195,6.52899
100,80,195,6.5567
100,85,195,6.57078
100,90,195,6.57505
100,95,195,0
100,100,195,0
100,105,195,0
100,110,195,0
100,115,195,0
100,120,195,0
100,125,195,0
100,130,195,0
100,135,195,0
100,140,195,0
100,145,195,0
100,150,195,0
100,155,195,0
100,160,195,0
100,165,195,0
100,170,195,0
100,175,195,0
100,180,195,0
100,0,20,2.59796
100,5,20,2.67072
100,10,20,2.89137
100,15,20,3.22762
100,20,20,3.63529
100,25,20,4.07071
100,30,20,4.49705
100,35,20,4.88703
100,40,20,5.22415
100,45,20,5.50237
100,50,20,5.72441
100,55,20,5.89861
100,60,20,6.03538
100,65,20,6.14407
100,70,20,6.23114
100,75,20,6.29963
100,80,20,6.34993
100,85,20,6.38096
100,90,20,6.39148
100,95,20,0
100,100,20,0
100,105,20,0
100,110,20,0
100,115,20,0
100,120,20,0
100,125,20,0
100,130,20,0
100,135,20,0
100,140,20,0
100,145,20,0
100,150,20,0
100,155,20,0
100,160,20,0
100,165,20,0
100,170,20,0
100,175,20,0
100,180,20,0
100,0,200,2.59796
100,5,200,2.67972
100,10,200,2.89576
100,15,200,3.21234
100,20,200,3.59508
100,25,200,4.01309
100,30,200,4.43874
100,35,200,4.84759
100,40,200,5.21959
100,45,200,5.54076
100,50,200,5.80417
100,55,200,6.0097
100,60,200,6.16265
100,65,200,6.2715
100,70,200,6.34576
100,75,200,6.39422
100,80,200,6.42395
100,85,200,6.43988
100,90,200,6.44488
100,95,200,0
100,100,200,0
100,105,200,0
100,110,200,0
100,115,200,0
100,120,200,0
100,125,200,0
100,130,200,0
100,135,200,0
100,140,200,0
100,145,200,0
100,150,200,0
100,155,200,0
100,160,200,0
100,165,200,0
100,170,200,0
100,175,200,0
100,180,200,0
100,0,205,2.59796
100,5,205,2.66656
100,10,205,2.86238
100,15,205,3.15651
100,20,205,3.51802
100,25,205,3.91759
100,30,205,4.32768
100,35,205,4.72314
100,40,205,5.08303
100,45,205,5.39279
100,50,205,5.64543
100,55,205,5.8413
100,60,205,5.98639
100,65,205,6.08977
100,70,205,6.16113
100,75,205,6.20888
100,80,205,6.23923
100,85,205,6.2561
100,90,205,6.26152
100,95,205,0
100,100,205,0
100,105,205,0
100,110,205,0
100,115,205,0
100,120,205,0
100,125,205,0
100,130,205,0
100,135,205,0
100,140,205,0
100,145,205,0
100,150,205,0
100,155,205,0
100,160,205,0
100,165,205,0
100,170,205,0
100,175,205,0
100,180,205,0
100,0,210,2.59796
100,5,210,2.65256
100,10,210,2.82571
100,15,210,3.0936
100,20,210,3.42926
100,25,210,3.80536
100,30,210,4.19482
100,35,210,4.57207
100,40,210,4.91555
100,45,210,5.21022
100,50,210,5.44901
100,55,210,5.63252
100,60,210,5.7672
100,65,210,5.86255
100,70,210,5.92841
100,75,210,5.97294
100,80,210,6.00178
100,85,210,6.01814
100,90,210,6.02346
100,95,210,0
100,100,210,0
100,105,210,0
100,110,210,0
100,115,210,0
100,120,210,0
100,125,210,0
100,130,210,0
100,135,210,0
100,140,210,0
100,145,210,0
100,150,210,0
100,155,210,0
100,160,210,0
100,165,210,0
100,170,210,0
100,175,210,0
100,180,210,0
100,0,215,2.59796
100,5,215,2.63796
100,10,215,2.78642
100,15,215,3.02476
100,20,215,3.33033
100,25,215,3.67825
100,30,215,4.04232
100,35,215,4.39695
100,40,215,4.72017
100,45,215,4.99658
100,50,215,5.21889
100,55,215,5.38775
100,60,215,5.50976
100,65,215,5.59465
100,70,215,5.65239
100,75,215,5.6911
100,80,215,5.71616
100,85,215,5.73045
100,90,215,5.73512
100,95,215,0
100,100,215,0
100,105,215,0
100,110,215,0
100,115,215,0
100,120,215,0
100,125,215,0
100,130,215,0
100,135,215,0
100,140,215,0
100,145,215,0
100,150,215,0
100,155,215,0
100,160,215,0
100,165,215,0
100,170,215,0
100,175,215,0
100,180,215,0
100,0,220,2.59796
100,5,220,2.62302
100,10,220,2.74529
100,15,220,2.95135
100,20,220,3.22312
100,25,220,3.53864
100,30,220,3.87308
100,35,220,4.20124
100,40,220,4.50103
100,45,220,4.75676
100,50,220,4.96083
100,55,220,5.11363
100,60,220,5.22165
100,65,220,5.2946
100,70,220,5.34248
100,75,220,5.3735
100,80,220,5.3931
100,85,220,5.40412
100,90,220,5.40771
100,95,220,0
100,100,220,0
100,105,220,0
100,110,220,0
100,115,220,0
100,120,220,0
100,125,220,0
100,130,220,0
100,135,220,0
100,140,220,0
100,145,220,0
100,150,220,0
100,155,220,0
100,160,220,0
100,165,220,0
100,170,220,0
100,175,220,0
100,180,220,0
100,0,225,2.59796
100,5,225,2.60801
100,10,225,2.7032
100,15,225,2.87496
100,20,225,3.10991
100,25,225,3.38946
100,30,225,3.69071
100,35,225,3.9893
100,40,225,4.26337
100,45,225,4.49703
100,50,225,4.68228
100,55,225,4.81904
100,60,225,4.91332
100,65,225,4.97451
100,70,225,5.01252
100,75,225,5.03559
100,80,225,5.04932
100,85,225,5.05673
100,90,225,5.05911
100,95,225,0
100,100,225,0
100,105,225,0
100,110,225,0
100,115,225,0
100,120,225,0
100,125,225,0
100,130,225,0
100,135,225,0
100,140,225,0
100,145,225,0
100,150,225,0
100,155,225,0
100,160,225,0
100,165,225,0
100,170,225,0
100,175,225,0
100,180,225,0
100,0,230,2.59796
100,5,230,2.59322
100,10,230,2.6611
100,15,230,2.79739
100,20,230,2.99336
100,25,230,3.23421
100,30,230,3.49953
100,35,230,3.76638
100,40,230,4.01347
100,45,230,4.22488
100,50,230,4.39221
100,55,230,4.51465
100,60,230,4.59745
100,65,230,4.64934
100,70,230,4.67975
100,75,230,4.69678
100,80,230,4.70602
100,85,230,4.71067
100,90,230,4.7121
100,95,230,0
100,100,230,0
100,105,230,0
100,110,230,0
100,115,230,0
100,120,230,0
100,125,230,0
100,130,230,0
100,135,230,0
100,140,230,0
100,145,230,0
100,150,230,0
100,155,230,0
100,160,230,0
100,165,230,0
100,170,230,0
100,175,230,0
100,180,230,0
100,0,235,2.59796
100,5,235,2.57894
100,10,235,2.61997
100,15,235,2.7206
100,20,235,2.87651
100,25,235,3.07695
100,30,235,3.30463
100,35,235,3.53859
100,40,235,3.75857
100,45,235,3.94888
100,50,235,4.10069
100,55,235,4.21235
100,60,235,4.28802
100,65,235,4.33534
100,70,235,4.36284
100,75,235,4.37797
100,80,235,4.38598
100,85,235,4.38991
100,90,235,4.39111
100,95,235,0
100,100,235,0
100,105,235,0
100,110,235,0
100,115,235,0
100,120,235,0
100,125,235,0
100,130,235,0
100,135,235,0
100,140,235,0
100,145,235,0
100,150,235,0
100,155,235,0
100,160,235,0
100,165,235,0
100,170,235,0
100,175,235,0
100,180,235,0
100,0,240,2.59796
100,5,240,2.56544
100,10,240,2.58084
100,15,240,2.64672
100,20,240,2.76274
100,25,240,2.92232
100,30,240,3.11182
100,35,240,3.31289
100,40,240,3.50679
100,45,240,3.67837
100,50,240,3.81846
100,55,240,3.9244
100,60,240,3.99895
100,65,240,4.04819
100,70,240,4.07919
100,75,240,4.09816
100,80,240,4.10948
100,85,240,4.11558
100,90,240,4.11753
100,95,240,0
100,100,240,0
100,105,240,0
100,110,240,0
100,115,240,0
100,120,240,0
100,125,240,0
100,130,240,0
100,135,240,0
100,140,240,0
100,145,240,0
100,150,240,0
100,155,240,0
100,160,240,0
100,165,240,0
100,170,240,0
100,175,240,0
100,180,240,0
100,0,245,2.59796
100,5,245,2.55301
100,10,245,2.54473
100,15,245,2.57795
100,20,245,2.6557
100,25,245,2.77547
100,30,245,2.92762
100,35,245,3.09705
100,40,245,3.26706
100,45,245,3.42332
100,50,245,3.5564
100,55,245,3.66251
100,60,245,3.74266
100,65,245,3.80086
100,70,245,3.84213
100,75,245,3.87088
100,80,245,3.89008
100,85,245,3.90126
100,90,245,3.90496
100,95,245,0
100,100,245,0
100,105,245,0
100,110,245,0
100,115,245,0
100,120,245,0
100,125,245,0
100,130,245,0
100,135,245,0
100,140,245,0
100,145,245,0
100,150,245,0
100,155,245,0
100,160,245,0
100,165,245,0
100,170,245,0
100,175,245,0
100,180,245,0
100,0,25,2.59796
100,5,25,2.67317
100,10,25,2.88546
100,15,25,3.20528
100,20,25,3.59127
100,25,25,4.0015
100,30,25,4.40014
100,35,25,4.76098
100,40,25,5.06905
100,45,25,5.32033
100,50,25,5.51965
100,55,25,5.67701
100,60,25,5.8036
100,65,25,5.90842
100,70,25,5.99654
100,75,25,6.06902
100,80,25,6.12409
100,85,25,6.15882
100,90,25,6.17072
100,95,25,0
100,100,25,0
100,105,25,0
100,110,25,0
100,115,25,0
100,120,25,0
100,125,25,0
100,130,25,0
100,135,25,0
100,140,25,0
100,145,25,0
100,150,25,0
100,155,25,0
100,160,25,0
100,165,25,0
100,170,25,0
100,175,25,0
100,180,25,0
100,0,250,2.59796
100,5,250,2.54189
100,10,250,2.5126
100,15,250,2.51649
100,20,250,2.55921
100,25,250,2.64197
100,30,250,2.75926
100,35,250,2.89964
100,40,250,3.04895
100,45,250,3.19396
100,50,250,3.32503
100,55,250,3.43703
100,60,250,3.52883
100,65,250,3.60192
100,70,250,3.65879
100,75,250,3.7017
100,80,250,3.732
100,85,250,3.75019
100,90,250,3.75627
100,95,250,0
100,100,250,0
100,105,250,0
100,110,250,0
100,115,250,0
100,120,250,0
100,125,250,0
100,130,250,0
100,135,250,0
100,140,250,0
100,145,250,0
100,150,250,0
100,155,250,0
100,160,250,0
100,165,250,0
100,170,250,0
100,175,250,0
100,180,250,0
100,0,255,2.59796
100,5,255,2.53229
100,10,255,2.48533
100,15,255,2.46443
100,20,255,2.47711
100,25,255,2.52764
100,30,255,2.61441
100,35,255,2.72982
100,40,255,2.86249
100,45,255,3.0005
100,50,255,3.13396
100,55,255,3.25617
100,60,255,3.36355
100,65,255,3.45475
100,70,255,3.52957
100,75,255,3.58812
100,80,255,3.63031
100,85,255,3.65584
100,90,255,3.6644
100,95,255,0
100,100,255,0
100,105,255,0
100,110,255,0
100,115,255,0
100,120,255,0
100,125,255,0
100,130,255,0
100,135,255,0
100,140,255,0
100,145,255,0
100,150,255,0
100,155,255,0
100,160,255,0
100,165,255,0
100,170,255,0
100,175,255,0
100,180,255,0
100,0,260,2.59796
100,5,260,2.52442
100,10,260,2.46369
100,15,260,2.42366
100,20,260,2.41297
100,25,260,2.43813
100,30,260,2.50079
100,35,260,2.59682
100,40,260,2.71761
100,45,260,2.85253
100,50,260,2.99136
100,55,260,3.1257
100,60,260,3.24939
100,65,260,3.3583
100,70,260,3.44979
100,75,260,3.52219
100,80,260,3.5745
100,85,260,3.6061
100,90,260,3.61667
100,95,260,0
100,100,260,0
100,105,260,0
100,110,260,0
100,115,260,0
100,120,260,0
100,125,260,0
100,130,260,0
100,135,260,0
100,140,260,0
100,145,260,0
100,150,260,0
100,155,260,0
100,160,260,0
100,165,260,0
100,170,260,0
100,175,260,0
100,180,260,0
100,0,265,2.59796
100,5,265,2.51842
100,10,265,2.44829
100,15,265,2.39569
100,20,265,2.36981
100,25,265,2.37841
100,30,265,2.42533
100,35,265,2.50907
100,40,265,2.62322
100,45,265,2.7582
100,50,265,2.90342
100,55,265,3.04891
100,60,265,3.18625
100,65,265,3.30901
100,70,265,3.4127
100,75,265,3.49461
100,80,265,3.55342
100,85,265,3.5887
100,90,265,3.60045
100,95,265,0
100,100,265,0
100,105,265,0
100,110,265,0
100,115,265,0
100,120,265,0
100,125,265,0
100,130,265,0
100,135,265,0
100,140,265,0
100,145,265,0
100,150,265,0
100,155,265,0
100,160,265,0
100,165,265,0
100,170,265,0
100,175,265,0
100,180,265,0
100,0,270,2.59796
100,5,270,2.51438
100,10,270,2.43952
100,15,270,2.38159
100,20,270,2.34976
100,25,270,2.35207
100,30,270,2.39317
100,35,270,2.47282
100,40,270,2.5858
100,45,270,2.72313
100,50,270,2.87394
100,55,270,3.02716
100,60,270,3.17289
100,65,270,3.30327
100,70,270,3.41286
100,75,270,3.49865
100,80,270,3.55955
100,85,270,3.59572
100,90,270,3.60769
100,95,270,0
100,100,270,0
100,105,270,0
100,110,270,0
100,115,270,0
100,120,270,0
100,125,270,0
100,130,270,0
100,135,270,0
100,140,270,0
100,145,270,0
100,150,270,0
100,155,270,0
100,160,270,0
100,165,270,0
100,170,270,0
100,175,270,0
100,180,270,0
100,0,275,2.59796
100,5,275,2.51236
100,10,275,2.43758
100,15,275,2.38183
100,20,275,2.35379
100,25,275,2.36074
100,30,275,2.40665
100,35,275,2.49088
100,40,275,2.60816
100,45,275,2.74959
100,50,275,2.90418
100,55,275,3.06057
100,60,275,3.20841
100,65,275,3.33951
100,70,275,3.44843
100,75,275,3.53249
100,80,275,3.5913
100,85,275,3.62581
100,90,275,3.63714
100,95,275,0
100,100,275,0
100,105,275,0
100,110,275,0
100,115,275,0
100,120,275,0
100,125,275,0
100,130,275,0
100,135,275,0
100,140,275,0
100,145,275,0
100,150,275,0
100,155,275,0
100,160,275,0
100,165,275,0
100,170,275,0
100,175,275,0
100,180,275,0
100,0,280,2.59796
100,5,280,2.51236
100,10,280,2.44244
100,15,280,2.39627
100,20,280,2.38155
100,25,280,2.40378
100,30,280,2.46476
100,35,280,2.56195
100,40,280,2.68887
100,45,280,2.83618
100,50,280,2.99305
100,55,280,3.14858
100,60,280,3.29305
100,65,280,3.41899
100,70,280,3.52177
100,75,280,3.59965
100,80,280,3.65317
100,85,280,3.68409
100,90,280,3.69416
100,95,280,0
100,100,280,0
100,105,280,0
100,110,280,0
100,115,280,0
100,120,280,0
100,125,280,0
100,130,280,0
100,135,280,0
100,140,280,0
100,145,280,0
100,150,280,0
100,155,280,0
100,160,280,0
100,165,280,0
100,170,280,0
100,175,280,0
100,180,280,0
100,0,285,2.59796
100,5,285,2.51433
100,10,285,2.45382
100,15,285,2.42418
100,20,285,2.43148
100,25,285,2.47843
100,30,285,2.56348
100,35,285,2.68106
100,40,285,2.82272
100,45,285,2.97833
100,50,285,3.1374
100,55,285,3.29002
100,60,285,3.4279
100,65,285,3.54509
100,70,285,3.63843
100,75,285,3.70749
100,80,285,3.75388
100,85,285,3.78019
100,90,285,3.78867
100,95,285,0
100,100,285,0
100,105,285,0
100,110,285,0
100,115,285,0
100,120,285,0
100,125,285,0
100,130,285,0
100,135,285,0
100,140,285,0
100,145,285,0
100,150,285,0
100,155,285,0
100,160,285,0
100,165,285,0
100,170,285,0
100,175,285,0
100,180,285,0
100,0,290,2.59796
100,5,290,2.51817
100,10,290,2.47127
100,15,290,2.4643
100,20,290,2.50098
100,25,290,2.58033
100,30,290,2.69664
100,35,290,2.84079
100,40,290,3.00198
100,45,290,3.16921
100,50,290,3.33229
100,55,290,3.48259
100,60,290,3.61361
100,65,290,3.72136
100,70,290,3.80452
100,75,290,3.8642
100,80,290,3.90317
100,85,290,3.92476
100,90,290,3.93162
100,95,290,0
100,100,290,0
100,105,290,0
100,110,290,0
100,115,290,0
100,120,290,0
100,125,290,0
100,130,290,0
100,135,290,0
100,140,290,0
100,145,290,0
100,150,290,0
100,155,290,0
100,160,290,0
100,165,290,0
100,170,290,0
100,175,290,0
100,180,290,0
100,0,295,2.59796
100,5,295,2.52375
100,10,295,2.49412
100,15,295,2.51492
100,20,295,2.58674
100,25,295,2.70416
100,30,295,2.85701
100,35,295,3.03254
100,40,295,3.21767
100,45,295,3.40049
100,50,295,3.57108
100,55,295,3.72204
100,60,295,3.84864
100,65,295,3.94894
100,70,295,4.02356
100,75,295,4.07519
100,80,295,4.10775
100,85,295,4.12527
100,90,295,4.13073
100,95,295,0
100,100,295,0
100,105,295,0
100,110,295,0
100,115,295,0
100,120,295,0
100,125,295,0
100,130,295,0
100,135,295,0
100,140,295,0
100,145,295,0
100,150,295,0
100,155,295,0
100,160,295,0
100,165,295,0
100,170,295,0
100,175,295,0
100,180,295,0
100,0,30,2.59796
100,5,30,2.67479
100,10,30,2.87651
100,15,30,3.17673
100,20,30,3.53757
100,25,30,3.91932
100,30,30,4.28746
100,35,30,4.61683
100,40,30,4.89377
100,45,30,5.11591
100,50,30,5.28978
100,55,30,5.42681
100,60,30,5.53894
100,65,30,5.63507
100,70,30,5.71936
100,75,30,5.7914
100,80,30,5.84772
100,85,30,5.88389
100,90,30,5.89639
100,95,30,0
100,100,30,0
100,105,30,0
100,110,30,0
100,115,30,0
100,120,30,0
100,125,30,0
100,130,30,0
100,135,30,0
100,140,30,0
100,145,30,0
100,150,30,0
100,155,30,0
100,160,30,0
100,165,30,0
100,170,30,0
100,175,30,0
100,180,30,0
100,0,300,2.59796
100,5,300,2.53088
100,10,300,2.52158
100,15,300,2.57409
100,20,300,2.68506
100,25,300,2.84429
100,30,300,3.03713
100,35,300,3.24754
100,40,300,3.4604
100,45,300,3.66295
100,50,300,3.84545
100,55,300,4.00148
100,60,300,4.12787
100,65,300,4.22451
100,70,300,4.29379
100,75,300,4.33993
100,80,300,4.36793
100,85,300,4.38248
100,90,300,4.38693
100,95,300,0
100,100,300,0
100,105,300,0
100,110,300,0
100,115,300,0
100,120,300,0
100,125,300,0
100,130,300,0
100,135,300,0
100,140,300,0
100,145,300,0
100,150,300,0
100,155,300,0
100,160,300,0
100,165,300,0
100,170,300,0
100,175,300,0
100,180,300,0
100,0,305,2.59796
100,5,305,2.53935
100,10,305,2.55273
100,15,305,2.63963
100,20,305,2.79215
100,25,305,2.99511
100,30,305,3.22978
100,35,305,3.47727
100,40,305,3.72075
100,45,305,3.94671
100,50,305,4.14544
100,55,305,4.31121
100,60,305,4.44206
100,65,305,4.53933
100,70,305,4.60696
100,75,305,4.65049
100,80,305,4.67595
100,85,305,4.68873
100,90,305,4.69255
100,95,305,0
100,100,305,0
100,105,305,0
100,110,305,0
100,115,305,0
100,120,305,0
100,125,305,0
100,130,305,0
100,135,305,0
100,140,305,0
100,145,305,0
100,150,305,0
100,155,305,0
100,160,305,0
100,165,305,0
100,170,305,0
100,175,305,0
100,180,305,0
100,0,310,2.59796
100,5,310,2.54893
100,10,310,2.5866
100,15,310,2.70934
100,20,310,2.90426
100,25,310,3.15133
100,30,310,3.42822
100,35,310,3.71369
100,40,310,3.98951
100,45,310,4.24146
100,50,310,4.45976
100,55,310,4.63906
100,60,310,4.77825
100,65,310,4.8798
100,70,310,4.94885
100,75,310,4.99212
100,80,310,5.01666
100,85,310,5.0286
100,90,310,5.03209
100,95,310,0
100,100,310,0
100,105,310,0
100,110,310,0
100,115,310,0
100,120,310,0
100,125,310,0
100,130,310,0
100,135,310,0
100,140,310,0
100,145,310,0
100,150,310,0
100,155,310,0
100,160,310,0
100,165,310,0
100,170,310,0
100,175,310,0
100,180,310,0
100,0,315,2.59796
100,5,315,2.55935
100,10,315,2.62217
100,15,315,2.78105
100,20,315,3.01787
100,25,315,3.30808
100,30,315,3.62627
100,35,315,3.94926
100,40,315,4.2577
100,45,315,4.53672
100,50,315,4.77629
100,55,315,4.97127
100,60,315,5.12109
100,65,315,5.22903
100,70,315,5.30126
100,75,315,5.34558
100,80,315,5.37002
100,85,315,5.38155
100,90,315,5.38483
100,95,315,0
100,100,315,0
100,105,315,0
100,110,315,0
100,115,315,0
100,120,315,0
100,125,315,0
100,130,315,0
100,135,315,0
100,140,315,0
100,145,315,0
100,150,315,0
100,155,315,0
100,160,315,0
100,165,315,0
100,170,315,0
100,175,315,0
100,180,315,0
100,0,320,2.59796
100,5,320,2.57036
100,10,320,2.65846
100,15,320,2.8527
100,20,320,3.12974
100,25,320,3.46093
100,30,320,3.81827
100,35,320,4.17702
100,40,320,4.51682
100,45,320,4.8222
100,50,320,5.08284
100,55,320,5.29365
100,60,320,5.45441
100,65,320,5.56906
100,70,320,5.64468
100,75,320,5.69008
100,80,320,5.71437
100,85,320,5.72539
100,90,320,5.72844
100,95,320,0
100,100,320,0
100,105,320,0
100,110,320,0
100,115,320,0
100,120,320,0
100,125,320,0
100,130,320,0
100,135,320,0
100,140,320,0
100,145,320,0
100,150,320,0
100,155,320,0
100,160,320,0
100,165,320,0
100,170,320,0
100,175,320,0
100,180,320,0
100,0,325,2.59796
100,5,325,2.58169
100,10,325,2.69449
100,15,325,2.92235
100,20,325,3.23693
100,25,325,3.60593
100,30,325,3.99917
100,35,325,4.39061
100,40,325,4.75902
100,45,325,5.08834
100,50,325,5.36796
100,55,325,5.59281
100,60,325,5.76297
100,65,325,5.88301
100,70,325,5.96086
100,75,325,6.0064
100,80,325,6.02979
100,85,325,6.03984
100,90,325,6.04248
100,95,325,0
100,100,325,0
100,105,325,0
100,110,325,0
100,115,325,0
100,120,325,0
100,125,325,0
100,130,325,0
100,135,325,0
100,140,325,0
100,145,325,0
100,150,325,0
100,155,325,0
100,160,325,0
100,165,325,0
100,170,325,0
100,175,325,0
100,180,325,0
100,0,330,2.59796
100,5,330,2.59309
100,10,330,2.72936
100,15,330,2.98829
100,20,330,3.33687
100,25,330,3.73963
100,30,330,4.16455
100,35,330,4.58446
100,40,330,4.97737
100,45,330,5.32672
100,50,330,5.62168
100,55,330,5.85724
100,60,330,6.03391
100,65,330,6.1569
100,70,330,6.23505
100,75,330,6.27926
100,80,330,6.30075
100,85,330,6.30924
100,90,330,6.31129
100,95,330,0
100,100,330,0
100,105,330,0
100,110,330,0
100,115,330,0
100,120,330,0
100,125,330,0
100,130,330,0
100,135,330,0
100,140,330,0
100,145,330,0
100,150,330,0
100,155,330,0
100,160,330,0
100,165,330,0
100,170,330,0
100,175,330,0
100,180,330,0
100,0,335,2.59796
100,5,335,2.60431
100,10,335,2.76225
100,15,335,3.04899
100,20,335,3.42733
100,25,335,3.85908
100,30,335,4.31065
100,35,335,4.75389
100,40,335,5.16615
100,45,335,5.53051
100,50,335,5.83609
100,55,335,6.07815
100,60,335,6.25774
100,65,335,6.38086
100,70,335,6.45727
100,75,335,6.49882
100,80,335,6.51765
100,85,335,6.52421
100,90,335,6.52557
100,95,335,0
100,100,335,0
100,105,335,0
100,110,335,0
100,115,335,0
100,120,335,0
100,125,335,0
100,130,335,0
100,135,335,0
100,140,335,0
100,145,335,0
100,150,335,0
100,155,335,0
100,160,335,0
100,165,335,0
100,170,335,0
100,175,335,0
100,180,335,0
100,0,340,2.59796
100,5,340,2.61513
100,10,340,2.79246
100,15,340,3.10317
100,20,340,3.50646
100,25,340,3.96187
100,30,340,4.43443
100,35,340,4.89518
100,40,340,5.32096
100,45,340,5.6947
100,50,340,6.00572
100,55,340,6.24981
100,60,340,6.4288
100,65,340,6.54958
100,70,340,6.62279
100,75,340,6.66106
100,80,340,6.67714
100,85,340,6.68189
100,90,340,6.68261
100,95,340,0
100,100,340,0
100,105,340,0
100,110,340,0
100,115,340,0
100,120,340,0
100,125,340,0
100,130,340,0
100,135,340,0
100,140,340,0
100,145,340,0
100,150,340,0
100,155,340,0
100,160,340,0
100,165,340,0
100,170,340,0
100,175,340,0
100,180,340,0
100,0,345,2.59796
100,5,345,2.62536
100,10,345,2.81936
100,15,345,3.14977
100,20,345,3.57281
100,25,345,4.04612
100,30,345,4.53362
100,35,345,5.00565
100,40,345,5.43881
100,45,345,5.81616
100,50,345,6.12754
100,55,345,6.36958
100,60,345,6.54511
100,65,345,6.66198
100,70,345,6.73158
100,75,345,6.76701
100,80,345,6.78115
100,85,345,6.78481
100,90,345,6.78519
100,95,345,0
100,100,345,0
100,105,345,0
100,110,345,0
100,115,345,0
100,120,345,0
100,125,345,0
100,130,345,0
100,135,345,0
100,140,345,0
100,145,345,0
100,150,345,0
100,155,345,0
100,160,345,0
100,165,345,0
100,170,345,0
100,175,345,0
100,180,345,0
100,0,35,2.59796
100,5,35,2.67573
100,10,35,2.86509
100,15,35,3.14318
100,20,35,3.47606
100,25,35,3.8268
100,30,35,4.16248
100,35,35,4.459
100,40,35,4.70371
100,45,35,4.89534
100,50,35,5.0416
100,55,35,5.15497
100,60,35,5.2481
100,65,35,5.33012
100,70,35,5.40486
100,75,35,5.47113
100,80,35,5.52443
100,85,35,5.55928
100,90,35,5.57143
100,95,35,0
100,100,35,0
100,105,35,0
100,110,35,0
100,115,35,0
100,120,35,0
100,125,35,0
100,130,35,0
100,135,35,0
100,140,35,0
100,145,35,0
100,150,35,0
100,155,35,0
100,160,35,0
100,165,35,0
100,170,35,0
100,175,35,0
100,180,35,0
100,0,350,2.59796
100,5,350,2.63482
100,10,350,2.84249
100,15,350,3.188
100,20,350,3.62529
100,25,350,4.11051
100,30,350,4.60666
100,35,350,5.08366
100,40,350,5.5181
100,45,350,5.89353
100,50,350,6.20072
100,55,350,6.43745
100,60,350,6.6077
100,65,350,6.72029
100,70,350,6.7871
100,75,350,6.82122
100,80,350,6.83511
100,85,350,6.83898
100,90,350,6.8395
100,95,350,0
100,100,350,0
100,105,350,0
100,110,350,0
100,115,350,0
100,120,350,0
100,125,350,0
100,130,350,0
100,135,350,0
100,140,350,0
100,145,350,0
100,150,350,0
100,155,350,0
100,160,350,0
100,165,350,0
100,170,350,0
100,175,350,0
100,180,350,0
100,0,355,2.59796
100,5,355,2.64339
100,10,355,2.86149
100,15,355,3.2173
100,20,355,3.66319
100,25,355,4.15423
100,30,355,4.65277
100,35,355,5.12851
100,40,355,5.55842
100,45,355,5.92695
100,50,355,6.22618
100,55,355,6.45532
100,60,355,6.61964
100,65,355,6.72872
100,70,355,6.79459
100,75,355,6.82978
100,80,355,6.84572
100,85,355,6.85143
100,90,355,6.85268
100,95,355,0
100,100,355,0
100,105,355,0
100,110,355,0
100,115,355,0
100,120,355,0
100,125,355,0
100,130,355,0
100,135,355,0
100,140,355,0
100,145,355,0
100,150,355,0
100,155,355,0
100,160,355,0
100,165,355,0
100,170,355,0
100,175,355,0
100,180,355,0
100,0,360,2.59796
100,5,360,2.65097
100,10,360,2.87613
100,15,360,3.23736
100,20,360,3.68619
100,25,360,4.17704
100,30,360,4.67184
100,35,360,5.14039
100,40,360,5.56042
100,45,360,5.9177
100,50,360,6.20599
100,55,360,6.42618
100,60,360,6.58479
100,65,360,6.69194
100,70,360,6.75931
100,75,360,6.79831
100,80,360,6.81873
100,85,360,6.82796
100,90,360,6.83053
100,95,360,0
100,100,360,0
100,105,360,0
100,110,360,0
100,115,360,0
100,120,360,0
100,125,360,0
100,130,360,0
100,135,360,0
100,140,360,0
100,145,360,0
100,150,360,0
100,155,360,0
100,160,360,0
100,165,360,0
100,170,360,0
100,175,360,0
100,180,360,0
100,0,40,2.59796
100,5,40,2.67613
100,10,40,2.85186
100,15,40,3.10597
100,20,40,3.40885
100,25,40,3.72685
100,30,40,4.02902
100,35,40,4.29239
100,40,40,4.50496
100,45,40,4.66602
100,50,40,4.78379
100,55,40,4.87131
100,60,40,4.9418
100,65,40,5.00485
100,70,40,5.06459
100,75,40,5.1198
100,80,40,5.16567
100,85,40,5.19633
100,90,40,5.20713
100,95,40,0
100,100,40,0
100,105,40,0
100,110,40,0
100,115,40,0
100,120,40,0
100,125,40,0
100,130,40,0
100,135,40,0
100,140,40,0
100,145,40,0
100,150,40,0
100,155,40,0
100,160,40,0
100,165,40,0
100,170,40,0
100,175,40,0
100,180,40,0
100,0,45,2.59796
100,5,45,2.67614
100,10,45,2.83753
100,15,45,3.06656
100,20,45,3.33821
100,25,45,3.62259
100,30,45,3.89116
100,35,45,4.12218
100,40,45,4.30411
100,45,45,4.43624
100,50,45,4.52664
100,55,45,4.5883
100,60,45,4.63465
100,65,45,4.67585
100,70,45,4.71673
100,75,45,4.75676
100,80,45,4.79162
100,85,45,4.81562
100,90,45,4.8242
100,95,45,0
100,100,45,0
100,105,45,0
100,110,45,0
100,115,45,0
100,120,45,0
100,125,45,0
100,130,45,0
100,135,45,0
100,140,45,0
100,145,45,0
100,150,45,0
100,155,45,0
100,160,45,0
100,165,45,0
100,170,45,0
100,175,45,0
100,180,45,0
100,0,5,2.59796
100,5,5,2.65749
100,10,5,2.88634
100,15,5,3.24812
100,20,5,3.69433
100,25,5,4.17916
100,30,5,4.6644
100,35,5,5.12027
100,40,5,5.52557
100,45,5,5.86783
100,50,5,6.14281
100,55,5,6.35323
100,60,5,6.50677
100,65,5,6.61376
100,70,5,6.68503
100,75,5,6.73032
100,80,5,6.75734
100,85,5,6.77148
100,90,5,6.77586
100,95,5,0
100,100,5,0
100,105,5,0
100,110,5,0
100,115,5,0
100,120,5,0
100,125,5,0
100,130,5,0
100,135,5,0
100,140,5,0
100,145,5,0
100,150,5,0
100,155,5,0
100,160,5,0
100,165,5,0
100,170,5,0
100,175,5,0
100,180,5,0
100,0,50,2.59796
100,5,50,2.67595
100,10,50,2.82282
100,15,50,3.02648
100,20,50,3.26656
100,25,50,3.51733
100,30,50,3.75312
100,35,50,3.95369
100,40,50,4.1079
100,45,50,4.21464
100,50,50,4.28124
100,55,50,4.31997
100,60,50,4.34396
100,65,50,4.36368
100,70,50,4.38484
100,75,50,4.40804
100,80,50,4.43006
100,85,50,4.44604
100,90,50,4.45189
100,95,50,0
100,100,50,0
100,105,50,0
100,110,50,0
100,115,50,0
100,120,50,0
100,125,50,0
100,130,50,0
100,135,50,0
100,140,50,0
100,145,50,0
100,150,50,0
100,155,50,0
100,160,50,0
100,165,50,0
100,170,50,0
100,175,50,0
100,180,50,0
100,0,55,2.59796
100,5,55,2.67572
100,10,55,2.80848
100,15,55,2.98732
100,20,55,3.1964
100,25,55,3.41445
100,30,55,3.61914
100,35,55,3.79211
100,40,55,3.92275
100,45,55,4.00939
100,50,55,4.05816
100,55,55,4.08001
100,60,55,4.08714
100,65,55,4.08982
100,70,55,4.09438
100,75,55,4.10261
100,80,55,4.11267
100,85,55,4.12092
100,90,55,4.12411
100,95,55,0
100,100,55,0
100,105,55,0
100,110,55,0
100,115,55,0
100,120,55,0
100,125,55,0
100,130,55,0
100,135,55,0
100,140,55,0
100,145,55,0
100,150,55,0
100,155,55,0
100,160,55,0
100,165,55,0
100,170,55,0
100,175,55,0
100,180,55,0
100,0,60,2.59796
100,5,60,2.67561
100,10,60,2.79524
100,15,60,2.95065
100,20,60,3.13026
100,25,60,3.31736
100,30,60,3.49336
100,35,60,3.64227
100,40,60,3.75427
100,45,60,3.82722
100,50,60,3.86583
100,55,60,3.87929
100,60,60,3.87824
100,65,60,3.87208
100,70,60,3.86711
100,75,60,3.86593
100,80,60,3.86792
100,85,60,3.87072
100,90,60,3.87197
100,95,60,0
100,100,60,0
100,105,60,0
100,110,60,0
100,115,60,0
100,120,60,0
100,125,60,0
100,130,60,0
100,135,60,0
100,140,60,0
100,145,60,0
100,150,60,0
100,155,60,0
100,160,60,0
100,165,60,0
100,170,60,0
100,175,60,0
100,180,60,0
100,0,65,2.59796
100,5,65,2.67578
100,10,65,2.78377
100,15,65,2.91798
100,20,65,3.0706
100,25,65,3.22937
100,30,65,3.37971
100,35,65,3.50841
100,40,65,3.60687
100,45,65,3.67268
100,50,65,3.70918
100,55,65,3.72354
100,60,65,3.72437
100,65,65,3.71949
100,70,65,3.71446
100,75,65,3.7119
100,80,65,3.7119
100,85,65,3.713
100,90,65,3.7136
100,95,65,0
100,100,65,0
100,105,65,0
100,110,65,0
100,115,65,0
100,120,65,0
100,125,65,0
100,130,65,0
100,135,65,0
100,140,65,0
100,145,65,0
100,150,65,0
100,155,65,0
100,160,65,0
100,165,65,0
100,170,65,0
100,175,65,0
100,180,65,0
100,0,70,2.59796
100,5,70,2.67635
100,10,70,2.77468
100,15,70,2.8907
100,20,70,3.01974
100,25,70,3.15362
100,30,70,3.28178
100,35,70,3.39407
100,40,70,3.48351
100,45,70,3.54775
100,50,70,3.58889
100,55,70,3.61208
100,60,70,3.62361
100,65,70,3.62927
100,70,70,3.63314
100,75,70,3.63719
100,80,70,3.64145
100,85,70,3.64484
100,90,70,3.64614
100,95,70,0
100,100,70,0
100,105,70,0
100,110,70,0
100,115,70,0
100,120,70,0
100,125,70,0
100,130,70,0
100,135,70,0
100,140,70,0
100,145,70,0
100,150,70,0
100,155,70,0
100,160,70,0
100,165,70,0
100,170,70,0
100,175,70,0
100,180,70,0
100,0,75,2.59796
100,5,75,2.67743
100,10,75,2.76849
100,15,75,2.87001
100,20,75,2.97972
100,25,75,3.0929
100,30,75,3.20271
100,35,75,3.30209
100,40,75,3.38588
100,45,75,3.4521
100,50,75,3.50188
100,55,75,3.5385
100,60,75,3.56596
100,65,75,3.58778
100,70,75,3.60627
100,75,75,3.62216
100,80,75,3.63494
100,85,75,3.64338
100,90,75,3.64635
100,95,75,0
100,100,75,0
100,105,75,0
100,110,75,0
100,115,75,0
100,120,75,0
100,125,75,0
100,130,75,0
100,135,75,0
100,140,75,0
100,145,75,0
100,150,75,0
100,155,75,0
100,160,75,0
100,165,75,0
100,170,75,0
100,175,75,0
100,180,75,0
100,0,80,2.59796
100,5,80,2.67911
100,10,80,2.7656
100,15,80,2.85686
100,20,80,2.95223
100,25,80,3.04958
100,30,80,3.14513
100,35,80,3.23461
100,40,80,3.3147
100,45,80,3.38396
100,50,80,3.4429
100,55,80,3.49325
100,60,80,3.53701
100,65,80,3.57566
100,70,80,3.60971
100,75,80,3.6386
100,80,80,3.66099
100,85,80,3.67529
100,90,80,3.68022
100,95,80,0
100,100,80,0
100,105,80,0
100,110,80,0
100,115,80,0
100,120,80,0
100,125,80,0
100,130,80,0
100,135,80,0
100,140,80,0
100,145,80,0
100,150,80,0
100,155,80,0
100,160,80,0
100,165,80,0
100,170,80,0
100,175,80,0
100,180,80,0
100,0,85,2.59796
100,5,85,2.68143
100,10,85,2.76626
100,15,85,2.85191
100,20,85,2.93848
100,25,85,3.02538
100,30,85,3.11102
100,35,85,3.19325
100,40,85,3.2703
100,45,85,3.34137
100,50,85,3.40669
100,55,85,3.46699
100,60,85,3.52287
100,65,85,3.57428
100,70,85,3.62036
100,75,85,3.65946
100,80,85,3.68954
100,85,85,3.70857
100,90,85,3.71509
100,95,85,0
100,100,85,0
100,105,85,0
100,110,85,0
100,115,85,0
100,120,85,0
100,125,85,0
100,130,85,0
100,135,85,0
100,140,85,0
100,145,85,0
100,150,85,0
100,155,85,0
100,160,85,0
100,165,85,0
100,170,85,0
100,175,85,0
100,180,85,0
100,0,90,2.59796
100,5,90,2.68442
100,10,90,2.77061
100,15,90,2.8555
100,20,90,2.93909
100,25,90,3.02133
100,30,90,3.10164
100,35,90,3.17914
100,40,90,3.25309
100,45,90,3.32331
100,50,90,3.39009
100,55,90,3.4538
100,60,90,3.51442
100,65,90,3.5712
100,70,90,3.62257
100,75,90,3.66631
100,80,90,3.69994
100,85,90,3.72119
100,90,90,3.72847
100,95,90,0
100,100,90,0
100,105,90,0
100,110,90,0
100,115,90,0
100,120,90,0
100,125,90,0
100,130,90,0
100,135,90,0
100,140,90,0
100,145,90,0
100,150,90,0
100,155,90,0
100,160,90,0
100,165,90,0
100,170,90,0
100,175,90,0
100,180,90,0
100,0,95,2.59796
100,5,95,2.68805
100,10,95,2.77861
100,15,95,2.86759
100,20,95,2.95411
100,25,95,3.03759
100,30,95,3.1174
100,35,95,3.19291
100,40,95,3.26384
100,45,95,3.33042
100,50,95,3.39328
100,55,95,3.45306
100,60,95,3.50995
100,65,95,3.56338
100,70,95,3.61191
100,75,95,3.65339
100,80,95,3.68539
100,85,95,3.70565
100,90,95,3.7126
100,95,95,0
100,100,95,0
100,105,95,0
100,110,95,0
100,115,95,0
100,120,95,0
100,125,95,0
100,130,95,0
100,135,95,0
100,140,95,0
100,145,95,0
100,150,95,0
100,155,95,0
100,160,95,0
100,165,95,0
100,170,95,0
100,175,95,0
100,180,95,0
