#x amp_{ref} amp_{cal} amp_{error} phase_{ref} phase_{cal}
-12.000000 -37.083409 -30.503388 
-11.225800 -36.522968 -29.686327 
-10.451600 -35.928545 -28.903592 
-9.677420 -35.297674 -28.205422 
-8.903230 -34.628888 -27.690557 
-8.129030 -33.923410 -27.572566 
-7.354840 -33.189000 -28.400789 
-6.580650 -32.449198 -32.278219 
-5.806450 -31.767666 -39.247284 
-5.032260 -31.321006 -20.935487 
-4.258060 -31.670775 -12.584051 
-3.483870 -35.418847 -9.316342 
-2.709680 -33.698012 -16.225300 
-1.935480 -20.732597 -5.227509 
-1.161290 -15.820037 -0.000000 
-0.387097 0.000000 -0.268230 
0.387097 0.000000 -0.268230 
1.161290 -15.820037 -0.000000 
1.935480 -20.732597 -5.227509 
2.709680 -33.698012 -16.225300 
3.483870 -35.418847 -9.316342 
4.258060 -31.670775 -12.584051 
5.032260 -31.321006 -20.935487 
5.806450 -31.767666 -39.247284 
6.580650 -32.449198 -32.278219 
7.354840 -33.189000 -28.400789 
8.129030 -33.923410 -27.572566 
8.903230 -34.628888 -27.690557 
9.677420 -35.297674 -28.205422 
10.451600 -35.928545 -28.903592 
11.225800 -36.522968 -29.686327 
12.000000 -37.083409 -30.503388 
