0.000000 -4.733967 -4.734015 -105.025688 
1.000000 -4.269071 -4.269134 -102.782735 
2.000000 -3.828408 -3.828488 -100.710678 
3.000000 -3.425574 -3.425675 -98.689203 
4.000000 -3.076031 -3.076155 -96.907201 
5.000000 -2.795800 -2.795946 -95.448903 
6.000000 -2.599531 -2.599697 -94.394637 
7.000000 -2.498405 -2.498582 -93.837257 
8.000000 -2.498448 -2.498625 -93.832987 
9.000000 -2.599658 -2.599824 -94.381881 
10.000000 -2.795999 -2.796146 -95.427762 
11.000000 -3.076290 -3.076414 -96.877720 
12.000000 -3.425878 -3.425979 -98.651238 
13.000000 -3.828744 -3.828824 -100.663658 
14.000000 -4.269426 -4.269490 -102.726178 
15.000000 -4.734334 -4.734383 -104.962140 
16.000000 -4.269087 -4.269150 -102.786944 
17.000000 -3.750635 -3.750718 -100.328005 
18.000000 -3.254069 -3.254180 -97.839631 
19.000000 -2.795783 -2.795930 -95.449818 
20.000000 -2.395085 -2.395273 -93.287746 
21.000000 -2.072296 -2.072528 -91.454542 
22.000000 -1.845804 -1.846075 -90.113949 
23.000000 -1.729116 -1.729410 -89.406362 
24.000000 -1.729171 -1.729465 -89.402191 
25.000000 -1.845963 -1.846234 -90.101445 
26.000000 -2.072542 -2.072775 -91.433605 
27.000000 -2.395398 -2.395587 -93.258099 
28.000000 -2.796142 -2.796290 -95.411326 
29.000000 -3.254457 -3.254569 -97.792846 
30.000000 -3.751039 -3.751123 -100.273910 
31.000000 -4.269497 -4.269561 -102.722091 
32.000000 -3.828438 -3.828518 -100.719384 
33.000000 -3.254082 -3.254193 -97.843752 
34.000000 -2.698627 -2.698783 -94.924216 
35.000000 -2.182102 -2.182318 -92.093366 
36.000000 -1.729022 -1.729316 -89.420901 
37.000000 -1.365224 -1.365608 -87.093144 
38.000000 -1.112439 -1.112908 -85.351887 
39.000000 -0.983720 -0.984243 -84.402805 
40.000000 -0.983793 -0.984316 -84.398669 
41.000000 -1.112646 -1.113115 -85.339494 
42.000000 -1.365536 -1.365921 -87.072467 
43.000000 -1.729407 -1.729702 -89.391867 
44.000000 -2.182531 -2.182748 -92.055701 
45.000000 -2.699079 -2.699235 -94.877540 
46.000000 -3.254540 -3.254652 -97.788857 
47.000000 -3.828895 -3.828976 -100.655205 
48.000000 -3.425612 -3.425712 -98.702277 
49.000000 -2.795803 -2.795949 -95.458386 
50.000000 -2.182107 -2.182323 -92.097666 
51.000000 -1.609975 -1.610294 -88.692542 
52.000000 -1.112372 -1.112841 -85.352867 
53.000000 -0.723889 -0.724551 -82.354901 
54.000000 -0.467923 -0.468791 -80.004584 
55.000000 -0.345715 -0.346725 -78.692034 
56.000000 -0.345816 -0.346826 -78.688000 
57.000000 -0.468202 -0.469072 -79.992506 
58.000000 -0.724296 -0.724959 -82.334500 
59.000000 -1.112853 -1.113324 -85.323850 
60.000000 -1.610490 -1.610811 -88.655104 
61.000000 -2.182632 -2.182849 -92.051549 
62.000000 -2.796322 -2.796469 -95.403031 
63.000000 -3.426118 -3.426219 -98.638547 
64.000000 -3.076068 -3.076192 -96.924448 
65.000000 -2.395101 -2.395289 -93.300633 
66.000000 -1.729019 -1.729313 -89.429386 
67.000000 -1.112360 -1.112829 -85.357039 
68.000000 -0.594673 -0.595427 -81.229282 
69.000000 -0.231112 -0.232300 -77.278430 
70.000000 -0.048448 -0.050181 -73.998177 
71.000000 -0.000347 -0.002513 -72.065416 
72.000000 -0.000498 -0.002665 -72.061543 
73.000000 -0.048848 -0.050584 -73.986418 
74.000000 -0.231658 -0.232849 -77.258493 
75.000000 -0.595281 -0.596037 -81.200969 
76.000000 -1.112978 -1.113449 -85.319848 
77.000000 -1.729625 -1.729920 -89.383688 
78.000000 -2.395683 -2.395872 -93.245628 
79.000000 -3.076623 -3.076748 -96.860982 
80.000000 -2.795826 -2.795972 -95.470291 
81.000000 -2.072295 -2.072527 -91.471616 
82.000000 -1.365194 -1.365577 -87.105831 
83.000000 -0.723835 -0.724497 -82.363232 
84.000000 -0.231056 -0.232243 -77.282537 
85.000000 -0.000098 -0.002262 -72.073427 
86.000000 -0.101815 -0.105565 -67.297899 
87.000000 -0.362138 -0.367513 -64.172312 
88.000000 -0.362396 -0.367772 -64.168590 
89.000000 -0.102434 -0.106189 -67.286573 
90.000000 -0.000851 -0.003020 -72.054048 
91.000000 -0.231820 -0.233012 -77.254603 
92.000000 -0.724567 -0.725232 -82.326530 
93.000000 -1.365881 -1.366266 -87.060245 
94.000000 -2.072936 -2.073169 -91.417079 
95.000000 -2.796425 -2.796572 -95.406995 
96.000000 -2.599535 -2.599700 -94.420265 
97.000000 -1.845770 -1.846041 -90.135181 
98.000000 -1.112361 -1.112829 -85.368720 
99.000000 -0.467794 -0.468661 -80.016964 
100.000000 -0.048271 -0.050003 -74.006243 
101.000000 -0.101633 -0.105381 -67.301837 
102.000000 -0.952118 -0.960675 -60.133865 
103.000000 -2.370557 -2.387645 -54.130792 
104.000000 -2.371139 -2.388235 -54.126930 
105.000000 -0.953170 -0.961738 -60.122769 
106.000000 -0.102665 -0.106421 -67.282958 
107.000000 -0.049204 -0.050941 -73.978813 
108.000000 -0.468631 -0.469502 -79.980664 
109.000000 -1.113117 -1.113588 -85.323261 
110.000000 -1.846459 -1.846731 -90.080867 
111.000000 -2.600168 -2.600334 -94.356960 
112.000000 -2.498374 -2.498550 -93.867193 
113.000000 -1.729036 -1.729329 -89.431736 
114.000000 -0.983576 -0.984098 -84.423664 
115.000000 -0.345485 -0.346493 -78.708413 
116.000000 0.000000 -0.002163 -72.077371 
117.000000 -0.361634 -0.367004 -64.180085 
118.000000 -2.369888 -2.386968 -54.134972 
119.000000 -8.005303 -8.099525 -39.340352 
120.000000 -8.007871 -8.102173 -39.332952 
121.000000 -2.371636 -2.388739 -54.123385 
122.000000 -0.362922 -0.368303 -64.161469 
123.000000 -0.001054 -0.003223 -72.050231 
124.000000 -0.346389 -0.347401 -78.672274 
125.000000 -0.984373 -0.984898 -84.378489 
126.000000 -1.729751 -1.730047 -89.377531 
127.000000 -2.499026 -2.499203 -93.803805 
128.000000 -2.498374 -2.498550 -93.867193 
129.000000 -1.729036 -1.729329 -89.431736 
130.000000 -0.983576 -0.984098 -84.423664 
131.000000 -0.345485 -0.346493 -78.708413 
132.000000 0.000000 -0.002163 -72.077371 
133.000000 -0.361634 -0.367004 -64.180085 
134.000000 -2.369888 -2.386968 -54.134972 
135.000000 -8.005303 -8.099525 -39.340352 
136.000000 -8.007871 -8.102173 -39.332952 
137.000000 -2.371636 -2.388739 -54.123385 
138.000000 -0.362922 -0.368303 -64.161469 
139.000000 -0.001054 -0.003223 -72.050231 
140.000000 -0.346389 -0.347401 -78.672274 
141.000000 -0.984373 -0.984898 -84.378489 
142.000000 -1.729751 -1.730047 -89.377531 
143.000000 -2.499026 -2.499203 -93.803805 
144.000000 -2.599535 -2.599700 -94.420265 
145.000000 -1.845770 -1.846041 -90.135181 
146.000000 -1.112361 -1.112829 -85.368720 
147.000000 -0.467794 -0.468661 -80.016964 
148.000000 -0.048271 -0.050003 -74.006243 
149.000000 -0.101633 -0.105381 -67.301837 
150.000000 -0.952118 -0.960675 -60.133865 
151.000000 -2.370557 -2.387645 -54.130792 
152.000000 -2.371139 -2.388235 -54.126930 
153.000000 -0.953170 -0.961738 -60.122769 
154.000000 -0.102665 -0.106421 -67.282958 
155.000000 -0.049204 -0.050941 -73.978813 
156.000000 -0.468631 -0.469502 -79.980664 
157.000000 -1.113117 -1.113588 -85.323261 
158.000000 -1.846459 -1.846731 -90.080867 
159.000000 -2.600168 -2.600334 -94.356960 
160.000000 -2.795826 -2.795972 -95.470291 
161.000000 -2.072295 -2.072527 -91.471616 
162.000000 -1.365194 -1.365577 -87.105831 
163.000000 -0.723835 -0.724497 -82.363232 
164.000000 -0.231056 -0.232243 -77.282537 
165.000000 -0.000098 -0.002262 -72.073427 
166.000000 -0.101815 -0.105565 -67.297899 
167.000000 -0.362138 -0.367513 -64.172312 
168.000000 -0.362396 -0.367772 -64.168590 
169.000000 -0.102434 -0.106189 -67.286573 
170.000000 -0.000851 -0.003020 -72.054048 
171.000000 -0.231820 -0.233012 -77.254603 
172.000000 -0.724567 -0.725232 -82.326530 
173.000000 -1.365881 -1.366266 -87.060245 
174.000000 -2.072936 -2.073169 -91.417079 
175.000000 -2.796425 -2.796572 -95.406995 
176.000000 -3.076068 -3.076192 -96.924448 
177.000000 -2.395101 -2.395289 -93.300633 
178.000000 -1.729019 -1.729313 -89.429386 
179.000000 -1.112360 -1.112829 -85.357039 
180.000000 -0.594673 -0.595427 -81.229282 
181.000000 -0.231112 -0.232300 -77.278430 
182.000000 -0.048448 -0.050181 -73.998177 
183.000000 -0.000347 -0.002513 -72.065416 
184.000000 -0.000498 -0.002665 -72.061543 
185.000000 -0.048848 -0.050584 -73.986418 
186.000000 -0.231658 -0.232849 -77.258493 
187.000000 -0.595281 -0.596037 -81.200969 
188.000000 -1.112978 -1.113449 -85.319848 
189.000000 -1.729625 -1.729920 -89.383688 
190.000000 -2.395683 -2.395872 -93.245628 
191.000000 -3.076623 -3.076748 -96.860982 
192.000000 -3.425612 -3.425712 -98.702277 
193.000000 -2.795803 -2.795949 -95.458387 
194.000000 -2.182107 -2.182323 -92.097666 
195.000000 -1.609975 -1.610294 -88.692542 
196.000000 -1.112372 -1.112841 -85.352867 
197.000000 -0.723889 -0.724551 -82.354901 
198.000000 -0.467923 -0.468791 -80.004584 
199.000000 -0.345715 -0.346725 -78.692034 
200.000000 -0.345816 -0.346826 -78.688000 
201.000000 -0.468202 -0.469072 -79.992506 
202.000000 -0.724296 -0.724959 -82.334500 
203.000000 -1.112853 -1.113324 -85.323850 
204.000000 -1.610490 -1.610811 -88.655104 
205.000000 -2.182632 -2.182849 -92.051549 
206.000000 -2.796322 -2.796469 -95.403031 
207.000000 -3.426118 -3.426219 -98.638547 
208.000000 -3.828438 -3.828518 -100.719384 
209.000000 -3.254082 -3.254193 -97.843752 
210.000000 -2.698627 -2.698783 -94.924216 
211.000000 -2.182102 -2.182318 -92.093366 
212.000000 -1.729022 -1.729316 -89.420901 
213.000000 -1.365224 -1.365608 -87.093144 
214.000000 -1.112439 -1.112908 -85.351887 
215.000000 -0.983720 -0.984243 -84.402805 
216.000000 -0.983793 -0.984316 -84.398669 
217.000000 -1.112646 -1.113115 -85.339494 
218.000000 -1.365536 -1.365921 -87.072467 
219.000000 -1.729407 -1.729702 -89.391867 
220.000000 -2.182531 -2.182748 -92.055701 
221.000000 -2.699079 -2.699235 -94.877540 
222.000000 -3.254540 -3.254652 -97.788857 
223.000000 -3.828895 -3.828976 -100.655205 
224.000000 -4.269087 -4.269150 -102.786944 
225.000000 -3.750635 -3.750718 -100.328005 
226.000000 -3.254069 -3.254180 -97.839631 
227.000000 -2.795783 -2.795930 -95.449818 
228.000000 -2.395085 -2.395273 -93.287746 
229.000000 -2.072296 -2.072528 -91.454542 
230.000000 -1.845804 -1.846075 -90.113949 
231.000000 -1.729116 -1.729410 -89.406362 
232.000000 -1.729171 -1.729465 -89.402191 
233.000000 -1.845963 -1.846234 -90.101445 
234.000000 -2.072542 -2.072775 -91.433605 
235.000000 -2.395398 -2.395587 -93.258099 
236.000000 -2.796142 -2.796290 -95.411326 
237.000000 -3.254457 -3.254569 -97.792846 
238.000000 -3.751039 -3.751123 -100.273910 
239.000000 -4.269497 -4.269561 -102.722091 
240.000000 -4.733967 -4.734015 -105.025688 
241.000000 -4.269071 -4.269134 -102.782734 
242.000000 -3.828408 -3.828488 -100.710678 
243.000000 -3.425574 -3.425675 -98.689203 
244.000000 -3.076031 -3.076155 -96.907201 
245.000000 -2.795800 -2.795946 -95.448903 
246.000000 -2.599531 -2.599697 -94.394637 
247.000000 -2.498405 -2.498582 -93.837257 
248.000000 -2.498448 -2.498625 -93.832987 
249.000000 -2.599658 -2.599824 -94.381881 
250.000000 -2.795999 -2.796146 -95.427762 
251.000000 -3.076290 -3.076414 -96.877720 
252.000000 -3.425878 -3.425979 -98.651238 
253.000000 -3.828744 -3.828824 -100.663658 
254.000000 -4.269426 -4.269490 -102.726178 
255.000000 -4.734334 -4.734383 -104.962140 
