far field @z=0.050000
freq=27000000000.000000
sampling point=1024
x,y,z,realEx,realEy,realEz,imgEx,imgEy,imgEz
-0.258333,-0.258333,0.050000,-0.497321,0.617885,0.439213,0.057606,-0.140537,-0.376995
-0.258333,-0.241667,0.050000,-0.444173,0.638001,0.601017,0.018934,-0.079156,-0.241808
-0.258333,-0.225000,0.050000,-0.364751,0.614139,0.700862,0.097745,-0.177393,-0.211527
-0.258333,-0.208333,0.050000,-0.204480,0.462440,0.746399,0.231220,-0.415136,-0.376374
-0.258333,-0.191667,0.050000,0.083334,0.031619,0.574297,0.248751,-0.591374,-0.774686
-0.258333,-0.175000,0.050000,0.271438,-0.506165,-0.168354,-0.063210,-0.246239,-1.109864
-0.258333,-0.158333,0.050000,-0.124311,-0.230728,-1.265309,-0.343571,0.508272,-0.359557
-0.258333,-0.141667,0.050000,-0.385828,0.610633,-0.481007,0.301320,-0.010591,1.469800
-0.258333,-0.125000,0.050000,0.595359,-0.541622,1.813513,0.178291,-0.497915,-0.119058
-0.258333,-0.108333,0.050000,-0.480845,0.377083,-1.667783,-0.563457,0.836028,-1.319642
-0.258333,-0.091667,0.050000,0.447825,-0.457114,1.498639,0.701798,-1.024733,1.962520
-0.258333,-0.075000,0.050000,-0.697859,1.003646,-2.253445,-0.548334,0.848136,-1.721575
-0.258333,-0.058333,0.050000,0.889386,-1.413076,3.173676,-0.159994,0.359007,-0.500156
-0.258333,-0.041667,0.050000,-0.014610,-0.253669,-0.144208,0.887155,-1.502962,3.580606
-0.258333,-0.025000,0.050000,-0.803162,1.184257,-3.694886,0.285799,-0.909183,1.335629
-0.258333,-0.008333,0.050000,-0.781734,1.340145,-4.107821,-0.241090,-0.223995,-1.009160
-0.258333,0.008333,0.050000,-0.753445,1.083582,-4.355152,-0.273991,-0.329134,-1.006605
-0.258333,0.025000,0.050000,-0.796349,0.397033,-4.293948,0.171299,-0.744256,1.748690
-0.258333,0.041667,0.050000,-0.153818,-0.478535,0.101889,0.845344,-0.269248,4.721327
-0.258333,0.058333,0.050000,0.931556,0.177478,4.599663,-0.033002,0.346123,-1.092998
-0.258333,0.075000,0.050000,-0.757797,-0.224781,-3.922720,-0.692371,-0.463482,-2.511513
-0.258333,0.091667,0.050000,0.638580,0.373719,3.014651,0.936405,0.656537,3.371709
-0.258333,0.108333,0.050000,-0.952271,-0.768402,-3.552200,-0.799100,-0.607260,-2.486571
-0.258333,0.125000,0.050000,1.344606,1.144933,4.094474,-0.061230,-0.135790,-0.373687
-0.258333,0.141667,0.050000,-0.487730,-0.324933,-1.284838,1.348617,1.227309,3.643137
-0.258333,0.158333,0.050000,-1.416970,-1.292520,-3.368661,-0.498655,-0.325499,-1.278091
-0.258333,0.175000,0.050000,-0.060944,-0.173765,0.038940,-1.546493,-1.339635,-3.341018
-0.258333,0.191667,0.050000,1.143101,0.889053,2.393305,-1.077290,-0.993456,-1.947469
-0.258333,0.208333,0.050000,1.538203,1.235341,2.820328,-0.329648,-0.369365,-0.344124
-0.258333,0.225000,0.050000,1.555780,1.227619,2.581213,0.079098,-0.027839,0.398584
-0.258333,0.241667,0.050000,1.525831,1.155767,2.365997,0.084089,-0.014389,0.397158
-0.258333,0.258333,0.050000,1.464877,1.048483,2.200034,-0.259343,-0.253131,-0.129127
-0.241667,-0.258333,0.050000,-0.553678,0.645890,0.460732,-0.125100,0.057061,-0.330212
-0.241667,-0.241667,0.050000,-0.446235,0.615344,0.629749,-0.260269,0.265684,-0.047676
-0.241667,-0.225000,0.050000,-0.380186,0.603212,0.689595,-0.240882,0.314033,0.170509
-0.241667,-0.208333,0.050000,-0.358418,0.649713,0.770694,-0.099807,0.181165,0.243001
-0.241667,-0.191667,0.050000,-0.268405,0.631057,0.927567,0.130865,-0.166584,0.077479
-0.241667,-0.175000,0.050000,0.035961,0.246638,0.973818,0.269757,-0.569118,-0.479376
-0.241667,-0.158333,0.050000,0.332167,-0.476443,0.276379,-0.051231,-0.358837,-1.248851
-0.241667,-0.141667,0.050000,-0.153768,-0.254010,-1.331713,-0.442041,0.563284,-0.728592
-0.241667,-0.125000,0.050000,-0.445703,0.702903,-0.624281,0.437371,-0.154580,1.694921
-0.241667,-0.108333,0.050000,0.775484,-0.849694,2.070452,-0.012879,-0.300487,-0.557726
-0.241667,-0.091667,0.050000,-0.859707,0.992360,-2.483772,-0.266895,0.537116,-0.469079
-0.241667,-0.075000,0.050000,0.975754,-1.330716,2.932564,0.124167,-0.258125,0.284746
-0.241667,-0.058333,0.050000,-0.853963,1.240656,-2.859359,0.557882,-0.906633,1.810049
-0.241667,-0.041667,0.050000,-0.275153,0.705940,-0.957089,-0.976615,1.470375,-3.697591
-0.241667,-0.025000,0.050000,0.835001,-1.043826,3.576256,-0.519861,1.226108,-2.254183
-0.241667,-0.008333,0.050000,0.942958,-1.378516,4.572918,0.116657,0.493680,0.294842
-0.241667,0.008333,0.050000,0.922968,-1.068303,4.855759,0.159840,0.559389,0.241033
-0.241667,0.025000,0.050000,0.869206,-0.209873,4.152378,-0.400797,0.847854,-2.871784
-0.241667,0.041667,0.050000,-0.124549,0.542423,-1.608924,-1.006609,0.064631,-4.876384
-0.241667,0.058333,0.050000,-0.989727,-0.380411,-4.094881,0.486690,-0.190560,3.075522
-0.241667,0.075000,0.050000,1.196141,0.568980,5.015941,0.205574,0.261959,0.069638
-0.241667,0.091667,0.050000,-1.299948,-0.871373,-4.803837,-0.303095,-0.230865,-0.553092
-0.241667,0.108333,0.050000,1.412802,1.087562,4.380344,-0.342590,-0.326688,-1.394601
-0.241667,0.125000,0.050000,-0.580009,-0.380405,-1.489630,1.447183,1.246192,4.054677
-0.241667,0.141667,0.050000,-1.396180,-1.256336,-3.403308,-0.865057,-0.623064,-2.141586
-0.241667,0.158333,0.050000,0.534559,0.322744,1.299305,-1.612990,-1.405432,-3.481339
-0.241667,0.175000,0.050000,1.657692,1.332993,3.328923,-0.489884,-0.528520,-0.764261
-0.241667,0.191667,0.050000,1.634797,1.346580,2.859022,0.572623,0.347691,1.268916
-0.241667,0.208333,0.050000,1.360824,1.110527,2.094649,1.041620,0.720627,1.944852
-0.241667,0.225000,0.050000,1.292969,1.011646,1.826142,1.068845,0.721824,1.863882
-0.241667,0.241667,0.050000,1.447274,1.058463,1.983941,0.745996,0.461837,1.318584
-0.241667,0.258333,0.050000,1.569018,1.065065,2.153383,0.051687,-0.026873,0.316245
-0.225000,-0.258333,0.050000,-0.602520,0.642077,0.396944,-0.202584,0.109717,-0.394115
-0.225000,-0.241667,0.050000,-0.385123,0.519666,0.620592,-0.450405,0.447720,-0.007813
-0.225000,-0.225000,0.050000,-0.215404,0.373351,0.595980,-0.485503,0.604867,0.356261
-0.225000,-0.208333,0.050000,-0.186598,0.354578,0.520717,-0.410818,0.628044,0.587820
-0.225000,-0.191667,0.050000,-0.263076,0.502777,0.575143,-0.246395,0.505868,0.692511
-0.225000,-0.175000,0.050000,-0.285650,0.677970,0.865468,0.047493,0.110954,0.590445
-0.225000,-0.158333,0.050000,0.013540,0.414195,1.237051,0.306482,-0.505719,-0.038539
-0.225000,-0.141667,0.050000,0.429902,-0.480644,0.730357,-0.053011,-0.430865,-1.287131
-0.225000,-0.125000,0.050000,-0.234404,-0.208247,-1.444870,-0.566981,0.681289,-1.043648
-0.225000,-0.108333,0.050000,-0.429755,0.749962,-0.538037,0.677536,-0.462412,2.080426
-0.225000,-0.091667,0.050000,0.854201,-1.094467,2.060660,-0.457542,0.263017,-1.547510
-0.225000,-0.075000,0.050000,-0.965052,1.290416,-2.627952,0.509602,-0.520715,1.560840
-0.225000,-0.058333,0.050000,0.590249,-0.783743,1.835247,-0.995580,1.415907,-3.060025
-0.225000,-0.041667,0.050000,0.668109,-1.215609,2.271469,0.960132,-1.259111,3.394665
-0.225000,-0.025000,0.050000,-0.795412,0.780475,-3.151965,0.825456,-1.561066,3.312101
-0.225000,-0.008333,0.050000,-1.112486,1.353847,-4.947990,0.088908,-0.827530,0.691700
-0.225000,0.008333,0.050000,-1.107000,0.987903,-5.261115,0.036350,-0.828199,0.821267
-0.225000,0.025000,0.050000,-0.881626,-0.038678,-3.628844,0.720415,-0.902481,4.180361
-0.225000,0.041667,0.050000,0.548723,-0.510476,3.439732,1.080260,0.185153,4.442305
-0.225000,0.058333,0.050000,0.781054,0.478180,2.465345,-1.063275,-0.112214,-5.001053
-0.225000,0.075000,0.050000,-1.287469,-0.732519,-4.421998,0.663904,0.236110,3.137868
-0.225000,0.091667,0.050000,1.298398,0.874162,3.938569,-0.906721,-0.625979,-3.364731
-0.225000,0.108333,0.050000,-0.474558,-0.270639,-1.103047,1.641586,1.284444,4.748785
-0.225000,0.125000,0.050000,-1.416558,-1.227059,-3.581925,-1.128416,-0.800697,-2.777565
-0.225000,0.141667,0.050000,1.075733,0.750747,2.457261,-1.544714,-1.342941,-3.374586
-0.225000,0.158333,0.050000,1.903660,1.546078,3.756751,0.249249,0.053640,0.679984
-0.225000,0.175000,0.050000,1.272767,1.093576,2.107876,1.444405,1.037270,2.762730
-0.225000,0.191667,0.050000,0.637577,0.590517,0.795917,1.792467,1.307870,3.051902
-0.225000,0.208333,0.050000,0.486683,0.448020,0.476588,1.792724,1.266465,2.818884
-0.225000,0.225000,0.050000,0.799980,0.627097,0.906815,1.608589,1.072625,2.427478
-0.225000,0.241667,0.050000,1.354315,0.935763,1.681259,1.067992,0.650373,1.643405
-0.225000,0.258333,0.050000,1.646903,1.038310,2.123512,0.010121,-0.049136,0.236760
-0.208333,-0.258333,0.050000,-0.693129,0.641437,0.196239,-0.120650,0.000625,-0.520076
-0.208333,-0.241667,0.050000,-0.392718,0.494648,0.601146,-0.543667,0.477239,-0.131328
-0.208333,-0.225000,0.050000,-0.051761,0.186456,0.575836,-0.615994,0.702998,0.371702
-0.208333,-0.208333,0.050000,0.100107,-0.023474,0.329111,-0.533453,0.755498,0.696382
-0.208333,-0.191667,0.050000,0.051980,-0.022544,0.129247,-0.442289,0.766574,0.866922
-0.208333,-0.175000,0.050000,-0.137537,0.232395,0.155020,-0.312416,0.719316,1.001932
-0.208333,-0.158333,0.050000,-0.292165,0.631915,0.573730,0.005255,0.356669,1.048182
-0.208333,-0.141667,0.050000,0.009718,0.529942,1.355529,0.385083,-0.453423,0.468244
-0.208333,-0.125000,0.050000,0.577508,-0.559601,1.156532,-0.083797,-0.458514,-1.306818
-0.208333,-0.108333,0.050000,-0.426725,-0.023912,-1.736213,-0.694716,0.861420,-1.246569
-0.208333,-0.091667,0.050000,-0.182875,0.547543,0.061434,1.019069,-0.969047,2.612126
-0.208333,-0.075000,0.050000,0.454047,-0.723626,0.959825,-1.122294,1.220605,-3.013331
-0.208333,-0.058333,0.050000,-0.012922,0.015248,-0.011297,1.319985,-1.701282,3.764316
-0.208333,-0.041667,0.050000,-1.139662,1.707971,-3.637156,-0.743228,0.792287,-2.446237
-0.208333,-0.025000,0.050000,0.624461,-0.348297,2.267122,-1.198415,1.869850,-4.427375
-0.208333,-0.008333,0.050000,1.262458,-1.222942,5.105962,-0.412197,1.224186,-2.010905
-0.208333,0.008333,0.050000,1.279688,-0.808275,5.432470,-0.354727,1.123638,-2.248704
-0.208333,0.025000,0.050000,0.766683,0.342114,2.517571,-1.139523,0.867174,-5.575996
-0.208333,0.041667,0.050000,-1.121597,0.334556,-5.375020,-0.945564,-0.428430,-3.070906
-0.208333,0.058333,0.050000,-0.131253,-0.332223,0.492254,1.591964,0.495227,6.083988
-0.208333,0.075000,0.050000,0.609817,0.407052,1.350673,-1.636379,-0.859027,-5.724658
-0.208333,0.091667,0.050000,-0.016295,0.047203,0.396365,1.892883,1.279000,5.543566
-0.208333,0.108333,0.050000,-1.589019,-1.267576,-4.181723,-1.243988,-0.821252,-3.036182
-0.208333,0.125000,0.050000,1.520452,1.059442,3.430035,-1.459987,-1.247054,-3.278842
-0.208333,0.141667,0.050000,1.909599,1.552185,3.752720,1.001563,0.623805,2.133619
-0.208333,0.158333,0.050000,0.549584,0.566093,0.768061,2.092713,1.541099,3.826146
-0.208333,0.175000,0.050000,-0.425050,-0.176314,-0.962488,2.092422,1.555024,3.380048
-0.208333,0.191667,0.050000,-0.661425,-0.353973,-1.268809,1.970265,1.417543,2.893415
-0.208333,0.208333,0.050000,-0.298761,-0.106150,-0.692400,1.978851,1.340097,2.754193
-0.208333,0.225000,0.050000,0.544976,0.421938,0.483483,1.832138,1.149723,2.509468
-0.208333,0.241667,0.050000,1.491027,0.944036,1.756991,1.035120,0.581586,1.491298
-0.208333,0.258333,0.050000,1.651017,0.947992,2.047621,-0.471344,-0.319600,-0.386731
-0.191667,-0.258333,0.050000,-0.746363,0.560950,-0.194949,0.194672,-0.261602,-0.519519
-0.191667,-0.241667,0.050000,-0.547364,0.571962,0.467345,-0.512354,0.355090,-0.399040
-0.191667,-0.225000,0.050000,-0.017665,0.166866,0.648426,-0.708771,0.706820,0.215891
-0.191667,-0.208333,0.050000,0.319107,-0.237844,0.326184,-0.558733,0.735319,0.691530
-0.191667,-0.191667,0.050000,0.378638,-0.443037,-0.102850,-0.397301,0.673201,0.857407
-0.191667,-0.175000,0.050000,0.245341,-0.413213,-0.381415,-0.351007,0.705571,0.913193
-0.191667,-0.158333,0.050000,-0.043024,-0.077391,-0.390927,-0.312867,0.799649,1.089204
-0.191667,-0.141667,0.050000,-0.331170,0.551085,0.119164,0.006750,0.539803,1.380369
-0.191667,-0.125000,0.050000,0.024760,0.602268,1.385243,0.528277,-0.467026,0.978379
-0.191667,-0.108333,0.050000,0.782067,-0.752894,1.532821,-0.196900,-0.401459,-1.446060
-0.191667,-0.091667,0.050000,-0.824845,0.434681,-2.366578,-0.717076,1.002086,-1.146536
-0.191667,-0.075000,0.050000,0.550892,-0.296870,1.656946,1.221707,-1.403484,2.805893
-0.191667,-0.058333,0.050000,-0.854031,0.952079,-2.313692,-1.248818,1.507160,-3.226584
-0.191667,-0.041667,0.050000,1.585048,-2.029862,4.675952,0.205351,-0.012307,0.647878
-0.191667,-0.025000,0.050000,-0.232741,-0.295622,-0.740810,1.597302,-2.064197,5.396691
-0.191667,-0.008333,0.050000,-1.330828,0.923157,-4.830020,0.896322,-1.661595,3.692931
-0.191667,0.008333,0.050000,-1.379836,0.485950,-5.130780,0.845251,-1.412142,4.077867
-0.191667,0.025000,0.050000,-0.414165,-0.666736,-0.569312,1.632255,-0.689055,6.800167
-0.191667,0.041667,0.050000,1.754437,0.007540,6.861847,0.418107,0.557676,0.419080
-0.191667,0.058333,0.050000,-1.034787,-0.161053,-4.358846,-1.664546,-0.733972,-5.115953
-0.191667,0.075000,0.050000,1.006275,0.531965,3.619943,1.874569,1.048608,5.280061
-0.191667,0.091667,0.050000,-2.011202,-1.387240,-5.430824,-1.072158,-0.615720,-2.472896
-0.191667,0.108333,0.050000,1.850701,1.218271,4.160922,-1.516179,-1.222845,-3.548444
-0.191667,0.125000,0.050000,1.792970,1.445096,3.558182,1.677182,1.090149,3.439236
-0.191667,0.141667,0.050000,-0.366800,-0.086442,-0.856782,2.437645,1.795273,4.356244
-0.191667,0.158333,0.050000,-1.563536,-0.979450,-2.745421,1.857752,1.411954,2.857069
-0.191667,0.175000,0.050000,-1.814515,-1.143683,-2.889636,1.500229,1.119425,2.023500
-0.191667,0.191667,0.050000,-1.509674,-0.896657,-2.298601,1.675144,1.157137,2.138982
-0.191667,0.208333,0.050000,-0.630080,-0.306803,-1.061529,2.045588,1.287293,2.589394
-0.191667,0.225000,0.050000,0.767810,0.512162,0.744460,1.867277,1.071648,2.387287
-0.191667,0.241667,0.050000,1.829553,1.036395,2.107131,0.501244,0.232274,0.765895
-0.191667,0.258333,0.050000,1.181783,0.602551,1.444312,-1.329415,-0.732810,-1.409158
-0.175000,-0.258333,0.050000,-0.466654,0.232295,-0.545989,0.699785,-0.538534,-0.095484
-0.175000,-0.241667,0.050000,-0.802799,0.643742,0.034399,-0.213614,0.034499,-0.614883
-0.175000,-0.225000,0.050000,-0.210404,0.335089,0.666100,-0.775031,0.621924,-0.165845
-0.175000,-0.208333,0.050000,0.393719,-0.231526,0.523557,-0.639611,0.732211,0.561557
-0.175000,-0.191667,0.050000,0.593439,-0.617501,-0.068872,-0.304201,0.543512,0.860651
-0.175000,-0.175000,0.050000,0.525419,-0.763813,-0.587769,-0.143897,0.398096,0.785007
-0.175000,-0.158333,0.050000,0.336711,-0.722875,-0.885320,-0.203539,0.491426,0.707333
-0.175000,-0.141667,0.050000,-0.020671,-0.352736,-0.953172,-0.295981,0.781195,0.946328
-0.175000,-0.125000,0.050000,-0.442312,0.506615,-0.412545,0.046208,0.658930,1.588092
-0.175000,-0.108333,0.050000,0.092736,0.622499,1.451200,0.759139,-0.606899,1.460268
-0.175000,-0.091667,0.050000,1.005264,-1.062746,1.777811,-0.520155,-0.123946,-1.927184
-0.175000,-0.075000,0.050000,-1.444506,1.253154,-3.332366,-0.302022,0.699977,-0.172578
-0.175000,-0.058333,0.050000,1.684384,-1.750261,4.086925,0.441195,-0.623239,0.885208
-0.175000,-0.041667,0.050000,-1.747447,1.926979,-4.700262,0.740626,-1.044264,1.983331
-0.175000,-0.025000,0.050000,-0.490612,1.159032,-1.563732,-1.895261,1.987926,-5.803634
-0.175000,-0.008333,0.050000,1.191906,-0.372928,3.774291,-1.573056,2.072354,-5.662875
-0.175000,0.008333,0.050000,1.277897,0.023887,3.970809,-1.551351,1.619838,-6.230568
-0.175000,0.025000,0.050000,-0.332994,0.928159,-2.420666,-2.077859,0.318458,-7.302443
-0.175000,0.041667,0.050000,-2.145017,-0.443328,-6.835017,0.700188,-0.410996,3.550128
-0.175000,0.058333,0.050000,2.353282,0.861798,7.379520,0.645950,0.440736,0.986728
-0.175000,0.075000,0.050000,-2.609325,-1.448925,-6.986954,-0.240574,-0.095818,-0.005453
-0.175000,0.091667,0.050000,1.990427,1.169101,4.408850,-1.915536,-1.353585,-4.644681
-0.175000,0.108333,0.050000,1.745792,1.359379,3.560629,2.244578,1.402834,4.536774
-0.175000,0.125000,0.050000,-1.312458,-0.715077,-2.486547,2.537007,1.842677,4.488480
-0.175000,0.141667,0.050000,-2.553477,-1.642929,-4.216582,1.165092,0.956588,1.660875
-0.175000,0.158333,0.050000,-2.665652,-1.705034,-3.965192,0.477970,0.465009,0.431267
-0.175000,0.175000,0.050000,-2.469683,-1.499229,-3.430637,0.734730,0.576333,0.735343
-0.175000,0.191667,0.050000,-1.829216,-1.018913,-2.485894,1.594913,1.016043,1.837793
-0.175000,0.208333,0.050000,-0.339341,-0.119636,-0.615859,2.245076,1.272751,2.662359
-0.175000,0.225000,0.050000,1.509806,0.842764,1.608692,1.482724,0.754620,1.815438
-0.175000,0.241667,0.050000,1.829496,0.915436,2.052730,-0.727843,-0.403267,-0.683112
-0.175000,0.258333,0.050000,-0.269019,-0.153696,-0.203698,-1.812329,-0.872528,-1.928605
-0.158333,-0.258333,0.050000,0.414293,-0.324822,-0.191580,0.818706,-0.442790,0.517455
-0.158333,-0.241667,0.050000,-0.776848,0.438339,-0.549388,0.488325,-0.418381,-0.278654
-0.158333,-0.225000,0.050000,-0.668658,0.588242,0.278464,-0.606922,0.321311,-0.631862
-0.158333,-0.208333,0.050000,0.219304,0.011060,0.765125,-0.838170,0.740261,0.129832
-0.158333,-0.191667,0.050000,0.711047,-0.583447,0.257252,-0.361709,0.564366,0.835640
-0.158333,-0.175000,0.050000,0.683758,-0.852854,-0.520693,0.052322,0.201543,0.841373
-0.158333,-0.158333,0.050000,0.508251,-0.921832,-1.017009,0.120815,0.026467,0.495456
-0.158333,-0.141667,0.050000,0.320663,-0.912376,-1.286019,-0.086298,0.213029,0.299435
-0.158333,-0.125000,0.050000,-0.089109,-0.550063,-1.461710,-0.321903,0.738557,0.632953
-0.158333,-0.108333,0.050000,-0.660507,0.577477,-0.946751,0.140865,0.717893,1.759642
-0.158333,-0.091667,0.050000,0.334647,0.498549,1.778959,1.086094,-0.935159,1.877314
-0.158333,-0.075000,0.050000,0.997293,-1.263829,1.487235,-1.262020,0.650973,-3.042976
-0.158333,-0.058333,0.050000,-1.667375,1.739250,-3.459810,1.121522,-0.815534,2.701633
-0.158333,-0.041667,0.050000,1.166208,-1.087300,2.787893,-1.959552,2.102610,-4.775988
-0.158333,-0.025000,0.050000,1.615014,-2.137029,4.529819,1.798272,-1.404307,4.921653
-0.158333,-0.008333,0.050000,-0.615070,-0.507615,-1.452714,2.402586,-2.299890,7.572008
-0.158333,0.008333,0.050000,-0.726231,-0.737966,-1.404664,2.448868,-1.606312,8.323703
-0.158333,0.025000,0.050000,1.623795,-0.967714,6.330144,2.143602,0.241978,6.087169
-0.158333,0.041667,0.050000,1.626080,0.700566,3.766489,-2.376663,-0.136402,-7.857283
-0.158333,0.058333,0.050000,-2.521110,-1.095974,-6.155760,1.781330,0.620506,5.561376
-0.158333,0.075000,0.050000,1.582770,0.765381,3.202993,-2.852632,-1.612110,-6.933759
-0.158333,0.091667,0.050000,2.051167,1.439952,4.331825,2.669471,1.510793,5.313903
-0.158333,0.108333,0.050000,-2.178127,-1.208241,-3.936500,2.586629,1.814039,4.589954
-0.158333,0.125000,0.050000,-3.305635,-2.091272,-5.274911,0.198632,0.349288,0.119074
-0.158333,0.141667,0.050000,-3.051808,-1.936473,-4.323930,-0.876200,-0.363257,-1.509976
-0.158333,0.158333,0.050000,-2.928021,-1.762794,-3.818004,-0.631739,-0.232283,-1.094180
-0.158333,0.175000,0.050000,-2.735653,-1.517493,-3.419476,0.568334,0.425702,0.466917
-0.158333,0.191667,0.050000,-1.560124,-0.770705,-1.967643,2.064686,1.148722,2.279339
-0.158333,0.208333,0.050000,0.777571,0.443703,0.720342,2.257945,1.124710,2.541094
-0.158333,0.225000,0.050000,2.200122,1.056609,2.323758,0.079130,0.003503,0.179792
-0.158333,0.241667,0.050000,0.421737,0.172413,0.477159,-1.987293,-0.909610,-2.013907
-0.158333,0.258333,0.050000,-1.836542,-0.798297,-1.806359,-0.397685,-0.163164,-0.396951
-0.141667,-0.258333,0.050000,0.956909,-0.464009,0.540074,-0.314982,0.220724,0.081062
-0.141667,-0.241667,0.050000,0.178528,-0.192629,-0.290941,1.001685,-0.530910,0.538457
-0.141667,-0.225000,0.050000,-0.996147,0.571118,-0.533461,0.198360,-0.253595,-0.438816
-0.141667,-0.208333,0.050000,-0.391859,0.435886,0.507009,-0.914591,0.541088,-0.596855
-0.141667,-0.191667,0.050000,0.635116,-0.309563,0.774039,-0.699653,0.708721,0.438928
-0.141667,-0.175000,0.050000,0.850210,-0.810387,-0.093319,0.038152,0.275451,1.007852
-0.141667,-0.158333,0.050000,0.575559,-0.914714,-0.951220,0.391070,-0.181485,0.654491
-0.141667,-0.141667,0.050000,0.361017,-0.929322,-1.329560,0.295754,-0.334936,0.056943
-0.141667,-0.125000,0.050000,0.232435,-1.006878,-1.557577,-0.077683,-0.031948,-0.222363
-0.141667,-0.108333,0.050000,-0.271504,-0.646516,-1.926886,-0.441513,0.769077,0.257987
-0.141667,-0.091667,0.050000,-1.008691,0.854421,-1.409248,0.395491,0.660656,2.098129
-0.141667,-0.075000,0.050000,1.046738,-0.074888,2.761530,1.366847,-1.398119,1.981228
-0.141667,-0.058333,0.050000,-0.098006,-0.403819,-0.692549,-2.317422,1.923068,-4.527510
-0.141667,-0.041667,0.050000,0.636020,-0.609373,1.509762,2.700434,-2.478396,5.814522
-0.141667,-0.025000,0.050000,-2.948951,2.861584,-7.302023,-0.766988,0.058254,-1.777808
-0.141667,-0.008333,0.050000,-0.752457,1.715754,-2.612684,-3.108177,2.037827,-8.468530
-0.141667,0.008333,0.050000,-0.673954,1.565775,-3.117128,-3.268299,1.146983,-9.292172
-0.141667,0.025000,0.050000,-3.343581,0.574114,-10.018031,-1.128007,-0.826909,-1.761365
-0.141667,0.041667,0.050000,0.719032,-0.291438,3.264657,3.689848,0.873569,9.411455
-0.141667,0.058333,0.050000,-0.402435,-0.132010,-1.892283,-3.950493,-1.635577,-9.096497
-0.141667,0.075000,0.050000,3.117572,1.772033,6.640311,2.666244,1.257989,5.054673
-0.141667,0.091667,0.050000,-2.880320,-1.472451,-5.033791,2.940715,1.893844,5.286721
-0.141667,0.108333,0.050000,-3.928340,-2.373014,-6.125600,-0.814687,-0.221662,-1.392911
-0.141667,0.125000,0.050000,-3.013901,-1.881139,-4.097498,-2.337826,-1.179825,-3.459315
-0.141667,0.141667,0.050000,-2.829557,-1.678030,-3.479932,-2.158650,-1.067881,-2.960874
-0.141667,0.158333,0.050000,-3.176138,-1.712632,-3.720567,-0.813991,-0.313646,-1.178571
-0.141667,0.175000,0.050000,-2.655672,-1.293587,-3.043121,1.392081,0.771219,1.403709
-0.141667,0.191667,0.050000,-0.196025,-0.040664,-0.320044,2.726333,1.296390,2.879899
-0.141667,0.208333,0.050000,2.308532,1.046546,2.317519,0.937954,0.392888,1.001716
-0.141667,0.225000,0.050000,1.080814,0.447251,1.055246,-2.003826,-0.857797,-1.950142
-0.141667,0.241667,0.050000,-1.900448,-0.767440,-1.803871,-0.864896,-0.347180,-0.773210
-0.141667,0.258333,0.050000,-0.396367,-0.158323,-0.278979,1.882501,0.721566,1.727751
-0.125000,-0.258333,0.050000,-0.604121,0.289213,-0.250354,-0.939773,0.391573,-0.476602
-0.125000,-0.241667,0.050000,1.116487,-0.504626,0.600437,-0.225424,0.163081,0.054023
-0.125000,-0.225000,0.050000,-0.035190,-0.081547,-0.344597,1.150934,-0.576051,0.590082
-0.125000,-0.208333,0.050000,-1.143148,0.636701,-0.539712,-0.107779,-0.092547,-0.565575
-0.125000,-0.191667,0.050000,-0.042887,0.247345,0.706306,-1.118491,0.672981,-0.556996
-0.125000,-0.175000,0.050000,0.965439,-0.559838,0.737348,-0.411764,0.575338,0.729306
-0.125000,-0.158333,0.050000,0.794657,-0.895878,-0.468920,0.457469,-0.037187,1.099302
-0.125000,-0.141667,0.050000,0.317140,-0.847255,-1.328295,0.615170,-0.506931,0.366939
-0.125000,-0.125000,0.050000,0.155648,-0.864731,-1.542291,0.312646,-0.605836,-0.443912
-0.125000,-0.108333,0.050000,0.107577,-1.079072,-1.772100,-0.243857,-0.149673,-0.767468
-0.125000,-0.091667,0.050000,-0.666470,-0.578943,-2.469678,-0.662737,0.978950,-0.008211
-0.125000,-0.075000,0.050000,-1.380498,1.370851,-1.560259,1.133404,0.213009,2.986535
-0.125000,-0.058333,0.050000,2.563077,-1.560309,4.701706,0.734668,-1.227820,0.545148
-0.125000,-0.041667,0.050000,-3.161648,2.464436,-6.137657,-1.302308,1.196156,-2.221483
-0.125000,-0.025000,0.050000,3.503787,-2.520753,7.510853,-1.795623,2.012899,-4.048970
-0.125000,-0.008333,0.050000,3.193247,-2.940369,8.190803,2.813156,-0.815087,6.351578
-0.125000,0.008333,0.050000,3.292434,-2.144082,9.353431,3.081126,0.000283,6.864733
-0.125000,0.025000,0.050000,4.369431,0.314617,10.138897,-1.933909,0.964458,-6.381063
-0.125000,0.041667,0.050000,-4.628078,-0.959403,-11.077280,-1.979768,-0.820060,-3.130059
-0.125000,0.058333,0.050000,5.106246,2.101016,10.388528,0.960475,0.317350,1.026676
-0.125000,0.075000,0.050000,-3.091750,-1.316667,-5.092829,4.180864,2.247944,7.519006
-0.125000,0.091667,0.050000,-4.775897,-2.638003,-7.310645,-1.587879,-0.550694,-2.407046
-0.125000,0.108333,0.050000,-2.821901,-1.714808,-3.717295,-3.796743,-1.864400,-5.255814
-0.125000,0.125000,0.050000,-2.334023,-1.370896,-2.706999,-3.670190,-1.787619,-4.632217
-0.125000,0.141667,0.050000,-3.186451,-1.646058,-3.515506,-2.321527,-1.032122,-2.784743
-0.125000,0.158333,0.050000,-3.522637,-1.627586,-3.762037,0.414401,0.276943,0.315242
-0.125000,0.175000,0.050000,-1.231396,-0.496029,-1.296595,2.936409,1.305623,2.933339
-0.125000,0.191667,0.050000,2.275533,0.953573,2.188956,1.737663,0.701942,1.667977
-0.125000,0.208333,0.050000,1.644622,0.640632,1.470634,-1.994546,-0.780877,-1.878393
-0.125000,0.225000,0.050000,-2.009801,-0.738822,-1.841924,-1.212718,-0.457185,-0.984039
-0.125000,0.241667,0.050000,-0.509615,-0.196303,-0.292414,2.083595,0.728410,1.821580
-0.125000,0.258333,0.050000,1.934908,0.652526,1.567022,-0.386070,-0.107317,-0.496210
-0.108333,-0.258333,0.050000,-0.368938,0.143768,0.006881,1.194018,-0.447331,0.533304
-0.108333,-0.241667,0.050000,-0.807491,0.330917,-0.422573,-1.003498,0.386140,-0.414218
-0.108333,-0.225000,0.050000,1.292074,-0.529051,0.663705,-0.269052,0.158399,-0.079010
-0.108333,-0.208333,0.050000,-0.165812,-0.018992,-0.314960,1.329094,-0.602499,0.699900
-0.108333,-0.191667,0.050000,-1.284168,0.662259,-0.621634,-0.375109,0.026743,-0.640949
-0.108333,-0.175000,0.050000,0.312243,0.080813,0.871424,-1.262482,0.731082,-0.580893
-0.108333,-0.158333,0.050000,1.203351,-0.712764,0.734229,-0.049440,0.412686,0.988860
-0.108333,-0.141667,0.050000,0.585239,-0.880450,-0.822473,0.828116,-0.285670,1.188565
-0.108333,-0.125000,0.050000,-0.023370,-0.746009,-1.689972,0.678773,-0.711900,0.081356
-0.108333,-0.108333,0.050000,-0.052696,-0.847855,-1.773474,0.128027,-0.733191,-0.923236
-0.108333,-0.091667,0.050000,-0.111268,-1.198229,-2.136157,-0.664377,-0.010777,-1.239664
-0.108333,-0.075000,0.050000,-1.578234,-0.080532,-3.317414,-0.780443,1.394937,0.229719
-0.108333,-0.058333,0.050000,-0.865614,1.528925,-0.243108,2.905881,-1.266085,4.823345
-0.108333,-0.041667,0.050000,2.955349,-2.338150,4.504369,-3.079826,1.743304,-5.450969
-0.108333,-0.025000,0.050000,-0.884779,0.071840,-1.374001,5.162009,-3.655411,9.696786
-0.108333,-0.008333,0.050000,-5.876355,3.118580,-12.277390,0.360006,-1.680722,1.543519
-0.108333,0.008333,0.050000,-6.347065,1.647813,-13.890244,0.226901,-1.716453,2.144925
-0.108333,0.025000,0.050000,-1.413021,-1.048836,-1.066241,6.565296,-0.045048,14.334255
-0.108333,0.041667,0.050000,4.750643,1.395088,8.016980,-5.045621,-1.094964,-10.772650
-0.108333,0.058333,0.050000,-1.201951,-0.274784,-1.202598,6.801636,2.696073,11.656535
-0.108333,0.075000,0.050000,-6.464985,-3.026669,-9.614059,-1.421440,-0.315435,-1.821385
-0.108333,0.091667,0.050000,-3.074897,-1.731620,-3.994592,-5.295728,-2.358043,-6.913946
-0.108333,0.108333,0.050000,-1.831027,-1.072540,-2.031069,-5.205751,-2.355826,-6.142608
-0.108333,0.125000,0.050000,-3.042062,-1.475590,-3.179034,-3.833531,-1.623102,-4.190164
-0.108333,0.141667,0.050000,-4.264193,-1.814512,-4.262841,-0.622424,-0.182566,-0.678903
-0.108333,0.158333,0.050000,-2.194086,-0.844280,-2.060764,3.094326,1.251146,2.935901
-0.108333,0.175000,0.050000,2.318363,0.870375,2.151288,2.422177,0.903539,2.120901
-0.108333,0.191667,0.050000,2.068951,0.740783,1.677906,-2.150336,-0.747409,-1.957515
-0.108333,0.208333,0.050000,-2.306675,-0.754792,-2.011563,-1.359944,-0.476809,-0.957814
-0.108333,0.225000,0.050000,-0.334964,-0.139448,-0.036077,2.400447,0.753794,1.947036
-0.108333,0.241667,0.050000,2.045685,0.628923,1.472798,-0.842589,-0.219004,-0.887878
-0.108333,0.258333,0.050000,-1.750119,-0.482413,-1.438037,-1.039611,-0.330660,-0.530427
-0.091667,-0.258333,0.050000,0.884778,-0.320326,-0.023112,-1.086526,0.327584,-0.539960
-0.091667,-0.241667,0.050000,0.129026,-0.013647,0.348651,1.457193,-0.496755,0.473820
-0.091667,-0.225000,0.050000,-1.246707,0.435022,-0.631787,-0.873870,0.318005,-0.168698
-0.091667,-0.208333,0.050000,1.464278,-0.534653,0.645293,-0.581289,0.235206,-0.370343
-0.091667,-0.191667,0.050000,-0.100560,-0.033067,-0.115223,1.610947,-0.632363,0.858418
-0.091667,-0.175000,0.050000,-1.536244,0.683581,-0.836489,-0.530788,0.075505,-0.597492
-0.091667,-0.158333,0.050000,0.615388,-0.019693,0.968803,-1.463259,0.750648,-0.767621
-0.091667,-0.141667,0.050000,1.429838,-0.775105,0.893143,0.316462,0.291627,1.197092
-0.091667,-0.125000,0.050000,0.292392,-0.831527,-1.095202,1.165454,-0.405218,1.427240
-0.091667,-0.108333,0.050000,-0.432956,-0.722934,-2.153209,0.596154,-0.749599,-0.027459
-0.091667,-0.091667,0.050000,-0.342729,-1.000209,-2.286078,-0.319745,-0.617780,-1.243224
-0.091667,-0.075000,0.050000,-0.852805,-1.235557,-3.071270,-1.384294,0.648155,-1.351364
-0.091667,-0.058333,0.050000,-3.353661,1.454478,-4.337059,0.472033,1.328187,2.238184
-0.091667,-0.041667,0.050000,3.803755,-1.367447,5.970712,3.821562,-2.747891,4.706667
-0.091667,-0.025000,0.050000,-6.231543,3.733797,-10.044336,-3.624658,1.820420,-5.289719
-0.091667,-0.008333,0.050000,3.918032,-0.315655,6.035467,-7.593462,4.154233,-13.868108
-0.091667,0.008333,0.050000,4.488976,0.755456,6.516060,-8.272800,2.529413,-16.223185
-0.091667,0.025000,0.050000,-8.368977,0.021866,-15.996586,-5.204713,-1.199240,-7.276934
-0.091667,0.041667,0.050000,7.070734,1.701845,12.396670,6.810799,1.808122,9.709031
-0.091667,0.058333,0.050000,-9.034883,-3.178332,-12.472573,2.175716,1.078192,3.801860
-0.091667,0.075000,0.050000,-5.142570,-2.353355,-6.514811,-6.654857,-2.465567,-8.032799
-0.091667,0.091667,0.050000,-2.159208,-1.131187,-2.394483,-7.045385,-2.801401,-7.717456
-0.091667,0.108333,0.050000,-3.365045,-1.456736,-3.362744,-5.373923,-2.043205,-5.365527
-0.091667,0.125000,0.050000,-5.243142,-1.978117,-4.874739,-1.387793,-0.456638,-1.229255
-0.091667,0.141667,0.050000,-2.958357,-1.033537,-2.475018,3.590759,1.267149,3.220141
-0.091667,0.158333,0.050000,2.772028,0.895127,2.450613,2.916304,0.979563,2.272346
-0.091667,0.175000,0.050000,2.223835,0.724017,1.552468,-2.725561,-0.816336,-2.329032
-0.091667,0.191667,0.050000,-2.915844,-0.833315,-2.322125,-1.087074,-0.368301,-0.532307
-0.091667,0.208333,0.050000,0.375802,0.047303,0.611797,2.759521,0.770969,1.963927
-0.091667,0.225000,0.050000,1.819840,0.517336,1.025164,-1.742320,-0.416578,-1.477890
-0.091667,0.241667,0.050000,-2.296416,-0.571038,-1.567899,-0.150542,-0.092188,0.265204
-0.091667,0.258333,0.050000,1.478168,0.316427,1.220397,1.519856,0.399121,0.724951
-0.075000,-0.258333,0.050000,-0.808394,0.289060,0.317883,1.335419,-0.334950,0.474782
-0.075000,-0.241667,0.050000,-0.073722,-0.051141,-0.520583,-1.650885,0.482239,-0.314395
-0.075000,-0.225000,0.050000,1.142508,-0.293858,0.657627,1.324319,-0.442551,0.032256
-0.075000,-0.208333,0.050000,-1.839227,0.570409,-0.633713,-0.180939,0.108797,0.361662
-0.075000,-0.191667,0.050000,1.388018,-0.468090,0.314552,-1.362060,0.424698,-0.770693
-0.075000,-0.175000,0.050000,0.436322,-0.171422,0.387552,1.981678,-0.661176,0.900533
-0.075000,-0.158333,0.050000,-2.052120,0.730362,-1.165604,-0.361680,0.015899,-0.237353
-0.075000,-0.141667,0.050000,0.732723,-0.020412,0.821538,-1.943477,0.771381,-1.225975
-0.075000,-0.125000,0.050000,1.868182,-0.765112,1.408984,0.581343,0.259837,1.199903
-0.075000,-0.108333,0.050000,0.032111,-0.783775,-1.066964,1.652495,-0.344724,2.055006
-0.075000,-0.091667,0.050000,-1.092484,-0.824497,-2.828265,0.529121,-0.500506,0.481626
-0.075000,-0.075000,0.050000,-1.316258,-1.234592,-3.503462,-0.993425,0.077611,-0.832720
-0.075000,-0.058333,0.050000,-3.523085,-0.121095,-4.992058,-1.298244,1.889409,0.360472
-0.075000,-0.041667,0.050000,-2.017443,2.384812,-0.885443,6.595967,-2.107412,8.039371
-0.075000,-0.025000,0.050000,4.568345,-2.280159,5.088721,-9.257284,4.112015,-12.213350
-0.075000,-0.008333,0.050000,10.562474,-4.720394,15.957528,7.824840,-1.431956,10.192627
-0.075000,0.008333,0.050000,11.755899,-2.856367,19.126694,9.032204,0.425862,11.541420
-0.075000,0.025000,0.050000,7.058498,1.467555,7.750424,-13.423004,-0.680475,-20.361782
-0.075000,0.041667,0.050000,-4.182142,-0.971258,-3.768234,13.637784,3.225430,17.961147
-0.075000,0.058333,0.050000,-11.661681,-3.768486,-13.428018,-4.646349,-1.147776,-4.535022
-0.075000,0.075000,0.050000,-5.571478,-2.103211,-5.839726,-8.984153,-2.887637,-8.813716
-0.075000,0.091667,0.050000,-5.570464,-1.953518,-5.201827,-6.701766,-2.152391,-5.927056
-0.075000,0.108333,0.050000,-7.078188,-2.250024,-5.952878,-1.077476,-0.324255,-0.654149
-0.075000,0.125000,0.050000,-3.089152,-0.961124,-2.147206,5.063445,1.485702,4.139307
-0.075000,0.141667,0.050000,4.114068,1.103827,3.278045,2.815799,0.851527,1.771896
-0.075000,0.158333,0.050000,1.598725,0.503853,0.728184,-3.949816,-0.999467,-2.961957
-0.075000,0.175000,0.050000,-3.700018,-0.915384,-2.485759,0.156363,-0.055266,0.569486
-0.075000,0.191667,0.050000,1.945758,0.380412,1.643792,2.626267,0.664692,1.418702
-0.075000,0.208333,0.050000,0.585768,0.211137,-0.103771,-2.865090,-0.615299,-1.874919
-0.075000,0.225000,0.050000,-2.122131,-0.490870,-0.982616,1.582808,0.270947,1.319999
-0.075000,0.241667,0.050000,2.420815,0.484705,1.382487,-0.009821,0.066987,-0.464778
-0.075000,0.258333,0.050000,-1.895532,-0.329840,-1.277011,-1.179558,-0.278316,-0.270730
-0.058333,-0.258333,0.050000,-0.250464,-0.040703,-0.632315,-1.695890,0.411937,0.053093
-0.058333,-0.241667,0.050000,1.010025,-0.155202,0.611999,1.536565,-0.433276,-0.264223
-0.058333,-0.225000,0.050000,-1.740283,0.384949,-0.506986,-0.939818,0.338507,0.491458
-0.058333,-0.208333,0.050000,2.127055,-0.565726,0.289373,-0.149990,-0.078957,-0.700793
-0.058333,-0.191667,0.050000,-1.726260,0.545122,0.065047,1.523007,-0.326351,0.829423
-0.058333,-0.175000,0.050000,0.219412,-0.162256,-0.555693,-2.474499,0.683676,-0.761357
-0.058333,-0.158333,0.050000,1.922378,-0.505902,1.072593,1.853684,-0.577261,0.298356
-0.058333,-0.141667,0.050000,-2.723323,0.780835,-1.163464,0.813485,-0.245381,0.735349
-0.058333,-0.125000,0.050000,0.050532,0.138124,-0.100332,-2.961301,0.822407,-1.767723
-0.058333,-0.108333,0.050000,2.958069,-0.709137,2.308979,0.222069,0.326833,0.339352
-0.058333,-0.091667,0.050000,0.386719,-0.633247,0.140631,2.785532,-0.124910,3.084819
-0.058333,-0.075000,0.050000,-2.368014,-0.654646,-2.991166,1.586301,0.235284,2.724152
-0.058333,-0.058333,0.050000,-4.589183,-0.161241,-4.765591,0.437511,1.530280,2.641801
-0.058333,-0.041667,0.050000,-5.164058,3.176491,-2.820930,7.463664,-0.368626,8.122713
-0.058333,-0.025000,0.050000,14.920827,-5.242625,14.331060,-4.032003,0.141892,-5.447003
-0.058333,-0.008333,0.050000,-4.503642,-0.168453,-3.236021,21.128960,-5.757050,23.829852
-0.058333,0.008333,0.050000,-5.670261,-1.662910,-3.504239,24.305814,-2.493786,28.774803
-0.058333,0.025000,0.050000,23.815899,2.373095,25.422922,-5.251011,0.414079,-8.662953
-0.058333,0.041667,0.050000,-13.639045,-2.734023,-12.071508,15.975720,3.243926,16.832776
-0.058333,0.058333,0.050000,-16.270855,-4.110655,-14.405568,-4.122532,-0.879619,-2.734238
-0.058333,0.075000,0.050000,-12.264046,-3.192376,-9.830589,-4.346855,-1.109540,-2.855003
-0.058333,0.091667,0.050000,-9.623322,-2.447265,-6.786192,3.037550,0.668903,2.736256
-0.058333,0.108333,0.050000,-0.653829,-0.311360,0.164301,7.937922,1.865070,5.423375
-0.058333,0.125000,0.050000,6.423825,1.407621,4.164153,0.487402,0.280746,-0.331992
-0.058333,0.141667,0.050000,-1.194640,-0.083413,-1.373250,-5.210090,-1.115505,-3.028807
-0.058333,0.158333,0.050000,-3.320880,-0.749654,-1.484201,3.096628,0.489220,2.283283
-0.058333,0.175000,0.050000,3.907412,0.698728,2.252753,0.480183,0.223137,-0.368601
-0.058333,0.191667,0.050000,-2.267351,-0.302319,-1.674822,-2.630373,-0.533573,-0.999824
-0.058333,0.208333,0.050000,0.255011,-0.061794,0.715525,3.097191,0.517822,1.534889
-0.058333,0.225000,0.050000,1.250082,0.276928,0.114473,-2.521456,-0.354422,-1.485543
-0.058333,0.241667,0.050000,-2.066320,-0.355879,-0.661541,1.534881,0.165734,1.148794
-0.058333,0.258333,0.050000,2.313621,0.346029,0.942011,-0.530813,-0.008239,-0.728439
-0.041667,-0.258333,0.050000,1.822653,-0.324604,-0.068555,0.290935,-0.174389,-0.727162
-0.041667,-0.241667,0.050000,-1.977453,0.408873,0.254340,0.310644,0.073695,0.725474
-0.041667,-0.225000,0.050000,1.900907,-0.462997,-0.465200,-1.072340,0.085048,-0.664918
-0.041667,-0.208333,0.050000,-1.441610,0.443138,0.684108,1.910571,-0.301245,0.521904
-0.041667,-0.191667,0.050000,0.448528,-0.288025,-0.878119,-2.602439,0.540209,-0.272611
-0.041667,-0.175000,0.050000,1.102974,-0.056113,0.991321,2.716540,-0.698479,-0.100831
-0.041667,-0.158333,0.050000,-2.829389,0.551483,-0.931864,-1.647827,0.580294,0.598906
-0.041667,-0.141667,0.050000,3.550563,-0.906022,0.539645,-0.942475,0.010322,-1.166728
-0.041667,-0.125000,0.050000,-1.447802,0.522149,0.442260,3.866886,-0.853497,1.524263
-0.041667,-0.108333,0.050000,-3.351541,0.681679,-1.981128,-3.189918,0.787631,-0.700777
-0.041667,-0.091667,0.050000,3.988339,-0.688898,1.707178,-3.253853,0.629362,-2.396309
-0.041667,-0.075000,0.050000,4.574282,-0.434170,3.851580,3.571009,-0.227899,1.729640
-0.041667,-0.058333,0.050000,0.465865,0.768206,2.426990,7.542949,-0.037116,5.564374
-0.041667,-0.041667,0.050000,2.810681,2.247087,4.927465,12.805230,-1.894270,7.928622
-0.041667,-0.025000,0.050000,22.004039,-5.625498,14.237004,-10.328421,-0.346116,-9.635978
-0.041667,-0.008333,0.050000,-14.792912,2.204753,-9.279243,34.611178,-5.848027,28.189608
-0.041667,0.008333,0.050000,-18.746147,-1.046848,-11.968062,40.058629,-2.411207,34.285091
-0.041667,0.025000,0.050000,37.971826,3.380828,28.345735,-12.413635,-0.053953,-12.660151
-0.041667,0.041667,0.050000,-3.305726,-0.851320,-0.387015,30.288718,4.497184,21.364341
-0.041667,0.058333,0.050000,-13.405129,-2.593790,-7.453264,17.128570,2.769302,11.591680
-0.041667,0.075000,0.050000,-3.427590,-0.974892,-0.929606,15.152477,2.546775,9.045127
-0.041667,0.091667,0.050000,8.981977,1.241123,5.543179,7.098480,1.470502,3.053762
-0.041667,0.108333,0.050000,5.254091,1.082026,1.914537,-7.035967,-0.876400,-4.242636
-0.041667,0.125000,0.050000,-6.730367,-0.884148,-3.588301,-1.923139,-0.555419,-0.032493
-0.041667,0.141667,0.050000,1.859286,0.019508,1.727066,5.460163,0.809836,2.295756
-0.041667,0.158333,0.050000,2.149413,0.451220,0.229196,-4.386592,-0.463853,-2.358244
-0.041667,0.175000,0.050000,-3.774938,-0.523926,-1.300599,1.907502,0.077553,1.520204
-0.041667,0.191667,0.050000,3.717661,0.408124,1.615605,0.276368,0.170351,-0.594461
-0.041667,0.208333,0.050000,-2.869755,-0.247146,-1.499483,-1.696189,-0.282653,-0.119712
-0.041667,0.225000,0.050000,1.808515,0.104453,1.198852,2.413822,0.305882,0.578764
-0.041667,0.241667,0.050000,-0.819668,0.001774,-0.855051,-2.630840,-0.281531,-0.828749
-0.041667,0.258333,0.050000,0.011075,-0.072681,0.535841,2.537857,0.236790,0.931728
-0.025000,-0.258333,0.050000,0.250141,0.099388,0.688159,1.927647,-0.291351,-0.502970
-0.025000,-0.241667,0.050000,-0.747112,-0.036242,-0.618466,-1.989533,0.349440,0.664387
-0.025000,-0.225000,0.050000,1.363667,-0.062380,0.492902,1.902167,-0.399208,-0.834751
-0.025000,-0.208333,0.050000,-2.074817,0.205386,-0.292713,-1.565569,0.421215,0.996430
-0.025000,-0.191667,0.050000,2.788483,-0.394301,0.000077,0.847647,-0.381142,-1.116390
-0.025000,-0.175000,0.050000,-3.281832,0.606969,0.392590,0.386988,0.226263,1.139285
-0.025000,-0.158333,0.050000,3.116133,-0.765157,-0.863298,-2.166944,0.104132,-0.983111
-0.025000,-0.141667,0.050000,-1.609460,0.690202,1.327231,4.121870,-0.620215,0.546565
-0.025000,-0.125000,0.050000,-1.807072,-0.115506,-1.588714,-4.927490,1.114053,0.256817
-0.025000,-0.108333,0.050000,6.035111,-0.983362,1.262327,1.975733,-0.920105,-1.408555
-0.025000,-0.091667,0.050000,-5.289843,1.445675,0.387021,5.826276,-0.648316,2.397462
-0.025000,-0.075000,0.050000,-6.969861,0.609518,-3.469076,-7.295953,1.659768,-0.513478
-0.025000,-0.058333,0.050000,4.886052,-1.524813,-0.866837,-12.961586,1.164597,-5.483698
-0.025000,-0.041667,0.050000,12.910100,-2.994542,1.873249,-17.765781,0.262744,-9.048900
-0.025000,-0.025000,0.050000,-22.463884,-0.824847,-12.654393,-33.014983,5.516526,-11.307791
-0.025000,-0.008333,0.050000,52.578399,-2.976505,26.368726,39.260154,-4.602834,15.559521
-0.025000,0.008333,0.050000,57.665095,-1.159901,30.034352,50.024723,0.557423,21.608873
-0.025000,0.025000,0.050000,-19.844249,0.481619,-11.840088,-58.521349,-3.727199,-25.944138
-0.025000,0.041667,0.050000,38.492358,3.661766,15.581951,-14.608471,0.091165,-8.233578
-0.025000,0.058333,0.050000,25.334517,2.522934,9.564065,-7.801999,0.389883,-4.849064
-0.025000,0.075000,0.050000,6.606017,1.338911,1.013604,-16.527514,-1.027265,-6.913298
-0.025000,0.091667,0.050000,-11.498028,-0.579727,-4.874296,-5.399144,-0.992651,-0.677082
-0.025000,0.108333,0.050000,-0.822744,-0.547375,1.002131,9.561336,0.609795,3.554811
-0.025000,0.125000,0.050000,6.480026,0.604951,1.667000,-3.966445,0.071617,-2.382223
-0.025000,0.141667,0.050000,-6.131260,-0.305713,-2.289203,-1.163808,-0.355885,0.621026
-0.025000,0.158333,0.050000,3.749484,0.044714,1.903016,3.711214,0.369364,0.575304
-0.025000,0.175000,0.050000,-1.369813,0.105228,-1.244407,-4.350562,-0.283401,-1.160883
-0.025000,0.191667,0.050000,-0.396613,-0.170226,0.630981,3.994586,0.183995,1.340405
-0.025000,0.208333,0.050000,1.525622,0.185711,-0.155882,-3.242758,-0.101028,-1.298169
-0.025000,0.225000,0.050000,-2.159990,-0.176431,-0.178820,2.410588,0.039978,1.153361
-0.025000,0.241667,0.050000,2.453637,0.156704,0.399257,-1.640416,0.001959,-0.973181
-0.025000,0.258333,0.050000,-2.528408,-0.134030,-0.534993,0.983610,-0.029359,0.792081
-0.008333,-0.258333,0.050000,-1.047828,0.224269,0.981411,1.707271,-0.085513,-0.140799
-0.008333,-0.241667,0.050000,0.785507,-0.237470,-1.020463,-2.056307,0.142604,0.324560
-0.008333,-0.225000,0.050000,-0.371140,0.237632,1.021319,2.411161,-0.218594,-0.555366
-0.008333,-0.208333,0.050000,-0.250655,-0.212342,-0.955651,-2.719344,0.315913,0.835483
-0.008333,-0.191667,0.050000,1.138151,0.141298,0.781180,2.876488,-0.432035,-1.155523
-0.008333,-0.175000,0.050000,-2.322903,0.005934,-0.440090,-2.690433,0.550822,1.479216
-0.008333,-0.158333,0.050000,3.726597,-0.266619,-0.132044,1.838504,-0.624326,-1.715315
-0.008333,-0.141667,0.050000,-4.960716,0.659107,0.963890,0.132897,0.541189,1.675249
-0.008333,-0.125000,0.050000,4.933033,-1.090178,-1.922252,-3.564127,-0.099010,-1.044620
-0.008333,-0.108333,0.050000,-1.450968,1.128531,2.443996,7.581528,-0.891707,-0.487129
-0.008333,-0.091667,0.050000,-7.273695,0.172016,-1.316572,-7.185282,1.926426,2.527206
-0.008333,-0.075000,0.050000,12.323981,-2.616902,-2.092156,-7.311070,-0.392183,-2.510972
-0.008333,-0.058333,0.050000,15.506827,-0.479144,2.922146,15.060281,-3.582009,-2.498674
-0.008333,-0.041667,0.050000,12.058222,1.596658,5.078770,33.520416,-4.439177,0.869375
-0.008333,-0.025000,0.050000,60.369916,-2.488784,8.219730,15.531120,-4.752956,-2.664149
-0.008333,-0.008333,0.050000,-96.482634,0.672407,-14.412972,-16.484218,3.561546,0.390483
-0.008333,0.008333,0.050000,-101.620536,-1.600456,-15.472525,-31.800585,-1.004620,-3.959651
-0.008333,0.025000,0.050000,60.939872,-0.501751,9.731374,48.307811,3.262392,6.135392
-0.008333,0.041667,0.050000,-16.461616,-2.585400,-0.748295,44.444722,-0.534886,7.508080
-0.008333,0.058333,0.050000,-3.576705,-1.777244,1.384187,28.801022,-0.380899,5.135145
-0.008333,0.075000,0.050000,16.382696,-0.859131,3.999940,9.798952,0.893245,0.252078
-0.008333,0.091667,0.050000,4.987588,0.669441,-0.496763,-12.594520,0.544049,-3.117727
-0.008333,0.108333,0.050000,-10.107480,0.118171,-1.908675,1.600178,-0.605989,1.717246
-0.008333,0.125000,0.050000,6.550635,-0.383822,2.139920,4.785581,0.243628,0.055561
-0.008333,0.141667,0.050000,-2.125528,0.343040,-1.482927,-6.323530,0.021629,-1.057158
-0.008333,0.158333,0.050000,-0.943359,-0.225369,0.723000,5.562690,-0.141530,1.399792
-0.008333,0.175000,0.050000,2.629460,0.120196,-0.123759,-4.107484,0.172711,-1.376611
-0.008333,0.191667,0.050000,-3.365923,-0.046486,-0.281130,2.658349,-0.162974,1.194385
-0.008333,0.208333,0.050000,3.539743,0.000411,0.528310,-1.448738,0.138731,-0.965265
-0.008333,0.225000,0.050000,-3.410806,0.026116,-0.663906,0.515703,-0.112202,0.741730
-0.008333,0.241667,0.050000,3.135840,-0.040025,0.725813,0.173005,0.088225,-0.544534
-0.008333,0.258333,0.050000,-2.803917,0.046201,-0.741236,-0.666339,-0.068217,0.379115
0.008333,-0.258333,0.050000,-1.176935,0.180703,1.113197,1.648006,0.010777,-0.243324
0.008333,-0.241667,0.050000,0.947380,-0.210336,-1.153441,-2.019751,0.023721,0.472011
0.008333,-0.225000,0.050000,-0.567440,0.238431,1.142537,2.414428,-0.076443,-0.761733
0.008333,-0.208333,0.050000,-0.024964,-0.257370,-1.040896,-2.787372,0.154385,1.115828
0.008333,-0.191667,0.050000,0.902993,0.251711,0.787696,3.042709,-0.264668,-1.520756
0.008333,-0.175000,0.050000,-2.127794,-0.192362,-0.297259,-2.991943,0.409449,1.921875
0.008333,-0.158333,0.050000,3.672616,0.029829,-0.527937,2.294397,-0.571075,-2.175791
0.008333,-0.141667,0.050000,-5.216911,0.303176,1.724602,-0.414786,0.675310,1.972718
0.008333,-0.125000,0.050000,5.678596,-0.836334,-3.029070,-3.208846,-0.520294,-0.777396
0.008333,-0.108333,0.050000,-2.523685,1.325231,3.316564,8.071448,-0.269519,-1.895596
0.008333,-0.091667,0.050000,-7.265353,-0.703894,-0.170821,-8.961759,1.787134,4.790919
0.008333,-0.075000,0.050000,15.167774,-2.329585,-6.044562,-7.186734,-1.577648,-1.355517
0.008333,-0.058333,0.050000,17.954042,1.082542,-1.428427,19.251140,-4.018504,-8.089996
0.008333,-0.041667,0.050000,16.241283,3.362857,0.669145,40.996693,-4.676939,-10.975041
0.008333,-0.025000,0.050000,72.875417,-2.153204,-13.504608,8.700478,-5.474112,-4.976723
0.008333,-0.008333,0.050000,-101.679671,-0.908568,17.852491,1.640335,2.465438,-0.146691
0.008333,0.008333,0.050000,-96.830913,-2.827407,18.117456,-14.734368,-2.124033,0.681665
0.008333,0.025000,0.050000,56.977322,-1.897295,-10.553012,37.581892,2.799652,-5.737565
0.008333,0.041667,0.050000,-13.079919,-2.040082,2.287242,40.208716,-3.031006,-4.976534
0.008333,0.058333,0.050000,-2.878905,-1.687196,1.545401,26.759825,-2.630439,-1.634049
0.008333,0.075000,0.050000,15.830620,-2.361290,0.596864,9.333450,0.101090,-1.378390
0.008333,0.091667,0.050000,4.910095,0.252337,-1.139005,-12.493257,1.721506,-0.939552
0.008333,0.108333,0.050000,-10.221668,1.033753,-0.485868,1.632559,-0.775726,1.356729
0.008333,0.125000,0.050000,6.724464,-0.965796,1.274957,4.902352,-0.164173,-0.460404
0.008333,0.141667,0.050000,-2.206309,0.528129,-1.187321,-6.545621,0.545567,-0.394593
0.008333,0.158333,0.050000,-0.978639,-0.156432,0.761164,5.795509,-0.580458,0.857554
0.008333,0.175000,0.050000,2.747428,-0.072113,-0.313998,-4.296805,0.479778,-1.001610
0.008333,0.191667,0.050000,-3.527038,0.187838,-0.041514,2.787465,-0.351171,0.961795
0.008333,0.208333,0.050000,3.714549,-0.233090,0.289472,-1.520716,0.236164,-0.837121
0.008333,0.225000,0.050000,-3.581234,0.239254,-0.447133,0.540986,-0.145684,0.685041
0.008333,0.241667,0.050000,3.292355,-0.225838,0.537943,0.182828,0.078886,-0.534713
0.008333,0.258333,0.050000,-2.942453,0.203983,-0.582402,-0.701051,-0.031420,0.398991
0.025000,-0.258333,0.050000,-0.161853,0.157655,0.843237,2.009525,0.012679,-0.976789
0.025000,-0.241667,0.050000,-0.305394,-0.185090,-0.678405,-2.201223,0.025930,1.253442
0.025000,-0.225000,0.050000,0.934317,0.206752,0.389394,2.289498,-0.085063,-1.539693
0.025000,-0.208333,0.050000,-1.739662,-0.210817,0.072224,-2.171469,0.170561,1.786620
0.025000,-0.191667,0.050000,2.688695,0.175394,-0.752207,1.684769,-0.284468,-1.893904
0.025000,-0.175000,0.050000,-3.628175,-0.064254,1.654683,-0.600796,0.414529,1.677596
0.025000,-0.158333,0.050000,4.142793,-0.170647,-2.639723,-1.321221,-0.510038,-0.847859
0.025000,-0.141667,0.050000,-3.346244,0.554404,3.204643,4.071671,0.438411,-0.912784
0.025000,-0.125000,0.050000,-0.149346,-0.954832,-2.186461,-6.586286,0.044978,3.480090
0.025000,-0.108333,0.050000,6.821017,0.773724,-1.898586,5.169583,-1.089236,-4.877739
0.025000,-0.091667,0.050000,-10.108025,1.028673,6.931402,5.806615,1.640677,-0.124973
0.025000,-0.075000,0.050000,-8.343703,-2.446571,0.826356,-14.551041,1.567484,9.581709
0.025000,-0.058333,0.050000,10.857364,-4.123283,-9.818507,-23.060175,-1.604200,9.981458
0.025000,-0.041667,0.050000,17.311885,-5.974118,-12.777532,-35.918219,-2.076306,16.646621
0.025000,-0.025000,0.050000,-50.067249,-2.276089,24.548623,-31.548198,6.231580,17.381489
0.025000,-0.008333,0.050000,70.719167,-0.498070,-35.610979,9.995615,-1.674038,-3.006565
0.025000,0.008333,0.050000,59.678564,0.420596,-31.303219,16.616112,3.865694,-6.335576
0.025000,0.025000,0.050000,-24.449254,2.558279,13.925990,-34.925932,-2.263835,17.429117
0.025000,0.041667,0.050000,25.267002,-0.777268,-11.140088,-13.578460,2.890862,6.692571
0.025000,0.058333,0.050000,19.233640,-2.297442,-6.541854,-6.824830,2.432526,2.093818
0.025000,0.075000,0.050000,5.618468,-0.019910,-1.943906,-14.233864,3.028847,2.984401
0.025000,0.091667,0.050000,-10.779099,2.463854,1.157150,-5.177304,0.312164,1.561047
0.025000,0.108333,0.050000,-0.939706,-0.384308,1.011975,9.613545,-1.936954,-0.691554
0.025000,0.125000,0.050000,6.881872,-1.077422,-0.709335,-4.110128,1.136917,-0.630855
0.025000,0.141667,0.050000,-6.668888,1.250887,-0.155568,-1.330253,-0.078506,0.832087
0.025000,0.158333,0.050000,4.142866,-0.871411,0.655582,4.165233,-0.521838,-0.450313
0.025000,0.175000,0.050000,-1.514340,0.427576,-0.756101,-4.924577,0.716488,-0.006283
0.025000,0.191667,0.050000,-0.479201,-0.088359,0.632245,4.550552,-0.688826,0.342531
0.025000,0.208333,0.050000,1.768932,-0.126997,-0.426206,-3.706748,0.571180,-0.533323
0.025000,0.225000,0.050000,-2.497235,0.245346,0.215906,2.757474,-0.433974,0.610345
0.025000,0.241667,0.050000,2.832956,-0.298592,-0.034631,-1.872689,0.308092,-0.612737
0.025000,0.258333,0.050000,-2.914516,0.311908,-0.108283,1.116226,-0.203854,0.571815
0.041667,-0.258333,0.050000,1.733565,0.161600,-0.694077,0.966484,-0.095864,-1.261997
0.041667,-0.241667,0.050000,-2.136706,-0.147075,1.146191,-0.465248,0.165104,1.119242
0.041667,-0.225000,0.050000,2.414035,0.097179,-1.630582,-0.294975,-0.244935,-0.760204
0.041667,-0.208333,0.050000,-2.388721,0.007574,2.040823,1.331651,0.318524,0.095293
0.041667,-0.191667,0.050000,1.790789,-0.183897,-2.157791,-2.550297,-0.345875,0.932338
0.041667,-0.175000,0.050000,-0.298989,0.421688,1.610829,3.595113,0.251540,-2.224497
0.041667,-0.158333,0.050000,-2.215346,-0.625828,0.045765,-3.634832,0.067579,3.268074
0.041667,-0.141667,0.050000,4.964877,0.524862,-2.826959,1.328691,-0.640828,-2.795264
0.041667,-0.125000,0.050000,-4.977876,0.295326,4.884930,3.988032,1.083789,-0.882357
0.041667,-0.108333,0.050000,-2.256068,-1.565018,-1.185738,-7.855792,-0.177020,6.282367
0.041667,-0.091667,0.050000,10.598518,0.349328,-8.350114,-2.322114,-2.256511,-1.754798
0.041667,-0.075000,0.050000,8.720876,3.243531,-3.086209,12.087490,-0.982631,-11.411272
0.041667,-0.058333,0.050000,3.154009,4.941321,2.046199,20.708879,0.529774,-16.743966
0.041667,-0.041667,0.050000,18.419772,5.530135,-12.123728,22.623561,-3.516823,-20.717972
0.041667,-0.025000,0.050000,17.413007,-5.936966,-15.114810,-33.486951,-1.945301,27.666738
0.041667,-0.008333,0.050000,12.391786,0.521991,-12.453760,39.099379,-2.709662,-31.679955
0.041667,0.008333,0.050000,8.274268,-3.950481,-8.329093,33.346805,-0.006041,-27.398524
0.041667,0.025000,0.050000,15.720344,3.220408,-13.699159,-17.506774,2.115010,15.486751
0.041667,0.041667,0.050000,2.737604,-1.842237,-2.870911,16.146345,-0.038933,-13.651602
0.041667,0.058333,0.050000,-7.091289,0.196515,4.380695,10.816181,-2.040955,-7.744837
0.041667,0.075000,0.050000,-2.533532,-0.143508,1.151158,10.631081,-2.556455,-5.368431
0.041667,0.091667,0.050000,7.105530,-2.250137,-2.359921,6.178027,-1.157449,-2.413730
0.041667,0.108333,0.050000,5.242573,-1.040550,-1.703157,-6.267436,1.999326,1.260940
0.041667,0.125000,0.050000,-6.749425,1.907858,0.993910,-2.320025,0.250172,0.973792
0.041667,0.141667,0.050000,1.743483,-0.732829,0.394603,6.033614,-1.442979,-0.899653
0.041667,0.158333,0.050000,2.652342,-0.423615,-0.756541,-4.898981,1.290602,0.085831
0.041667,0.175000,0.050000,-4.521453,0.941867,0.460869,2.089503,-0.650252,0.451477
0.041667,0.191667,0.050000,4.462797,-0.968978,-0.032319,0.468250,0.058646,-0.581304
0.041667,0.208333,0.050000,-3.448331,0.763949,-0.287647,-2.164096,0.323689,0.461919
0.041667,0.225000,0.050000,2.157797,-0.499845,0.452866,3.027159,-0.510908,-0.249905
0.041667,0.241667,0.050000,-0.945380,0.259720,-0.493892,-3.281018,0.563528,0.037355
0.041667,0.258333,0.050000,-0.048534,-0.071743,0.455913,3.152502,-0.537871,0.135942
0.058333,-0.258333,0.050000,0.660201,-0.094466,-1.202054,-1.824227,-0.231112,1.035260
0.058333,-0.241667,0.050000,0.127007,0.211732,0.775696,2.131316,0.200945,-1.594127
0.058333,-0.225000,0.050000,-1.184226,-0.332409,0.022827,-2.054480,-0.094948,2.000441
0.058333,-0.208333,0.050000,2.315683,0.400200,-1.184400,1.312938,-0.111811,-1.951751
0.058333,-0.191667,0.050000,-3.010465,-0.312438,2.425264,0.304544,0.400628,1.041061
0.058333,-0.175000,0.050000,2.374245,-0.050482,-2.938441,-2.557937,-0.631503,0.978837
0.058333,-0.158333,0.050000,0.435370,0.659915,1.394380,4.070934,0.465999,-3.425277
0.058333,-0.141667,0.050000,-4.432229,-0.958432,2.728163,-2.081195,0.443978,3.585257
0.058333,-0.125000,0.050000,4.130043,-0.194898,-5.284129,-4.327419,-1.404856,1.898290
0.058333,-0.108333,0.050000,5.257358,1.933164,-2.412915,5.305782,-0.281445,-6.757246
0.058333,-0.091667,0.050000,-3.877663,1.464612,6.869495,8.682936,2.315024,-6.425045
0.058333,-0.075000,0.050000,-10.784649,-0.058605,12.444597,5.802298,3.830369,-1.926558
0.058333,-0.058333,0.050000,-13.084004,1.039826,16.035621,8.666225,4.996691,-5.522359
0.058333,-0.041667,0.050000,2.610597,5.923201,0.037332,19.310202,0.149681,-22.187966
0.058333,-0.025000,0.050000,10.848170,-4.972502,-12.942768,-19.785690,-1.302351,23.130387
0.058333,-0.008333,0.050000,13.519571,-0.850140,-17.205060,18.702805,-3.064865,-20.586923
0.058333,0.008333,0.050000,11.321386,-3.719208,-13.679124,16.042534,-0.121402,-17.706840
0.058333,0.025000,0.050000,7.824825,3.019658,-10.000127,-11.481627,2.389760,13.258759
0.058333,0.041667,0.050000,-1.797689,-2.283519,2.908777,9.205425,0.078832,-11.750281
0.058333,0.058333,0.050000,-7.414802,0.332248,8.738496,-0.300078,-0.783553,-0.094670
0.058333,0.075000,0.050000,-6.475192,1.401870,5.987291,-2.258967,0.066101,1.421623
0.058333,0.091667,0.050000,-6.415592,1.758525,4.071866,1.442370,-0.766958,-1.232372
0.058333,0.108333,0.050000,-1.217337,0.051221,0.590058,6.120921,-2.035904,-2.869724
0.058333,0.125000,0.050000,5.727991,-1.937212,-1.938912,1.119434,-0.062334,-0.621794
0.058333,0.141667,0.050000,-0.623481,0.463815,-0.200326,-5.368284,1.690501,1.430059
0.058333,0.158333,0.050000,-3.958962,1.082692,1.027446,3.020380,-1.106398,-0.245352
0.058333,0.175000,0.050000,4.481089,-1.349705,-0.555391,0.953314,-0.097023,-0.583829
0.058333,0.191667,0.050000,-2.500564,0.818268,-0.103500,-3.396926,0.849473,0.638055
0.058333,0.208333,0.050000,0.056144,-0.145280,0.451460,3.890949,-1.018839,-0.307518
0.058333,0.225000,0.050000,1.789461,-0.348537,-0.480173,-3.123446,0.830655,-0.054405
0.058333,0.241667,0.050000,-2.784148,0.603251,0.329567,1.845338,-0.512928,0.295407
0.058333,0.258333,0.050000,3.060451,-0.669455,-0.124252,-0.548372,0.202297,-0.395857
0.075000,-0.258333,0.050000,-1.750833,-0.186433,1.717667,0.707785,0.263506,0.176959
0.075000,-0.241667,0.050000,1.230510,0.017507,-1.744098,-1.671084,-0.375719,0.837691
0.075000,-0.225000,0.050000,-0.018618,0.250142,1.044537,2.300238,0.366733,-1.923264
0.075000,-0.208333,0.050000,-1.675795,-0.516929,0.542762,-1.955222,-0.124081,2.442717
0.075000,-0.191667,0.050000,2.913346,0.529583,-2.505351,0.104328,-0.372002,-1.452066
0.075000,-0.175000,0.050000,-2.009224,0.021391,3.075919,2.670320,0.802119,-1.441623
0.075000,-0.158333,0.050000,-1.809896,-0.939316,0.007408,-3.435697,-0.383721,4.046067
0.075000,-0.141667,0.050000,4.427043,0.723528,-4.783696,-1.159992,-1.091086,-1.062122
0.075000,-0.125000,0.050000,1.608004,1.505756,0.973135,5.223945,0.832264,-5.961237
0.075000,-0.108333,0.050000,-5.084421,-0.141767,7.332036,4.201578,2.284663,-1.903918
0.075000,-0.091667,0.050000,-7.985985,-1.988895,8.757100,-0.261368,2.302198,4.021675
0.075000,-0.075000,0.050000,-9.489763,-2.621849,10.843708,-1.524420,2.935551,5.869896
0.075000,-0.058333,0.050000,-9.946166,0.471753,15.111231,5.387022,4.713447,-3.859179
0.075000,-0.041667,0.050000,7.235185,4.372456,-8.612865,10.589331,-2.295755,-16.837835
0.075000,-0.025000,0.050000,-5.766366,-2.858780,8.746381,-12.539166,2.950159,19.140861
0.075000,-0.008333,0.050000,13.222320,-3.074814,-19.360666,-3.681914,-0.094806,6.886041
0.075000,0.008333,0.050000,11.561098,-1.912510,-16.429505,-3.440626,2.725684,5.632749
0.075000,0.025000,0.050000,-3.885936,3.451918,4.780180,-8.230685,-0.389783,12.453265
0.075000,0.041667,0.050000,2.835633,-2.262206,-3.179167,5.456230,1.391795,-9.589282
0.075000,0.058333,0.050000,-4.388456,-0.583532,7.782366,0.352568,-1.180064,-0.045738
0.075000,0.075000,0.050000,-2.485966,0.396940,4.109692,-3.116996,-0.039790,4.345682
0.075000,0.091667,0.050000,-2.393371,0.707756,3.117834,-3.385416,0.724813,3.279650
0.075000,0.108333,0.050000,-4.123998,1.439718,3.318268,-1.318161,0.266918,0.640584
0.075000,0.125000,0.050000,-2.927427,0.929024,1.579044,3.269679,-1.347969,-1.954001
0.075000,0.141667,0.050000,3.070627,-1.297541,-1.276310,3.050674,-1.000051,-1.372135
0.075000,0.158333,0.050000,2.208670,-0.651589,-0.910389,-3.556816,1.406782,1.079397
0.075000,0.175000,0.050000,-3.973010,1.424376,1.004498,-0.455745,-0.004659,0.399824
0.075000,0.191667,0.050000,1.805778,-0.737445,-0.083581,3.332855,-1.056304,-0.841636
0.075000,0.208333,0.050000,1.153201,-0.251756,-0.519369,-3.386681,1.128328,0.438197
0.075000,0.225000,0.050000,-2.911607,0.834222,0.555283,1.696296,-0.611209,0.092757
0.075000,0.241667,0.050000,3.156901,-0.924741,-0.282999,0.309153,0.003432,-0.389898
0.075000,0.258333,0.050000,-2.381149,0.705873,-0.029533,-1.803434,0.432725,0.424276
0.091667,-0.258333,0.050000,1.826976,0.336153,-1.720745,-0.164199,-0.214844,-0.704246
0.091667,-0.241667,0.050000,-1.380832,-0.119196,1.971250,1.463055,0.448459,-0.680153
0.091667,-0.225000,0.050000,-0.139829,-0.298919,-0.968482,-2.219376,-0.457367,2.151586
0.091667,-0.208333,0.050000,2.080466,0.651657,-1.307419,1.348843,0.024864,-2.357738
0.091667,-0.191667,0.050000,-2.456754,-0.389925,3.113621,1.323047,0.686888,-0.006817
0.091667,-0.175000,0.050000,-0.500294,-0.658911,-1.193603,-3.130910,-0.713803,3.436711
0.091667,-0.158333,0.050000,3.635281,0.969606,-3.848271,-0.096932,-0.728727,-1.926992
0.091667,-0.141667,0.050000,0.616159,1.103367,1.707191,4.159118,1.066416,-4.865207
0.091667,-0.125000,0.050000,-4.080507,-0.550920,6.213025,2.686386,1.878534,-0.694015
0.091667,-0.108333,0.050000,-5.603376,-2.045203,6.298568,-0.893428,1.429387,4.348545
0.091667,-0.091667,0.050000,-6.017980,-2.800662,6.529394,-2.543572,1.389099,6.779731
0.091667,-0.075000,0.050000,-7.380249,-2.074803,10.811956,-0.093838,3.124572,3.959319
0.091667,-0.058333,0.050000,-3.201944,2.976359,8.322566,7.444373,2.884637,-10.986716
0.091667,-0.041667,0.050000,8.471313,-0.599237,-15.730064,-1.579541,-3.973481,1.022929
0.091667,-0.025000,0.050000,-8.149018,2.628356,15.335644,3.529021,2.068966,-6.671627
0.091667,-0.008333,0.050000,-4.013339,0.556642,8.321466,-7.776149,2.747600,13.708313
0.091667,0.008333,0.050000,-3.861290,2.477759,7.208476,-6.944325,1.559468,11.781532
0.091667,0.025000,0.050000,-5.700954,0.213340,10.146558,2.928148,-3.018744,-4.253006
0.091667,0.041667,0.050000,4.472821,0.108896,-8.576524,-0.949567,2.633273,-0.106675
0.091667,0.058333,0.050000,-1.643829,-1.679875,4.953920,2.601452,-0.652964,-4.676241
0.091667,0.075000,0.050000,-2.056117,-0.023180,4.537731,-1.201996,-0.806214,3.098317
0.091667,0.091667,0.050000,-0.774011,0.170085,1.924887,-2.306426,0.116796,3.977282
0.091667,0.108333,0.050000,-1.082540,0.347744,1.957255,-2.532445,0.685810,2.918125
0.091667,0.125000,0.050000,-2.696588,1.054204,2.623402,-1.419321,0.450898,0.880663
0.091667,0.141667,0.050000,-2.600308,0.989977,1.610037,1.921275,-0.888227,-1.453951
0.091667,0.158333,0.050000,1.639212,-0.800584,-0.870490,2.879762,-1.126638,-1.462289
0.091667,0.175000,0.050000,2.623966,-0.984945,-1.116904,-2.021711,0.930846,0.743765
0.091667,0.191667,0.050000,-2.739861,1.145365,0.791445,-1.756832,0.583831,0.716591
0.091667,0.208333,0.050000,-0.190289,-0.042702,0.279029,3.155191,-1.195364,-0.813502
0.091667,0.225000,0.050000,2.538972,-0.856833,-0.689108,-1.683120,0.690447,0.141874
0.091667,0.241667,0.050000,-2.845798,0.996465,0.437349,-0.658739,0.137996,0.390257
0.091667,0.258333,0.050000,1.632221,-0.598487,0.000024,2.265789,-0.694463,-0.498411
0.108333,-0.258333,0.050000,-1.694535,-0.352364,1.952431,0.542994,0.318650,0.340001
0.108333,-0.241667,0.050000,0.651220,-0.056226,-1.639543,-1.834133,-0.548734,1.498849
0.108333,-0.225000,0.050000,1.370559,0.593027,-0.494701,1.647670,0.260305,-2.460537
0.108333,-0.208333,0.050000,-2.273887,-0.546719,2.799065,0.690481,0.541361,0.586437
0.108333,-0.191667,0.050000,-0.155911,-0.498970,-1.422289,-2.648517,-0.778927,2.964768
0.108333,-0.175000,0.050000,2.979866,0.953860,-3.366743,-0.055046,-0.596239,-1.797149
0.108333,-0.158333,0.050000,0.716184,0.980706,1.292970,3.286462,0.972232,-4.279511
0.108333,-0.141667,0.050000,-2.913564,-0.428536,5.180363,2.444189,1.650232,-1.030923
0.108333,-0.125000,0.050000,-4.285090,-1.690400,5.436916,-0.164645,1.250673,3.148863
0.108333,-0.108333,0.050000,-4.508796,-2.352630,5.204216,-1.620537,1.015763,5.397819
0.108333,-0.091667,0.050000,-5.220249,-2.247432,7.665725,-0.657612,2.039923,4.567083
0.108333,-0.075000,0.050000,-4.173754,0.643403,9.673503,3.786898,3.351970,-4.054210
0.108333,-0.058333,0.050000,4.240771,3.100958,-6.473096,4.059547,-1.702604,-10.117612
0.108333,-0.041667,0.050000,-1.444855,-3.139780,1.715724,-5.807432,0.987486,13.051360
0.108333,-0.025000,0.050000,4.288429,0.485651,-9.682577,4.232248,-2.760632,-9.467605
0.108333,-0.008333,0.050000,-3.004392,1.788717,5.745650,5.124178,-1.762452,-11.526329
0.108333,0.008333,0.050000,-2.632527,0.283068,4.925808,4.882727,-2.557596,-10.164050
0.108333,0.025000,0.050000,3.651158,-2.592577,-6.746313,3.009455,0.433906,-6.401107
0.108333,0.041667,0.050000,-1.217443,2.438877,0.800454,-3.407447,0.070126,7.415102
0.108333,0.058333,0.050000,1.866352,-1.418437,-2.748002,1.674013,1.354128,-5.376106
0.108333,0.075000,0.050000,-1.463281,-0.935844,4.869868,0.869990,-0.857118,-1.076190
0.108333,0.091667,0.050000,-1.053264,-0.002563,2.923940,-0.973954,-0.528207,2.955290
0.108333,0.108333,0.050000,-0.445323,0.058958,1.504537,-1.564572,0.123888,3.108569
0.108333,0.125000,0.050000,-0.844261,0.259921,1.773479,-1.766632,0.549222,2.224946
0.108333,0.141667,0.050000,-2.049379,0.852902,2.264960,-0.941093,0.345774,0.533818
0.108333,0.158333,0.050000,-1.963234,0.821634,1.330706,1.501183,-0.725175,-1.349582
0.108333,0.175000,0.050000,1.172151,-0.609950,-0.785636,2.327200,-1.000533,-1.327715
0.108333,0.191667,0.050000,2.316635,-0.971332,-1.098397,-1.330022,0.672540,0.615291
0.108333,0.208333,0.050000,-1.872393,0.869107,0.648193,-1.923222,0.753331,0.804128
0.108333,0.225000,0.050000,-1.000707,0.326469,0.458575,2.463470,-1.045833,-0.720168
0.108333,0.241667,0.050000,2.573359,-0.999028,-0.708201,-0.421583,0.248341,-0.078975
0.108333,0.258333,0.050000,-1.864548,0.753333,0.263999,-1.723888,0.593414,0.540627
0.125000,-0.258333,0.050000,0.913133,0.090808,-1.819619,-1.462123,-0.541996,1.032575
0.125000,-0.241667,0.050000,1.018120,0.529832,-0.158295,1.578912,0.352492,-2.335235
0.125000,-0.225000,0.050000,-1.984238,-0.568660,2.558000,0.546612,0.479664,0.638449
0.125000,-0.208333,0.050000,-0.280758,-0.480873,-1.155549,-2.248248,-0.734481,2.758667
0.125000,-0.191667,0.050000,2.469214,0.831871,-3.199243,-0.417498,-0.632412,-1.201583
0.125000,-0.175000,0.050000,1.165072,1.017187,0.379108,2.518365,0.730816,-3.913793
0.125000,-0.158333,0.050000,-1.753209,-0.080372,4.127955,2.525577,1.504908,-1.920320
0.125000,-0.141667,0.050000,-3.296015,-1.204767,5.090236,0.807401,1.352361,1.465648
0.125000,-0.125000,0.050000,-3.691472,-1.824418,5.071869,-0.388553,1.151485,3.526824
0.125000,-0.108333,0.050000,-3.997622,-1.825542,6.420787,0.012682,1.735720,3.241457
0.125000,-0.091667,0.050000,-3.347439,-0.100811,8.085527,2.554953,2.837811,-1.920298
0.125000,-0.075000,0.050000,1.568313,3.005550,-0.289392,4.026596,0.399949,-9.443922
0.125000,-0.058333,0.050000,2.871011,-1.729679,-8.552024,-3.246356,-2.458950,6.013637
0.125000,-0.041667,0.050000,-3.461859,1.960067,9.597861,2.556668,1.925335,-5.606079
0.125000,-0.025000,0.050000,0.512781,-2.022204,-1.264569,-4.255178,1.310620,11.139524
0.125000,-0.008333,0.050000,4.088679,-2.245452,-10.022231,-1.146772,0.042709,3.545868
0.125000,0.008333,0.050000,3.864877,-1.867834,-8.880453,-1.237134,1.300717,3.290349
0.125000,0.025000,0.050000,0.086278,1.478212,-0.660775,-3.615094,1.764841,7.990088
0.125000,0.041667,0.050000,-2.121810,-0.505607,5.662627,2.037971,-2.144863,-3.399578
0.125000,0.058333,0.050000,1.219345,1.225486,-4.580200,-1.799822,1.494623,2.938081
0.125000,0.075000,0.050000,0.599421,-1.377975,0.392917,1.351935,0.555431,-4.539522
0.125000,0.091667,0.050000,-0.932156,-0.658820,3.868648,0.401868,-0.655684,-0.157769
0.125000,0.108333,0.050000,-0.702100,-0.084434,2.469729,-0.620775,-0.356994,2.196875
0.125000,0.125000,0.050000,-0.478880,0.023341,1.691538,-1.059661,0.118551,2.247061
0.125000,0.141667,0.050000,-0.890776,0.278714,1.891477,-1.161530,0.409802,1.441976
0.125000,0.158333,0.050000,-1.692402,0.739482,1.999873,-0.380534,0.152906,-0.026324
0.125000,0.175000,0.050000,-1.323027,0.588137,0.905500,1.427532,-0.702351,-1.410231
0.125000,0.191667,0.050000,1.137814,-0.596927,-0.885157,1.760599,-0.803732,-1.088205
0.125000,0.208333,0.050000,1.868132,-0.839042,-0.978357,-1.145573,0.600701,0.651554
0.125000,0.225000,0.050000,-1.468463,0.727048,0.619328,-1.693725,0.723912,0.769911
0.125000,0.241667,0.050000,-1.149344,0.443427,0.503701,1.942445,-0.892590,-0.665496
0.125000,0.258333,0.050000,2.239360,-0.953408,-0.683581,0.174964,-0.005557,-0.189918
0.141667,-0.258333,0.050000,0.929439,0.509789,-0.164119,1.383681,0.354411,-2.182295
0.141667,-0.241667,0.050000,-1.682586,-0.516155,2.412699,0.661636,0.496298,0.369315
0.141667,-0.225000,0.050000,-0.605935,-0.552241,-0.605421,-1.872191,-0.622256,2.669909
0.141667,-0.208333,0.050000,1.950284,0.628059,-3.068455,-0.898201,-0.743285,-0.346752
0.141667,-0.191667,0.050000,1.616320,1.077046,-0.731002,1.699572,0.385753,-3.424594
0.141667,-0.175000,0.050000,-0.598217,0.353675,2.829345,2.488163,1.301321,-2.812903
0.141667,-0.158333,0.050000,-2.251278,-0.617293,4.548206,1.631270,1.462616,-0.353378
0.141667,-0.141667,0.050000,-2.895389,-1.214027,5.020493,0.764570,1.403972,1.448447
0.141667,-0.125000,0.050000,-3.050836,-1.225289,5.820880,0.902145,1.752426,1.364573
0.141667,-0.108333,0.050000,-2.347961,-0.031813,6.497426,2.339513,2.402193,-2.025980
0.141667,-0.091667,0.050000,0.844650,2.392173,1.304001,3.263489,1.014766,-7.554237
0.141667,-0.075000,0.050000,3.139113,0.256835,-8.482374,-1.158325,-2.655311,0.108528
0.141667,-0.058333,0.050000,-3.021693,-1.339384,7.438983,-1.246494,2.195598,5.318193
0.141667,-0.041667,0.050000,3.051421,0.123489,-8.742520,0.955167,-2.340425,-3.755175
0.141667,-0.025000,0.050000,-2.359881,2.108568,6.992091,2.121455,0.148989,-6.396117
0.141667,-0.008333,0.050000,-2.997213,1.690393,8.677610,-1.018428,1.100796,2.328010
0.141667,0.008333,0.050000,-2.950973,2.026781,7.865524,-0.889429,0.120369,1.973815
0.141667,0.025000,0.050000,-1.924396,0.263997,4.995667,2.089428,-2.021271,-4.934884
0.141667,0.041667,0.050000,2.394924,-1.463358,-5.519444,0.405869,1.333945,-2.154685
0.141667,0.058333,0.050000,-1.862547,1.135532,4.031492,-0.428935,-1.427236,2.904789
0.141667,0.075000,0.050000,1.197223,0.393104,-4.201771,-0.689615,1.492530,-0.220683
0.141667,0.091667,0.050000,0.295045,-1.099634,1.092791,0.876255,0.342235,-3.445466
0.141667,0.108333,0.050000,-0.563557,-0.575891,3.120132,0.302628,-0.405575,-0.305804
0.141667,0.125000,0.050000,-0.557315,-0.156999,2.396731,-0.338719,-0.217450,1.296652
0.141667,0.141667,0.050000,-0.564645,0.028475,1.948154,-0.667136,0.115246,1.335077
0.141667,0.158333,0.050000,-0.942815,0.319149,1.950903,-0.635699,0.264545,0.586914
0.141667,0.175000,0.050000,-1.369080,0.628813,1.634642,0.134366,-0.057958,-0.624258
0.141667,0.191667,0.050000,-0.704972,0.324969,0.378404,1.403675,-0.704992,-1.449865
0.141667,0.208333,0.050000,1.230795,-0.647891,-1.037493,1.200751,-0.569752,-0.752340
0.141667,0.225000,0.050000,1.392724,-0.654147,-0.778478,-1.179903,0.625527,0.772212
0.141667,0.241667,0.050000,-1.342710,0.688816,0.672947,-1.336210,0.603165,0.656223
0.141667,0.258333,0.050000,-1.001049,0.417108,0.458800,1.653543,-0.802138,-0.665450
0.158333,-0.258333,0.050000,-1.342058,-0.404471,2.267136,0.884762,0.555866,-0.097364
0.158333,-0.241667,0.050000,-0.973025,-0.652485,0.114148,-1.434378,-0.442487,2.518233
0.158333,-0.225000,0.050000,1.327806,0.343180,-2.744000,-1.319198,-0.841513,0.618421
0.158333,-0.208333,0.050000,1.859084,1.051345,-1.776432,0.794046,-0.025140,-2.603434
0.158333,-0.191667,0.050000,0.455997,0.756382,1.257302,2.131278,0.956059,-3.313806
0.158333,-0.175000,0.050000,-1.080928,0.022526,3.475830,2.074705,1.411176,-1.972472
0.158333,-0.158333,0.050000,-1.894968,-0.512216,4.469858,1.617157,1.542076,-0.616843
0.158333,-0.141667,0.050000,-2.041304,-0.525364,5.052992,1.643404,1.773670,-0.618427
0.158333,-0.125000,0.050000,-1.325509,0.361692,4.941988,2.363889,2.035075,-2.885785
0.158333,-0.108333,0.050000,0.923096,2.043625,0.937195,2.582909,0.932638,-6.317298
0.158333,-0.091667,0.050000,2.672866,1.015474,-6.801355,-0.450111,-2.119696,-1.821267
0.158333,-0.075000,0.050000,-1.489292,-2.292308,1.987126,-2.160112,0.496684,7.361312
0.158333,-0.058333,0.050000,0.407380,2.218085,0.503531,2.485789,-0.186881,-8.042401
0.158333,-0.041667,0.050000,-1.180730,-1.363247,3.262372,-2.141557,1.517284,7.584960
0.158333,-0.025000,0.050000,2.400516,-1.564272,-8.048083,-0.371023,-1.048463,1.327306
0.158333,-0.008333,0.050000,1.683705,-0.896993,-5.690822,1.767229,-1.587235,-5.250571
0.158333,0.008333,0.050000,1.720083,-1.513111,-5.271565,1.692203,-1.023522,-4.704638
0.158333,0.025000,0.050000,2.216273,-1.309737,-6.100227,-0.546657,1.270193,1.270008
0.158333,0.041667,0.050000,-1.202717,1.768029,2.344708,-1.634903,0.242323,4.827543
0.158333,0.058333,0.050000,0.549155,-1.643392,0.182790,1.590201,-0.394405,-4.575067
0.158333,0.075000,0.050000,-0.944533,1.398684,0.925773,-0.887765,-0.582474,3.810348
0.158333,0.091667,0.050000,0.852611,0.138027,-3.190701,-0.353917,1.240867,-1.162420
0.158333,0.108333,0.050000,0.265296,-0.833073,0.880942,0.544050,0.371406,-2.839583
0.158333,0.125000,0.050000,-0.315826,-0.524493,2.491505,0.276577,-0.162953,-0.806106
0.158333,0.141667,0.050000,-0.461208,-0.185924,2.282535,-0.123590,-0.087193,0.344493
0.158333,0.158333,0.050000,-0.599880,0.055684,1.995294,-0.326240,0.104032,0.373324
0.158333,0.175000,0.050000,-0.894390,0.335893,1.759358,-0.169689,0.111293,-0.260937
0.158333,0.191667,0.050000,-0.982888,0.478231,1.088420,0.533106,-0.243820,-1.107952
0.158333,0.208333,0.050000,-0.129739,0.054131,-0.189279,1.287159,-0.663862,-1.339625
0.158333,0.225000,0.050000,1.284799,-0.684765,-1.130588,0.637237,-0.305971,-0.327529
0.158333,0.241667,0.050000,0.894998,-0.430016,-0.495494,-1.254598,0.672290,0.896201
0.158333,0.258333,0.050000,-1.329413,0.697649,0.757503,-0.922552,0.428771,0.470853
0.175000,-0.258333,0.050000,-1.258914,-0.721046,0.882316,-0.895329,-0.197517,2.160516
0.175000,-0.241667,0.050000,0.600679,0.000194,-2.094989,-1.541180,-0.851333,1.506462
0.175000,-0.225000,0.050000,1.766736,0.871768,-2.482113,-0.112540,-0.430450,-1.425962
0.175000,-0.208333,0.050000,1.238111,1.008520,-0.387217,1.428880,0.467535,-3.160927
0.175000,-0.191667,0.050000,0.078875,0.603184,1.875438,2.008832,1.116882,-3.014307
0.175000,-0.175000,0.050000,-0.736987,0.204527,3.221316,1.990129,1.428287,-2.305793
0.175000,-0.158333,0.050000,-0.918926,0.196626,3.753374,2.016693,1.613642,-2.330708
0.175000,-0.141667,0.050000,-0.304695,0.837562,3.186466,2.259730,1.599330,-3.741577
0.175000,-0.125000,0.050000,1.254460,1.882896,-0.180354,1.930001,0.556703,-5.434894
0.175000,-0.108333,0.050000,2.232873,1.088655,-5.679368,-0.424205,-1.767007,-1.823757
0.175000,-0.091667,0.050000,-0.709953,-2.056545,-0.660708,-2.076740,-0.499308,6.426674
0.175000,-0.075000,0.050000,-1.014041,1.389680,5.150300,1.822702,1.536053,-4.557215
0.175000,-0.058333,0.050000,1.254111,-1.508241,-5.635242,-1.533446,-1.239348,4.416199
0.175000,-0.041667,0.050000,-0.243466,1.734088,1.588406,1.902739,-0.504001,-7.079675
0.175000,-0.025000,0.050000,-1.813418,0.892023,6.789721,-0.604563,1.444815,2.178666
0.175000,-0.008333,0.050000,-0.694054,0.201566,2.829763,-1.805961,1.646382,6.163239
0.175000,0.008333,0.050000,-0.747884,0.849216,2.697824,-1.786276,1.422727,5.632420
0.175000,0.025000,0.050000,-1.815986,1.610291,5.390573,-0.445797,-0.354709,1.478755
0.175000,0.041667,0.050000,-0.012381,-1.047213,0.819361,1.714129,-1.233337,-4.829578
0.175000,0.058333,0.050000,0.742522,0.574112,-3.235285,-1.281400,1.447035,2.749700
0.175000,0.075000,0.050000,-0.345826,-0.978448,2.744874,1.152752,-1.064955,-2.448984
0.175000,0.091667,0.050000,-0.523581,1.250413,-0.481744,-0.752496,-0.209311,3.173829
0.175000,0.108333,0.050000,0.569620,0.163245,-2.584150,-0.302650,1.010385,-1.151241
0.175000,0.125000,0.050000,0.276708,-0.574199,0.340020,0.303869,0.460967,-2.489344
0.175000,0.141667,0.050000,-0.143886,-0.435913,1.796740,0.244669,0.049164,-1.337173
0.175000,0.158333,0.050000,-0.362805,-0.162204,1.919907,0.035921,0.024168,-0.549069
0.175000,0.175000,0.050000,-0.549108,0.088569,1.699020,-0.033048,0.075236,-0.519891
0.175000,0.191667,0.050000,-0.717717,0.304929,1.258945,0.205830,-0.036660,-0.948903
0.175000,0.208333,0.050000,-0.534644,0.282536,0.397233,0.757825,-0.366556,-1.337317
0.175000,0.225000,0.050000,0.349056,-0.189694,-0.692646,1.026126,-0.545921,-1.018885
0.175000,0.241667,0.050000,1.209703,-0.656663,-1.077737,0.095929,-0.032221,0.140012
0.175000,0.258333,0.050000,0.384482,-0.177909,-0.142627,-1.259474,0.684941,0.947786
0.191667,-0.258333,0.050000,-0.143879,-0.343225,-1.126112,-1.471609,-0.722552,2.098910
0.191667,-0.241667,0.050000,1.315901,0.529160,-2.619479,-0.857732,-0.732264,-0.059260
0.191667,-0.225000,0.050000,1.585204,1.017709,-1.751763,0.508614,-0.083360,-2.296888
0.191667,-0.208333,0.050000,0.993599,0.983805,0.043213,1.449131,0.600666,-3.189561
0.191667,-0.191667,0.050000,0.367041,0.792589,1.424916,1.805234,1.025648,-3.224270
0.191667,-0.175000,0.050000,0.177512,0.810770,1.937909,1.904793,1.198754,-3.377433
0.191667,-0.158333,0.050000,0.609541,1.225677,1.219876,1.863935,1.024704,-4.115859
0.191667,-0.141667,0.050000,1.563409,1.734558,-1.512556,1.210402,0.045673,-4.464695
0.191667,-0.125000,0.050000,1.832010,0.857558,-5.042392,-0.680075,-1.632110,-1.014101
0.191667,-0.108333,0.050000,-0.495983,-1.724865,-1.321015,-1.823732,-0.809277,5.400558
0.191667,-0.091667,0.050000,-1.379507,0.329874,5.737970,1.144119,1.876836,-1.513275
0.191667,-0.075000,0.050000,1.669562,0.269872,-6.081425,-0.197040,-1.822516,-1.357784
0.191667,-0.058333,0.050000,-1.564519,0.410387,6.406107,0.267068,1.684987,0.302441
0.191667,-0.041667,0.050000,0.938847,-1.595076,-4.377167,-1.218118,-0.290730,4.734460
0.191667,-0.025000,0.050000,1.159405,-0.301500,-4.807395,1.012869,-1.516191,-4.096508
0.191667,-0.008333,0.050000,0.061202,0.309172,-0.611568,1.567579,-1.486843,-5.988969
0.191667,0.008333,0.050000,0.104330,-0.262009,-0.654583,1.583044,-1.490974,-5.547868
0.191667,0.025000,0.050000,1.244383,-1.457528,-3.987611,0.935945,-0.366210,-3.116576
0.191667,0.041667,0.050000,0.763068,0.127879,-2.865904,-1.247382,1.471253,3.469538
0.191667,0.058333,0.050000,-1.242096,0.609637,3.956090,0.402040,-1.297848,-0.013097
0.191667,0.075000,0.050000,1.051291,-0.413378,-3.401301,-0.346343,1.297699,-0.670351
0.191667,0.091667,0.050000,-0.501527,-0.510439,2.961468,0.736034,-1.133413,-0.726717
0.191667,0.108333,0.050000,-0.395264,1.059726,-0.824482,-0.546983,-0.143312,2.573797
0.191667,0.125000,0.050000,0.345402,0.292207,-2.287372,-0.317480,0.797895,-0.771574
0.191667,0.141667,0.050000,0.260875,-0.308733,-0.311409,0.120337,0.519740,-2.145401
0.191667,0.158333,0.050000,-0.029409,-0.295175,0.974061,0.193920,0.201973,-1.690916
0.191667,0.175000,0.050000,-0.250854,-0.095808,1.263759,0.142360,0.096585,-1.219549
0.191667,0.191667,0.050000,-0.413100,0.109940,1.066988,0.188956,0.027630,-1.162553
0.191667,0.208333,0.050000,-0.438535,0.221428,0.526682,0.444832,-0.155000,-1.312955
0.191667,0.225000,0.050000,-0.084788,0.066494,-0.305400,0.777761,-0.398414,-1.228141
0.191667,0.241667,0.050000,0.664619,-0.363760,-1.007905,0.638205,-0.352495,-0.511500
0.191667,0.258333,0.050000,0.974397,-0.539936,-0.836700,-0.362775,0.214108,0.562886
0.208333,-0.258333,0.050000,0.603007,0.083093,-2.101859,-1.273522,-0.839261,1.188001
0.208333,-0.241667,0.050000,1.430570,0.759745,-2.477467,-0.395106,-0.560180,-0.916230
0.208333,-0.225000,0.050000,1.448502,1.055097,-1.547507,0.570899,-0.017546,-2.445069
0.208333,-0.208333,0.050000,1.153916,1.101757,-0.489713,1.142065,0.410689,-3.133710
0.208333,-0.191667,0.050000,1.022455,1.170474,-0.065580,1.331349,0.571266,-3.474769
0.208333,-0.175000,0.050000,1.255569,1.388583,-0.716003,1.169871,0.340062,-3.734237
0.208333,-0.158333,0.050000,1.676579,1.468375,-2.684499,0.423322,-0.493384,-3.161240
0.208333,-0.141667,0.050000,1.382526,0.468494,-4.499266,-1.009711,-1.581792,0.147283
0.208333,-0.125000,0.050000,-0.576186,-1.542451,-1.009119,-1.558214,-0.758538,4.745993
0.208333,-0.108333,0.050000,-1.358226,-0.226015,5.178665,0.806283,1.730016,-0.124657
0.208333,-0.091667,0.050000,1.386114,1.258363,-3.848088,0.509960,-1.173868,-3.877582
0.208333,-0.075000,0.050000,-1.054336,-1.291765,2.918012,-0.879752,1.030186,4.866652
0.208333,-0.058333,0.050000,1.168410,0.469283,-4.591461,0.554153,-1.486631,-3.526067
0.208333,-0.041667,0.050000,-1.123422,1.238085,5.377327,0.562823,0.796908,-2.138061
0.208333,-0.025000,0.050000,-0.625741,-0.149894,2.864549,-1.098592,1.410587,4.878220
0.208333,-0.008333,0.050000,0.305012,-0.646999,-0.943185,-1.259978,1.239992,5.321211
0.208333,0.008333,0.050000,0.280091,-0.184864,-0.806465,-1.292342,1.379793,4.982536
0.208333,0.025000,0.050000,-0.724114,1.107900,2.500660,-1.097707,0.822365,3.883344
0.208333,0.041667,0.050000,-1.067261,0.578530,3.769742,0.667937,-1.227291,-1.752666
0.208333,0.058333,0.050000,1.096203,-1.204708,-3.058210,0.360546,0.549940,-2.083260
0.208333,0.075000,0.050000,-0.878887,1.197969,1.795554,-0.501397,-0.437616,2.742172
0.208333,0.091667,0.050000,0.846102,-0.791567,-2.060363,0.079433,0.896010,-2.050013
0.208333,0.108333,0.050000,-0.426139,-0.320740,2.590470,0.532528,-1.024527,0.038035
0.208333,0.125000,0.050000,-0.372441,0.881299,-0.686469,-0.356716,-0.224053,2.221265
0.208333,0.141667,0.050000,0.155658,0.430357,-2.085911,-0.317608,0.569489,-0.231459
0.208333,0.158333,0.050000,0.205283,-0.051217,-0.927552,-0.011604,0.501092,-1.660103
0.208333,0.175000,0.050000,0.036395,-0.122926,0.091526,0.132882,0.270206,-1.723186
0.208333,0.191667,0.050000,-0.131417,-0.011944,0.414711,0.195106,0.116076,-1.509434
0.208333,0.208333,0.050000,-0.220277,0.105861,0.244729,0.313120,-0.029249,-1.396784
0.208333,0.225000,0.050000,-0.120534,0.100060,-0.250489,0.517443,-0.218872,-1.257644
0.208333,0.241667,0.050000,0.281360,-0.126942,-0.839399,0.607521,-0.332932,-0.797202
0.208333,0.258333,0.050000,0.768937,-0.432612,-1.040907,0.194761,-0.116228,0.075170
0.225000,-0.258333,0.050000,0.855761,0.302344,-2.363019,-1.027001,-0.823651,0.575664
0.225000,-0.241667,0.050000,1.353982,0.796839,-2.436001,-0.337765,-0.557884,-1.033534
0.225000,-0.225000,0.050000,1.429495,1.046824,-1.975250,0.235422,-0.246060,-2.096455
0.225000,-0.208333,0.050000,1.416109,1.176344,-1.754188,0.472182,-0.124851,-2.597641
0.225000,-0.191667,0.050000,1.491417,1.246440,-2.229067,0.307931,-0.338577,-2.576327
0.225000,-0.175000,0.050000,1.496488,1.028112,-3.364542,-0.337600,-0.943680,-1.524852
0.225000,-0.158333,0.050000,0.838202,-0.005850,-3.742986,-1.270054,-1.487060,1.382693
0.225000,-0.141667,0.050000,-0.783816,-1.468252,-0.226254,-1.258346,-0.518337,4.280882
0.225000,-0.125000,0.050000,-1.216448,-0.384154,4.569108,0.725340,1.549392,0.160120
0.225000,-0.108333,0.050000,1.092119,1.506212,-2.094158,0.755323,-0.533745,-4.352552
0.225000,-0.091667,0.050000,-0.371204,-1.551840,-0.660960,-1.171084,-0.170347,5.000214
0.225000,-0.075000,0.050000,0.192426,1.493654,0.842892,1.119353,-0.042288,-5.124957
0.225000,-0.058333,0.050000,-0.603687,-0.987710,2.009569,-0.882967,1.014538,4.864297
0.225000,-0.041667,0.050000,1.040339,-0.831171,-5.238548,-0.081438,-1.063206,-0.023966
0.225000,-0.025000,0.050000,0.241869,0.467390,-1.241667,1.027525,-1.224089,-4.962202
0.225000,-0.008333,0.050000,-0.496430,0.850584,1.961223,0.968751,-0.976510,-4.487405
0.225000,0.008333,0.050000,-0.488527,0.495924,1.781912,1.006131,-1.188290,-4.240139
0.225000,0.025000,0.050000,0.320580,-0.715588,-1.192355,1.077649,-1.055032,-4.073345
0.225000,0.041667,0.050000,1.079404,-0.978596,-3.854371,-0.174573,0.784297,0.199887
0.225000,0.058333,0.050000,-0.663784,1.207346,1.517288,-0.779244,0.223051,3.123702
0.225000,0.075000,0.050000,0.290295,-1.075413,0.352036,0.875217,-0.515784,-3.086745
0.225000,0.091667,0.050000,-0.407876,1.123457,-0.298080,-0.689261,0.182434,2.760952
0.225000,0.108333,0.050000,0.646660,-0.847203,-1.048706,0.180084,0.624971,-2.258279
0.225000,0.125000,0.050000,-0.296976,-0.306361,2.234360,0.450584,-0.880025,0.211143
0.225000,0.141667,0.050000,-0.364680,0.693383,-0.326396,-0.182080,-0.356020,2.007887
0.225000,0.158333,0.050000,-0.000823,0.517614,-1.816483,-0.275344,0.315453,0.360936
0.225000,0.175000,0.050000,0.122395,0.161848,-1.365319,-0.086817,0.393219,-0.996878
0.225000,0.191667,0.050000,0.063349,0.039888,-0.690597,0.074998,0.247078,-1.381540
0.225000,0.208333,0.050000,-0.018701,0.058190,-0.420416,0.196053,0.084925,-1.346516
0.225000,0.225000,0.050000,-0.017370,0.071682,-0.530909,0.327717,-0.078021,-1.172249
0.225000,0.241667,0.050000,0.156820,-0.029020,-0.842639,0.430587,-0.214461,-0.815015
0.225000,0.258333,0.050000,0.489689,-0.253306,-1.052090,0.310827,-0.191022,-0.174416
0.241667,-0.258333,0.050000,0.799879,0.302693,-2.374630,-0.977166,-0.849676,0.546134
0.241667,-0.241667,0.050000,1.161503,0.658302,-2.588471,-0.597684,-0.739891,-0.500716
0.241667,-0.225000,0.050000,1.283204,0.831427,-2.654954,-0.393355,-0.693716,-1.041683
0.241667,-0.208333,0.050000,1.271671,0.811863,-2.946713,-0.501435,-0.851572,-0.903472
0.241667,-0.191667,0.050000,1.020528,0.442777,-3.317331,-0.924358,-1.187566,0.217272
0.241667,-0.175000,0.050000,0.223136,-0.488023,-2.629141,-1.349995,-1.258615,2.422553
0.241667,-0.158333,0.050000,-1.003501,-1.407626,0.764521,-0.885312,-0.166325,3.751039
0.241667,-0.141667,0.050000,-1.014865,-0.306778,4.072405,0.788930,1.430358,-0.162226
0.241667,-0.125000,0.050000,0.932068,1.467938,-1.257780,0.774484,-0.190485,-4.119427
0.241667,-0.108333,0.050000,0.046437,-1.189208,-2.410219,-1.122497,-0.858051,3.812422
0.241667,-0.091667,0.050000,-0.488702,0.929958,3.754418,0.908109,1.078285,-2.780130
0.241667,-0.075000,0.050000,0.410522,-1.174685,-3.351904,-0.857215,-0.689873,3.404188
0.241667,-0.058333,0.050000,0.124729,1.197419,0.309831,0.887967,-0.499796,-4.805711
0.241667,-0.041667,0.050000,-0.850167,0.454420,4.510220,-0.223425,1.160580,1.578261
0.241667,-0.025000,0.050000,0.014739,-0.675912,-0.008150,-0.893829,1.012185,4.662995
0.241667,-0.008333,0.050000,0.580575,-0.958565,-2.585193,-0.722148,0.729971,3.651201
0.241667,0.008333,0.050000,0.585824,-0.697027,-2.393046,-0.757989,0.973230,3.477925
0.241667,0.025000,0.050000,-0.033563,0.355625,0.141570,-0.971062,1.129727,3.920890
0.241667,0.041667,0.050000,-0.940537,1.120046,3.457481,-0.177585,-0.322154,0.999404
0.241667,0.058333,0.050000,0.205005,-0.861338,0.007923,0.888353,-0.751469,-3.268826
0.241667,0.075000,0.050000,0.267204,0.456812,-1.949618,-0.795788,1.018663,2.214959
0.241667,0.091667,0.050000,-0.222547,-0.533523,2.076542,0.715060,-0.936823,-1.659058
0.241667,0.108333,0.050000,-0.162804,0.909871,-1.268992,-0.628126,0.456889,2.033981
0.241667,0.125000,0.050000,0.524876,-0.777420,-0.564046,0.147765,0.510164,-2.096006
0.241667,0.141667,0.050000,-0.157099,-0.378100,1.973182,0.410848,-0.719747,0.075467
0.241667,0.158333,0.050000,-0.330879,0.475886,0.137928,-0.024451,-0.476266,1.799100
0.241667,0.175000,0.050000,-0.110925,0.516809,-1.389163,-0.190581,0.056267,0.898212
0.241667,0.191667,0.050000,0.036334,0.290769,-1.502556,-0.105341,0.217588,-0.225912
0.241667,0.208333,0.050000,0.064460,0.150641,-1.187755,0.030169,0.151952,-0.734300
0.241667,0.225000,0.050000,0.070666,0.090007,-1.006186,0.153123,0.023105,-0.795800
0.241667,0.241667,0.050000,0.144889,0.015512,-1.019888,0.245880,-0.100770,-0.588354
0.241667,0.258333,0.050000,0.325517,-0.129971,-1.068655,0.232487,-0.147082,-0.152013
0.258333,-0.258333,0.050000,0.505846,0.086069,-2.185519,-1.075065,-0.913513,1.061006
0.258333,-0.241667,0.050000,0.721283,0.258329,-2.532310,-0.981359,-0.963814,0.650392
0.258333,-0.225000,0.050000,0.689115,0.200326,-2.692826,-1.029415,-1.060664,0.807687
0.258333,-0.208333,0.050000,0.350913,-0.180489,-2.498464,-1.197442,-1.145139,1.693505
0.258333,-0.191667,0.050000,-0.373471,-0.879745,-1.201548,-1.184569,-0.864482,3.001095
0.258333,-0.175000,0.050000,-1.139582,-1.274674,1.747609,-0.432843,0.239145,2.975070
0.258333,-0.158333,0.050000,-0.751253,-0.090098,3.578046,0.906357,1.341425,-0.797535
0.258333,-0.141667,0.050000,0.886594,1.367511,-1.090079,0.679463,-0.096966,-3.715297
0.258333,-0.125000,0.050000,0.227806,-0.814648,-2.939474,-1.016158,-1.105052,2.800372
0.258333,-0.108333,0.050000,-0.770222,0.125642,4.195309,0.567604,1.343987,-0.454709
0.258333,-0.091667,0.050000,0.814609,-0.069456,-4.330353,-0.314882,-1.304273,-0.311595
0.258333,-0.075000,0.050000,-0.672278,0.654551,4.275764,0.440909,1.066345,-1.100042
0.258333,-0.058333,0.050000,0.198936,-1.197001,-1.985855,-0.734327,0.051605,3.962290
0.258333,-0.041667,0.050000,0.639088,-0.138132,-3.553256,0.391998,-1.150114,-2.574105
0.258333,-0.025000,0.050000,-0.176553,0.802473,0.921818,0.745769,-0.804181,-4.180351
0.258333,-0.008333,0.050000,-0.601855,1.001868,2.933954,0.524090,-0.513660,-2.885626
0.258333,0.008333,0.050000,-0.616228,0.816178,2.745208,0.555308,-0.764067,-2.769399
0.258333,0.025000,0.050000,-0.158270,-0.056289,0.656246,0.832760,-1.104255,-3.586377
0.258333,0.041667,0.050000,0.744341,-1.085879,-2.830673,0.397804,-0.072609,-1.827688
0.258333,0.058333,0.050000,0.157848,0.398517,-1.208220,-0.800048,0.991527,2.838983
0.258333,0.075000,0.050000,-0.596015,0.208455,2.672425,0.478746,-1.026216,-0.861091
0.258333,0.091667,0.050000,0.603184,-0.278138,-2.546544,-0.349194,0.980563,-0.065958
0.258333,0.108333,0.050000,-0.391632,-0.118354,2.292074,0.480464,-0.969532,-0.297569
0.258333,0.125000,0.050000,-0.082618,0.749082,-1.540038,-0.531966,0.521193,1.430904
0.258333,0.141667,0.050000,0.449775,-0.656369,-0.443491,0.065606,0.498101,-1.867311
0.258333,0.158333,0.050000,-0.019689,-0.472734,1.745861,0.367350,-0.533905,-0.217812
0.258333,0.175000,0.050000,-0.256920,0.231110,0.618477,0.103222,-0.538334,1.495693
0.258333,0.191667,0.050000,-0.161439,0.417775,-0.796409,-0.081953,-0.166909,1.262380
0.258333,0.208333,0.050000,-0.028423,0.312677,-1.283765,-0.079236,0.021341,0.501695
0.258333,0.225000,0.050000,0.053076,0.183376,-1.272668,0.001278,0.026138,0.037320
0.258333,0.241667,0.050000,0.122706,0.075855,-1.174381,0.081367,-0.039223,-0.055813
0.258333,0.258333,0.050000,0.228167,-0.043743,-1.077260,0.105217,-0.087683,0.127847
