far field @z=0.050000
freq=27000000000.000000
sampling point=1024
x,y,z,realEx,realEy,realEz,imgEx,imgEy,imgEz
-0.019375,-0.019375,0.050000,56.106455,-3.494078,19.241577,10.801486,-4.714765,-0.575543
-0.019375,-0.018125,0.050000,53.922508,-2.328068,19.646341,25.100057,-5.410595,4.599898
-0.019375,-0.016875,0.050000,48.602842,-1.114069,18.794129,38.233818,-5.774271,9.654374
-0.019375,-0.015625,0.050000,40.779179,0.053745,16.852672,49.592074,-5.837392,14.293399
-0.019375,-0.014375,0.050000,31.162627,1.103632,14.048739,58.816176,-5.652135,18.309143
-0.019375,-0.013125,0.050000,20.464390,1.988098,10.635217,65.782033,-5.281221,21.583512
-0.019375,-0.011875,0.050000,9.335768,2.682442,6.863265,70.563201,-4.789233,24.081055
-0.019375,-0.010625,0.050000,-1.670561,3.181122,2.961655,73.383762,-4.235976,25.835113
-0.019375,-0.009375,0.050000,-12.119135,3.493015,-0.876144,74.568872,-3.672087,26.930593
-0.019375,-0.008125,0.050000,-21.693460,3.636470,-4.497672,74.498806,-3.136739,27.486141
-0.019375,-0.006875,0.050000,-30.185186,3.634830,-7.791278,73.570106,-2.657043,27.637735
-0.019375,-0.005625,0.050000,-37.475173,3.512801,-10.681622,72.165403,-2.248670,27.524904
-0.019375,-0.004375,0.050000,-43.510461,3.293866,-13.122540,70.631902,-1.917216,27.280019
-0.019375,-0.003125,0.050000,-48.280467,2.998740,-15.088731,69.267367,-1.659920,27.020562
-0.019375,-0.001875,0.050000,-51.794847,2.644775,-16.567487,68.311841,-1.467432,26.843913
-0.019375,-0.000625,0.050000,-54.064770,2.246128,-17.551355,67.943157,-1.325484,26.823992
-0.019375,0.000625,0.050000,-55.088701,1.814526,-18.032375,68.274381,-1.216382,27.009116
-0.019375,0.001875,0.050000,-54.843413,1.360414,-17.998327,69.351747,-1.120361,27.420482
-0.019375,0.003125,0.050000,-53.280721,0.894302,-17.431267,71.152136,-1.016858,28.050918
-0.019375,0.004375,0.050000,-50.330279,0.428121,-16.308504,73.579823,-0.885832,28.863769
-0.019375,0.005625,0.050000,-45.908698,-0.023599,-14.606111,76.462889,-0.709205,29.792054
-0.019375,0.006875,0.050000,-39.935080,-0.442929,-12.304902,79.550429,-0.472502,30.738316
-0.019375,0.008125,0.050000,-32.352722,-0.808310,-9.398667,82.512331,-0.166674,31.575813
-0.019375,0.009375,0.050000,-23.156192,-1.095088,-5.904180,84.943990,0.209985,32.151895
-0.019375,0.010625,0.050000,-12.422158,-1.276942,-1.872181,86.378597,0.650016,32.294451
-0.019375,0.011875,0.050000,-0.341229,-1.328299,2.601869,86.309626,1.135378,31.822236
-0.019375,0.013125,0.050000,12.753149,-1.227656,7.368909,84.225552,1.636799,30.559581
-0.019375,0.014375,0.050000,26.363949,-0.961611,12.221255,79.657606,2.114321,28.355448
-0.019375,0.015625,0.050000,39.824098,-0.529165,16.893632,72.239462,2.519419,25.105991
-0.019375,0.016875,0.050000,52.310655,0.054316,21.072359,61.775083,2.798939,20.778839
-0.019375,0.018125,0.050000,62.885184,0.754281,24.414272,48.307940,2.900889,15.436209
-0.019375,0.019375,0.050000,70.563674,1.516173,26.575936,32.181686,2.781747,9.253039
-0.018125,-0.019375,0.050000,54.391549,-2.266011,18.334659,23.229693,-5.333431,3.197431
-0.018125,-0.018125,0.050000,48.971836,-0.952940,17.685724,37.295961,-5.728076,8.220228
-0.018125,-0.016875,0.050000,40.598174,0.326058,15.847831,49.460925,-5.778580,12.871650
-0.018125,-0.015625,0.050000,30.058845,1.483659,13.043274,59.236611,-5.540084,16.898826
-0.018125,-0.014375,0.050000,18.167542,2.460566,9.534638,66.413845,-5.083196,20.145565
-0.018125,-0.013125,0.050000,5.684819,3.224906,5.591735,71.026219,-4.483213,22.548771
-0.018125,-0.011875,0.050000,-6.735960,3.768572,1.465612,73.298112,-3.811550,24.125794
-0.018125,-0.010625,0.050000,-18.578131,4.101802,-2.628957,73.586899,-3.129832,24.956561
-0.018125,-0.009375,0.050000,-29.469726,4.247187,-6.522618,72.327321,-2.486613,25.163961
-0.018125,-0.008125,0.050000,-39.174714,4.233990,-10.093336,69.983396,-1.916311,24.895144
-0.018125,-0.006875,0.050000,-47.572781,4.093388,-13.262749,67.010652,-1.439794,24.305478
-0.018125,-0.005625,0.050000,-54.632679,3.854905,-15.988843,63.829322,-1.066009,23.546014
-0.018125,-0.004375,0.050000,-60.383361,3.544123,-18.256660,60.807511,-0.794112,22.754572
-0.018125,-0.003125,0.050000,-64.886052,3.181543,-20.068501,58.252400,-0.615671,22.050034
-0.018125,-0.001875,0.050000,-68.209433,2.782434,-21.434692,56.407037,-0.516689,21.529117
-0.018125,-0.000625,0.050000,-70.409237,2.357435,-22.365669,55.450275,-0.479284,21.264802
-0.018125,0.000625,0.050000,-71.512981,1.913696,-22.865856,55.497683,-0.483034,21.305606
-0.018125,0.001875,0.050000,-71.510212,1.456359,-22.929629,56.601731,-0.506044,21.675047
-0.018125,0.003125,0.050000,-70.348532,0.990211,-22.539543,58.750157,-0.525850,22.370866
-0.018125,0.004375,0.050000,-67.935668,0.521344,-21.666955,61.862148,-0.520345,23.363819
-0.018125,0.005625,0.050000,-64.147944,0.058657,-20.275120,65.782654,-0.468828,24.596160
-0.018125,0.006875,0.050000,-58.845479,-0.384954,-18.324828,70.275993,-0.353324,25.980213
-0.018125,0.008125,0.050000,-51.894288,-0.791918,-15.782480,75.020624,-0.160207,27.397704
-0.018125,0.009375,0.050000,-43.194999,-1.140010,-12.630358,79.607684,0.117913,28.700755
-0.018125,0.010625,0.050000,-32.717127,-1.403246,-8.878506,83.546393,0.480172,29.715593
-0.018125,0.011875,0.050000,-20.536714,-1.553802,-4.577243,86.279635,0.915578,30.249987
-0.018125,0.013125,0.050000,-6.873731,-1.564975,0.171136,87.212702,1.401636,30.105288
-0.018125,0.014375,0.050000,7.875915,-1.415091,5.203397,85.757235,1.903913,29.093444
-0.018125,0.015625,0.050000,23.120286,-1.092043,10.291429,81.390566,2.377022,27.058709
-0.018125,0.016875,0.050000,38.070615,-0.597945,15.145726,73.728061,2.767378,23.902750
-0.018125,0.018125,0.050000,51.767010,0.046845,19.428438,62.602702,3.017961,19.610754
-0.018125,0.019375,0.050000,63.136271,0.801216,22.777341,48.142493,3.074985,14.274969
-0.016875,-0.019375,0.050000,50.373276,-1.024566,16.740420,34.698004,-5.625531,6.300173
-0.016875,-0.018125,0.050000,41.906757,0.356221,15.196311,47.903684,-5.708250,10.961817
-0.016875,-0.016875,0.050000,30.808372,1.622673,12.577477,58.534302,-5.453908,15.043803
-0.016875,-0.015625,0.050000,17.993867,2.699245,9.146340,66.251858,-4.938569,18.342010
-0.016875,-0.014375,0.050000,4.346540,3.542670,5.186640,71.012449,-4.247583,20.754098
-0.016875,-0.013125,0.050000,-9.356903,4.138845,0.971611,73.012230,-3.464618,22.269844
-0.016875,-0.011875,0.050000,-22.491555,4.497057,-3.259157,72.621890,-2.663696,22.953843
-0.016875,-0.010625,0.050000,-34.602674,4.643001,-7.313533,70.320275,-1.904403,22.924661
-0.016875,-0.009375,0.050000,-45.402074,4.611822,-11.052069,66.634872,-1.229967,22.333849
-0.016875,-0.008125,0.050000,-54.748670,4.442024,-14.386258,62.093779,-0.667561,21.347265
-0.016875,-0.006875,0.050000,-62.619318,4.170717,-17.271861,57.190923,-0.230108,20.130095
-0.016875,-0.005625,0.050000,-69.075366,3.830371,-19.699284,52.364120,0.081134,18.836074
-0.016875,-0.004375,0.050000,-74.229080,3.446986,-21.682753,47.984040,0.273768,17.600661
-0.016875,-0.003125,0.050000,-78.212837,3.039489,-23.249626,44.351333,0.361666,16.537496
-0.016875,-0.001875,0.050000,-81.152781,2.620076,-24.430748,41.698922,0.362826,15.737202
-0.016875,-0.000625,0.050000,-83.147780,2.195239,-25.252438,40.196610,0.297753,15.267550
-0.016875,0.000625,0.050000,-84.253909,1.767239,-25.730374,39.955582,0.188355,15.174121
-0.016875,0.001875,0.050000,-84.474477,1.335835,-25.865550,41.030953,0.057222,15.480733
-0.016875,0.003125,0.050000,-83.755600,0.900134,-25.642346,43.421180,-0.072876,16.189176
-0.016875,0.004375,0.050000,-81.987496,0.460420,-25.028812,47.063862,-0.179461,17.278037
-0.016875,0.005625,0.050000,-79.011910,0.019865,-23.979259,51.828218,-0.240959,18.700694
-0.016875,0.006875,0.050000,-74.636255,-0.414033,-22.439266,57.505329,-0.237630,20.382849
-0.016875,0.008125,0.050000,-68.655040,-0.828420,-20.353182,63.798044,-0.152880,22.220252
-0.016875,0.009375,0.050000,-60.878848,-1.204665,-17.674050,70.313279,0.025010,24.077529
-0.016875,0.010625,0.050000,-51.170452,-1.518739,-14.375615,76.560117,0.300839,25.789224
-0.016875,0.011875,0.050000,-39.486534,-1.742579,-10.465715,81.957574,0.670333,27.164258
-0.016875,0.013125,0.050000,-25.921947,-1.846544,-5.999837,85.855866,1.118215,27.994894
-0.016875,0.014375,0.050000,-10.751683,-1.802970,-1.093098,87.574343,1.616941,28.071009
-0.016875,0.015625,0.050000,5.536106,-1.590632,4.071593,86.457695,2.126594,27.199830
-0.016875,0.016875,0.050000,22.224082,-1.199715,9.241735,81.949490,2.596424,25.230437
-0.016875,0.018125,0.050000,38.375295,-0.636657,14.102345,73.678648,2.968373,22.081132
-0.016875,0.019375,0.050000,52.876048,0.071994,18.293980,61.550367,3.182743,17.766579
-0.015625,-0.019375,0.050000,44.541787,0.151177,14.718354,44.829068,-5.636880,8.651213
-0.015625,-0.018125,0.050000,33.333145,1.528102,12.469893,56.660797,-5.417357,12.811098
-0.015625,-0.016875,0.050000,19.925816,2.716519,9.290405,65.330503,-4.884308,16.231776
-0.015625,-0.015625,0.050000,5.331022,3.656437,5.467941,70.668175,-4.131225,18.760408
-0.015625,-0.014375,0.050000,-9.531293,4.322936,1.293968,72.802054,-3.254066,20.346647
-0.015625,-0.013125,0.050000,-23.899012,4.720585,-2.966122,72.087885,-2.340614,21.027779
-0.015625,-0.011875,0.050000,-37.201935,4.875749,-7.092685,69.031860,-1.463544,20.907839
-0.015625,-0.010625,0.050000,-49.067712,4.828334,-10.921715,64.217963,-0.677046,20.134832
-0.015625,-0.009375,0.050000,-59.306235,4.624201,-14.346282,58.246855,-0.016421,18.879319
-0.015625,-0.008125,0.050000,-67.879800,4.308972,-17.311540,51.689905,0.500200,17.316502
-0.015625,-0.006875,0.050000,-74.865862,3.923560,-19.805560,45.059009,0.868886,15.612830
-0.015625,-0.005625,0.050000,-80.417928,3.501443,-21.848029,38.790658,1.096451,13.917258
-0.015625,-0.004375,0.050000,-84.728556,3.067453,-23.478503,33.241415,1.197120,12.356627
-0.015625,-0.003125,0.050000,-87.996931,2.637770,-24.745386,28.691332,1.189673,11.034240
-0.015625,-0.001875,0.050000,-90.402160,2.220785,-25.696379,25.351854,1.095282,10.030569
-0.015625,-0.000625,0.050000,-92.082544,1.818524,-26.370763,23.375060,0.936060,9.405008
-0.015625,0.000625,0.050000,-93.120581,1.428389,-26.793621,22.861685,0.734245,9.197775
-0.015625,0.001875,0.050000,-93.533297,1.045057,-26.972006,23.866002,0.511850,9.431223
-0.015625,0.003125,0.050000,-93.267640,0.662404,-26.893014,26.396331,0.290587,10.110082
-0.015625,0.004375,0.050000,-92.200998,0.275396,-26.523784,30.410665,0.091850,11.220411
-0.015625,0.005625,0.050000,-90.147305,-0.118136,-25.813525,35.807617,-0.063458,12.727300
-0.015625,0.006875,0.050000,-86.869540,-0.515923,-24.697746,42.413681,-0.155419,14.571649
-0.015625,0.008125,0.050000,-82.099558,-0.910010,-23.104867,49.968661,-0.166059,16.666615
-0.015625,0.009375,0.050000,-75.566106,-1.285986,-20.965320,58.112001,-0.080810,18.894615
-0.015625,0.010625,0.050000,-67.031245,-1.622904,-18.223052,66.373591,0.109548,21.106004
-0.015625,0.011875,0.050000,-56.334405,-1.894095,-14.848970,74.173326,0.406633,23.120679
-0.015625,0.013125,0.050000,-43.441696,-2.069039,-10.855421,80.833932,0.802166,24.733908
-0.015625,0.014375,0.050000,-28.496143,-2.116404,-6.310184,85.611283,1.276059,25.727457
-0.015625,0.015625,0.050000,-11.862366,-2.008175,-1.347907,87.745122,1.795362,25.886606
-0.015625,0.016875,0.050000,5.842735,-1.724609,3.823571,86.530815,2.314630,25.022868
-0.015625,0.018125,0.050000,23.742929,-1.259499,8.924775,81.409291,2.778162,23.001107
-0.015625,0.019375,0.050000,40.728774,-0.624993,13.616519,72.067946,3.124417,19.768483
-0.014375,-0.019375,0.050000,37.418478,1.207228,12.506602,53.414636,-5.425673,10.243842
-0.014375,-0.018125,0.050000,23.844765,2.520642,9.755294,63.489338,-4.928884,13.826916
-0.014375,-0.016875,0.050000,8.584584,3.580483,6.230109,69.915581,-4.155170,16.561439
-0.014375,-0.015625,0.050000,-7.287532,4.344859,2.231316,72.700382,-3.211515,18.344390
-0.014375,-0.014375,0.050000,-22.845619,4.808290,-1.953221,72.143082,-2.200292,19.172352
-0.014375,-0.013125,0.050000,-37.368655,4.993827,-6.074493,68.749722,-1.209433,19.122536
-0.014375,-0.011875,0.050000,-50.361965,4.943697,-9.938247,63.146733,-0.306849,18.329388
-0.014375,-0.010625,0.050000,-61.550071,4.710124,-13.411054,56.004341,0.461335,16.960879
-0.014375,-0.009375,0.050000,-70.849215,4.347431,-16.418304,47.975968,1.069599,15.197460
-0.014375,-0.008125,0.050000,-78.327888,3.906038,-18.936510,39.656049,1.509933,13.215456
-0.014375,-0.006875,0.050000,-84.162580,3.428512,-20.982246,31.555679,1.787797,11.175573
-0.014375,-0.005625,0.050000,-88.594294,2.947526,-22.599796,24.093465,1.917958,9.216297
-0.014375,-0.004375,0.050000,-91.889419,2.485354,-23.849033,17.597849,1.920747,7.451402
-0.014375,-0.003125,0.050000,-94.306891,2.054509,-24.794570,12.316872,1.819095,5.970475
-0.014375,-0.001875,0.050000,-96.072160,1.659118,-25.496692,8.431504,1.636456,4.841272
-0.014375,-0.000625,0.050000,-97.357656,1.296695,-26.004248,6.069284,1.395587,4.112832
-0.014375,0.000625,0.050000,-98.268961,0.960088,-26.349454,5.315606,1.118060,3.818400
-0.014375,0.001875,0.050000,-98.835900,0.639457,-26.544456,6.220784,0.824292,3.977485
-0.014375,0.003125,0.050000,-99.008021,0.324184,-26.579527,8.801655,0.533880,4.596570
-0.014375,0.004375,0.050000,-98.654395,0.004717,-26.422860,13.037191,0.266005,5.668255
-0.014375,0.005625,0.050000,-97.568236,-0.325712,-26.022052,18.858247,0.039681,7.168850
-0.014375,0.006875,0.050000,-95.477323,-0.669498,-25.307472,26.132328,-0.126323,9.054687
-0.014375,0.008125,0.050000,-92.061545,-1.023313,-24.197806,34.645093,-0.214060,11.257666
-0.014375,0.009375,0.050000,-86.978911,-1.377103,-22.608021,44.081233,-0.207548,13.680870
-0.014375,0.010625,0.050000,-79.900952,-1.713640,-20.459863,54.008369,-0.094503,16.195278
-0.014375,0.011875,0.050000,-70.557479,-2.008819,-17.694695,63.868447,0.131450,18.638871
-0.014375,0.013125,0.050000,-58.789114,-2.232949,-14.288040,72.981731,0.468310,20.819500
-0.014375,0.014375,0.050000,-44.603930,-2.353169,-10.264617,80.568443,0.903329,22.522780
-0.014375,0.015625,0.050000,-28.232118,-2.337060,-5.712016,85.792251,1.411217,23.525968
-0.014375,0.016875,0.050000,-10.170148,-2.157305,-0.790573,87.827731,1.953465,23.618068
-0.014375,0.018125,0.050000,8.795923,-1.797014,4.263360,85.950628,2.479329,22.625456
-0.014375,0.019375,0.050000,27.599052,-1.255104,9.143566,79.645208,2.928913,20.441017
-0.013125,-0.019375,0.050000,29.511083,2.113078,10.306016,60.396520,-5.053511,11.126860
-0.013125,-0.018125,0.050000,13.981102,3.317338,7.246926,68.463915,-4.314373,14.115831
-0.013125,-0.016875,0.050000,-2.676030,4.213813,3.570572,72.501064,-3.344286,16.194533
-0.013125,-0.015625,0.050000,-19.352532,4.780067,-0.422083,72.693003,-2.259697,17.305122
-0.013125,-0.014375,0.050000,-35.142937,5.030082,-4.455556,69.502642,-1.165485,17.483814
-0.013125,-0.013125,0.050000,-49.388456,5.004317,-8.302875,63.572467,-0.146299,16.838895
-0.013125,-0.011875,0.050000,-61.684782,4.759023,-11.797746,55.631299,0.737427,15.525889
-0.013125,-0.010625,0.050000,-71.861800,4.356461,-14.837099,46.415966,1.449532,13.723770
-0.013125,-0.009375,0.050000,-79.944833,3.857004,-17.376189,36.613045,1.975377,11.614889
-0.013125,-0.008125,0.050000,-86.106536,3.313581,-19.418788,26.821810,2.317469,9.370054
-0.013125,-0.006875,0.050000,-90.616891,2.768430,-21.004868,17.536558,2.490509,7.139040
-0.013125,-0.005625,0.050000,-93.796620,2.251844,-22.197747,9.144618,2.516668,5.046068
-0.013125,-0.004375,0.050000,-95.977144,1.782435,-23.072101,1.935564,2.421611,3.189235
-0.013125,-0.003125,0.050000,-97.468387,1.368411,-23.703646,-3.882947,2.231540,1.642693
-0.013125,-0.001875,0.050000,-98.534307,1.009427,-24.160852,-8.166762,1.971299,0.460359
-0.013125,-0.000625,0.050000,-99.375240,0.698663,-24.498658,-10.817649,1.663445,-0.319929
-0.013125,0.000625,0.050000,-100.115771,0.424905,-24.754009,-11.769084,1.328102,-0.672699
-0.013125,0.001875,0.050000,-100.796956,0.174526,-24.942936,-10.977258,0.983358,-0.582214
-0.013125,0.003125,0.050000,-101.372116,-0.066692,-25.058980,-8.418452,0.645968,-0.041371
-0.013125,0.004375,0.050000,-101.706020,-0.311856,-25.072858,-4.093308,0.332136,0.947683
-0.013125,0.005625,0.050000,-101.577945,-0.571382,-24.933454,1.962056,0.058132,2.371181
-0.013125,0.006875,0.050000,-100.689777,-0.851502,-24.570348,9.658827,-0.159409,4.199853
-0.013125,0.008125,0.050000,-98.680778,-1.152916,-23.898227,18.833720,-0.303702,6.383957
-0.013125,0.009375,0.050000,-95.150829,-1.469675,-22.823536,29.225122,-0.358611,8.847942
-0.013125,0.010625,0.050000,-89.693720,-1.788454,-21.253651,40.450702,-0.310112,11.485707
-0.013125,0.011875,0.050000,-81.941202,-2.088431,-19.108602,51.991096,-0.148336,14.157671
-0.013125,0.013125,0.050000,-71.617051,-2.342012,-16.334990,63.185110,0.129943,16.691044
-0.013125,0.014375,0.050000,-58.598238,-2.516613,-12.921174,73.242229,0.518691,18.884671
-0.013125,0.015625,0.050000,-42.977705,-2.577632,-8.912172,81.277707,1.000275,20.519645
-0.013125,0.016875,0.050000,-25.120386,-2.492599,-4.422039,86.373820,1.543940,21.376325
-0.013125,0.018125,0.050000,-5.701718,-2.236279,0.358994,87.667776,2.105662,21.257538
-0.013125,0.019375,0.050000,14.283562,-1.796215,5.165588,84.462246,2.629913,20.016573
-0.011875,-0.019375,0.050000,21.281786,2.857946,8.272202,65.838930,-4.578789,11.384779
-0.011875,-0.018125,0.050000,4.201257,3.921754,5.081980,71.774125,-3.637224,13.809080
-0.011875,-0.016875,0.050000,-13.429576,4.635017,1.419362,73.397931,-2.516420,15.303637
-0.011875,-0.015625,0.050000,-30.495884,4.995049,-2.423191,71.067634,-1.338494,15.848889
-0.011875,-0.014375,0.050000,-46.133968,5.034450,-6.188677,65.397375,-0.207425,15.512050
-0.011875,-0.013125,0.050000,-59.762462,4.809390,-9.675091,57.149440,0.798163,14.423238
-0.011875,-0.011875,0.050000,-71.076286,4.387935,-12.744134,47.136348,1.627255,12.750123
-0.011875,-0.010625,0.050000,-80.013644,3.839970,-15.320757,36.142692,2.254781,10.674754
-0.011875,-0.009375,0.050000,-86.706906,3.229575,-17.385974,24.870683,2.677385,8.374898
-0.011875,-0.008125,0.050000,-91.427049,2.610105,-18.965580,13.909175,2.907911,6.010946
-0.011875,-0.006875,0.050000,-94.529153,2.021775,-20.117168,3.723119,2.969704,3.718406
-0.011875,-0.005625,0.050000,-96.403908,1.491253,-20.917268,-5.341209,2.891501,1.605244
-0.011875,-0.004375,0.050000,-97.437716,1.032700,-21.449852,-13.040392,2.703370,-0.247062
-0.011875,-0.003125,0.050000,-97.982004,0.649659,-21.796832,-19.212372,2.433870,-1.780034
-0.011875,-0.001875,0.050000,-98.330999,0.337333,-22.030717,-23.753525,2.108417,-2.953485
-0.011875,-0.000625,0.050000,-98.706446,0.084904,-22.209277,-26.597620,1.748683,-3.740635
-0.011875,0.000625,0.050000,-99.247562,-0.122304,-22.371883,-27.699147,1.372788,-4.123863
-0.011875,0.001875,0.050000,-100.004652,-0.300913,-22.537168,-27.022682,0.996037,-4.091692
-0.011875,0.003125,0.050000,-100.935416,-0.467805,-22.701744,-24.539354,0.631947,-3.637368
-0.011875,0.004375,0.050000,-101.903612,-0.638633,-22.839822,-20.230918,0.293327,-2.759245
-0.011875,0.005625,0.050000,-102.680601,-0.826439,-22.903796,-14.101430,-0.006787,-1.462975
-0.011875,0.006875,0.050000,-102.951027,-1.040339,-22.826007,-6.195943,-0.254533,0.234640
-0.011875,0.008125,0.050000,-102.324535,-1.284269,-22.522053,3.375118,-0.435100,2.300508
-0.011875,0.009375,0.050000,-100.355759,-1.555847,-21.896090,14.408143,-0.533209,4.679406
-0.011875,0.010625,0.050000,-96.574700,-1.845485,-20.848511,26.578487,-0.534267,7.288289
-0.011875,0.011875,0.050000,-90.528960,-2.135936,-19.286227,39.417145,-0.426167,10.011864
-0.011875,0.013125,0.050000,-81.837868,-2.402535,-17.135426,52.297631,-0.201660,12.700752
-0.011875,0.014375,0.050000,-70.256451,-2.614358,-14.356183,64.439378,0.138957,15.173647
-0.011875,0.015625,0.050000,-55.744395,-2.736518,-10.957655,74.933866,0.585173,17.224809
-0.011875,0.016875,0.050000,-38.532081,-2.733675,-7.011932,82.798375,1.114105,18.637800
-0.011875,0.018125,0.050000,-19.172752,-2.574665,-2.663966,87.059451,1.689406,19.205690
-0.011875,0.019375,0.050000,1.432176,-2.237913,1.865316,86.863784,2.261815,18.756873
-0.010625,-0.019375,0.050000,13.128152,3.446048,6.513993,69.897136,-4.052499,11.119806
-0.010625,-0.018125,0.050000,-5.127614,4.351505,3.343923,73.686567,-2.949304,13.043237
-0.010625,-0.016875,0.050000,-23.365001,4.874761,-0.173538,72.973786,-1.721009,14.052760
-0.010625,-0.015625,0.050000,-40.483311,5.032300,-3.761203,68.277350,-0.492057,14.158803
-0.010625,-0.014375,0.050000,-55.676011,4.873857,-7.184113,60.347117,0.637221,13.450430
-0.010625,-0.013125,0.050000,-68.448348,4.469244,-10.265787,50.047391,1.596214,12.070602
-0.010625,-0.011875,0.050000,-78.597730,3.896000,-12.893951,38.256299,2.344497,10.191097
-0.010625,-0.010625,0.050000,-86.168839,3.229302,-15.017689,25.789371,2.868521,7.990467
-0.010625,-0.009375,0.050000,-91.395266,2.534828,-16.638627,13.349914,3.176022,5.637010
-0.010625,-0.008125,0.050000,-94.637741,1.864608,-17.798807,1.504655,3.289549,3.277527
-0.010625,-0.006875,0.050000,-96.326304,1.255507,-18.567539,-9.319580,3.240189,1.031608
-0.010625,-0.005625,0.050000,-96.910960,0.729688,-19.028935,-18.823671,3.062237,-1.009459
-0.010625,-0.004375,0.050000,-96.822760,0.296393,-19.271169,-26.814231,2.789174,-2.780368
-0.010625,-0.003125,0.050000,-96.445266,-0.045606,-19.377951,-33.177062,2.451048,-4.237373
-0.010625,-0.001875,0.050000,-96.095011,-0.305360,-19.422207,-37.850311,2.073152,-5.352935
-0.010625,-0.000625,0.050000,-96.008933,-0.497241,-19.461703,-40.800563,1.675758,-6.110413
-0.010625,0.000625,0.050000,-96.336604,-0.638760,-19.536201,-42.004158,1.274651,-6.499541
-0.010625,0.001875,0.050000,-97.135423,-0.748752,-19.665707,-41.435248,0.882157,-6.513183
-0.010625,0.003125,0.050000,-98.367559,-0.845882,-19.849519,-39.061496,0.508434,-6.145705
-0.010625,0.004375,0.050000,-99.898235,-0.947390,-20.065870,-34.847902,0.162793,-5.393121
-0.010625,0.005625,0.050000,-101.495850,-1.067959,-20.272205,-28.768784,-0.145142,-4.255027
-0.010625,0.006875,0.050000,-102.835282,-1.218627,-20.406295,-20.827485,-0.404584,-2.738225
-0.010625,0.008125,0.050000,-103.506503,-1.405692,-20.388566,-11.082701,-0.603198,-0.861738
-0.010625,0.009375,0.050000,-103.031062,-1.629642,-20.126101,0.320571,-0.727293,1.337240
-0.010625,0.010625,0.050000,-100.889073,-1.884201,-19.518797,13.118607,-0.762657,3.797194
-0.010625,0.011875,0.050000,-96.558818,-2.155648,-18.468040,26.899523,-0.696084,6.426907
-0.010625,0.013125,0.050000,-89.569786,-2.422663,-16.887950,41.082573,-0.517521,9.102065
-0.010625,0.014375,0.050000,-79.567912,-2.656936,-14.718845,54.912884,-0.222687,11.665219
-0.010625,0.015625,0.050000,-66.388956,-2.824789,-11.941956,67.478591,0.184125,13.930481
-0.010625,0.016875,0.050000,-50.132583,-2.889986,-8.593775,77.756398,0.687474,15.694053
-0.010625,0.018125,0.050000,-31.226366,-2.817733,-4.777729,84.689144,1.258947,16.751153
-0.010625,0.019375,0.050000,-10.466154,-2.579694,-0.670421,87.294765,1.856661,16.918946
-0.009375,-0.019375,0.050000,5.375328,3.891760,5.096460,72.786300,-3.516192,10.437002
-0.009375,-0.018125,0.050000,-13.730009,4.632613,2.069914,74.510090,-2.289902,11.945553
-0.009375,-0.016875,0.050000,-32.277523,4.969656,-1.203998,71.616515,-0.992269,12.583931
-0.009375,-0.015625,0.050000,-49.196155,4.937300,-4.467842,64.770712,0.252679,12.383641
-0.009375,-0.014375,0.050000,-63.745956,4.600520,-7.510074,54.841108,1.350291,11.446560
-0.009375,-0.013125,0.050000,-75.522276,4.040545,-10.178415,42.776453,2.239197,9.920225
-0.009375,-0.011875,0.050000,-84.423338,3.342118,-12.383184,29.504137,2.890039,7.973656
-0.009375,-0.010625,0.050000,-90.594541,2.583618,-14.092740,15.856625,3.300620,5.776765
-0.009375,-0.009375,0.050000,-94.362094,1.830555,-15.323690,2.527285,3.489124,3.485054
-0.009375,-0.008125,0.050000,-96.166208,1.132285,-16.128475,-9.947212,3.486854,1.230084
-0.009375,-0.006875,0.050000,-96.501006,0.521401,-16.582499,-21.183188,3.331563,-0.884718
-0.009375,-0.005625,0.050000,-95.865146,0.015041,-16.772341,-30.931267,3.062035,-2.783925
-0.009375,-0.004375,0.050000,-94.724497,-0.382644,-16.785948,-39.048873,2.714213,-4.416914
-0.009375,-0.003125,0.050000,-93.486147,-0.677543,-16.705129,-45.469294,2.318866,-5.752878
-0.009375,-0.001875,0.050000,-92.481804,-0.882630,-16.600257,-50.171572,1.900612,-6.775162
-0.009375,-0.000625,0.050000,-91.958054,-1.015343,-16.526803,-53.154295,1.477995,-7.475815
-0.009375,0.000625,0.050000,-92.070954,-1.095415,-16.523246,-54.415365,1.064327,-7.850998
-0.009375,0.001875,0.050000,-92.882860,-1.143193,-16.609891,-53.939052,0.668968,-7.897686
-0.009375,0.003125,0.050000,-94.360096,-1.178350,-16.788241,-51.691094,0.298829,-7.611907
-0.009375,0.004375,0.050000,-96.370989,-1.218879,-17.040723,-47.622252,-0.040146,-6.988675
-0.009375,0.005625,0.050000,-98.684712,-1.280234,-17.330765,-41.680403,-0.341653,-6.023613
-0.009375,0.006875,0.050000,-100.972386,-1.374488,-17.603400,-33.830860,-0.598014,-4.716201
-0.009375,0.008125,0.050000,-102.812688,-1.509448,-17.786765,-24.084064,-0.799591,-3.074439
-0.009375,0.009375,0.050000,-103.704831,-1.687712,-17.794947,-12.528904,-0.934727,-1.120561
-0.009375,0.010625,0.050000,-103.091956,-1.905734,-17.532698,0.631200,-0.990306,1.102788
-0.009375,0.011875,0.050000,-100.397626,-2.153015,-16.902459,15.043728,-0.952969,3.526726
-0.009375,0.013125,0.050000,-95.076936,-2.411659,-15.813897,30.179723,-0.810996,6.051744
-0.009375,0.014375,0.050000,-86.681809,-2.656512,-14.195832,45.320628,-0.556730,8.546011
-0.009375,0.015625,0.050000,-74.937187,-2.856175,-12.009852,59.566832,-0.189354,10.847716
-0.009375,0.016875,0.050000,-59.821303,-2.975096,-9.264320,71.874906,0.282321,12.772664
-0.009375,0.018125,0.050000,-41.639516,-2.976867,-6.026803,81.128441,0.837515,14.127873
-0.009375,0.019375,0.050000,-21.077923,-2.828660,-2.432389,86.243440,1.442137,14.731219
-0.008125,-0.019375,0.050000,-1.722791,4.215308,4.046642,74.753072,-3.001600,9.433242
-0.008125,-0.018125,0.050000,-21.413106,4.794797,1.259981,74.566454,-1.686360,10.624075
-0.008125,-0.016875,0.050000,-40.051724,4.957392,-1.701417,69.705881,-0.350920,11.009350
-0.008125,-0.015625,0.050000,-56.606902,4.753726,-4.602389,60.966058,0.883186,10.632731
-0.008125,-0.014375,0.050000,-70.408941,4.261916,-7.254463,49.316450,1.928288,9.600436
-0.008125,-0.013125,0.050000,-81.141669,3.572415,-9.526890,35.773948,2.732797,8.057307
-0.008125,-0.011875,0.050000,-88.798294,2.775112,-11.348248,21.301352,3.278294,6.163984
-0.008125,-0.010625,0.050000,-93.616175,1.949839,-12.700854,6.737358,3.573296,4.077968
-0.008125,-0.009375,0.050000,-96.003676,1.160591,-13.610618,-7.241965,3.645467,1.939977
-0.008125,-0.008125,0.050000,-96.469425,0.453121,-14.134830,-20.134191,3.533737,-0.134085
-0.008125,-0.006875,0.050000,-95.560801,-0.144774,-14.349906,-31.600300,3.281383,-2.056126
-0.008125,-0.005625,0.050000,-93.815140,-0.621166,-14.340487,-41.440113,2.930648,-3.764895
-0.008125,-0.004375,0.050000,-91.724356,-0.976914,-14.190630,-49.559964,2.519084,-5.222277
-0.008125,-0.003125,0.050000,-89.711679,-1.222285,-13.977317,-55.938059,2.077557,-6.408086
-0.008125,-0.001875,0.050000,-88.118021,-1.373766,-13.766086,-60.591737,1.629619,-7.314393
-0.008125,-0.000625,0.050000,-87.195028,-1.451364,-13.608388,-63.549477,1.191921,-7.940173
-0.008125,0.000625,0.050000,-87.101983,-1.476485,-13.540156,-64.829537,0.775329,-8.286836
-0.008125,0.001875,0.050000,-87.904241,-1.470393,-13.581120,-64.426293,0.386420,-8.354996
-0.008125,0.003125,0.050000,-89.571676,-1.453142,-13.734493,-62.304896,0.029127,-8.142673
-0.008125,0.004375,0.050000,-91.976567,-1.442811,-13.986819,-58.404569,-0.293660,-7.645033
-0.008125,0.005625,0.050000,-94.891377,-1.454909,-14.307944,-52.650664,-0.578683,-6.855662
-0.008125,0.006875,0.050000,-97.987881,-1.501792,-14.651266,-44.975291,-0.821198,-5.769356
-0.008125,0.008125,0.050000,-100.840033,-1.592011,-14.954573,-35.345863,-1.014249,-4.386243
-0.008125,0.009375,0.050000,-102.933626,-1.729534,-15.141922,-23.800110,-1.148423,-2.716996
-0.008125,0.010625,0.050000,-103.686144,-1.912898,-15.127058,-10.484949,-1.212164,-0.788681
-0.008125,0.011875,0.050000,-102.479951,-2.134359,-14.818848,4.304802,-1.192703,1.349438
-0.008125,0.013125,0.050000,-98.710976,-2.379259,-14.129059,20.093509,-1.077626,3.621025
-0.008125,0.014375,0.050000,-91.853162,-2.625797,-12.982487,36.204643,-0.857039,5.919869
-0.008125,0.015625,0.050000,-81.536140,-2.845513,-11.329024,51.761496,-0.526194,8.110388
-0.008125,0.016875,0.050000,-67.629979,-3.004707,-9.156652,65.716442,-0.088313,10.032657
-0.008125,0.018125,0.050000,-50.326878,-3.067001,-6.503747,76.914781,0.442761,11.512842
-0.008125,0.019375,0.050000,-30.205977,-2.997091,-3.468468,84.195527,1.040582,12.379387
-0.006875,-0.019375,0.050000,-7.976009,4.439258,3.360390,76.051391,-2.531408,8.189981
-0.006875,-0.018125,0.050000,-28.052245,4.867903,0.886299,74.167203,-1.155772,9.162112
-0.006875,-0.016875,0.050000,-46.640440,4.873329,-1.717467,67.593140,0.193205,9.408149
-0.006875,-0.015625,0.050000,-62.752213,4.520405,-4.239017,57.235285,1.397875,8.975462
-0.006875,-0.014375,0.050000,-75.786537,3.898257,-6.511409,44.147173,2.378171,7.966985
-0.006875,-0.013125,0.050000,-85.509675,3.104526,-8.421938,29.399479,3.092217,6.518671
-0.006875,-0.011875,0.050000,-92.000664,2.232506,-9.912703,13.979469,3.531924,4.778357
-0.006875,-0.010625,0.050000,-95.577892,1.362135,-10.974638,-1.275198,3.715545,2.888523
-0.006875,-0.009375,0.050000,-96.720364,0.554970,-11.637566,-15.709505,3.679057,0.974185
-0.006875,-0.008125,0.050000,-95.993948,-0.147347,-11.958604,-28.856009,3.467820,-0.863933
-0.006875,-0.006875,0.050000,-93.989092,-0.721985,-12.010790,-40.418726,3.129532,-2.551551
-0.006875,-0.005625,0.050000,-91.272966,-1.162120,-11.873187,-50.243451,2.708961,-4.039387
-0.006875,-0.004375,0.050000,-88.356171,-1.473330,-11.623084,-58.281330,2.244568,-5.299307
-0.006875,-0.003125,0.050000,-85.672158,-1.669859,-11.330439,-64.551199,1.766850,-6.319205
-0.006875,-0.001875,0.050000,-83.566425,-1.771255,-11.054334,-69.104768,1.298062,-7.097569
-0.006875,-0.000625,0.050000,-82.292184,-1.799620,-10.841005,-71.997326,0.852948,-7.638423
-0.006875,0.000625,0.050000,-82.009410,-1.777563,-10.722962,-73.265594,0.440085,-7.947132
-0.006875,0.001875,0.050000,-82.784795,-1.726810,-10.718714,-72.913599,0.063558,-8.027338
-0.006875,0.003125,0.050000,-84.590962,-1.667321,-10.832737,-70.907024,-0.275293,-7.879194
-0.006875,0.004375,0.050000,-87.304320,-1.616770,-11.055462,-67.176286,-0.576220,-7.498930
-0.006875,0.005625,0.050000,-90.701985,-1.590183,-11.363236,-61.628468,-0.838612,-6.879789
-0.006875,0.006875,0.050000,-94.459254,-1.599617,-11.718340,-54.168019,-1.060336,-6.014276
-0.006875,0.008125,0.050000,-98.150074,-1.653723,-12.069369,-44.725766,-1.236938,-4.897631
-0.006875,0.009375,0.050000,-101.253743,-1.757182,-12.352327,-33.295023,-1.361263,-3.532340
-0.006875,0.010625,0.050000,-103.171475,-1.909967,-12.492944,-19.972484,-1.423569,-1.933360
-0.006875,0.011875,0.050000,-103.256369,-2.106544,-12.410656,-5.000108,-1.412193,-0.133534
-0.006875,0.013125,0.050000,-100.859451,-2.335126,-12.024646,11.197464,-1.314814,1.811513
-0.006875,0.014375,0.050000,-95.392694,-2.577190,-11.262068,27.987047,-1.120312,3.819976
-0.006875,0.015625,0.050000,-86.407145,-2.807520,-10.068255,44.520808,-0.821145,5.783045
-0.006875,0.016875,0.050000,-73.680658,-2.995034,-8.418181,59.758287,-0.416081,7.567796
-0.006875,0.018125,0.050000,-57.305565,-3.104627,-6.327910,72.523477,0.087026,9.024755
-0.006875,0.019375,0.050000,-37.762546,-3.100195,-3.864182,81.600555,0.668821,10.000631
-0.005625,-0.019375,0.050000,-13.246414,4.585923,3.009123,76.922955,-2.120692,6.769489
-0.005625,-0.018125,0.050000,-33.573666,4.879488,0.901361,73.596560,-0.707178,7.616314
-0.005625,-0.016875,0.050000,-52.042355,4.748436,-1.316985,65.587740,0.638250,7.826678
-0.005625,-0.015625,0.050000,-67.706342,4.269757,-3.457273,53.895430,1.802576,7.443981
-0.005625,-0.014375,0.050000,-80.027121,3.541535,-5.371871,39.641444,2.713356,6.561221
-0.005625,-0.013125,0.050000,-88.843683,2.666824,-6.962323,23.938177,3.337855,5.300336
-0.005625,-0.011875,0.050000,-94.309159,1.740939,-8.179529,7.789415,3.677334,3.792953
-0.005625,-0.010625,0.050000,-96.810567,0.842985,-9.018006,-7.972162,3.758582,2.164836
-0.005625,-0.009375,0.050000,-96.885580,0.031578,-9.506623,-22.713040,3.624631,0.525111
-0.005625,-0.008125,0.050000,-95.146504,-0.655889,-9.697961,-35.998436,3.326094,-1.039652
-0.005625,-0.006875,0.050000,-92.217650,-1.201399,-9.658025,-47.571131,2.914083,-2.467100
-0.005625,-0.005625,0.050000,-88.688551,-1.602897,-9.457403,-57.317483,2.435113,-3.717529
-0.005625,-0.004375,0.050000,-85.082680,-1.870233,-9.164448,-65.227641,1.928015,-4.770194
-0.005625,-0.003125,0.050000,-81.839333,-2.021151,-8.840545,-71.355482,1.422622,-5.618542
-0.005625,-0.001875,0.050000,-79.305358,-2.077789,-8.537247,-75.782226,0.939816,-6.265225
-0.005625,-0.000625,0.050000,-77.733155,-2.063924,-8.294839,-78.586215,0.492535,-6.717488
-0.005625,0.000625,0.050000,-77.281627,-2.002995,-8.141873,-79.820263,0.087327,-6.983358
-0.005625,0.001875,0.050000,-78.017491,-1.916851,-8.095209,-79.497263,-0.273851,-7.068832
-0.005625,0.003125,0.050000,-79.915230,-1.825048,-8.160223,-77.584350,-0.591815,-6.976173
-0.005625,0.004375,0.050000,-82.855014,-1.744529,-8.330950,-74.005807,-0.868487,-6.703356
-0.005625,0.005625,0.050000,-86.618990,-1.689483,-8.590086,-68.654823,-1.105443,-6.244648
-0.005625,0.006875,0.050000,-90.887442,-1.671242,-8.908919,-61.414118,-1.302765,-5.592295
-0.005625,0.008125,0.050000,-95.237305,-1.698077,-9.247392,-52.185120,-1.458205,-4.739266
-0.005625,0.009375,0.050000,-99.146365,-1.774822,-9.554635,-40.924700,-1.566734,-3.682927
-0.005625,0.010625,0.050000,-102.006966,-1.902308,-9.770358,-27.687404,-1.620501,-2.429428
-0.005625,0.011875,0.050000,-103.153053,-2.076641,-9.827555,-12.669629,-1.609273,-0.998438
-0.005625,0.013125,0.050000,-101.903625,-2.288437,-9.656901,3.749539,-1.521410,0.572328
-0.005625,0.014375,0.050000,-97.624019,-2.522177,-9.193047,20.977859,-1.345401,2.223548
-0.005625,0.015625,0.050000,-89.803751,-2.755914,-8.382787,38.198218,-1.071942,3.872616
-0.005625,0.016875,0.050000,-78.145993,-2.961588,-7.194619,54.384422,-0.696469,5.414851
-0.005625,0.018125,0.050000,-62.659482,-3.106219,-5.628776,68.352155,-0.221915,6.728508
-0.005625,0.019375,0.050000,-43.739343,-3.154205,-3.726256,78.849694,0.338622,7.684223
-0.004375,-0.019375,0.050000,-17.435318,4.675608,2.945669,77.582112,-1.778617,5.214022
-0.004375,-0.018125,0.050000,-37.936795,4.853383,1.244355,73.099448,-0.343853,6.017552
-0.004375,-0.016875,0.050000,-56.280493,4.608309,-0.571502,63.949558,0.987551,6.281230
-0.004375,-0.015625,0.050000,-71.556911,4.027374,-2.335958,51.205904,2.107375,6.037777
-0.004375,-0.014375,0.050000,-83.280059,3.215732,-3.918284,36.044224,2.950304,5.364619
-0.004375,-0.013125,0.050000,-91.349008,2.280367,-5.230596,19.608898,3.491778,4.365486
-0.004375,-0.011875,0.050000,-95.977324,1.317603,-6.228248,2.915127,3.741164,3.153197
-0.004375,-0.010625,0.050000,-97.607323,0.405172,-6.904860,-13.210345,3.732459,1.835721
-0.004375,-0.009375,0.050000,-96.823301,-0.401383,-7.284143,-28.153078,3.514478,0.506524
-0.004375,-0.008125,0.050000,-94.273831,-1.068732,-7.410499,-41.506053,3.141992,-0.760736
-0.004375,-0.006875,0.050000,-90.608994,-1.583267,-7.339945,-53.044387,2.668660,-1.913701
-0.004375,-0.005625,0.050000,-86.434623,-1.947179,-7.132364,-62.687887,2.142131,-2.919934
-0.004375,-0.004375,0.050000,-82.282757,-2.174038,-6.845596,-70.458610,1.601248,-3.763656
-0.004375,-0.003125,0.050000,-78.595620,-2.284564,-6.531423,-76.438972,1.075044,-4.441554
-0.004375,-0.001875,0.050000,-75.719486,-2.303034,-6.233227,-80.734209,0.583083,-4.958395
-0.004375,-0.000625,0.050000,-73.904609,-2.254530,-5.984956,-83.441533,0.136706,-5.322987
-0.004375,0.000625,0.050000,-73.307786,-2.163039,-5.810939,-84.627188,-0.259248,-5.544819
-0.004375,0.001875,0.050000,-73.994829,-2.050317,-5.726157,-84.311927,-0.604542,-5.631554
-0.004375,0.003125,0.050000,-75.941192,-1.935342,-5.736633,-82.465094,-0.901695,-5.587434
-0.004375,0.004375,0.050000,-79.030033,-1.834153,-5.839726,-79.007397,-1.154314,-5.412618
-0.004375,0.005625,0.050000,-83.048116,-1.759902,-6.024232,-73.822493,-1.365693,-5.103415
-0.004375,0.006875,0.050000,-87.681020,-1.722941,-6.270313,-66.777451,-1.537690,-4.653408
-0.004375,0.008125,0.050000,-92.510178,-1.730817,-6.549398,-57.751879,-1.669917,-4.055416
-0.004375,0.009375,0.050000,-97.015124,-1.788093,-6.824308,-46.674927,-1.759242,-3.304256
-0.004375,0.010625,0.050000,-100.584891,-1.895954,-7.049927,-33.568278,-1.799648,-2.400141
-0.004375,0.011875,0.050000,-102.542587,-2.051615,-7.174795,-18.591823,-1.782494,-1.352521
-0.004375,0.013125,0.050000,-102.186517,-2.247586,-7.143985,-2.086890,-1.697220,-0.183948
-0.004375,0.014375,0.050000,-98.849684,-2.470954,-6.903519,15.389897,-1.532577,1.066565
-0.004375,0.015625,0.050000,-91.976853,-2.702847,-6.406405,33.050576,-1.278382,2.341413
-0.004375,0.016875,0.050000,-81.214769,-2.918340,-5.620055,49.886634,-0.927776,3.564334
-0.004375,0.018125,0.050000,-66.506759,-3.087081,-4.534486,64.714806,-0.479860,4.643226
-0.004375,0.019375,0.050000,-48.178481,-3.174897,-3.170210,76.263203,0.057540,5.476504
-0.003125,-0.019375,0.050000,-20.470424,4.725553,3.108771,78.204498,-1.510130,3.547349
-0.003125,-0.018125,0.050000,-41.117835,4.809008,1.845470,72.873418,-0.065421,4.373867
-0.003125,-0.016875,0.050000,-59.383152,4.472972,0.444502,62.884927,1.247206,4.762358
-0.003125,-0.015625,0.050000,-74.384197,3.812361,-0.950267,49.369112,2.323989,4.729242
-0.003125,-0.014375,0.050000,-85.674400,2.937721,-2.222843,33.542705,3.105833,4.331707
-0.003125,-0.013125,0.050000,-93.197977,1.958779,-3.292720,16.574433,3.575087,3.651878
-0.003125,-0.011875,0.050000,-97.213850,0.972208,-4.116009,-0.511753,3.747809,2.781732
-0.003125,-0.010625,0.050000,-98.205719,0.054177,-4.681682,-16.893487,3.663809,1.810701
-0.003125,-0.009375,0.050000,-96.792595,-0.742658,-5.004843,-31.970615,3.376466,0.816936
-0.003125,-0.008125,0.050000,-93.649823,-1.388572,-5.118780,-45.356940,2.943717,-0.137640
-0.003125,-0.006875,0.050000,-89.446228,-1.873763,-5.067211,-56.851812,2.421059,-1.008943
-0.003125,-0.005625,0.050000,-84.799142,-2.204016,-4.897638,-66.400086,1.856837,-1.769793
-0.003125,-0.004375,0.050000,-80.246197,-2.395995,-4.656278,-74.047724,1.289713,-2.407309
-0.003125,-0.003125,0.050000,-76.230909,-2.472854,-4.384644,-79.898562,0.747927,-2.919453
-0.003125,-0.001875,0.050000,-73.098166,-2.460583,-4.117617,-84.075971,0.249898,-3.311377
-0.003125,-0.000625,0.050000,-71.095663,-2.385258,-3.882661,-86.691607,-0.194348,-3.592035
-0.003125,0.000625,0.050000,-70.377715,-2.271214,-3.699815,-87.822320,-0.581312,-3.771331
-0.003125,0.001875,0.050000,-71.008667,-2.140002,-3.582103,-87.495599,-0.912059,-3.857949
-0.003125,0.003125,0.050000,-72.964113,-2.009955,-3.536056,-85.683627,-1.190355,-3.857889
-0.003125,0.004375,0.050000,-76.129186,-1.896170,-3.562142,-82.305981,-1.421035,-3.773706
-0.003125,0.005625,0.050000,-80.294281,-1.810693,-3.654995,-77.241064,-1.608651,-3.604422
-0.003125,0.006875,0.050000,-85.149704,-1.762773,-3.803407,-70.346352,-1.756414,-3.346071
-0.003125,0.008125,0.050000,-90.281739,-1.759028,-3.990181,-61.487364,-1.865420,-2.992887
-0.003125,0.009375,0.050000,-95.173538,-1.803449,-4.191980,-50.574631,-1.934159,-2.539083
-0.003125,0.010625,0.050000,-99.214839,-1.897178,-4.379440,-37.606983,-1.958303,-1.981199
-0.003125,0.011875,0.050000,-101.724652,-2.038060,-4.517806,-22.718001,-1.930828,-1.320883
-0.003125,0.013125,0.050000,-101.990471,-2.220000,-4.568419,-6.220685,-1.842501,-0.567908
-0.003125,0.014375,0.050000,-99.326125,-2.432224,-4.491332,11.356492,-1.682814,0.256952
-0.003125,0.015625,0.050000,-93.147790,-2.658600,-4.249199,29.250550,-1.441417,1.119653
-0.003125,0.016875,0.050000,-83.064166,-2.877229,-3.812429,46.471147,-1.110072,1.971883
-0.003125,0.018125,0.050000,-68.972404,-3.060588,-3.165268,61.842382,-0.685086,2.751990
-0.003125,0.019375,0.050000,-51.146855,-3.176522,-2.312146,74.085093,-0.170052,3.388498
-0.001875,-0.019375,0.050000,-22.294703,4.749367,3.426162,78.918549,-1.317464,1.778148
-0.001875,-0.018125,0.050000,-43.095988,4.761197,2.628184,73.063127,0.130370,2.674908
-0.001875,-0.016875,0.050000,-61.368288,4.357153,1.654845,62.544679,1.424125,3.240179
-0.001875,-0.015625,0.050000,-76.244590,3.638098,0.628229,48.532397,2.463759,3.469604
-0.001875,-0.014375,0.050000,-87.302290,2.718499,-0.348835,32.272223,3.195165,3.396378
-0.001875,-0.013125,0.050000,-94.514096,1.709923,-1.200808,14.951232,3.606115,3.078262
-0.001875,-0.011875,0.050000,-98.168178,0.709035,-1.881720,-2.398645,3.717831,2.584713
-0.001875,-0.010625,0.050000,-98.775308,-0.209459,-2.373010,-18.955937,3.574544,1.985971
-0.001875,-0.009375,0.050000,-96.977453,-0.995336,-2.678512,-34.128216,3.233033,1.345088
-0.001875,-0.008125,0.050000,-93.467812,-1.621818,-2.818159,-47.541635,2.753539,0.713122
-0.001875,-0.006875,0.050000,-88.927775,-2.082156,-2.821632,-59.010452,2.192836,0.127189
-0.001875,-0.005625,0.050000,-83.982377,-2.384979,-2.722817,-68.495271,1.599687,-0.389250
-0.001875,-0.004375,0.050000,-79.172919,-2.549381,-2.555528,-76.057325,1.012520,-0.824620
-0.001875,-0.003125,0.050000,-74.943557,-2.600410,-2.350603,-81.814363,0.458923,-1.176646
-0.001875,-0.001875,0.050000,-71.637876,-2.565365,-2.134263,-85.901786,-0.043574,-1.449520
-0.001875,-0.000625,0.050000,-69.501325,-2.471062,-1.927486,-88.441158,-0.485912,-1.651225
-0.001875,0.000625,0.050000,-68.685899,-2.342053,-1.746079,-89.517048,-0.865538,-1.791224
-0.001875,0.001875,0.050000,-69.254255,-2.199645,-1.601141,-89.162496,-1.184399,-1.878643
-0.001875,0.003125,0.050000,-71.181425,-2.061557,-1.499678,-87.353086,-1.447081,-1.920949
-0.001875,0.004375,0.050000,-74.353388,-1.941990,-1.445141,-84.009610,-1.659215,-1.923107
-0.001875,0.005625,0.050000,-78.562857,-1.851924,-1.437793,-79.009373,-1.826193,-1.887167
-0.001875,0.006875,0.050000,-83.503731,-1.799495,-1.474803,-72.206240,-1.952180,-1.812259
-0.001875,0.008125,0.050000,-88.766711,-1.790302,-1.550117,-63.459339,-2.039397,-1.694986
-0.001875,0.009375,0.050000,-93.839452,-1.827572,-1.654137,-52.669803,-2.087656,-1.530232
-0.001875,0.010625,0.050000,-98.115276,-1.912103,-1.773377,-39.823947,-2.094121,-1.312401
-0.001875,0.011875,0.050000,-100.914614,-2.041974,-1.890275,-25.039866,-2.053325,-1.037074
-0.001875,0.013125,0.050000,-101.522834,-2.212018,-1.983414,-8.612631,-1.957476,-0.703042
-0.001875,0.014375,0.050000,-99.246703,-2.413121,-2.028410,8.948603,-1.797134,-0.314543
-0.001875,0.015625,0.050000,-93.489239,-2.631467,-1.999706,26.899919,-1.562334,0.116570
-0.001875,0.016875,0.050000,-83.839216,-2.847910,-1.873399,44.267559,-1.244235,0.569132
-0.001875,0.018125,0.050000,-70.167217,-3.037732,-1.631069,59.887033,-0.837294,1.011976
-0.001875,0.019375,0.050000,-52.715579,-3.171099,-1.264313,72.482536,-0.341898,1.404807
-0.000625,-0.019375,0.050000,-22.858128,4.756796,3.816390,79.799033,-1.201340,-0.095149
-0.000625,-0.018125,0.050000,-43.843225,4.720310,3.509857,73.756182,0.246269,0.897497
-0.000625,-0.016875,0.050000,-62.231998,4.270772,2.980844,63.022717,1.524582,1.670355
-0.000625,-0.015625,0.050000,-77.158494,3.513121,2.329323,48.789555,2.536224,2.195006
-0.000625,-0.014375,0.050000,-88.206983,2.564452,1.645639,32.320725,3.230608,2.477774
-0.000625,-0.013125,0.050000,-95.360796,1.537501,1.001767,14.816687,3.599296,2.549818
-0.000625,-0.011875,0.050000,-98.920469,0.528809,0.447566,-2.682202,3.667086,2.456582
-0.000625,-0.010625,0.050000,-99.409207,-0.388043,0.011068,-19.350640,3.481245,2.248357
-0.000625,-0.009375,0.050000,-97.480216,-1.164624,-0.298470,-34.596195,3.100869,1.972984
-0.000625,-0.008125,0.050000,-93.835956,-1.776288,-0.486049,-48.047893,2.587751,1.671050
-0.000625,-0.006875,0.050000,-89.164729,-2.218477,-0.566080,-59.524787,1.999512,1.373449
-0.000625,-0.005625,0.050000,-84.096123,-2.501861,-0.557959,-68.993335,1.385181,1.100861
-0.000625,-0.004375,0.050000,-79.173850,-2.647272,-0.482553,-76.521020,0.783031,0.864576
-0.000625,-0.003125,0.050000,-74.842731,-2.681114,-0.359752,-82.231760,0.220224,0.668105
-0.000625,-0.001875,0.050000,-71.445724,-2.631624,-0.207053,-86.266769,-0.286265,0.509129
-0.000625,-0.000625,0.050000,-69.226856,-2.526144,-0.039005,-88.752936,-0.727953,0.381427
-0.000625,0.000625,0.050000,-68.336379,-2.389353,0.132710,-89.779658,-1.102825,0.276625
-0.000625,0.001875,0.050000,-68.835327,-2.242339,0.298807,-89.384333,-1.413297,0.185652
-0.000625,0.003125,0.050000,-70.697633,-2.102293,0.451756,-87.546474,-1.664373,0.099912
-0.000625,0.004375,0.050000,-73.809037,-1.982638,0.585149,-84.190364,-1.862092,0.012214
-0.000625,0.005625,0.050000,-77.963152,-1.893400,0.693218,-79.196270,-2.012309,-0.082509
-0.000625,0.006875,0.050000,-82.856091,-1.841672,0.770615,-72.420292,-2.119783,-0.186646
-0.000625,0.008125,0.050000,-88.082143,-1.832033,0.812512,-63.722754,-2.187531,-0.299532
-0.000625,0.009375,0.050000,-93.133812,-1.866846,0.815029,-53.004539,-2.216398,-0.417287
-0.000625,0.010625,0.050000,-97.410209,-1.946359,0.775972,-40.249806,-2.204816,-0.532946
-0.000625,0.011875,0.050000,-100.237931,-2.068566,0.695759,-25.572152,-2.148755,-0.636985
-0.000625,0.013125,0.050000,-100.908071,-2.228816,0.578381,-9.259507,-2.041887,-0.718316
-0.000625,0.014375,0.050000,-98.731631,-2.419188,0.432144,8.188824,-1.876044,-0.765799
-0.000625,0.015625,0.050000,-93.113198,-2.627723,0.269923,26.041157,-1.642063,-0.770206
-0.000625,0.016875,0.050000,-83.639263,-2.837657,0.108628,43.337548,-1.331131,-0.726447
-0.000625,0.018125,0.050000,-70.173320,-3.026883,-0.032337,58.927562,-0.936688,-0.635721
-0.000625,0.019375,0.050000,-52.945301,-3.167968,-0.133681,71.547856,-0.456895,-0.507094
0.000625,-0.019375,0.050000,-22.113136,4.753661,4.189814,80.861980,-1.161839,-2.078344
0.000625,-0.018125,0.050000,-43.318338,4.692441,4.401152,74.979420,0.284563,-0.987888
0.000625,-0.016875,0.050000,-61.941584,4.219457,4.339084,64.353965,1.553234,0.000657
0.000625,-0.015625,0.050000,-77.102875,3.441930,4.080305,50.180618,2.548201,0.832801
0.000625,-0.014375,0.050000,-88.375341,2.478434,3.702270,33.730432,3.220769,1.485987
0.000625,-0.013125,0.050000,-95.734293,1.442365,3.273615,16.212581,3.564559,1.962995
0.000625,-0.011875,0.050000,-99.475192,0.430200,2.848739,-1.323258,3.606327,2.283851
0.000625,-0.010625,0.050000,-100.118674,-0.485108,2.466035,-18.042698,3.395013,2.477924
0.000625,-0.009375,0.050000,-98.317306,-1.256141,2.148820,-33.345048,2.991005,2.577287
0.000625,-0.008125,0.050000,-94.774215,-1.859470,1.907919,-46.852261,2.456983,2.611855
0.000625,-0.006875,0.050000,-90.179097,-2.291801,1.744954,-58.377665,1.851083,2.606378
0.000625,-0.005625,0.050000,-85.163151,-2.564996,1.655584,-67.883382,1.222552,2.579028
0.000625,-0.004375,0.050000,-80.271516,-2.700923,1.632264,-75.433916,0.609662,2.541194
0.000625,-0.003125,0.050000,-75.949982,-2.726809,1.666245,-81.151494,0.039455,2.498072
0.000625,-0.001875,0.050000,-72.541855,-2.671475,1.748803,-85.176865,-0.471265,2.449672
0.000625,-0.000625,0.050000,-70.290843,-2.562593,1.871761,-87.637659,-0.914174,2.391989
0.000625,0.000625,0.050000,-69.346290,-2.424921,2.027443,-88.625219,-1.287376,2.318166
0.000625,0.001875,0.050000,-69.767913,-2.279375,2.208244,-88.180125,-1.593355,2.219592
0.000625,0.003125,0.050000,-71.528209,-2.142740,2.405994,-86.286345,-1.837156,2.086928
0.000625,0.004375,0.050000,-74.511768,-2.027818,2.611270,-82.873896,-2.024873,1.911119
0.000625,0.005625,0.050000,-78.511805,-1.943840,2.812826,-77.829980,-2.162493,1.684416
0.000625,0.006875,0.050000,-83.225345,-1.896977,2.997271,-71.018646,-2.255058,1.401461
0.000625,0.008125,0.050000,-88.249434,-1.890848,3.149142,-62.308818,-2.306081,1.060415
0.000625,0.009375,0.050000,-93.081687,-1.926929,3.251446,-51.610055,-2.317172,0.664055
0.000625,0.010625,0.050000,-97.129023,-2.004783,3.286762,-38.914488,-2.287810,0.220711
0.000625,0.011875,0.050000,-99.728649,-2.122075,3.238878,-24.341995,-2.215255,-0.255152
0.000625,0.013125,0.050000,-100.184820,-2.274317,3.094868,-8.183985,-2.094607,-0.742925
0.000625,0.014375,0.050000,-97.823564,-2.454354,2.847401,9.060667,-1.919084,-1.216651
0.000625,0.015625,0.050000,-92.065184,-2.651625,2.496950,26.665580,-1.680628,-1.646760
0.000625,0.016875,0.050000,-82.510944,-2.851325,2.053474,43.681553,-1.370966,-2.002780
0.000625,0.018125,0.050000,-69.036191,-3.033659,1.537109,58.974341,-0.983246,-2.256855
0.000625,0.019375,0.050000,-51.877679,-3.173519,0.977442,71.301454,-0.514296,-2.387665
0.001875,-0.019375,0.050000,-20.014464,4.741853,4.449351,82.060689,-1.198909,-4.174521
0.001875,-0.018125,0.050000,-41.465810,4.679605,5.204956,76.695141,0.246507,-3.009797
0.001875,-0.016875,0.050000,-60.433610,4.204930,5.638487,66.511058,1.512561,-1.821787
0.001875,-0.015625,0.050000,-76.008700,3.425582,5.801249,52.689163,2.503285,-0.691686
0.001875,-0.014375,0.050000,-87.734864,2.460536,5.756215,36.495846,3.170163,0.327989
0.001875,-0.013125,0.050000,-95.560437,1.423435,5.567606,19.143822,3.507087,1.210342
0.001875,-0.011875,0.050000,-99.757973,0.410852,5.293766,1.692618,3.541135,1.948661
0.001875,-0.010625,0.050000,-100.830126,-0.504306,4.983223,-15.009293,3.321572,2.550166
0.001875,-0.009375,0.050000,-99.416544,-1.274779,4.673391,-30.344849,2.909092,3.030110
0.001875,-0.008125,0.050000,-96.212072,-1.877382,4.391129,-43.919035,2.366647,3.406894
0.001875,-0.006875,0.050000,-91.901973,-2.309117,4.154350,-55.528946,1.752617,3.698492
0.001875,-0.005625,0.050000,-87.115872,-2.582171,3.974046,-65.122159,1.116468,3.920127
0.001875,-0.004375,0.050000,-82.399186,-2.718731,3.856204,-72.750931,0.496688,4.083017
0.001875,-0.003125,0.050000,-78.198877,-2.746315,3.803363,-78.527906,-0.079461,4.193912
0.001875,-0.001875,0.050000,-74.859540,-2.693975,3.815628,-82.587084,-0.594930,4.255145
0.001875,-0.000625,0.050000,-72.625713,-2.589528,3.891170,-85.052251,-1.041119,4.265028
0.001875,0.000625,0.050000,-71.646770,-2.457763,4.026224,-86.013829,-1.415827,4.218433
0.001875,0.001875,0.050000,-71.981589,-2.319484,4.214735,-85.514428,-1.721217,4.107524
0.001875,0.003125,0.050000,-73.601139,-2.191201,4.447747,-83.543009,-1.962014,3.922648
0.001875,0.004375,0.050000,-76.388234,-2.085267,4.712709,-80.037541,-2.144049,3.653421
0.001875,0.005625,0.050000,-80.134751,-2.010288,4.992854,-74.896070,-2.273147,3.290052
0.001875,0.006875,0.050000,-84.537688,-1.971667,5.266835,-67.996166,-2.354357,2.824948
0.001875,0.008125,0.050000,-89.196409,-1.972163,5.508804,-59.222513,-2.391433,2.254551
0.001875,0.009375,0.050000,-93.614252,-2.012384,5.689122,-48.501924,-2.386510,1.581329
0.001875,0.010625,0.050000,-97.208251,-2.091134,5.775846,-35.844159,-2.339911,0.815710
0.001875,0.011875,0.050000,-99.330835,-2.205565,5.737082,-21.385573,-2.250034,-0.022310
0.001875,0.013125,0.050000,-99.306870,-2.351064,5.544157,-5.431026,-2.113341,-0.902252
0.001875,0.014375,0.050000,-96.488000,-2.520863,5.175436,11.512325,-1.924497,-1.783315
0.001875,0.015625,0.050000,-90.323963,-2.705368,4.620385,28.717130,-1.676772,-2.615970
0.001875,0.016875,0.050000,-80.447186,-2.891303,3.883344,45.242429,-1.362849,-3.345194
0.001875,0.018125,0.050000,-66.762929,-3.060838,2.986278,59.972652,-0.976207,-3.915356
0.001875,0.019375,0.050000,-49.532968,-3.191013,1.969785,71.694627,-0.513162,-4.276418
0.003125,-0.019375,0.050000,-16.523783,4.719327,4.491715,83.282941,-1.312522,-6.376398
0.003125,-0.018125,0.050000,-38.219940,4.679824,5.815629,78.797308,0.132151,-5.187697
0.003125,-0.016875,0.050000,-57.617361,4.225198,6.777524,69.399673,1.402689,-3.842410
0.003125,-0.015625,0.050000,-73.763629,3.461976,7.400297,56.236951,2.401712,-2.447556
0.003125,-0.014375,0.050000,-86.155572,2.508465,7.729626,40.557871,3.079131,-1.085629
0.003125,-0.013125,0.050000,-94.695773,1.478160,7.822913,23.572206,3.427316,0.186107
0.003125,-0.011875,0.050000,-99.615877,0.467897,7.740525,6.348644,3.472018,1.333035
0.003125,-0.010625,0.050000,-101.384711,-0.448859,7.539714,-10.246288,3.261480,2.338810
0.003125,-0.009375,0.050000,-100.616107,-1.224136,7.271041,-25.571881,2.855717,3.200359
0.003125,-0.008125,0.050000,-97.986967,-1.834002,6.976825,-39.206892,2.317352,3.923107
0.003125,-0.006875,0.050000,-94.171560,-2.274779,6.690999,-50.922105,1.704748,4.516916
0.003125,-0.005625,0.050000,-89.794072,-2.558093,6.439798,-60.640608,1.067611,4.992911
0.003125,-0.004375,0.050000,-85.398433,-2.705728,6.242781,-68.393308,0.444869,5.361206
0.003125,-0.003125,0.050000,-81.432499,-2.744944,6.113837,-74.275444,-0.135638,5.629392
0.003125,-0.001875,0.050000,-78.242743,-2.704662,6.061963,-78.408010,-0.656190,5.801657
0.003125,-0.000625,0.050000,-76.075471,-2.612646,6.091683,-80.906370,-1.107474,5.878385
0.003125,0.000625,0.050000,-75.080985,-2.493651,6.203098,-81.857177,-1.486560,5.856166
0.003125,0.001875,0.050000,-75.317910,-2.368415,6.391590,-81.303924,-1.794900,5.728171
0.003125,0.003125,0.050000,-76.755857,-2.253290,6.647282,-79.241108,-2.036565,5.484897
0.003125,0.004375,0.050000,-79.275659,-2.160338,6.954368,-75.616851,-2.216817,5.115335
0.003125,0.005625,0.050000,-82.667453,-2.097713,7.290507,-70.343865,-2.341056,4.608590
0.003125,0.006875,0.050000,-86.627942,-2.070202,7.626482,-63.318632,-2.414097,3.955973
0.003125,0.008125,0.050000,-90.759095,-2.079816,7.926378,-54.448434,-2.439713,3.153516
0.003125,0.009375,0.050000,-94.571349,-2.126343,8.148529,-43.685415,-2.420365,2.204776
0.003125,0.010625,0.050000,-97.494871,-2.207792,8.247468,-31.065900,-2.357040,1.123674
0.003125,0.011875,0.050000,-98.902525,-2.320672,8.177029,-16.751988,-2.249139,-0.063010
0.003125,0.013125,0.050000,-98.147607,-2.460014,7.894628,-1.070799,-2.094422,-1.313960
0.003125,0.014375,0.050000,-94.618038,-2.619113,7.366522,15.454815,-1.889036,-2.573035
0.003125,0.015625,0.050000,-87.806385,-2.788957,6.573627,32.091664,-1.627752,-3.770867
0.003125,0.016875,0.050000,-77.391852,-2.957398,5.517177,47.905860,-1.304564,-4.828763
0.003125,0.018125,0.050000,-63.326447,-3.108229,4.223310,61.804157,-0.913824,-5.665022
0.003125,0.019375,0.050000,-45.913508,-3.220425,2.745503,72.611951,-0.452073,-6.203397
0.004375,-0.019375,0.050000,-11.619293,4.680063,4.209914,84.350023,-1.502456,-8.658295
0.004375,-0.018125,0.050000,-33.514531,4.687089,6.119463,81.108291,-0.059468,-7.523194
0.004375,-0.016875,0.050000,-53.384138,4.274512,7.642553,72.853055,1.221583,-6.090207
0.004375,-0.015625,0.050000,-70.220502,3.545824,8.769905,60.676386,2.240540,-4.489593
0.004375,-0.014375,0.050000,-83.457346,2.617529,9.525981,45.794442,2.944043,-2.832571
0.004375,-0.013125,0.050000,-92.933507,1.602500,9.957650,29.405493,3.321151,-1.206687
0.004375,-0.011875,0.050000,-98.821868,0.597948,10.124048,12.584666,3.394644,0.324727
0.004375,-0.010625,0.050000,-101.541209,-0.321557,10.088492,-3.781339,3.210376,1.720307
0.004375,-0.009375,0.050000,-101.665903,-1.106502,9.912658,-19.022450,2.826676,2.956821
0.004375,-0.008125,0.050000,-99.844254,-1.731251,9.652893,-32.683162,2.305203,4.024730
0.004375,-0.006875,0.050000,-96.731879,-2.190472,9.358227,-44.498784,1.704006,4.923818
0.004375,-0.005625,0.050000,-92.942551,-2.494352,9.069618,-54.358595,1.073026,5.659301
0.004375,-0.004375,0.050000,-89.015944,-2.663528,8.819949,-62.263421,0.451831,6.238619
0.004375,-0.003125,0.050000,-85.399663,-2.724438,8.634397,-68.283496,-0.130820,6.668943
0.004375,-0.001875,0.050000,-82.441987,-2.705476,8.530856,-72.520648,-0.656130,6.955375
0.004375,-0.000625,0.050000,-80.391496,-2.634118,8.520226,-75.077280,-1.113635,7.099792
0.004375,0.000625,0.050000,-79.400110,-2.534990,8.606455,-76.033427,-1.499260,7.100280
0.004375,0.001875,0.050000,-79.526832,-2.428771,8.786305,-75.432319,-1.813367,6.951151
0.004375,0.003125,0.050000,-80.740373,-2.331735,9.048878,-73.274506,-2.059036,6.643559
0.004375,0.004375,0.050000,-82.919897,-2.255778,9.375036,-69.520402,-2.240676,6.166733
0.004375,0.005625,0.050000,-85.854134,-2.208747,9.736868,-64.101073,-2.363015,5.509880
0.004375,0.006875,0.050000,-89.240130,-2.194950,10.097475,-56.937036,-2.430421,4.664732
0.004375,0.008125,0.050000,-92.683794,-2.215754,10.411348,-47.964558,-2.446500,3.628677
0.004375,0.009375,0.050000,-95.705141,-2.270181,10.625666,-37.168480,-2.413874,2.408284
0.004375,0.010625,0.050000,-97.751567,-2.355438,10.682811,-24.619640,-2.334052,1.022906
0.004375,0.011875,0.050000,-98.222503,-2.467291,10.524290,-10.513808,-2.207338,-0.492107
0.004375,0.013125,0.050000,-96.508145,-2.600237,10.096132,4.792454,-2.032740,-2.083202
0.004375,0.014375,0.050000,-92.043576,-2.747378,9.355549,20.755095,-1.807930,-3.678098
0.004375,0.015625,0.050000,-84.377274,-2.899961,8.278344,36.632261,-1.529342,-5.187643
0.004375,0.016875,0.050000,-73.249873,-3.046633,6.866237,51.498023,-1.192589,-6.510571
0.004375,0.018125,0.050000,-58.675314,-3.172501,5.152929,64.286922,-0.793385,-7.541380
0.004375,0.019375,0.050000,-41.012739,-3.258291,3.207576,73.873535,-0.329157,-8.181064
0.005625,-0.019375,0.050000,-5.310118,4.614051,3.497834,85.018632,-1.767719,-10.968234
0.005625,-0.018125,0.050000,-27.298200,4.691226,5.997310,83.377316,-0.329743,-9.990914
0.005625,-0.016875,0.050000,-47.622699,4.343136,8.108301,76.626909,0.965601,-8.567895
0.005625,-0.015625,0.050000,-65.212176,3.668329,9.785149,65.781955,2.014178,-6.848211
0.005625,-0.014375,0.050000,-79.423545,2.780232,11.026284,52.008774,2.757757,-4.969049
0.005625,-0.013125,0.050000,-90.015406,1.790477,11.863155,36.482845,3.180369,-3.047074
0.005625,-0.011875,0.050000,-97.084648,0.796616,12.349126,20.280212,3.300184,-1.174530
0.005625,-0.010625,0.050000,-100.983638,-0.125261,12.549645,4.307236,3.159273,0.580966
0.005625,-0.009375,0.050000,-102.232894,-0.923373,12.534326,-10.733227,2.813214,2.174087
0.005625,-0.008125,0.050000,-101.440321,-1.569485,12.371131,-24.345264,2.321995,3.577994
0.005625,-0.006875,0.050000,-99.233849,-2.055686,12.122486,-36.220984,1.742984,4.779935
0.005625,-0.005625,0.050000,-96.210436,-2.389848,11.842974,-46.207568,1.126271,5.776844
0.005625,-0.004375,0.050000,-92.901363,-2.590711,11.578171,-54.267728,0.512202,6.571359
0.005625,-0.003125,0.050000,-89.751656,-2.683290,11.364226,-60.439501,-0.069256,7.168447
0.005625,-0.001875,0.050000,-87.110381,-2.695017,11.227813,-64.799606,-0.597848,7.572760
0.005625,-0.000625,0.050000,-85.228230,-2.652790,11.186179,-67.433044,-1.061554,7.786758
0.005625,0.000625,0.050000,-84.259092,-2.580951,11.247120,-68.410402,-1.454749,7.809588
0.005625,0.001875,0.050000,-84.262952,-2.500066,11.408763,-67.773469,-1.776331,7.636757
0.005625,0.003125,0.050000,-85.208375,-2.426359,11.659184,-65.529299,-2.028063,7.260601
0.005625,0.004375,0.050000,-86.973770,-2.371633,11.975942,-61.652600,-2.213222,6.671590
0.005625,0.005625,0.050000,-89.347678,-2.343523,12.325719,-56.096234,-2.335631,5.860475
0.005625,0.006875,0.050000,-92.029247,-2.345956,12.664325,-48.809460,-2.399023,4.821243
0.005625,0.008125,0.050000,-94.630950,-2.379738,12.937415,-39.763261,-2.406680,3.554780
0.005625,0.009375,0.050000,-96.686224,-2.443175,13.082271,-28.981571,-2.361257,2.072991
0.005625,0.010625,0.050000,-97.665112,-2.532660,13.030986,-16.576340,-2.264692,0.402993
0.005625,0.011875,0.050000,-97.000874,-2.643161,12.715300,-2.783201,-2.118132,-1.409185
0.005625,0.013125,0.050000,-94.129853,-2.768510,12.073127,12.006805,-1.921832,-3.296126
0.005625,0.014375,0.050000,-88.545422,-2.901422,11.056531,27.225378,-1.675053,-5.168574
0.005625,0.015625,0.050000,-79.864592,-3.033173,9.640554,42.121824,-1.376061,-6.917834
0.005625,0.016875,0.050000,-67.902803,-3.152947,7.831883,55.781674,-1.022382,-8.421628
0.005625,0.018125,0.050000,-52.748960,-3.246953,5.675979,67.175050,-0.611536,-9.553687
0.005625,0.019375,0.050000,-34.829256,-3.297552,3.261079,75.238055,-0.142429,-10.196750
0.006875,-0.019375,0.050000,2.345186,4.507358,2.257590,84.987154,-2.105599,-13.220978
0.006875,-0.018125,0.050000,-19.554976,4.677753,5.330285,85.282332,-0.679517,-12.529662
0.006875,-0.016875,0.050000,-40.240893,4.416997,8.041579,80.396529,0.630461,-11.241681
0.006875,-0.015625,0.050000,-58.573162,3.816642,10.305258,71.242579,1.715279,-9.518330
0.006875,-0.014375,0.050000,-73.821716,2.985574,12.088378,58.917144,2.510432,-7.518236
0.006875,-0.013125,0.050000,-85.650828,2.033345,13.401159,44.558427,2.993305,-5.384632
0.006875,-0.011875,0.050000,-94.065436,1.057584,14.285502,29.234437,3.175861,-3.237898
0.006875,-0.010625,0.050000,-99.335398,0.136122,14.803824,13.867339,3.094963,-1.172575
0.006875,-0.009375,0.050000,-101.912441,-0.676427,15.029293,-0.806839,2.802302,0.742178
0.006875,-0.008125,0.050000,-102.351134,-1.348460,15.038000,-14.248189,2.355378,2.459814
0.006875,-0.006875,0.050000,-101.241194,-1.868627,14.903155,-26.099943,1.810397,3.952309
0.006875,-0.005625,0.050000,-99.154716,-2.241643,14.691139,-36.160429,1.217399,5.205549
0.006875,-0.004375,0.050000,-96.608840,-2.483591,14.459039,-44.347279,0.617550,6.214793
0.006875,-0.003125,0.050000,-94.042228,-2.617427,14.253281,-50.659835,0.042227,6.980592
0.006875,-0.001875,0.050000,-91.802527,-2.669123,14.108960,-55.144178,-0.486544,7.505406
0.006875,-0.000625,0.050000,-90.141533,-2.664647,14.049527,-57.863663,-0.954819,7.791067
0.006875,0.000625,0.050000,-89.214960,-2.627823,14.086590,-58.876663,-1.355044,7.837152
0.006875,0.001875,0.050000,-89.084293,-2.578973,14.219684,-58.222303,-1.684299,7.640315
0.006875,0.003125,0.050000,-89.718991,-2.534217,14.435968,-55.914446,-1.942707,7.194615
0.006875,0.004375,0.050000,-90.998287,-2.505268,14.709920,-51.943847,-2.132146,6.492865
0.006875,0.005625,0.050000,-92.712736,-2.499579,15.003230,-46.288191,-2.255315,5.528975
0.006875,0.006875,0.050000,-94.566610,-2.520746,15.265148,-38.929550,-2.315142,4.301254
0.006875,0.008125,0.050000,-96.183012,-2.569056,15.433675,-29.878411,-2.314461,2.816480
0.006875,0.009375,0.050000,-97.114159,-2.642121,15.437964,-19.202892,-2.255879,1.094458
0.006875,0.010625,0.050000,-96.859592,-2.735524,15.202305,-7.060904,-2.141720,-0.827417
0.006875,0.011875,0.050000,-94.894844,-2.843393,14.651938,6.268066,-1.973972,-2.890247
0.006875,0.013125,0.050000,-90.712366,-2.958823,13.720698,20.356091,-1.754184,-5.011200
0.006875,0.014375,0.050000,-83.875013,-3.074028,12.360206,34.610542,-1.483319,-7.083478
0.006875,0.015625,0.050000,-74.080172,-3.180176,10.549856,48.274826,-1.161666,-8.979579
0.006875,0.016875,0.050000,-61.229723,-3.266856,8.306453,60.452469,-0.788960,-10.558526
0.006875,0.018125,0.050000,-45.497785,-3.321286,5.691891,70.159586,-0.364927,-11.677305
0.006875,0.019375,0.050000,-27.385133,-3.327458,2.817080,76.407971,0.109529,-12.206094
0.008125,-0.019375,0.050000,11.217327,4.342421,0.410092,83.908048,-2.510373,-15.293119
0.008125,-0.018125,0.050000,-10.329244,4.627874,4.009272,86.437415,-1.107703,-15.034922
0.008125,-0.016875,0.050000,-31.192984,4.477359,7.309193,83.758566,0.212633,-14.031521
0.008125,-0.015625,0.050000,-50.168063,3.973245,10.179562,76.657467,1.336080,-12.447856
0.008125,-0.014375,0.050000,-66.431938,3.218176,12.550707,66.138872,2.190734,-10.457461
0.008125,-0.013125,0.050000,-79.543919,2.318500,14.405287,53.285853,2.745898,-8.225863
0.008125,-0.011875,0.050000,-89.403184,1.371370,15.767154,39.145563,3.005804,-5.899435
0.008125,-0.010625,0.050000,-96.181913,0.456304,16.689432,24.648172,3.000671,-3.599341
0.008125,-0.009375,0.050000,-100.248012,-0.368915,17.243296,10.559569,2.777084,-1.419710
0.008125,-0.008125,0.050000,-102.088883,-1.068713,17.508332,-2.536012,2.389123,0.571069
0.008125,-0.006875,0.050000,-102.244096,-1.627557,17.564895,-14.229930,1.891196,2.326986
0.008125,-0.005625,0.050000,-101.251151,-2.046216,17.488455,-24.267008,1.332952,3.819956
0.008125,-0.004375,0.050000,-99.605558,-2.337361,17.345721,-32.514374,0.756271,5.035026
0.008125,-0.003125,0.050000,-97.734221,-2.521220,17.192174,-38.927249,0.194036,5.965814
0.008125,-0.001875,0.050000,-95.979802,-2.621748,17.070603,-43.516216,-0.329738,6.610550
0.008125,-0.000625,0.050000,-94.593182,-2.663545,17.010296,-46.319112,-0.798882,6.968985
0.008125,0.000625,0.050000,-93.731167,-2.669590,17.026565,-47.379459,-1.203583,7.040311
0.008125,0.001875,0.050000,-93.457081,-2.659738,17.120430,-46.732443,-1.538772,6.822182
0.008125,0.003125,0.050000,-93.742590,-2.649856,17.278392,-44.398825,-1.802637,6.310898
0.008125,0.004375,0.050000,-94.469998,-2.651476,17.472327,-40.386739,-1.995400,5.502753
0.008125,0.005625,0.050000,-95.435111,-2.671829,17.659708,-34.701084,-2.118440,4.396527
0.008125,0.006875,0.050000,-96.351656,-2.714155,17.784418,-27.359887,-2.173735,2.997017
0.008125,0.008125,0.050000,-96.858915,-2.778218,17.778542,-18.416636,-2.163587,1.319372
0.008125,0.009375,0.050000,-96.534762,-2.860937,17.565525,-7.986995,-2.090519,-0.606114
0.008125,0.010625,0.050000,-94.916453,-2.957082,17.065056,3.722504,-1.957259,-2.729334
0.008125,0.011875,0.050000,-91.531258,-3.059936,16.199899,16.387209,-1.766698,-4.976554
0.008125,0.013125,0.050000,-85.938157,-3.161837,14.904611,29.542992,-1.521791,-7.248387
0.008125,0.014375,0.050000,-77.780352,-3.254483,13.135764,42.576192,-1.225367,-9.420545
0.008125,0.015625,0.050000,-66.846157,-3.328918,10.882787,54.730722,-0.879962,-11.348300
0.008125,0.016875,0.050000,-53.133133,-3.375145,8.178100,65.137859,-0.487805,-12.875328
0.008125,0.018125,0.050000,-36.907389,-3.381450,5.104760,72.872742,-0.051190,-13.847086
0.008125,0.019375,0.050000,-18.747333,-3.333608,1.799627,77.038661,0.426553,-14.128153
0.009375,-0.019375,0.050000,21.084319,4.098724,-2.091153,81.408032,-2.971728,-17.021676
0.009375,-0.018125,0.050000,0.246766,4.518767,1.948569,86.407992,-1.609519,-17.354148
0.009375,-0.016875,0.050000,-20.511360,4.500720,5.790745,86.240226,-0.288822,-16.803312
0.009375,-0.015625,0.050000,-39.926049,4.115452,9.258856,81.538633,0.870216,-15.527099
0.009375,-0.014375,0.050000,-57.082637,3.457417,12.241810,73.191947,1.787551,-13.705298
0.009375,-0.013125,0.050000,-71.429452,2.628313,14.688393,62.207039,2.423230,-11.519430
0.009375,-0.011875,0.050000,-82.749321,1.723912,16.597343,49.593383,2.772361,-9.137961
0.009375,-0.010625,0.050000,-91.103426,0.825033,18.005400,36.277019,2.857119,-6.706965
0.009375,-0.009375,0.050000,-96.761421,-0.007331,18.975150,23.046141,2.717694,-4.345620
0.009375,-0.008125,0.050000,-100.129347,-0.733262,19.583934,10.525761,2.403684,-2.145595
0.009375,-0.006875,0.050000,-101.683601,-1.332459,19.914511,-0.823957,1.966907,-0.173199
0.009375,-0.005625,0.050000,-101.915847,-1.801046,20.047744,-10.692388,1.456101,1.526746
0.009375,-0.004375,0.050000,-101.290794,-2.147558,20.057229,-18.892826,0.913591,2.926238
0.009375,-0.003125,0.050000,-100.216549,-2.388806,20.005593,-25.332454,0.373703,4.009329
0.009375,-0.001875,0.050000,-99.025800,-2.546109,19.942101,-29.982513,-0.137460,4.767820
0.009375,-0.000625,0.050000,-97.965397,-2.642174,19.901193,-32.852044,-0.601303,5.197759
0.009375,0.000625,0.050000,-97.191812,-2.698710,19.901626,-33.967337,-1.005492,5.296993
0.009375,0.001875,0.050000,-96.770315,-2.734767,19.946008,-33.358324,-1.342537,5.063925
0.009375,0.003125,0.050000,-96.676299,-2.765705,20.020607,-31.052425,-1.608425,4.497537
0.009375,0.004375,0.050000,-96.798012,-2.802687,20.095489,-27.075897,-1.801506,3.598709
0.009375,0.005625,0.050000,-96.940736,-2.852582,20.125132,-21.462326,-1.921668,2.372758
0.009375,0.006875,0.050000,-96.833228,-2.918184,20.049810,-14.267553,-1.969841,0.833067
0.009375,0.008125,0.050000,-96.137875,-2.998676,19.798096,-5.589862,-1.947752,-0.994496
0.009375,0.009375,0.050000,-94.466415,-3.090261,19.290885,4.406344,-1.857869,-3.066803
0.009375,0.010625,0.050000,-91.403147,-3.186896,18.447241,15.465920,-1.703401,-5.318992
0.009375,0.011875,0.050000,-86.537188,-3.281052,17.192226,27.220851,-1.488279,-7.661102
0.009375,0.013125,0.050000,-79.504429,-3.364372,15.466587,39.174973,-1.217037,-9.976835
0.009375,0.014375,0.050000,-70.038346,-3.428130,13.237749,50.700558,-0.894582,-12.125453
0.009375,0.015625,0.050000,-58.026729,-3.463374,10.511117,61.052000,-0.525940,-13.947752
0.009375,0.016875,0.050000,-43.568916,-3.460701,7.340164,69.401234,-0.116109,-15.276709
0.009375,0.018125,0.050000,-27.025521,-3.409700,3.833380,74.897777,0.329758,-15.952809
0.009375,0.019375,0.050000,-9.050459,-3.298256,0.155975,76.753272,0.805605,-15.843251
0.010625,-0.019375,0.050000,31.611964,3.754059,-5.243657,77.117410,-3.473029,-18.207895
0.010625,-0.018125,0.050000,11.925801,4.324431,-0.896544,84.736023,-2.174443,-19.286751
0.010625,-0.016875,0.050000,-8.340160,4.459180,3.396481,87.318729,-0.870008,-19.364983
0.010625,-0.015625,0.050000,-27.879457,4.215290,7.412737,85.323539,0.315040,-18.581124
0.010625,-0.014375,0.050000,-45.692589,3.676854,10.996479,79.498198,1.292263,-17.110469
0.010625,-0.013125,0.050000,-61.116707,2.939135,14.057034,70.749724,2.011645,-15.142045
0.010625,-0.011875,0.050000,-73.812143,2.095239,16.561057,60.029304,2.458009,-12.860425
0.010625,-0.010625,0.050000,-83.718727,1.226503,18.521397,48.242309,2.644161,-10.433021
0.010625,-0.009375,0.050000,-90.995036,0.396824,19.984704,36.187086,2.602594,-8.002627
0.010625,-0.008125,0.050000,-95.951973,-0.349458,21.019353,24.521496,2.377254,-5.684448
0.010625,-0.006875,0.050000,-98.989266,-0.986902,21.704720,13.752950,2.016410,-3.566568
0.010625,-0.005625,0.050000,-100.540410,-1.506427,22.122327,4.246138,1.567179,-1.712755
0.010625,-0.004375,0.050000,-101.028731,-1.911772,22.348980,-3.757739,1.071871,-0.166596
0.010625,-0.003125,0.050000,-100.835010,-2.215640,22.451762,-10.115922,0.566012,1.043909
0.010625,-0.001875,0.050000,-100.275594,-2.436055,22.484584,-14.757882,0.077733,1.901947
0.010625,-0.000625,0.050000,-99.589088,-2.593224,22.485942,-17.661468,-0.371872,2.398186
0.010625,0.000625,0.050000,-98.929479,-2.707057,22.477569,-18.833767,-0.767798,2.528083
0.010625,0.001875,0.050000,-98.363776,-2.795348,22.463738,-18.298121,-1.099933,2.290424
0.010625,0.003125,0.050000,-97.872736,-2.872579,22.431092,-16.087973,-1.361877,1.687196
0.010625,0.004375,0.050000,-97.353946,-2.949247,22.349021,-12.247642,-1.549940,0.724809
0.010625,0.005625,0.050000,-96.627213,-3.031630,22.170732,-6.839661,-1.662410,-0.583416
0.010625,0.006875,0.050000,-95.442936,-3.121910,21.835271,0.042108,-1.699119,-2.213689
0.010625,0.008125,0.050000,-93.494626,-3.218584,21.270824,8.254928,-1.661250,-4.127480
0.010625,0.009375,0.050000,-90.437054,-3.317096,20.399654,17.587086,-1.551301,-6.267041
0.010625,0.010625,0.050000,-85.911498,-3.410618,19.144910,27.737916,-1.373120,-8.551453
0.010625,0.011875,0.050000,-79.579071,-3.490894,17.439379,38.301328,-1.131876,-10.874094
0.010625,0.013125,0.050000,-71.162200,-3.549030,15.235929,48.757010,-0.833910,-13.102551
0.010625,0.014375,0.050000,-60.492814,-3.576104,12.518945,58.473856,-0.486456,-15.082010
0.010625,0.015625,0.050000,-47.563867,-3.563464,9.315596,66.730150,-0.097270,-16.642991
0.010625,0.016875,0.050000,-32.578575,-3.502658,5.705270,72.754139,0.325662,-17.613892
0.010625,0.018125,0.050000,-15.989555,-3.385014,1.825125,75.786716,0.774140,-17.838136
0.010625,0.019375,0.050000,1.481636,-3.201020,-2.130386,75.164885,1.239250,-17.194857
0.011875,-0.019375,0.050000,42.340727,3.286545,-8.978432,70.708972,-3.989652,-18.627931
0.011875,-0.018125,0.050000,24.322675,4.017297,-4.509473,80.976533,-2.784061,-20.590856
0.011875,-0.016875,0.050000,5.032947,4.321548,0.089490,86.453401,-1.519686,-21.468887
0.011875,-0.015625,0.050000,-14.203142,4.240064,4.552707,87.401080,-0.325666,-21.367612
0.011875,-0.014375,0.050000,-32.316283,3.844236,8.678869,84.402028,0.701530,-20.445273
0.011875,-0.013125,0.050000,-48.539212,3.220803,12.333827,78.238277,1.501492,-18.887741
0.011875,-0.011875,0.050000,-62.409338,2.458519,15.446014,69.779049,2.047925,-16.887422
0.011875,-0.010625,0.050000,-73.739067,1.638038,17.997082,59.888391,2.343127,-14.627309
0.011875,-0.009375,0.050000,-82.565894,0.825449,20.010079,49.358055,2.410631,-12.270407
0.011875,-0.008125,0.050000,-89.093304,0.069246,21.537034,38.866158,2.287497,-9.954062
0.011875,-0.006875,0.050000,-93.631276,-0.599894,22.647273,28.958713,2.017349,-7.788287
0.011875,-0.005625,0.050000,-96.542421,-1.167319,23.417285,20.049233,1.644785,-5.857029
0.011875,-0.004375,0.050000,-98.197198,-1.631421,23.922476,12.430863,1.211433,-4.221294
0.011875,-0.003125,0.050000,-98.939390,-2.000150,24.230857,6.295677,0.753574,-2.923184
0.011875,-0.001875,0.050000,-99.061489,-2.287548,24.398473,1.756557,0.301114,-1.990052
0.011875,-0.000625,0.050000,-98.788643,-2.510660,24.466300,-1.131951,-0.122448,-1.438185
0.011875,0.000625,0.050000,-98.269483,-2.686970,24.458304,-2.356359,-0.499422,-1.275577
0.011875,0.001875,0.050000,-97.572186,-2.832461,24.380450,-1.932140,-0.817006,-1.503528
0.011875,0.003125,0.050000,-96.684505,-2.960255,24.220506,0.102361,-1.066319,-2.116916
0.011875,0.004375,0.050000,-95.517067,-3.079781,23.948667,3.685821,-1.241558,-3.103135
0.011875,0.005625,0.050000,-93.909815,-3.196407,23.519094,8.727993,-1.339387,-4.439788
0.011875,0.006875,0.050000,-91.642073,-3.311475,22.872606,15.098815,-1.358572,-6.091398
0.011875,0.008125,0.050000,-88.447103,-3.422659,21.940810,22.613955,-1.299851,-8.005531
0.011875,0.009375,0.050000,-84.032245,-3.524604,20.651931,31.018833,-1.165928,-10.108927
0.011875,0.010625,0.050000,-78.105585,-3.609757,18.938513,39.973761,-0.961508,-12.304429
0.011875,0.011875,0.050000,-70.409595,-3.669312,16.746909,49.043539,-0.693254,-14.469635
0.011875,0.013125,0.050000,-60.761179,-3.694117,14.048180,57.695333,-0.369584,-16.458311
0.011875,0.014375,0.050000,-49.096188,-3.675433,10.849546,65.308878,-0.000298,-18.105550
0.011875,0.015625,0.050000,-35.514626,-3.605385,7.205055,71.202708,0.403918,-19.237414
0.011875,0.016875,0.050000,-20.320860,-3.477029,3.223699,74.679015,0.831969,-19.685335
0.011875,0.018125,0.050000,-4.051366,-3.284038,-0.927133,75.087673,1.272585,-19.304797
0.011875,0.019375,0.050000,12.518607,-3.020163,-5.024956,71.906910,1.714093,-17.996921
0.013125,-0.019375,0.050000,52.683659,2.677530,-13.143810,61.945490,-4.487725,-18.051799
0.013125,-0.018125,0.050000,36.900674,3.570809,-8.791375,74.745640,-3.410117,-20.998805
0.013125,-0.016875,0.050000,19.151972,4.055477,-4.089560,83.131646,-2.216766,-22.823000
0.013125,-0.015625,0.050000,0.750458,4.153933,0.659661,87.153296,-1.038767,-23.583203
0.013125,-0.014375,0.050000,-17.187932,3.922485,5.211701,87.206099,0.020458,-23.406821
0.013125,-0.013125,0.050000,-33.806119,3.437019,9.387392,83.922132,0.890379,-22.464023
0.013125,-0.011875,0.050000,-48.525080,2.779890,13.072508,78.063122,1.533203,-20.944519
0.013125,-0.010625,0.050000,-61.029351,2.029441,16.211161,70.427819,1.939876,-19.038746
0.013125,-0.009375,0.050000,-71.229535,1.252808,18.795465,61.780421,2.123845,-16.924222
0.013125,-0.008125,0.050000,-79.212233,0.501970,20.853547,52.802114,2.114060,-14.756958
0.013125,-0.006875,0.050000,-85.186162,-0.187396,22.437495,44.064305,1.948308,-12.667282
0.013125,-0.005625,0.050000,-89.430922,-0.794952,23.612337,36.019877,1.667613,-10.759107
0.013125,-0.004375,0.050000,-92.252496,-1.313364,24.446655,29.007710,1.312046,-9.111593
0.013125,-0.003125,0.050000,-93.947439,-1.745270,25.005078,23.265587,0.917982,-7.782192
0.013125,-0.001875,0.050000,-94.776105,-2.100075,25.342603,18.947076,0.516638,-6.810206
0.013125,-0.000625,0.050000,-94.944211,-2.390958,25.500591,16.138788,0.133614,-6.220157
0.013125,0.000625,0.050000,-94.591540,-2.632294,25.504189,14.875348,-0.210883,-6.024464
0.013125,0.001875,0.050000,-93.786454,-2.837610,25.360970,15.150308,-0.501451,-6.225063
0.013125,0.003125,0.050000,-92.525163,-3.018092,25.060692,16.922059,-0.726783,-6.813824
0.013125,0.004375,0.050000,-90.735072,-3.181611,24.576114,20.114461,-0.879020,-7.771700
0.013125,0.005625,0.050000,-88.282017,-3.332243,23.865006,24.612541,-0.953285,-9.066754
0.013125,0.006875,0.050000,-84.981661,-3.470215,22.873488,30.254146,-0.947423,-10.651337
0.013125,0.008125,0.050000,-80.615596,-3.592230,21.540933,36.819038,-0.861922,-12.458888
0.013125,0.009375,0.050000,-74.952824,-3.692126,19.806603,44.017441,-0.699940,-14.400992
0.013125,0.010625,0.050000,-67.777052,-3.761763,17.618051,51.480689,-0.467325,-16.365520
0.013125,0.011875,0.050000,-58.919657,-3.792062,14.941078,58.757065,-0.172522,-18.216801
0.013125,0.013125,0.050000,-48.297235,-3.774039,11.770690,65.316309,0.173711,-19.798825
0.013125,0.014375,0.050000,-35.951284,-3.699691,8.142034,70.566181,0.558808,-20.942329
0.013125,0.015625,0.050000,-22.086025,-3.562578,4.139859,73.883921,0.969065,-21.476363
0.013125,0.016875,0.050000,-7.098713,-3.357995,-0.095365,74.664136,1.390317,-21.244329
0.013125,0.018125,0.050000,8.404488,-3.082733,-4.366741,72.382482,1.808434,-20.123730
0.013125,0.019375,0.050000,23.614630,-2.734556,-8.427612,66.671571,2.209369,-18.047901
0.014375,-0.019375,0.050000,61.940230,1.915397,-17.494007,50.732941,-4.923690,-16.271147
0.014375,-0.018125,0.050000,48.972935,2.963103,-13.543032,65.778222,-4.013205,-20.242784
0.014375,-0.016875,0.050000,33.381044,3.630798,-8.998340,76.928187,-2.928217,-23.113059
0.014375,-0.015625,0.050000,16.427080,3.920768,-4.187053,84.013459,-1.799045,-24.881139
0.014375,-0.014375,0.050000,-0.757544,3.871971,0.609194,87.225927,-0.734190,-25.629515
0.014375,-0.013125,0.050000,-17.248809,3.547005,5.168042,87.025025,0.186689,-25.498848
0.014375,-0.011875,0.050000,-32.365594,3.019493,9.330807,84.039348,0.914505,-24.663686
0.014375,-0.010625,0.050000,-45.670997,2.363449,12.999585,78.976405,1.428428,-23.311466
0.014375,-0.009375,0.050000,-56.948530,1.645474,16.129361,72.548561,1.730960,-21.626083
0.014375,-0.008125,0.050000,-66.162677,0.919938,18.717312,65.418794,1.841820,-19.776379
0.014375,-0.006875,0.050000,-73.412313,0.226898,20.791113,58.166317,1.791750,-17.909228
0.014375,-0.005625,0.050000,-78.883690,-0.407818,22.397578,51.269638,1.617030,-16.146452
0.014375,-0.004375,0.050000,-82.807598,-0.971004,23.592516,45.103273,1.355125,-14.584590
0.014375,-0.003125,0.050000,-85.423359,-1.459580,24.432251,39.943808,1.041623,-13.296542
0.014375,-0.001875,0.050000,-86.950728,-1.877734,24.966971,35.981248,0.708353,-12.334147
0.014375,-0.000625,0.050000,-87.569628,-2.234107,25.235858,33.332137,0.382491,-11.730943
0.014375,0.000625,0.050000,-87.407045,-2.539251,25.263853,32.051775,0.086366,-11.504521
0.014375,0.001875,0.050000,-86.530125,-2.803547,25.059918,32.143651,-0.162316,-11.658067
0.014375,0.003125,0.050000,-84.944637,-3.035610,24.616671,33.565035,-0.350060,-12.180866
0.014375,0.004375,0.050000,-82.598175,-3.241218,23.911381,36.228380,-0.467173,-13.047744
0.014375,0.005625,0.050000,-79.387854,-3.422729,22.908356,39.998829,-0.507476,-14.217560
0.014375,0.006875,0.050000,-75.172534,-3.578976,21.562857,44.688707,-0.468155,-15.631069
0.014375,0.008125,0.050000,-69.789824,-3.705576,19.826643,50.050468,-0.349751,-17.208662
0.014375,0.009375,0.050000,-63.078082,-3.795614,17.655210,55.770076,-0.156197,-18.848648
0.014375,0.010625,0.050000,-54.903345,-3.840598,15.016619,61.463304,0.105194,-20.426910
0.014375,0.011875,0.050000,-45.190533,-3.831597,11.901533,66.677773,0.423905,-21.798864
0.014375,0.013125,0.050000,-33.957310,-3.760378,8.333731,70.903712,0.786631,-22.804603
0.014375,0.014375,0.050000,-21.347831,-3.620400,4.379960,73.596114,1.177959,-23.277965
0.014375,0.015625,0.050000,-7.662212,-3.407482,0.157534,74.210239,1.581245,-23.059844
0.014375,0.016875,0.050000,6.623631,-3.120030,-4.162166,72.250896,1.979542,-22.015466
0.014375,0.018125,0.050000,20.854037,-2.758809,-8.356283,67.333837,2.356362,-20.054536
0.014375,0.019375,0.050000,34.211866,-2.326373,-12.160855,59.254759,2.696014,-17.152189
0.015625,-0.019375,0.050000,69.330298,1.000081,-21.686607,37.174245,-5.245230,-13.135061
0.015625,-0.018125,0.050000,59.724410,2.181686,-18.453981,53.990918,-4.542655,-18.090719
0.015625,-0.016875,0.050000,46.912821,3.024120,-14.373986,67.574341,-3.607966,-22.036787
0.015625,-0.015625,0.050000,32.064812,3.508441,-9.783464,77.538612,-2.567209,-24.902305
0.015625,-0.014375,0.050000,16.289134,3.654336,-4.990444,83.862841,-1.531270,-26.711741
0.015625,-0.013125,0.050000,0.545784,3.508745,-0.254537,86.815889,-0.587142,-27.562162
0.015625,-0.011875,0.050000,-14.404645,3.134077,4.222861,86.869734,0.205708,-27.599251
0.015625,-0.010625,0.050000,-28.018066,2.597699,8.300174,84.614586,0.814810,-26.995081
0.015625,-0.009375,0.050000,-39.957568,1.963698,11.891120,80.684849,1.231251,-25.929489
0.015625,-0.008125,0.050000,-50.065939,1.287314,14.956230,75.700950,1.464636,-24.575883
0.015625,-0.006875,0.050000,-58.328003,0.611952,17.492327,70.228558,1.537537,-23.091564
0.015625,-0.005625,0.050000,-64.829471,-0.031632,19.521518,64.754097,1.480276,-21.612057
0.015625,-0.004375,0.050000,-69.717293,-0.624507,21.080805,59.673798,1.326540,-20.248677
0.015625,-0.003125,0.050000,-73.164780,-1.157690,22.213013,55.292765,1.110053,-19.088391
0.015625,-0.001875,0.050000,-75.343191,-1.629727,22.959391,51.830430,0.862333,-18.195061
0.015625,-0.000625,0.050000,-76.400406,-2.044127,23.354011,49.429138,0.611352,-17.611302
0.015625,0.000625,0.050000,-76.446474,-2.406956,23.419940,48.163208,0.380921,-17.360277
0.015625,0.001875,0.050000,-75.545533,-2.724767,23.167106,48.046602,0.190520,-17.447019
0.015625,0.003125,0.050000,-73.713456,-3.002972,22.591791,49.038040,0.055370,-17.858994
0.015625,0.004375,0.050000,-70.920701,-3.244714,21.677705,51.043150,-0.013428,-18.565867
0.015625,0.005625,0.050000,-67.100055,-3.450231,20.398663,53.913874,-0.008793,-19.518589
0.015625,0.006875,0.050000,-62.159093,-3.616724,18.722903,57.445959,0.072341,-20.648146
0.015625,0.008125,0.050000,-55.997289,-3.738679,16.619056,61.375925,0.228981,-21.864467
0.015625,0.009375,0.050000,-48.527574,-3.808587,14.063699,65.379355,0.456040,-23.056175
0.015625,0.010625,0.050000,-39.701819,-3.817979,11.050215,69.072756,0.744416,-24.091995
0.015625,0.011875,0.050000,-29.539090,-3.758640,7.598436,72.021438,1.081293,-24.824631
0.015625,0.013125,0.050000,-18.154678,-3.623834,3.764161,73.755797,1.450732,-25.097902
0.015625,0.014375,0.050000,-5.786887,-3.409359,-0.352701,73.797957,1.834577,-24.757633
0.015625,0.015625,0.050000,7.182516,-3.114233,-4.602987,71.699748,2.213583,-23.666357
0.015625,0.016875,0.050000,20.219160,-2.740913,-8.787948,67.091507,2.568617,-21.721223
0.015625,0.018125,0.050000,32.643578,-2.294988,-12.665485,59.739043,2.881692,-18.873691
0.015625,0.019375,0.050000,43.660335,-1.784478,-15.964308,49.603619,3.136585,-15.148661
0.016875,-0.019375,0.050000,74.050902,-0.052129,-25.293376,21.616008,-5.394050,-8.591236
0.016875,-0.018125,0.050000,68.258897,1.228810,-23.104053,39.543284,-4.938230,-14.390719
0.016875,-0.016875,0.050000,58.803049,2.224476,-19.825066,55.030949,-4.197450,-19.349500
0.016875,-0.015625,0.050000,46.714358,2.894474,-15.783617,67.491244,-3.289356,-23.320074
0.016875,-0.014375,0.050000,33.035670,3.237896,-11.298977,76.691298,-2.323730,-26.258293
0.016875,-0.013125,0.050000,18.724934,3.283961,-6.657506,82.698874,-1.392261,-28.204610
0.016875,-0.011875,0.050000,4.591520,3.081432,-2.097302,85.810586,-0.563088,-29.261954
0.016875,-0.010625,0.050000,-8.735780,2.688539,2.198432,86.475540,0.120500,-29.573532
0.016875,-0.009375,0.050000,-20.814065,2.164575,6.101026,85.224185,0.638243,-29.302880
0.016875,-0.008125,0.050000,-31.371714,1.563744,9.530945,82.608565,0.989112,-28.617527
0.016875,-0.006875,0.050000,-40.281013,0.931353,12.449316,79.156878,1.186593,-27.676760
0.016875,-0.005625,0.050000,-47.524450,0.302134,14.848046,75.342562,1.253907,-26.623369
0.016875,-0.004375,0.050000,-53.159847,-0.299759,16.739830,71.566294,1.219725,-25.578815
0.016875,-0.003125,0.050000,-57.288027,-0.859548,18.148986,68.148251,1.114697,-24.641047
0.016875,-0.001875,0.050000,-60.025306,-1.369932,19.103664,65.327597,0.968892,-23.884126
0.016875,-0.000625,0.050000,-61.481994,-1.828874,19.629745,63.266279,0.810065,-23.358886
0.016875,0.000625,0.050000,-61.747227,-2.237405,19.746544,62.054683,0.662612,-23.093971
0.016875,0.001875,0.050000,-60.880027,-2.597663,19.464327,61.717269,0.546995,-23.096785
0.016875,0.003125,0.050000,-58.906172,-2.911298,18.783626,62.217054,0.479459,-23.354056
0.016875,0.004375,0.050000,-55.820498,-3.178351,17.696301,63.458409,0.471883,-23.831949
0.016875,0.005625,0.050000,-51.594225,-3.396620,16.188348,65.288354,0.531658,-24.475852
0.016875,0.006875,0.050000,-46.186980,-3.561537,14.244393,67.497055,0.661568,-25.210140
0.016875,0.008125,0.050000,-39.563138,-3.666533,11.853788,69.818759,0.859691,-25.938440
0.016875,0.009375,0.050000,-31.711914,-3.703811,9.018086,71.934828,1.119393,-26.545012
0.016875,0.010625,0.050000,-22.670251,-3.665451,5.759471,73.480766,1.429509,-26.897999
0.016875,0.011875,0.050000,-12.546991,-3.544682,2.129459,74.059231,1.774819,-26.855250
0.016875,0.013125,0.050000,-1.546038,-3.337146,-1.783162,73.260788,2.136869,-26.273288
0.016875,0.014375,0.050000,10.014575,-3.041946,-5.846485,70.693559,2.495134,-25.019688
0.016875,0.015625,0.050000,21.691605,-2.662289,-9.883319,66.021878,2.828433,-22.988605
0.016875,0.016875,0.050000,32.917850,-2.205575,-13.674372,59.012519,3.116410,-20.118537
0.016875,0.018125,0.050000,43.020075,-1.682923,-16.968254,49.585115,3.340831,-16.410574
0.016875,0.019375,0.050000,51.257088,-1.108247,-19.499191,37.861193,3.486421,-11.944602
0.018125,-0.019375,0.050000,75.355650,-1.204218,-27.828216,4.678760,-5.310923,-2.727629
0.018125,-0.018125,0.050000,73.673163,0.126891,-26.982353,22.887300,-5.134171,-9.119892
0.018125,-0.016875,0.050000,68.035483,1.239475,-24.840473,39.555278,-4.628513,-14.917913
0.018125,-0.015625,0.050000,59.291700,2.072608,-21.697884,53.920993,-3.898654,-19.896891
0.018125,-0.014375,0.050000,48.373217,2.604336,-17.865958,65.552368,-3.049109,-23.937668
0.018125,-0.013125,0.050000,36.192808,2.844673,-13.642728,74.315471,-2.172822,-27.013735
0.018125,-0.011875,0.050000,23.570973,2.826584,-9.292346,80.320263,-1.344069,-29.172622
0.018125,-0.010625,0.050000,11.190814,2.596717,-5.033218,83.855864,-0.615353,-30.515182
0.018125,-0.009375,0.050000,-0.421274,2.207131,-1.033685,85.325353,-0.017559,-31.175491
0.018125,-0.008125,0.050000,-10.894187,1.708791,2.586429,85.187175,0.437639,-31.303172
0.018125,-0.006875,0.050000,-19.995980,1.147098,5.750210,83.907240,0.754068,-31.049122
0.018125,-0.005625,0.050000,-27.608959,0.559399,8.415708,81.923212,0.946885,-30.554888
0.018125,-0.004375,0.050000,-33.701084,-0.025810,10.567077,79.620524,1.038561,-29.945459
0.018125,-0.003125,0.050000,-38.297635,-0.588418,12.205899,77.318435,1.055392,-29.324922
0.018125,-0.001875,0.050000,-41.455891,-1.115380,13.343480,75.263791,1.024714,-28.774272
0.018125,-0.000625,0.050000,-43.244475,-1.598956,13.994570,73.630053,0.972841,-28.350676
0.018125,0.000625,0.050000,-43.728205,-2.034813,14.172797,72.519403,0.923616,-28.087561
0.018125,0.001875,0.050000,-42.958691,-2.420268,13.887928,71.966202,0.897448,-27.995057
0.018125,0.003125,0.050000,-40.970550,-2.752818,13.144986,71.940638,0.910672,-28.060493
0.018125,0.004375,0.050000,-37.782952,-3.029090,11.945206,72.352047,0.975097,-28.248853
0.018125,0.005625,0.050000,-33.406072,-3.244280,10.288767,73.051932,1.097684,-28.503294
0.018125,0.006875,0.050000,-27.851981,-3.392083,8.179183,73.837278,1.280293,-28.746021
0.018125,0.008125,0.050000,-21.149316,-3.465122,5.629158,74.455187,1.519558,-28.879971
0.018125,0.009375,0.050000,-13.360876,-3.455789,2.667526,74.610174,1.806946,-28.791869
0.018125,0.010625,0.050000,-4.602851,-3.357395,-0.653262,73.975652,2.129081,-28.357284
0.018125,0.011875,0.050000,4.936107,-3.165468,-4.249949,72.211041,2.468443,-27.448219
0.018125,0.013125,0.050000,14.978377,-2.878989,-8.002665,68.985597,2.804453,-25.943572
0.018125,0.014375,0.050000,25.146443,-2.501352,-11.751868,64.009349,3.114932,-23.742467
0.018125,0.015625,0.050000,34.961047,-2.040845,-15.299519,57.070439,3.377812,-20.779865
0.018125,0.016875,0.050000,43.852002,-1.510522,-18.415905,48.076693,3.572872,-17.043247
0.018125,0.018125,0.050000,51.184877,-0.927441,-20.853209,37.097538,3.683246,-12.588377
0.018125,0.019375,0.050000,56.305540,-0.311418,-22.366188,24.400571,3.696409,-7.551511
0.019375,-0.019375,0.050000,72.652595,-2.395538,-28.794424,-12.739751,-4.943129,4.192567
0.019375,-0.018125,0.050000,75.156263,-1.077031,-29.527482,4.793493,-5.065942,-2.430683
0.019375,-0.016875,0.050000,73.617763,0.101040,-28.820569,21.749404,-4.829162,-8.775891
0.019375,-0.015625,0.050000,68.666256,1.059483,-26.913665,37.233623,-4.319922,-14.547220
0.019375,-0.014375,0.050000,61.077560,1.755987,-24.088245,50.640865,-3.632870,-19.549942
0.019375,-0.013125,0.050000,51.673970,2.180736,-20.634999,61.646860,-2.858093,-23.684630
0.019375,-0.011875,0.050000,41.244583,2.349320,-16.828950,70.173616,-2.072666,-26.933676
0.019375,-0.010625,0.050000,30.489767,2.294642,-12.912644,76.339040,-1.335905,-29.343612
0.019375,-0.009375,0.050000,19.989327,2.059131,-9.086955,80.400711,-0.687848,-31.006229
0.019375,-0.008125,0.050000,10.191181,1.688163,-5.508287,82.701365,-0.150201,-32.040655
0.019375,-0.006875,0.050000,1.415840,1.225136,-2.290608,83.621092,0.271106,-32.577820
0.019375,-0.005625,0.050000,-6.128424,0.708306,0.489292,83.538888,0.582527,-32.747960
0.019375,-0.004375,0.050000,-12.324498,0.169227,2.784807,82.804225,0.799316,-32.671302
0.019375,-0.003125,0.050000,-17.123451,-0.367509,4.572010,81.717923,0.942172,-32.451622
0.019375,-0.001875,0.050000,-20.522632,-0.883596,5.842546,80.520798,1.034355,-32.172207
0.019375,-0.000625,0.050000,-22.546947,-1.365772,6.597600,79.388214,1.099368,-31.893612
0.019375,0.000625,0.050000,-23.234495,-1.804329,6.843326,78.428716,1.159185,-31.652675
0.019375,0.001875,0.050000,-22.627192,-2.191641,6.587985,77.685230,1.232922,-31.462348
0.019375,0.003125,0.050000,-20.766489,-2.520920,5.840877,77.137743,1.335869,-31.312040
0.019375,0.004375,0.050000,-17.694006,-2.785322,4.613084,76.706917,1.478766,-31.168374
0.019375,0.005625,0.050000,-13.456698,-2.977509,2.919909,76.258556,1.667278,-30.976423
0.019375,0.006875,0.050000,-8.115931,-3.089697,0.784855,75.609353,1.901657,-30.661671
0.019375,0.008125,0.050000,-1.759664,-3.114153,-1.755185,74.534666,2.176613,-30.133079
0.019375,0.009375,0.050000,5.483390,-3.044111,-4.643984,72.779338,2.481477,-29.287709
0.019375,0.010625,0.050000,13.429097,-2.874932,-7.799976,70.072599,2.800719,-28.017364
0.019375,0.011875,0.050000,21.824678,-2.605366,-11.111083,66.147934,3.114899,-26.217585
0.019375,0.013125,0.050000,30.339304,-2.238678,-14.431526,60.768354,3.402053,-23.799079
0.019375,0.014375,0.050000,38.561286,-1.783417,-17.581882,53.756725,3.639450,-20.701278
0.019375,0.015625,0.050000,46.004789,-1.253621,-20.353725,45.029789,3.805571,-16.907156
0.019375,0.016875,0.050000,52.128812,-0.668347,-22.519921,34.633151,3.882054,-12.457833
0.019375,0.018125,0.050000,56.370414,-0.050528,-23.851229,22.773113,3.855319,-7.464836
0.019375,0.019375,0.050000,58.192769,0.574685,-24.138989,9.839855,3.717570,-2.117403
