near field @z=0.015000
freq=27000000000.000000
sampling point=256
x,y,z,realEx,realEy,realEz,imgEx,imgEy,imgEz
-0.037500,-0.037500,0.015000,-1.376465,2.965541,2.978842,-0.187949,2.771551,3.241286
-0.037500,-0.032500,0.015000,-0.850072,-2.730951,-5.489303,-2.333355,3.496934,0.807621
-0.037500,-0.027500,0.015000,3.615350,-4.627256,2.008555,-2.393629,-1.575207,-7.510045
-0.037500,-0.022500,0.015000,4.948668,-1.543791,10.686160,4.360715,-5.506492,4.331108
-0.037500,-0.017500,0.015000,-2.855441,3.361995,-3.095636,8.511976,-6.426137,16.658189
-0.037500,-0.012500,0.015000,-10.843270,8.052863,-22.165366,2.937757,-4.422958,8.280544
-0.037500,-0.007500,0.015000,-11.844465,10.342378,-29.181204,-6.080727,-1.240848,-9.702730
-0.037500,-0.002500,0.015000,-9.544842,9.692727,-29.526649,-11.950621,-0.122108,-22.005945
-0.037500,0.002500,0.015000,-10.119496,6.419031,-33.425762,-13.655658,-1.895791,-22.917149
-0.037500,0.007500,0.015000,-15.315499,0.566971,-40.240252,-9.522255,-2.961668,-8.729049
-0.037500,0.012500,0.015000,-17.894874,-3.767814,-34.261368,3.784948,1.421592,18.726862
-0.037500,0.017500,0.015000,-4.734062,0.873465,-2.089262,17.319247,6.751713,35.020091
-0.037500,0.022500,0.015000,15.312246,8.272186,28.453623,7.882277,0.712083,10.577087
-0.037500,0.027500,0.015000,7.356682,1.172848,10.546770,-14.434598,-8.492865,-23.401649
-0.037500,0.032500,0.015000,-14.338231,-8.078396,-20.532267,-4.353082,-0.178914,-6.247446
-0.037500,0.037500,0.015000,0.338618,1.730914,-0.035316,13.674468,7.024329,17.896684
-0.032500,-0.037500,0.015000,0.873960,-3.792674,-3.274408,-0.384221,1.196152,3.168248
-0.032500,-0.032500,0.015000,1.876008,-1.285424,-0.247071,0.318571,-4.377907,-5.323713
-0.032500,-0.027500,0.015000,0.008804,4.636769,5.946333,4.244268,-2.468579,3.851462
-0.032500,-0.022500,0.015000,-7.218424,5.098539,-8.716126,1.069019,3.560569,6.432258
-0.032500,-0.017500,0.015000,-4.566724,0.997423,-10.363508,-9.782860,7.764052,-13.721656
-0.032500,-0.012500,0.015000,8.587750,-4.718319,12.859255,-11.599178,8.908079,-22.552110
-0.032500,-0.007500,0.015000,17.891462,-9.103558,34.337194,-2.289723,7.523644,-10.159359
-0.032500,-0.002500,0.015000,20.352806,-9.262401,44.280775,6.912648,6.180687,3.165744
-0.032500,0.002500,0.015000,22.710562,-4.505810,49.281812,8.343040,5.774412,1.326403
-0.032500,0.007500,0.015000,25.267735,2.092448,45.420441,-1.985491,2.255161,-19.477515
-0.032500,0.012500,0.015000,14.923748,1.872532,16.659097,-19.960790,-5.258785,-42.345061
-0.032500,0.017500,0.015000,-12.446588,-7.124518,-26.469697,-19.946504,-4.710173,-29.149498
-0.032500,0.022500,0.015000,-19.354582,-6.331936,-27.800402,9.623133,7.201845,17.337401
-0.032500,0.027500,0.015000,10.677576,7.238625,15.415547,16.332904,5.786576,21.832448
-0.032500,0.032500,0.015000,11.252441,3.643174,13.986056,-13.263270,-7.441830,-16.559589
-0.032500,0.037500,0.015000,-14.811846,-7.096561,-16.934183,-4.199480,-0.622224,-4.941722
-0.027500,-0.037500,0.015000,-1.250163,0.445613,-4.048319,0.656465,-3.591140,-2.949514
-0.027500,-0.032500,0.015000,-0.162650,4.195669,5.560241,0.695000,0.943011,-0.878774
-0.027500,-0.027500,0.015000,-3.568999,-0.617400,-3.849331,-1.180523,5.249306,5.504872
-0.027500,-0.022500,0.015000,2.909404,-6.496443,-3.130697,-7.360695,1.489518,-9.297775
-0.027500,-0.017500,0.015000,12.743184,-6.435421,16.754155,3.095189,-5.739881,-1.253613
-0.027500,-0.012500,0.015000,2.685285,-1.855638,8.361639,18.885716,-11.093208,26.906726
-0.027500,-0.007500,0.015000,-17.321146,3.217955,-22.899833,18.705076,-13.123180,35.471581
-0.027500,-0.002500,0.015000,-30.043900,4.163248,-45.618923,10.338456,-12.190319,30.452065
-0.027500,0.002500,0.015000,-34.347486,-0.423462,-49.414017,11.393396,-7.945326,36.601452
-0.027500,0.007500,0.015000,-25.513611,-3.328005,-26.245069,26.881223,1.050478,54.330190
-0.027500,0.012500,0.015000,6.453134,4.204914,22.180443,34.237002,6.358146,48.469437
-0.027500,0.017500,0.015000,31.081720,9.675633,43.742250,2.201368,-3.769072,-3.739666
-0.027500,0.022500,0.015000,1.267401,-3.410321,-1.272021,-27.144025,-10.103974,-34.797416
-0.027500,0.027500,0.015000,-22.973693,-8.535108,-26.531227,4.454819,4.435317,6.248441
-0.027500,0.032500,0.015000,11.282499,5.911822,12.482620,16.593936,5.635680,17.377986
-0.027500,0.037500,0.015000,7.252696,1.893800,6.606678,-15.644360,-6.497912,-15.660259
-0.022500,-0.037500,0.015000,0.118534,2.748271,1.652070,-3.507106,1.526523,-5.253558
-0.022500,-0.032500,0.015000,0.745288,-2.205295,2.645143,1.630995,2.849867,5.817474
-0.022500,-0.027500,0.015000,0.110511,-3.861702,-6.708093,-3.029418,-2.546654,-2.695185
-0.022500,-0.022500,0.015000,6.827136,2.033409,8.470795,4.701960,-6.215361,-3.218320
-0.022500,-0.017500,0.015000,-10.341226,9.258760,-3.594111,12.216259,-1.575696,15.106525
-0.022500,-0.012500,0.015000,-23.047751,10.422202,-28.698293,-12.071875,7.497654,-7.633356
-0.022500,-0.007500,0.015000,-3.624685,7.515642,-14.418591,-37.713870,13.732251,-47.901950
-0.022500,-0.002500,0.015000,21.340652,6.252736,12.503151,-45.050722,13.483668,-68.172459
-0.022500,0.002500,0.015000,24.364656,6.639729,10.261784,-51.812501,5.170818,-77.768800
-0.022500,0.007500,0.015000,-6.591165,0.041903,-29.554311,-56.133212,-4.624062,-68.345728
-0.022500,0.012500,0.015000,-45.820204,-9.982873,-61.081585,-19.745191,0.416517,-11.424351
-0.022500,0.017500,0.015000,-21.549783,-1.371401,-18.733967,35.667763,11.924665,44.258224
-0.022500,0.022500,0.015000,31.555948,11.219352,34.363425,13.071140,0.659343,10.788141
-0.022500,0.027500,0.015000,0.787985,-1.978648,-1.082735,-27.957467,-9.269085,-26.929637
-0.022500,0.032500,0.015000,-20.270709,-6.070248,-17.160162,11.067929,4.704818,11.171909
-0.022500,0.037500,0.015000,17.688441,5.861515,15.156983,7.797666,1.916211,4.848227
-0.017500,-0.037500,0.015000,6.779613,-2.178102,5.541234,-0.012250,1.985061,-1.354849
-0.017500,-0.032500,0.015000,-4.621684,-1.194189,-4.528642,3.303661,-2.626109,5.445221
-0.017500,-0.027500,0.015000,3.031455,2.691550,-0.229840,-3.897727,-1.653499,-8.473290
-0.017500,-0.022500,0.015000,-2.975639,4.093238,6.735763,8.509023,2.996935,7.088034
-0.017500,-0.017500,0.015000,-13.135071,-2.050267,-13.845476,-14.509566,8.993230,-1.636678
-0.017500,-0.012500,0.015000,27.183845,-13.471662,14.529886,-24.309802,5.599422,-25.541274
-0.017500,-0.007500,0.015000,54.635930,-18.149443,57.277823,23.024578,-2.917346,9.526614
-0.017500,-0.002500,0.015000,45.229702,-16.303732,65.766527,69.812498,-3.615087,58.432457
-0.017500,0.002500,0.015000,52.995619,-7.562006,77.807736,79.666721,3.264112,63.576712
-0.017500,0.007500,0.015000,83.548176,6.348296,90.521334,31.901947,1.662142,8.228741
-0.017500,0.012500,0.015000,51.581104,4.173851,38.498835,-51.282976,-11.371943,-58.944733
-0.017500,0.017500,0.015000,-38.867977,-11.617872,-40.042964,-40.296055,-5.360688,-30.714892
-0.017500,0.022500,0.015000,-21.414418,-2.862331,-13.870950,37.161866,10.575346,32.698524
-0.017500,0.027500,0.015000,33.389844,8.615357,25.281213,0.934981,-1.130266,-2.568622
-0.017500,0.032500,0.015000,-15.596899,-4.392471,-13.283494,-21.599052,-5.130537,-13.254316
-0.017500,0.037500,0.015000,-3.733334,-0.750513,0.471596,21.467330,5.216597,14.348001
-0.012500,-0.037500,0.015000,4.088258,-1.999666,4.939514,10.063272,-2.514338,2.376318
-0.012500,-0.032500,0.015000,-9.278896,3.073379,-7.102438,-6.136904,-0.002355,0.384949
-0.012500,-0.027500,0.015000,11.235371,-0.768764,7.303249,0.406106,2.109106,-5.774690
-0.012500,-0.022500,0.015000,-12.620949,-1.280433,-2.126239,5.299558,1.202992,11.495820
-0.012500,-0.017500,0.015000,11.863388,-6.631624,-7.154786,-22.325107,-1.096359,-12.452650
-0.012500,-0.012500,0.015000,36.438699,-3.494237,25.478009,37.002740,-14.515024,6.978227
-0.012500,-0.007500,0.015000,-47.698388,10.489483,-13.430100,82.812334,-18.304243,60.076256
-0.012500,-0.002500,0.015000,-134.041704,10.763414,-82.930762,52.509186,-13.689255,64.360570
-0.012500,0.002500,0.015000,-152.615429,-1.555068,-95.308350,60.736056,-6.201170,74.999746
-0.012500,0.007500,0.015000,-71.845689,-3.372488,-27.274032,123.676110,8.072437,99.396978
-0.012500,0.012500,0.015000,68.841225,10.809673,58.142730,80.311406,6.752076,44.263536
-0.012500,0.017500,0.015000,51.521739,6.121396,26.453059,-53.926629,-10.128061,-40.388832
-0.012500,0.022500,0.015000,-50.085246,-9.032434,-31.613669,-18.558348,-2.296730,-5.235987
-0.012500,0.027500,0.015000,10.492161,1.943079,10.538815,38.274748,6.700437,19.497588
-0.012500,0.032500,0.015000,15.493207,2.840726,3.995679,-26.474962,-4.358640,-15.630044
-0.012500,0.037500,0.015000,-23.058977,-3.799738,-9.534814,8.489977,1.032532,7.795286
-0.007500,-0.037500,0.015000,-6.885962,1.871838,4.293257,13.461143,-3.000118,3.404359
-0.007500,-0.032500,0.015000,-1.430047,0.440386,-6.490964,-17.360567,3.922565,-1.851441
-0.007500,-0.027500,0.015000,12.506494,-2.989330,8.774136,16.086697,-2.612108,-1.698733
-0.007500,-0.022500,0.015000,-24.108006,2.979572,-8.629411,-8.053442,0.126797,8.844250
-0.007500,-0.017500,0.015000,36.501885,-3.245363,0.313567,-13.105402,-1.175569,-16.613565
-0.007500,-0.012500,0.015000,-13.977412,8.971518,16.051040,74.003486,-7.840990,16.855856
-0.007500,-0.007500,0.015000,-147.961687,19.063085,-46.669611,-14.614094,8.486986,18.928832
-0.007500,-0.002500,0.015000,-152.353246,10.091268,-82.794879,-181.042140,12.639798,-50.045967
-0.007500,0.002500,0.015000,-164.463667,1.037537,-92.425604,-208.454033,-1.473809,-67.725916
-0.007500,0.007500,0.015000,-209.434889,-9.627300,-91.363789,-47.229576,-3.687172,1.198940
-0.007500,0.012500,0.015000,-68.916413,-6.572648,-15.763927,127.551395,8.686401,57.457248
-0.007500,0.017500,0.015000,90.262264,7.315808,37.155202,27.989687,4.327998,1.633332
-0.007500,0.022500,0.015000,-13.701786,0.621748,-12.271101,-62.453917,-5.993773,-20.879227
-0.007500,0.027500,0.015000,-26.773675,-3.540711,-4.036360,37.103181,2.238669,16.414374
-0.007500,0.032500,0.015000,33.484204,2.907700,9.677101,-8.411430,0.503306,-8.044394
-0.007500,0.037500,0.015000,-25.507666,-1.504498,-9.755544,-9.536873,-1.512791,1.396260
-0.002500,-0.037500,0.015000,-15.675886,3.448772,6.000986,10.381451,-0.555078,3.595078
-0.002500,-0.032500,0.015000,10.414743,-3.231733,-8.086444,-20.871519,2.969991,-0.718747
-0.002500,-0.027500,0.015000,3.358284,0.935977,9.008776,29.930804,-5.391077,-3.780327
-0.002500,-0.022500,0.015000,-28.507396,3.503475,-7.222226,-29.945001,5.550134,10.241862
-0.002500,-0.017500,0.015000,62.803597,-7.151886,-1.993976,1.988318,-1.802191,-17.130793
-0.002500,-0.012500,0.015000,-57.478750,8.661920,20.910032,93.361606,-4.513833,9.618050
-0.002500,-0.007500,0.015000,-171.811713,3.968974,-17.022035,-107.682614,16.226027,18.496296
-0.002500,-0.002500,0.015000,-43.399043,-11.543561,-21.974067,-313.727627,11.308081,-24.488044
-0.002500,0.002500,0.015000,-12.614788,-3.913381,-8.877179,-344.991854,-3.427304,-42.170465
-0.002500,0.007500,0.015000,-169.026525,0.019515,-24.115188,-203.414941,-11.878333,-24.382085
-0.002500,0.012500,0.015000,-152.249826,-9.212015,-16.984173,72.569022,-7.330325,14.219973
-0.002500,0.017500,0.015000,67.630117,-5.340079,14.690054,80.867465,6.344402,6.023056
-0.002500,0.022500,0.015000,19.940150,5.097023,-4.178372,-66.660614,1.657226,-11.831227
-0.002500,0.027500,0.015000,-43.078827,-1.127917,-3.673230,23.674265,-3.278503,9.568826
-0.002500,0.032500,0.015000,36.492462,-0.958567,7.056769,5.232986,2.095675,-4.769694
-0.002500,0.037500,0.015000,-22.160957,1.396779,-7.177614,-18.703838,-0.742793,0.385350
0.002500,-0.037500,0.015000,-19.234665,2.843085,9.697513,9.164739,1.288106,2.734634
0.002500,-0.032500,0.015000,15.514444,-4.111502,-11.891164,-22.720344,0.557153,3.243171
0.002500,-0.027500,0.015000,-0.089322,4.045922,9.844357,37.380249,-3.916834,-12.041523
0.002500,-0.022500,0.015000,-35.020981,-0.483968,1.125708,-41.251766,7.722241,20.357261
0.002500,-0.017500,0.015000,84.025414,-7.711017,-23.389923,-1.437715,-7.187704,-15.180901
0.002500,-0.012500,0.015000,-51.331349,13.055916,29.929337,127.756826,-4.400679,-25.344223
0.002500,-0.007500,0.015000,-209.160162,1.803418,43.455771,-73.939227,16.477620,30.540194
0.002500,-0.002500,0.015000,-94.424554,-14.722409,23.318879,-291.207527,4.870550,58.139866
0.002500,0.002500,0.015000,-42.017312,-4.796390,30.271893,-310.821329,-6.944956,52.190394
0.002500,0.007500,0.015000,-158.112683,4.662044,40.629929,-175.920878,-11.879528,15.018721
0.002500,0.012500,0.015000,-136.260537,-5.754471,16.577765,67.507000,-14.705628,-15.641179
0.002500,0.017500,0.015000,63.451978,-12.730084,-5.161437,73.570532,3.963188,-9.134610
0.002500,0.022500,0.015000,17.514854,6.086327,-5.927559,-63.512158,7.716355,2.290552
0.002500,0.027500,0.015000,-41.207932,1.850740,3.273996,24.081625,-6.790824,4.522574
0.002500,0.032500,0.015000,36.291889,-4.365888,1.547975,4.158766,2.630732,-5.022572
0.002500,0.037500,0.015000,-22.820326,3.757366,-4.136404,-18.182137,0.407479,2.574565
0.007500,-0.037500,0.015000,-17.144224,2.216543,13.474045,14.278036,2.262182,-2.448546
0.007500,-0.032500,0.015000,8.595909,-4.318943,-12.365751,-27.764569,-0.923276,12.488856
0.007500,-0.027500,0.015000,14.100490,5.765621,1.608200,37.079138,-2.901068,-23.437143
0.007500,-0.022500,0.015000,-52.235976,-2.718890,23.473054,-22.805752,9.492898,22.943286
0.007500,-0.017500,0.015000,71.417669,-10.827884,-45.021526,-47.378125,-10.779057,15.158016
0.007500,-0.012500,0.015000,40.581013,17.017550,-13.143930,124.038255,-12.707864,-67.269354
0.007500,-0.007500,0.015000,-164.563782,15.957181,80.391101,85.337881,12.157708,-44.720500
0.007500,-0.002500,0.015000,-202.800008,-3.054703,105.868783,-81.480229,6.600005,22.741996
0.007500,0.002500,0.015000,-166.808756,-6.207328,100.747681,-114.070610,-6.811344,30.417378
0.007500,0.007500,0.015000,-153.075829,-3.689894,75.815463,-14.025186,-9.613202,-22.830490
0.007500,0.012500,0.015000,-46.610281,-9.990674,5.517314,95.779247,-8.372151,-47.848863
0.007500,0.017500,0.015000,71.313024,-10.186788,-26.355914,20.166600,8.884107,-2.648948
0.007500,0.022500,0.015000,-13.541176,10.078295,2.551950,-52.423391,5.967895,14.223981
0.007500,0.027500,0.015000,-22.589520,-0.565836,6.924874,34.961116,-9.387666,-4.740869
0.007500,0.032500,0.015000,31.763614,-4.976118,-4.959647,-10.064433,5.448367,-2.415823
0.007500,0.037500,0.015000,-26.332786,5.729473,0.727774,-7.952905,-0.853209,4.130474
0.012500,-0.037500,0.015000,-5.270623,3.324512,10.515331,21.203944,2.523218,-13.367586
0.012500,-0.032500,0.015000,-11.452878,-5.937872,0.705909,-25.549364,0.304466,22.132640
0.012500,-0.027500,0.015000,34.445200,5.588304,-22.452469,13.734849,-6.784159,-19.700189
0.012500,-0.022500,0.015000,-43.497888,4.324253,40.079084,25.999557,12.510967,-11.180425
0.012500,-0.017500,0.015000,-6.931411,-19.243045,-3.408939,-70.403550,1.158810,58.676268
0.012500,-0.012500,0.015000,97.901371,-4.137082,-80.300434,3.531802,-23.732579,-3.872131
0.012500,-0.007500,0.015000,32.117917,13.825664,-36.922122,121.037336,-14.250777,-91.764213
0.012500,-0.002500,0.015000,-61.494869,2.385065,29.650715,116.962396,-3.589685,-99.670264
0.012500,0.002500,0.015000,-68.144530,-10.203794,38.637728,86.966132,-0.090774,-86.387612
0.012500,0.007500,0.015000,-20.874391,-8.175488,-5.603136,79.953555,3.805626,-74.333639
0.012500,0.012500,0.015000,44.288936,-5.266142,-46.915266,44.158930,4.422692,-20.561704
0.012500,0.017500,0.015000,33.796644,1.705567,-14.284105,-35.353195,8.815260,29.226707
0.012500,0.022500,0.015000,-36.976664,9.123093,19.799342,-13.959481,-3.599411,3.851925
0.012500,0.027500,0.015000,9.129767,-7.091049,-3.338687,31.611695,-5.899260,-12.181836
0.012500,0.032500,0.015000,13.297591,-0.032903,-5.380333,-24.652202,8.065283,6.152498
0.012500,0.037500,0.015000,-22.290637,4.692291,5.564650,9.499418,-4.962228,0.296521
0.017500,-0.037500,0.015000,13.673852,5.500873,-6.626216,15.002496,-0.563131,-18.377229
0.017500,-0.032500,0.015000,-25.161417,-4.464918,23.062331,-1.296776,6.240912,10.142588
0.017500,-0.027500,0.015000,21.038058,-4.011394,-28.617132,-23.873041,-10.033140,16.946088
0.017500,-0.022500,0.015000,13.453426,15.044548,-4.559107,38.404545,-0.313470,-44.316285
0.017500,-0.017500,0.015000,-52.182355,-1.028903,59.095363,2.187625,19.625466,4.338108
0.017500,-0.012500,0.015000,-3.293030,-20.947118,6.270447,-65.860906,5.686177,74.804301
0.017500,-0.007500,0.015000,68.885763,-15.158157,-68.518223,-35.737039,-6.859667,50.997855
0.017500,-0.002500,0.015000,76.628119,-7.540894,-83.601289,11.153455,0.928233,5.014086
0.017500,0.002500,0.015000,60.168619,-1.077849,-72.469818,14.722723,10.431265,-3.978067
0.017500,0.007500,0.015000,43.524706,6.473766,-54.718739,-5.524025,6.938476,20.601297
0.017500,0.012500,0.015000,19.323466,4.598253,-11.265612,-27.643048,0.008014,42.748224
0.017500,0.017500,0.015000,-19.816003,3.679160,28.782653,-21.342754,-1.152836,13.267458
0.017500,0.022500,0.015000,-14.928451,-0.761649,6.168417,21.543947,-5.990318,-21.170529
0.017500,0.027500,0.015000,23.723832,-6.311265,-15.136944,2.518809,3.308751,1.375210
0.017500,0.032500,0.015000,-11.868163,6.297412,6.139108,-18.293740,3.492738,8.562958
0.017500,0.037500,0.015000,-3.829860,-1.452684,2.249912,19.584976,-6.572177,-7.080369
0.022500,-0.037500,0.015000,16.341753,1.860214,-21.083899,-7.943418,-6.414243,1.206339
0.022500,-0.032500,0.015000,-4.545158,5.816227,14.500663,21.218636,6.705753,-22.340650
0.022500,-0.027500,0.015000,-19.145670,-11.188244,16.758974,-17.622290,3.570874,29.540909
0.022500,-0.022500,0.015000,27.933727,-1.862929,-42.084043,-13.833908,-14.925030,10.204396
0.022500,-0.017500,0.015000,11.333640,17.276232,-11.686684,35.360000,-4.059046,-52.782777
0.022500,-0.012500,0.015000,-39.047837,11.835267,55.528742,19.249515,13.222427,-31.657299
0.022500,-0.007500,0.015000,-40.978198,3.142242,63.791982,-25.645131,12.936893,25.384958
0.022500,-0.002500,0.015000,-22.193627,5.940010,41.856688,-41.645815,6.152570,49.880388
0.022500,0.002500,0.015000,-17.375760,9.681147,32.215517,-34.016206,-2.284882,45.229836
0.022500,0.007500,0.015000,-20.199747,3.563586,37.455514,-17.059522,-8.752025,25.098285
0.022500,0.012500,0.015000,-18.686351,-4.081490,34.989277,-0.052853,-4.195355,-8.275903
0.022500,0.017500,0.015000,-7.763784,-2.041959,2.763743,14.291876,0.488023,-27.913590
0.022500,0.022500,0.015000,13.842391,-2.233434,-21.262387,8.085127,0.742758,-2.134466
0.022500,0.027500,0.015000,3.324595,1.585147,2.297303,-15.668992,3.977969,15.842232
0.022500,0.032500,0.015000,-14.940939,3.623842,10.029383,5.198321,-3.945349,-6.411948
0.022500,0.037500,0.015000,13.178996,-5.663960,-8.006458,7.999784,-0.714606,-3.803675
0.027500,-0.037500,0.015000,-6.403806,-6.972393,0.083533,-14.525989,-2.605877,21.824572
0.027500,-0.032500,0.015000,18.091735,6.692146,-23.554161,2.176263,-6.662772,-12.744016
0.027500,-0.027500,0.015000,-10.287376,5.961027,24.303396,18.074174,10.128160,-22.182393
0.027500,-0.022500,0.015000,-17.274299,-12.193176,22.970948,-15.974793,6.795111,32.770497
0.027500,-0.017500,0.015000,18.185390,-10.648834,-35.016373,-19.154181,-10.790532,31.825825
0.027500,-0.012500,0.015000,26.003542,1.833825,-48.806671,13.608612,-14.037850,-20.771159
0.027500,-0.007500,0.015000,5.708915,4.898153,-20.058670,30.872101,-9.623573,-51.009406
0.027500,-0.002500,0.015000,-7.816127,0.065798,2.516041,29.490068,-8.324175,-51.220156
0.027500,0.002500,0.015000,-5.746424,-6.723491,4.282412,24.943305,-6.073369,-43.738704
0.027500,0.007500,0.015000,3.857580,-8.668534,-8.316207,17.983069,1.743880,-35.078266
0.027500,0.012500,0.015000,9.555481,-1.278866,-23.986661,7.446255,6.516662,-17.104052
0.027500,0.017500,0.015000,8.983815,3.472866,-21.464188,-1.828523,1.310891,10.976571
0.027500,0.022500,0.015000,1.325302,0.651851,6.063378,-9.064197,-0.770255,18.578989
0.027500,0.027500,0.015000,-9.985874,1.360771,14.297139,-0.580391,-0.869947,-6.283278
0.027500,0.032500,0.015000,3.401033,-2.314966,-8.042055,10.190715,-2.210926,-9.346899
0.027500,0.037500,0.015000,7.094229,-1.068816,-3.869134,-8.689242,4.025443,8.863876
0.032500,-0.037500,0.015000,-11.423026,-1.573098,21.590095,7.488811,7.665345,-3.254590
0.032500,-0.032500,0.015000,-2.542112,-8.345875,-5.655043,-14.878787,-4.511910,25.433020
0.032500,-0.027500,0.015000,16.397530,6.334353,-28.280794,1.666185,-9.197199,-12.494302
0.032500,-0.022500,0.015000,-3.583757,11.048331,14.245734,17.424525,5.735378,-33.176819
0.032500,-0.017500,0.015000,-19.020093,-0.767151,40.445726,-1.752272,12.672195,6.014021
0.032500,-0.012500,0.015000,-6.075143,-8.381523,17.061997,-19.541608,7.713517,40.660057
0.032500,-0.007500,0.015000,10.415878,-7.871850,-13.520790,-18.704568,4.404666,42.338464
0.032500,-0.002500,0.015000,16.192601,-4.776152,-25.960964,-13.183088,6.059199,32.275084
0.032500,0.002500,0.015000,13.411667,0.354706,-23.297962,-12.320043,8.127535,27.399605
0.032500,0.007500,0.015000,5.125738,6.392444,-11.561777,-12.953686,4.874780,27.662745
0.032500,0.012500,0.015000,-3.303859,5.985741,6.070609,-8.786446,-3.053998,24.112147
0.032500,0.017500,0.015000,-5.683838,-1.279780,19.536020,-2.134503,-4.566070,7.230657
0.032500,0.022500,0.015000,-4.276417,-2.494444,10.679046,2.765072,0.672900,-13.887440
0.032500,0.027500,0.015000,1.944048,0.114780,-11.187185,5.457709,0.534344,-9.446364
0.032500,0.032500,0.015000,5.931058,-0.692708,-6.220066,-3.364252,1.001760,10.393642
0.032500,0.037500,0.015000,-6.196519,2.432814,9.708059,-4.568051,0.559232,2.083128
0.037500,-0.037500,0.015000,9.180810,7.819293,-9.495543,7.155069,-1.035211,-19.121327
0.037500,-0.032500,0.015000,-10.152526,-0.304566,24.232637,7.157005,9.164013,-5.360733
0.037500,-0.027500,0.015000,-5.805729,-10.281509,4.224209,-11.696074,-0.080832,28.253195
0.037500,-0.022500,0.015000,12.078501,-2.704882,-30.971721,-6.203800,-10.548250,9.049642
0.037500,-0.017500,0.015000,9.060077,7.388358,-21.624263,10.833601,-7.629697,-27.970783
0.037500,-0.012500,0.015000,-5.467007,9.251077,9.878595,13.729725,-1.450902,-35.750347
0.037500,-0.007500,0.015000,-13.656835,7.746481,28.895555,6.840514,0.056254,-22.793629
0.037500,-0.002500,0.015000,-14.870762,6.671188,32.317032,2.005364,-2.246543,-11.558065
0.037500,0.002500,0.015000,-13.253596,4.313973,28.613459,2.779349,-5.879639,-9.793921
0.037500,0.007500,0.015000,-8.769260,-1.270805,20.908327,6.644908,-7.131878,-14.919189
0.037500,0.012500,0.015000,-1.419749,-6.060346,7.724018,7.813088,-2.167985,-20.176902
0.037500,0.017500,0.015000,3.449430,-2.984767,-8.917907,3.732040,4.167772,-16.021143
0.037500,0.022500,0.015000,3.239089,2.739944,-15.669124,-0.267011,2.288517,1.317875
0.037500,0.027500,0.015000,1.580706,1.086575,-1.278092,-2.697880,-1.590449,13.454502
0.037500,0.032500,0.015000,-3.157818,-0.349805,11.534776,-2.436292,-0.094624,0.734365
0.037500,0.037500,0.015000,-1.997678,0.100836,-1.385775,4.533003,-0.976278,-9.709844
