near field @z=1.000000
sampling point=16
x,y,z,realEx,realEy,realEz,imgEx,imgEy,imgEz
-5.000000,-5.000000,1.000000,-0.025977,0.032013,0.027534,-0.005377,0.002328,-0.014765
-5.000000,-4.333333,1.000000,0.019350,-0.031921,-0.038705,-0.001113,0.003330,0.007650
-5.000000,-3.666667,1.000000,0.009483,-0.027614,-0.050678,-0.008513,0.009155,-0.010841
-5.000000,-3.000000,1.000000,-0.019631,0.015633,-0.052964,-0.003578,0.022838,0.046704
-5.000000,-2.333333,1.000000,-0.000727,0.016764,0.031182,0.034827,-0.035952,0.092588
-5.000000,-1.666667,1.000000,0.034450,-0.039673,0.105978,0.030666,-0.047100,0.080246
-5.000000,-1.000000,1.000000,-0.004793,0.004232,-0.023382,0.048850,-0.077654,0.171087
-5.000000,-0.333333,1.000000,0.044574,-0.075189,0.203153,0.009714,0.003307,0.052254
-5.000000,0.333333,1.000000,0.041554,-0.049014,0.229814,0.011521,0.016346,0.052991
-5.000000,1.000000,1.000000,-0.008128,-0.021692,-0.017848,0.046673,-0.006124,0.244579
-5.000000,1.666667,1.000000,0.045591,0.020359,0.198310,0.035398,0.028147,0.130783
-5.000000,2.333333,1.000000,0.021726,0.016736,0.072065,0.066225,0.055084,0.204896
-5.000000,3.000000,1.000000,-0.062582,-0.053129,-0.154661,0.048031,0.043777,0.111084
-5.000000,3.666667,1.000000,-0.076409,-0.065315,-0.144438,-0.032797,-0.024420,-0.074584
-5.000000,4.333333,1.000000,-0.081499,-0.063901,-0.132068,-0.013978,-0.007815,-0.036038
-5.000000,5.000000,1.000000,0.078758,0.056370,0.113199,0.004741,0.000893,0.019333
-4.333333,-5.000000,1.000000,0.029633,-0.030903,-0.023779,0.017528,-0.011466,0.019092
-4.333333,-4.333333,1.000000,-0.028291,0.034770,0.025692,0.002455,-0.009210,-0.027976
-4.333333,-3.666667,1.000000,-0.017753,0.035053,0.048410,-0.003265,0.006087,0.008486
-4.333333,-3.000000,1.000000,-0.002711,0.026691,0.065275,0.015168,-0.017213,0.016410
-4.333333,-2.333333,1.000000,0.034601,-0.030843,0.080224,-0.002378,-0.020545,-0.054308
-4.333333,-1.666667,1.000000,-0.053732,0.056848,-0.140216,-0.010579,0.026186,-0.006911
-4.333333,-1.000000,1.000000,-0.012508,0.017717,-0.034139,-0.062842,0.086183,-0.191253
-4.333333,-0.333333,1.000000,-0.051353,0.083262,-0.198790,-0.035209,0.030666,-0.146633
-4.333333,0.333333,1.000000,-0.048055,0.057590,-0.232565,-0.036565,0.001585,-0.161520
-4.333333,1.000000,1.000000,-0.010472,0.021955,-0.070267,-0.066914,-0.010399,-0.283707
-4.333333,1.666667,1.000000,-0.081958,-0.050056,-0.275283,-0.004502,-0.010403,-0.000207
-4.333333,2.333333,1.000000,0.081584,0.063490,0.206770,-0.049824,-0.039891,-0.125477
-4.333333,3.000000,1.000000,0.093427,0.075433,0.180681,0.042251,0.030047,0.092922
-4.333333,3.666667,1.000000,0.087093,0.066560,0.134861,0.053134,0.036162,0.098114
-4.333333,4.333333,1.000000,0.093491,0.062723,0.134575,-0.022752,-0.018369,-0.019355
-4.333333,5.000000,1.000000,-0.087185,-0.054071,-0.108607,-0.010663,-0.004482,-0.024072
-3.666667,-5.000000,1.000000,0.022971,-0.021504,-0.021707,0.035818,-0.022316,0.021157
-3.666667,-4.333333,1.000000,-0.021879,0.027099,0.035250,-0.032557,0.024699,-0.013694
-3.666667,-3.666667,1.000000,0.023829,-0.037499,-0.047417,0.017771,-0.015674,0.008183
-3.666667,-3.000000,1.000000,-0.014319,0.038335,0.059192,-0.001030,0.009688,0.025169
-3.666667,-2.333333,1.000000,-0.013345,-0.019034,-0.090709,-0.026020,0.032039,-0.023719
-3.666667,-1.666667,1.000000,-0.062928,0.053448,-0.143573,-0.005384,0.028752,0.023783
-3.666667,-1.000000,1.000000,-0.032073,0.041882,-0.080447,0.079731,-0.090134,0.204779
-3.666667,-0.333333,1.000000,-0.054747,0.083371,-0.175516,-0.070840,0.067743,-0.242301
-3.666667,0.333333,1.000000,-0.051959,0.062031,-0.215626,-0.073246,0.018514,-0.278288
-3.666667,1.000000,1.000000,-0.038237,-0.030319,-0.109016,0.094951,0.012259,0.340734
-3.666667,1.666667,1.000000,-0.119896,-0.074928,-0.317382,0.016828,0.005886,0.054476
-3.666667,2.333333,1.000000,-0.121840,-0.088533,-0.242664,-0.052521,-0.034577,-0.111500
-3.666667,3.000000,1.000000,0.093709,0.068054,0.141031,0.093066,0.061149,0.158488
-3.666667,3.666667,1.000000,-0.109600,-0.071068,-0.142563,-0.054528,-0.031296,-0.085638
-3.666667,4.333333,1.000000,0.095822,0.055919,0.110065,0.051736,0.027518,0.071106
-3.666667,5.000000,1.000000,-0.090618,-0.047156,-0.097546,-0.029072,-0.013789,-0.038177
-3.000000,-5.000000,1.000000,0.050220,-0.026977,0.017683,0.010469,-0.001446,0.024050
-3.000000,-4.333333,1.000000,-0.021158,0.020737,0.024921,-0.046731,0.026050,-0.028857
-3.000000,-3.666667,1.000000,-0.010811,0.022389,0.048136,-0.044563,0.034016,-0.010812
-3.000000,-3.000000,1.000000,0.014218,-0.036494,-0.064357,0.025312,-0.028075,-0.006985
-3.000000,-2.333333,1.000000,-0.013568,0.028003,0.022282,0.003646,0.034128,0.088079
-3.000000,-1.666667,1.000000,-0.035808,0.054180,-0.021207,0.056443,-0.013886,0.145033
-3.000000,-1.000000,1.000000,-0.112098,0.097966,-0.240445,-0.037519,0.050879,-0.066147
-3.000000,-0.333333,1.000000,0.095416,-0.071753,0.266720,-0.100054,0.113806,-0.265524
-3.000000,0.333333,1.000000,0.103342,-0.005012,0.313798,-0.102036,0.072848,-0.335604
-3.000000,1.000000,1.000000,-0.159634,-0.042379,-0.440829,-0.045313,-0.035488,-0.098538
-3.000000,1.666667,1.000000,-0.046442,-0.027848,-0.091471,0.179047,0.104454,0.365931
-3.000000,2.333333,1.000000,-0.023328,-0.009537,-0.046917,0.182431,0.113638,0.283989
-3.000000,3.000000,1.000000,-0.116644,-0.070047,-0.141017,-0.117860,-0.064772,-0.160023
-3.000000,3.666667,1.000000,0.106218,0.056267,0.113289,0.093907,0.046573,0.111797
-3.000000,4.333333,1.000000,0.112984,0.052170,0.114008,0.037786,0.016525,0.042237
-3.000000,5.000000,1.000000,-0.070987,-0.029345,-0.067139,0.071166,0.029276,0.067918
-2.333333,-5.000000,1.000000,0.046125,-0.017494,0.020906,-0.042505,0.016207,-0.019602
-2.333333,-4.333333,1.000000,-0.058511,0.026545,-0.023375,-0.031225,0.010239,-0.028716
-2.333333,-3.666667,1.000000,0.016399,-0.018209,-0.027125,0.064625,-0.030059,0.042246
-2.333333,-3.000000,1.000000,0.045067,-0.016214,0.057223,-0.035157,0.041105,0.038931
-2.333333,-2.333333,1.000000,-0.004392,-0.035295,-0.090505,0.022776,-0.036891,-0.031015
-2.333333,-1.666667,1.000000,0.004760,-0.053671,-0.075009,-0.054628,0.000300,-0.125973
-2.333333,-1.000000,1.000000,-0.162392,0.101150,-0.279296,-0.024938,0.057646,-0.004431
-2.333333,-0.333333,1.000000,-0.128455,0.114917,-0.263605,-0.198296,0.132738,-0.422892
-2.333333,0.333333,1.000000,-0.140124,0.080068,-0.358827,-0.225035,0.015469,-0.532430
-2.333333,1.000000,1.000000,-0.292210,-0.097447,-0.587468,-0.020424,-0.026747,-0.017685
-2.333333,1.666667,1.000000,-0.055854,-0.030521,-0.081627,-0.283410,-0.142809,-0.424746
-2.333333,2.333333,1.000000,-0.120214,-0.062975,-0.134832,-0.217208,-0.105456,-0.261723
-2.333333,3.000000,1.000000,-0.012547,-0.003989,-0.017264,0.198417,0.087685,0.201260
-2.333333,3.666667,1.000000,-0.150355,-0.058259,-0.138451,-0.046285,-0.018385,-0.040953
-2.333333,4.333333,1.000000,0.098325,0.034808,0.079520,-0.080060,-0.026424,-0.073156
-2.333333,5.000000,1.000000,0.047414,0.012982,0.046442,0.093903,0.029965,0.070281
-1.666667,-5.000000,1.000000,0.036045,-0.014079,-0.010296,-0.069186,0.017909,-0.026979
-1.666667,-4.333333,1.000000,0.015902,-0.001440,0.021171,0.085743,-0.026864,0.027669
-1.666667,-3.666667,1.000000,0.041589,-0.013340,0.021903,0.086960,-0.028551,0.041292
-1.666667,-3.000000,1.000000,0.100664,-0.034135,0.067007,-0.012051,0.013256,0.018175
-1.666667,-2.333333,1.000000,-0.075409,0.008415,-0.106245,0.046673,-0.042212,-0.018089
-1.666667,-1.666667,1.000000,-0.051950,-0.049161,-0.165944,0.008276,-0.009783,-0.001165
-1.666667,-1.000000,1.000000,-0.159399,0.108762,-0.158590,0.155929,0.008501,0.265981
-1.666667,-0.333333,1.000000,-0.289710,0.148675,-0.435601,-0.367430,0.185345,-0.553484
-1.666667,0.333333,1.000000,-0.351572,0.086005,-0.620620,-0.459188,-0.010997,-0.761443
-1.666667,1.000000,1.000000,-0.399985,-0.137126,-0.528282,0.397488,0.110525,0.555891
-1.666667,1.666667,1.000000,-0.315671,-0.119078,-0.329635,-0.311026,-0.118760,-0.320541
-1.666667,2.333333,1.000000,-0.082651,-0.025998,-0.077831,-0.304026,-0.105248,-0.262392
-1.666667,3.000000,1.000000,-0.031812,-0.013685,-0.011921,0.223566,0.066021,0.175929
-1.666667,3.666667,1.000000,-0.163958,-0.044028,-0.112977,0.045713,0.007492,0.049386
-1.666667,4.333333,1.000000,-0.134909,-0.031843,-0.088011,0.011805,-0.001504,0.026763
-1.666667,5.000000,1.000000,0.098232,0.019004,0.069943,0.055153,0.014939,0.017263
-1.000000,-5.000000,1.000000,0.091937,-0.017515,0.004971,0.018207,-0.010568,-0.034855
-1.000000,-4.333333,1.000000,-0.109395,0.025388,-0.000015,0.017912,0.004778,0.039186
-1.000000,-3.666667,1.000000,0.125968,-0.025536,0.033451,0.045436,-0.020740,-0.030915
-1.000000,-3.000000,1.000000,-0.035968,0.020125,0.025140,0.160885,-0.036022,0.054248
-1.000000,-2.333333,1.000000,-0.007407,0.008489,0.014078,0.202975,-0.046119,0.096906
-1.000000,-1.666667,1.000000,0.133566,-0.025223,0.094475,0.197265,-0.018010,0.166190
-1.000000,-1.000000,1.000000,0.218107,0.059037,0.277045,0.313960,-0.039971,0.270768
-1.000000,-0.333333,1.000000,-0.782639,0.268507,-0.692087,0.829604,-0.149171,0.781604
-1.000000,0.333333,1.000000,-1.166923,-0.071297,-1.139079,1.072584,-0.060436,1.098955
-1.000000,1.000000,1.000000,0.099405,-0.015625,0.118207,1.104630,0.232831,0.872567
-1.000000,1.666667,1.000000,-0.405341,-0.100989,-0.237238,0.471598,0.086452,0.329130
-1.000000,2.333333,1.000000,-0.372423,-0.067875,-0.215352,0.015341,-0.012479,0.045145
-1.000000,3.000000,1.000000,-0.249440,-0.037175,-0.139198,-0.039636,-0.017464,0.013293
-1.000000,3.666667,1.000000,-0.048990,-0.015002,0.006547,0.182315,0.023162,0.098604
-1.000000,4.333333,1.000000,-0.041176,0.000931,-0.046314,-0.145147,-0.020062,-0.058859
-1.000000,5.000000,1.000000,-0.006254,-0.005603,0.022627,0.125940,0.014345,0.055095
-0.333333,-5.000000,1.000000,0.049992,-0.012948,-0.048094,-0.091093,0.006829,0.003701
-0.333333,-4.333333,1.000000,-0.096699,0.019589,0.052628,0.083022,-0.001993,0.019195
-0.333333,-3.666667,1.000000,-0.148735,0.027071,0.049562,0.067000,0.005809,0.043897
-0.333333,-3.000000,1.000000,-0.123678,-0.002891,-0.050401,-0.184136,0.041074,0.061743
-0.333333,-2.333333,1.000000,-0.310297,0.061774,0.040396,0.111560,0.021866,0.089113
-0.333333,-1.666667,1.000000,-0.530736,0.103797,-0.004169,0.184616,0.039823,0.129876
-0.333333,-1.000000,1.000000,0.116328,0.114520,0.157834,1.188313,-0.148528,0.247404
-0.333333,-0.333333,1.000000,-2.667530,0.012840,-0.886540,-1.956587,0.263494,-0.556532
-0.333333,0.333333,1.000000,-2.589802,0.028009,-0.874465,-3.298523,-0.146545,-1.046556
-0.333333,1.000000,1.000000,-1.182442,-0.112404,-0.281528,1.285931,-0.009548,0.438962
-0.333333,1.666667,1.000000,-0.519117,0.019617,-0.206876,-0.554637,-0.043293,-0.112789
-0.333333,2.333333,1.000000,-0.258488,0.015114,-0.122667,-0.343876,-0.020492,-0.066811
-0.333333,3.000000,1.000000,0.190584,0.014223,0.020491,-0.218967,0.006509,-0.093696
-0.333333,3.666667,1.000000,-0.137175,0.005668,-0.067698,-0.168435,-0.008820,-0.023593
-0.333333,4.333333,1.000000,-0.143886,0.001758,-0.056613,-0.096479,-0.007277,-0.000069
-0.333333,5.000000,1.000000,0.140714,0.000978,0.042745,0.030861,0.005521,-0.018193
0.333333,-5.000000,1.000000,0.062691,-0.008274,-0.062337,-0.085533,-0.002742,0.015136
0.333333,-4.333333,1.000000,-0.111140,0.009412,0.078023,0.070316,0.008152,0.011586
0.333333,-3.666667,1.000000,-0.165603,0.009599,0.090684,0.044113,0.016269,0.044704
0.333333,-3.000000,1.000000,-0.095491,-0.024468,-0.041272,-0.220455,0.019098,0.131040
0.333333,-2.333333,1.000000,-0.373109,0.021378,0.174597,0.054684,0.052558,0.104177
0.333333,-1.666667,1.000000,-0.700654,0.044429,0.307959,0.102890,0.109767,0.148416
0.333333,-1.000000,1.000000,0.072258,0.253985,0.229508,1.706562,-0.075940,-0.645152
0.333333,-0.333333,1.000000,-3.898710,-0.032321,1.290233,-1.451937,0.231021,0.558648
0.333333,0.333333,1.000000,-2.817234,0.073803,0.921977,-1.948847,-0.201985,0.713009
0.333333,1.000000,1.000000,-0.890989,0.047603,0.247024,1.091634,-0.151711,-0.215679
0.333333,1.666667,1.000000,-0.477272,0.099926,-0.006618,-0.535766,0.062974,0.073168
0.333333,2.333333,1.000000,-0.256241,0.055723,-0.044740,-0.365219,0.043930,0.019309
0.333333,3.000000,1.000000,0.212647,-0.018967,-0.014305,-0.231040,0.040131,-0.043828
0.333333,3.666667,1.000000,-0.146694,0.024457,-0.041432,-0.188645,0.016718,0.001879
0.333333,4.333333,1.000000,-0.157089,0.020022,-0.035009,-0.109641,0.006054,0.010821
0.333333,5.000000,1.000000,0.154999,-0.015392,0.025711,0.036601,0.001355,-0.019695
1.000000,-5.000000,1.000000,0.084905,0.010579,-0.032565,0.057530,-0.003081,-0.073117
1.000000,-4.333333,1.000000,-0.121741,-0.012647,0.067579,-0.035591,0.009226,0.075584
1.000000,-3.666667,1.000000,0.108831,0.023590,-0.022935,0.123441,-0.002431,-0.132777
1.000000,-3.000000,1.000000,-0.160910,0.007889,0.185046,0.162042,0.038231,-0.048099
1.000000,-2.333333,1.000000,-0.206331,0.026525,0.268638,0.279576,0.066101,-0.126445
1.000000,-1.666667,1.000000,0.076623,0.133341,0.144480,0.584651,0.053001,-0.497812
1.000000,-1.000000,1.000000,0.832928,0.233518,-0.602997,0.651983,-0.141178,-0.791689
1.000000,-0.333333,1.000000,-0.015698,0.210474,0.079080,1.537831,-0.072719,-1.561626
1.000000,0.333333,1.000000,-0.056718,-0.205759,0.122853,1.137594,-0.106876,-1.102687
1.000000,1.000000,1.000000,0.236355,-0.065796,-0.174287,0.477352,0.013482,-0.493023
1.000000,1.666667,1.000000,-0.275311,0.067899,0.161427,0.293810,-0.077648,-0.167579
1.000000,2.333333,1.000000,-0.335621,0.102507,0.097458,-0.030365,0.001559,0.025294
1.000000,3.000000,1.000000,-0.265250,0.077313,0.033973,-0.077491,0.014327,0.034005
1.000000,3.666667,1.000000,-0.081994,0.014614,0.028347,0.212389,-0.056125,-0.006923
1.000000,4.333333,1.000000,-0.035948,0.013223,-0.021437,-0.187153,0.041189,0.008835
1.000000,5.000000,1.000000,-0.019651,-0.000136,0.020631,0.161183,-0.033014,0.003866
1.666667,-5.000000,1.000000,0.089642,0.011205,-0.094067,-0.037405,-0.014620,-0.010451
1.666667,-4.333333,1.000000,-0.067107,-0.000930,0.108315,0.098553,0.025649,-0.053812
1.666667,-3.666667,1.000000,-0.064375,0.006391,0.131207,0.138056,0.037415,-0.093822
1.666667,-3.000000,1.000000,0.131714,0.058679,-0.044327,0.155580,0.012678,-0.222282
1.666667,-2.333333,1.000000,-0.254415,-0.097033,0.199328,-0.127021,0.025873,0.272623
1.666667,-1.666667,1.000000,-0.396357,-0.096496,0.501956,0.037719,0.134666,0.160011
1.666667,-1.000000,1.000000,0.071082,0.211028,0.088493,0.505232,0.052111,-0.791273
1.666667,-0.333333,1.000000,-0.548331,0.099476,0.945657,0.017648,0.130390,0.009197
1.666667,0.333333,1.000000,-0.449366,0.123997,0.705457,0.028572,-0.112575,-0.010610
1.666667,1.000000,1.000000,0.023469,-0.125315,0.088114,0.238097,-0.004032,-0.394272
1.666667,1.666667,1.000000,-0.128260,0.009918,0.200444,-0.077520,-0.008109,0.144069
1.666667,2.333333,1.000000,-0.016312,0.001410,0.026065,-0.172276,0.061300,0.146178
1.666667,3.000000,1.000000,-0.069559,0.027043,0.033827,0.171461,-0.069074,-0.080482
1.666667,3.666667,1.000000,-0.178297,0.067160,0.051820,0.006887,-0.005604,0.007930
1.666667,4.333333,1.000000,-0.163056,0.056276,0.028628,-0.019059,0.003234,0.017161
1.666667,5.000000,1.000000,0.114936,-0.037551,-0.004392,0.093837,-0.026707,-0.022876
2.333333,-5.000000,1.000000,0.088012,0.026165,-0.075382,0.025102,-0.003427,-0.076157
2.333333,-4.333333,1.000000,0.007577,-0.013444,-0.076268,-0.110493,-0.033723,0.112765
2.333333,-3.666667,1.000000,-0.118717,-0.027221,0.178495,0.068850,0.044374,0.001605
2.333333,-3.000000,1.000000,0.122067,0.074945,-0.061120,0.121881,0.017308,-0.233761
2.333333,-2.333333,1.000000,-0.211085,-0.099108,0.263505,-0.034851,0.053558,0.206220
2.333333,-1.666667,1.000000,-0.228783,-0.133674,0.313933,-0.096479,0.066794,0.335746
2.333333,-1.000000,1.000000,-0.146347,0.102573,0.441714,0.211084,0.115061,-0.380591
2.333333,-0.333333,1.000000,-0.249360,0.088138,0.609450,-0.000032,0.087204,0.025486
2.333333,0.333333,1.000000,-0.225137,0.111695,0.484992,0.007729,-0.053309,-0.000565
2.333333,1.000000,1.000000,-0.074209,-0.064276,0.238784,0.133451,-0.097442,-0.211369
2.333333,1.666667,1.000000,-0.069797,0.025797,0.119616,-0.034172,-0.056887,0.177880
2.333333,2.333333,1.000000,-0.036108,0.000881,0.084107,-0.054456,0.001681,0.125954
2.333333,3.000000,1.000000,-0.031321,0.017855,0.018898,0.088892,-0.035538,-0.103720
2.333333,3.666667,1.000000,-0.091912,0.042415,0.061331,-0.067561,0.032551,0.038112
2.333333,4.333333,1.000000,0.113446,-0.050349,-0.047345,-0.042574,0.019866,0.014911
2.333333,5.000000,1.000000,0.020777,-0.010169,0.001260,0.118449,-0.048477,-0.034827
3.000000,-5.000000,1.000000,0.001448,0.012615,0.059120,0.085617,0.031459,-0.100686
3.000000,-4.333333,1.000000,0.088712,0.028129,-0.145621,-0.048332,-0.035735,-0.009598
3.000000,-3.666667,1.000000,0.118402,0.051402,-0.168393,-0.016260,-0.034725,-0.078670
3.000000,-3.000000,1.000000,-0.137800,-0.066016,0.217338,0.018163,0.051935,0.101087
3.000000,-2.333333,1.000000,0.118041,0.107767,-0.104916,0.098240,0.002527,-0.289749
3.000000,-1.666667,1.000000,0.114674,0.119237,-0.148282,0.104076,-0.024518,-0.352977
3.000000,-1.000000,1.000000,-0.096029,0.078901,0.364784,0.106561,0.081172,-0.241268
3.000000,-0.333333,1.000000,-0.034246,-0.040473,0.091590,-0.132250,0.089406,0.423752
3.000000,0.333333,1.000000,-0.036086,0.049237,0.091317,-0.126917,0.083392,0.349540
3.000000,1.000000,1.000000,-0.063374,-0.020427,0.210321,0.084882,-0.092901,-0.158286
3.000000,1.666667,1.000000,0.056564,-0.061123,-0.064813,0.033731,0.043768,-0.176064
3.000000,2.333333,1.000000,0.023746,-0.020781,-0.021163,0.022806,0.028786,-0.138802
3.000000,3.000000,1.000000,-0.023730,-0.001482,0.077852,-0.027226,0.003544,0.073620
3.000000,3.666667,1.000000,0.027647,-0.008894,-0.052763,0.052180,-0.026449,-0.061343
3.000000,4.333333,1.000000,0.057072,-0.028452,-0.050460,0.051007,-0.027704,-0.033288
3.000000,5.000000,1.000000,-0.079859,0.039898,0.041120,0.032867,-0.016371,-0.018580
3.666667,-5.000000,1.000000,-0.068639,-0.026097,0.122597,0.038992,0.030482,0.009270
3.666667,-4.333333,1.000000,0.083554,0.037319,-0.146273,-0.033141,-0.035983,-0.034303
3.666667,-3.666667,1.000000,-0.089514,-0.040036,0.183196,0.046040,0.053164,0.025544
3.666667,-3.000000,1.000000,0.105309,0.058568,-0.212477,-0.025470,-0.058318,-0.080892
3.666667,-2.333333,1.000000,-0.082832,-0.014258,0.271494,0.070521,0.094259,-0.040911
3.666667,-1.666667,1.000000,-0.024391,0.069638,0.203675,0.096922,0.068214,-0.243968
3.666667,-1.000000,1.000000,0.062460,0.056543,-0.174814,0.062199,-0.067768,-0.293519
3.666667,-0.333333,1.000000,-0.084351,0.070467,0.330160,0.009021,0.039146,-0.022320
3.666667,0.333333,1.000000,-0.085203,0.076136,0.283442,0.010154,-0.021578,-0.030095
3.666667,1.000000,1.000000,0.057042,-0.077681,-0.127958,0.050993,-0.003173,-0.182515
3.666667,1.666667,1.000000,-0.002772,-0.055406,0.104877,0.056530,-0.043901,-0.131106
3.666667,2.333333,1.000000,-0.017235,-0.027500,0.129189,0.029557,-0.042123,-0.006771
3.666667,3.000000,1.000000,0.015992,0.008531,-0.085698,-0.002376,0.020727,-0.056814
3.666667,3.666667,1.000000,-0.018256,-0.001061,0.073571,-0.014010,0.004502,0.036887
3.666667,4.333333,1.000000,0.024399,-0.009192,-0.052278,0.032341,-0.018646,-0.039325
3.666667,5.000000,1.000000,-0.039089,0.020502,0.043414,-0.038239,0.022580,0.027950
4.333333,-5.000000,1.000000,-0.051599,-0.020067,0.124738,0.049324,0.039677,-0.015932
4.333333,-4.333333,1.000000,0.029201,-0.000245,-0.128675,-0.072365,-0.054955,0.076864
4.333333,-3.666667,1.000000,0.073325,0.039182,-0.175905,-0.038243,-0.053628,-0.030132
4.333333,-3.000000,1.000000,0.063768,0.022617,-0.209877,-0.053378,-0.073174,0.013518
4.333333,-2.333333,1.000000,-0.014791,-0.067406,-0.091461,-0.076229,-0.046354,0.223989
4.333333,-1.666667,1.000000,-0.023702,0.056407,0.194889,0.063034,0.055784,-0.182336
4.333333,-1.000000,1.000000,-0.057232,0.000752,0.248992,-0.011946,0.072259,0.120887
4.333333,-0.333333,1.000000,-0.052484,0.067331,0.246641,0.023231,0.010325,-0.098297
4.333333,0.333333,1.000000,-0.054803,0.058274,0.214546,0.024409,-0.032512,-0.093956
4.333333,1.000000,1.000000,-0.056190,0.060837,0.178793,-0.010856,-0.023509,0.070835
4.333333,1.666667,1.000000,-0.010680,-0.034677,0.105197,0.046139,-0.051923,-0.109572
4.333333,2.333333,1.000000,-0.017841,0.052363,-0.048599,-0.029350,0.006770,0.110029
4.333333,3.000000,1.000000,0.007617,0.020798,-0.097318,-0.018879,0.028510,-0.007063
4.333333,3.666667,1.000000,0.008039,0.010059,-0.073828,-0.003032,0.011521,-0.032109
4.333333,4.333333,1.000000,0.016062,-0.001815,-0.065150,0.001146,-0.004334,0.013785
4.333333,5.000000,1.000000,-0.024245,0.011079,0.052675,-0.016984,0.011828,0.015209
5.000000,-5.000000,1.000000,0.039470,0.015246,-0.122582,-0.049528,-0.044176,0.027663
5.000000,-4.333333,1.000000,-0.043123,-0.016906,0.143828,0.050551,0.052605,-0.025971
5.000000,-3.666667,1.000000,-0.050417,-0.023139,0.168763,0.044073,0.058895,-0.005804
5.000000,-3.000000,1.000000,0.019097,0.054658,0.067188,0.060758,0.041852,-0.180077
5.000000,-2.333333,1.000000,0.056343,0.043530,-0.181983,-0.002959,-0.054669,-0.111074
5.000000,-1.666667,1.000000,0.037010,-0.023118,-0.222782,-0.029475,-0.062042,0.046629
5.000000,-1.000000,1.000000,0.035996,0.011304,-0.169456,0.019942,-0.060224,-0.156963
5.000000,-0.333333,1.000000,0.028792,-0.056816,-0.159559,-0.029584,0.015289,0.152585
5.000000,0.333333,1.000000,0.031008,-0.038691,-0.139199,-0.031510,0.042675,0.141150
5.000000,1.000000,1.000000,0.038214,-0.055975,-0.131395,0.022083,-0.003633,-0.105488
5.000000,1.666667,1.000000,0.029280,-0.006929,-0.133076,-0.026287,0.054186,0.037457
5.000000,2.333333,1.000000,0.030159,-0.021897,-0.096908,-0.010251,0.045174,-0.057142
5.000000,3.000000,1.000000,0.017107,-0.040034,0.038527,0.015689,0.002197,-0.084376
5.000000,3.666667,1.000000,-0.002779,-0.016690,0.077134,0.013053,-0.019701,0.010259
5.000000,4.333333,1.000000,-0.003633,-0.010274,0.065693,0.003003,-0.004144,0.005038
5.000000,5.000000,1.000000,0.010699,-0.000241,-0.055485,0.005516,-0.004517,-0.006201
