#x amp_{ref} amp_{cal} amp_{error} phase_{ref} phase_{cal}
-50.000000 -3.098120 -41.956872 
-47.435900 -3.173796 -44.835348 
-44.871800 -3.272571 -52.914087 
-42.307700 -3.403560 -50.668805 
-39.743600 -3.580456 -39.583368 
-37.179500 -3.824526 -33.472782 
-34.615400 -4.169989 -28.938839 
-32.051300 -4.674706 -25.348645 
-29.487200 -5.443291 -22.655204 
-26.923100 -6.684223 -21.236016 
-24.359000 -8.887151 -22.335085 
-21.794900 -13.670984 -31.757414 
-19.230800 -37.686360 -28.293267 
-16.666700 -10.104154 -28.123232 
-14.102600 -3.853565 -17.500111 
-11.538500 -2.555534 -17.003273 
-8.974360 -24.751124 -42.488198 
-6.410260 -0.664305 -11.976341 
-3.846150 0.000000 -9.120184 
-1.282050 -0.366854 -0.000000 
1.282050 -0.366854 -0.000000 
3.846150 0.000000 -9.120184 
6.410260 -0.664305 -11.976341 
8.974360 -24.751124 -42.488198 
11.538500 -2.555534 -17.003273 
14.102600 -3.853565 -17.500111 
16.666700 -10.104154 -28.123232 
19.230800 -37.686360 -28.293267 
21.794900 -13.670984 -31.757414 
24.359000 -8.887151 -22.335085 
26.923100 -6.684223 -21.236016 
29.487200 -5.443291 -22.655204 
32.051300 -4.674706 -25.348645 
34.615400 -4.169989 -28.938839 
37.179500 -3.824526 -33.472782 
39.743600 -3.580456 -39.583368 
42.307700 -3.403560 -50.668805 
44.871800 -3.272571 -52.914087 
47.435900 -3.173796 -44.835348 
50.000000 -3.098120 -41.956872 
