antenna name=nine-dipole
antenna size=0.675
freq=2e+09
sampling point=1600
sampling space=2.5641
#data
x,y,z,realEx,realEy,realEz,imgEx,imgEy,imgEz
-50,-50,10,-0.621926,0,0,0,0,0
-50,-47.4359,10,-0.6009,0,0,0,0,0
-50,-44.8718,10,-0.578595,0,0,0,0,0
-50,-42.3077,10,-0.554972,0,0,0,0,0
-50,-39.7436,10,-0.530001,0,0,0,0,0
-50,-37.1795,10,-0.503663,0,0,0,0,0
-50,-34.6154,10,-0.475954,0,0,0,0,0
-50,-32.0513,10,-0.446886,0,0,0,0,0
-50,-29.4872,10,-0.416489,0,0,0,0,0
-50,-26.9231,10,-0.384812,0,0,0,0,0
-50,-24.359,10,-0.351925,0,0,0,0,0
-50,-21.7949,10,-0.317914,0,0,0,0,0
-50,-19.2308,10,-0.282882,0,0,0,0,0
-50,-16.6667,10,-0.246945,0,0,0,0,0
-50,-14.1026,10,-0.210228,0,0,0,0,0
-50,-11.5385,10,-0.172861,0,0,0,0,0
-50,-8.97436,10,-0.134971,0,0,0,0,0
-50,-6.41026,10,-0.0966836,0,0,0,0,0
-50,-3.84615,10,-0.0581191,0,0,0,0,0
-50,-1.28205,10,-0.019391,0,0,0,0,0
-50,1.28205,10,0.019391,0,0,0,0,0
-50,3.84615,10,0.0581191,0,0,0,0,0
-50,6.41026,10,0.0966836,0,0,0,0,0
-50,8.97436,10,0.134971,0,0,0,0,0
-50,11.5385,10,0.172861,0,0,0,0,0
-50,14.1026,10,0.210228,0,0,0,0,0
-50,16.6667,10,0.246945,0,0,0,0,0
-50,19.2308,10,0.282882,0,0,0,0,0
-50,21.7949,10,0.317914,0,0,0,0,0
-50,24.359,10,0.351925,0,0,0,0,0
-50,26.9231,10,0.384812,0,0,0,0,0
-50,29.4872,10,0.416489,0,0,0,0,0
-50,32.0513,10,0.446886,0,0,0,0,0
-50,34.6154,10,0.475954,0,0,0,0,0
-50,37.1795,10,0.503663,0,0,0,0,0
-50,39.7436,10,0.530001,0,0,0,0,0
-50,42.3077,10,0.554972,0,0,0,0,0
-50,44.8718,10,0.578595,0,0,0,0,0
-50,47.4359,10,0.6009,0,0,0,0,0
-50,50,10,0.621926,0,0,0,0,0
-47.4359,-50,10,-0.641474,0,0,0,0,0
-47.4359,-47.4359,10,-0.620545,0,0,0,0,0
-47.4359,-44.8718,10,-0.598246,0,0,0,0,0
-47.4359,-42.3077,10,-0.574524,0,0,0,0,0
-47.4359,-39.7436,10,-0.549335,0,0,0,0,0
-47.4359,-37.1795,10,-0.522649,0,0,0,0,0
-47.4359,-34.6154,10,-0.49445,0,0,0,0,0
-47.4359,-32.0513,10,-0.464743,0,0,0,0,0
-47.4359,-29.4872,10,-0.433553,0,0,0,0,0
-47.4359,-26.9231,10,-0.400929,0,0,0,0,0
-47.4359,-24.359,10,-0.366943,0,0,0,0,0
-47.4359,-21.7949,10,-0.331692,0,0,0,0,0
-47.4359,-19.2308,10,-0.295294,0,0,0,0,0
-47.4359,-16.6667,10,-0.257881,0,0,0,0,0
-47.4359,-14.1026,10,-0.219599,0,0,0,0,0
-47.4359,-11.5385,10,-0.180598,0,0,0,0,0
-47.4359,-8.97436,10,-0.141027,0,0,0,0,0
-47.4359,-6.41026,10,-0.101027,0,0,0,0,0
-47.4359,-3.84615,10,-0.0607311,0,0,0,0,0
-47.4359,-1.28205,10,-0.0202626,0,0,0,0,0
-47.4359,1.28205,10,0.0202626,0,0,0,0,0
-47.4359,3.84615,10,0.0607311,0,0,0,0,0
-47.4359,6.41026,10,0.101027,0,0,0,0,0
-47.4359,8.97436,10,0.141027,0,0,0,0,0
-47.4359,11.5385,10,0.180598,0,0,0,0,0
-47.4359,14.1026,10,0.219599,0,0,0,0,0
-47.4359,16.6667,10,0.257881,0,0,0,0,0
-47.4359,19.2308,10,0.295294,0,0,0,0,0
-47.4359,21.7949,10,0.331692,0,0,0,0,0
-47.4359,24.359,10,0.366943,0,0,0,0,0
-47.4359,26.9231,10,0.400929,0,0,0,0,0
-47.4359,29.4872,10,0.433553,0,0,0,0,0
-47.4359,32.0513,10,0.464743,0,0,0,0,0
-47.4359,34.6154,10,0.49445,0,0,0,0,0
-47.4359,37.1795,10,0.522649,0,0,0,0,0
-47.4359,39.7436,10,0.549335,0,0,0,0,0
-47.4359,42.3077,10,0.574524,0,0,0,0,0
-47.4359,44.8718,10,0.598246,0,0,0,0,0
-47.4359,47.4359,10,0.620545,0,0,0,0,0
-47.4359,50,10,0.641474,0,0,0,0,0
-44.8718,-50,10,-0.661718,0,0,0,0,0
-44.8718,-47.4359,10,-0.640964,0,0,0,0,0
-44.8718,-44.8718,10,-0.618746,0,0,0,0,0
-44.8718,-42.3077,10,-0.594993,0,0,0,0,0
-44.8718,-39.7436,10,-0.569646,0,0,0,0,0
-44.8718,-37.1795,10,-0.54266,0,0,0,0,0
-44.8718,-34.6154,10,-0.514003,0,0,0,0,0
-44.8718,-32.0513,10,-0.48367,0,0,0,0,0
-44.8718,-29.4872,10,-0.451679,0,0,0,0,0
-44.8718,-26.9231,10,-0.418074,0,0,0,0,0
-44.8718,-24.359,10,-0.382935,0,0,0,0,0
-44.8718,-21.7949,10,-0.346367,0,0,0,0,0
-44.8718,-19.2308,10,-0.308505,0,0,0,0,0
-44.8718,-16.6667,10,-0.269507,0,0,0,0,0
-44.8718,-14.1026,10,-0.229543,0,0,0,0,0
-44.8718,-11.5385,10,-0.188791,0,0,0,0,0
-44.8718,-8.97436,10,-0.147425,0,0,0,0,0
-44.8718,-6.41026,10,-0.105606,0,0,0,0,0
-44.8718,-3.84615,10,-0.0634803,0,0,0,0,0
-44.8718,-1.28205,10,-0.0211791,0,0,0,0,0
-44.8718,1.28205,10,0.0211791,0,0,0,0,0
-44.8718,3.84615,10,0.0634803,0,0,0,0,0
-44.8718,6.41026,10,0.105606,0,0,0,0,0
-44.8718,8.97436,10,0.147425,0,0,0,0,0
-44.8718,11.5385,10,0.188791,0,0,0,0,0
-44.8718,14.1026,10,0.229543,0,0,0,0,0
-44.8718,16.6667,10,0.269507,0,0,0,0,0
-44.8718,19.2308,10,0.308505,0,0,0,0,0
-44.8718,21.7949,10,0.346367,0,0,0,0,0
-44.8718,24.359,10,0.382935,0,0,0,0,0
-44.8718,26.9231,10,0.418074,0,0,0,0,0
-44.8718,29.4872,10,0.451679,0,0,0,0,0
-44.8718,32.0513,10,0.48367,0,0,0,0,0
-44.8718,34.6154,10,0.514003,0,0,0,0,0
-44.8718,37.1795,10,0.54266,0,0,0,0,0
-44.8718,39.7436,10,0.569646,0,0,0,0,0
-44.8718,42.3077,10,0.594993,0,0,0,0,0
-44.8718,44.8718,10,0.618746,0,0,0,0,0
-44.8718,47.4359,10,0.640964,0,0,0,0,0
-44.8718,50,10,0.661718,0,0,0,0,0
-42.3077,-50,10,-0.682616,0,0,0,0,0
-42.3077,-47.4359,10,-0.662124,0,0,0,0,0
-42.3077,-44.8718,10,-0.640071,0,0,0,0,0
-42.3077,-42.3077,10,-0.616367,0,0,0,0,0
-42.3077,-39.7436,10,-0.590934,0,0,0,0,0
-42.3077,-37.1795,10,-0.563704,0,0,0,0,0
-42.3077,-34.6154,10,-0.53463,0,0,0,0,0
-42.3077,-32.0513,10,-0.503689,0,0,0,0,0
-42.3077,-29.4872,10,-0.470888,0,0,0,0,0
-42.3077,-26.9231,10,-0.436268,0,0,0,0,0
-42.3077,-24.359,10,-0.39991,0,0,0,0,0
-42.3077,-21.7949,10,-0.361935,0,0,0,0,0
-42.3077,-19.2308,10,-0.322498,0,0,0,0,0
-42.3077,-16.6667,10,-0.281787,0,0,0,0,0
-42.3077,-14.1026,10,-0.240009,0,0,0,0,0
-42.3077,-11.5385,10,-0.197379,0,0,0,0,0
-42.3077,-8.97436,10,-0.154102,0,0,0,0,0
-42.3077,-6.41026,10,-0.110366,0,0,0,0,0
-42.3077,-3.84615,10,-0.0663298,0,0,0,0,0
-42.3077,-1.28205,10,-0.0221276,0,0,0,0,0
-42.3077,1.28205,10,0.0221276,0,0,0,0,0
-42.3077,3.84615,10,0.0663298,0,0,0,0,0
-42.3077,6.41026,10,0.110366,0,0,0,0,0
-42.3077,8.97436,10,0.154102,0,0,0,0,0
-42.3077,11.5385,10,0.197379,0,0,0,0,0
-42.3077,14.1026,10,0.240009,0,0,0,0,0
-42.3077,16.6667,10,0.281787,0,0,0,0,0
-42.3077,19.2308,10,0.322498,0,0,0,0,0
-42.3077,21.7949,10,0.361935,0,0,0,0,0
-42.3077,24.359,10,0.39991,0,0,0,0,0
-42.3077,26.9231,10,0.436268,0,0,0,0,0
-42.3077,29.4872,10,0.470888,0,0,0,0,0
-42.3077,32.0513,10,0.503689,0,0,0,0,0
-42.3077,34.6154,10,0.53463,0,0,0,0,0
-42.3077,37.1795,10,0.563704,0,0,0,0,0
-42.3077,39.7436,10,0.590934,0,0,0,0,0
-42.3077,42.3077,10,0.616367,0,0,0,0,0
-42.3077,44.8718,10,0.640071,0,0,0,0,0
-42.3077,47.4359,10,0.662124,0,0,0,0,0
-42.3077,50,10,0.682616,0,0,0,0,0
-39.7436,-50,10,-0.704103,0,0,0,0,0
-39.7436,-47.4359,10,-0.68397,0,0,0,0,0
-39.7436,-44.8718,10,-0.662177,0,0,0,0,0
-39.7436,-42.3077,10,-0.638613,0,0,0,0,0
-39.7436,-39.7436,10,-0.613174,0,0,0,0,0
-39.7436,-37.1795,10,-0.585768,0,0,0,0,0
-39.7436,-34.6154,10,-0.556324,0,0,0,0,0
-39.7436,-32.0513,10,-0.524797,0,0,0,0,0
-39.7436,-29.4872,10,-0.491177,0,0,0,0,0
-39.7436,-26.9231,10,-0.455498,0,0,0,0,0
-39.7436,-24.359,10,-0.417843,0,0,0,0,0
-39.7436,-21.7949,10,-0.378348,0,0,0,0,0
-39.7436,-19.2308,10,-0.337197,0,0,0,0,0
-39.7436,-16.6667,10,-0.294621,0,0,0,0,0
-39.7436,-14.1026,10,-0.250876,0,0,0,0,0
-39.7436,-11.5385,10,-0.206228,0,0,0,0,0
-39.7436,-8.97436,10,-0.160928,0,0,0,0,0
-39.7436,-6.41026,10,-0.115196,0,0,0,0,0
-39.7436,-3.84615,10,-0.0692052,0,0,0,0,0
-39.7436,-1.28205,10,-0.0230817,0,0,0,0,0
-39.7436,1.28205,10,0.0230817,0,0,0,0,0
-39.7436,3.84615,10,0.0692052,0,0,0,0,0
-39.7436,6.41026,10,0.115196,0,0,0,0,0
-39.7436,8.97436,10,0.160928,0,0,0,0,0
-39.7436,11.5385,10,0.206228,0,0,0,0,0
-39.7436,14.1026,10,0.250876,0,0,0,0,0
-39.7436,16.6667,10,0.294621,0,0,0,0,0
-39.7436,19.2308,10,0.337197,0,0,0,0,0
-39.7436,21.7949,10,0.378348,0,0,0,0,0
-39.7436,24.359,10,0.417843,0,0,0,0,0
-39.7436,26.9231,10,0.455498,0,0,0,0,0
-39.7436,29.4872,10,0.491177,0,0,0,0,0
-39.7436,32.0513,10,0.524797,0,0,0,0,0
-39.7436,34.6154,10,0.556324,0,0,0,0,0
-39.7436,37.1795,10,0.585768,0,0,0,0,0
-39.7436,39.7436,10,0.613174,0,0,0,0,0
-39.7436,42.3077,10,0.638613,0,0,0,0,0
-39.7436,44.8718,10,0.662177,0,0,0,0,0
-39.7436,47.4359,10,0.68397,0,0,0,0,0
-39.7436,50,10,0.704103,0,0,0,0,0
-37.1795,-50,10,-0.726094,0,0,0,0,0
-37.1795,-47.4359,10,-0.706422,0,0,0,0,0
-37.1795,-44.8718,10,-0.684992,0,0,0,0,0
-37.1795,-42.3077,10,-0.661667,0,0,0,0,0
-37.1795,-39.7436,10,-0.636314,0,0,0,0,0
-37.1795,-37.1795,10,-0.608809,0,0,0,0,0
-37.1795,-34.6154,10,-0.579048,0,0,0,0,0
-37.1795,-32.0513,10,-0.546958,0,0,0,0,0
-37.1795,-29.4872,10,-0.512504,0,0,0,0,0
-37.1795,-26.9231,10,-0.475708,0,0,0,0,0
-37.1795,-24.359,10,-0.436651,0,0,0,0,0
-37.1795,-21.7949,10,-0.395489,0,0,0,0,0
-37.1795,-19.2308,10,-0.352445,0,0,0,0,0
-37.1795,-16.6667,10,-0.307806,0,0,0,0,0
-37.1795,-14.1026,10,-0.261904,0,0,0,0,0
-37.1795,-11.5385,10,-0.215079,0,0,0,0,0
-37.1795,-8.97436,10,-0.167652,0,0,0,0,0
-37.1795,-6.41026,10,-0.119886,0,0,0,0,0
-37.1795,-3.84615,10,-0.0719649,0,0,0,0,0
-37.1795,-1.28205,10,-0.0239916,0,0,0,0,0
-37.1795,1.28205,10,0.0239916,0,0,0,0,0
-37.1795,3.84615,10,0.0719649,0,0,0,0,0
-37.1795,6.41026,10,0.119886,0,0,0,0,0
-37.1795,8.97436,10,0.167652,0,0,0,0,0
-37.1795,11.5385,10,0.215079,0,0,0,0,0
-37.1795,14.1026,10,0.261904,0,0,0,0,0
-37.1795,16.6667,10,0.307806,0,0,0,0,0
-37.1795,19.2308,10,0.352445,0,0,0,0,0
-37.1795,21.7949,10,0.395489,0,0,0,0,0
-37.1795,24.359,10,0.436651,0,0,0,0,0
-37.1795,26.9231,10,0.475708,0,0,0,0,0
-37.1795,29.4872,10,0.512504,0,0,0,0,0
-37.1795,32.0513,10,0.546958,0,0,0,0,0
-37.1795,34.6154,10,0.579048,0,0,0,0,0
-37.1795,37.1795,10,0.608809,0,0,0,0,0
-37.1795,39.7436,10,0.636314,0,0,0,0,0
-37.1795,42.3077,10,0.661667,0,0,0,0,0
-37.1795,44.8718,10,0.684992,0,0,0,0,0
-37.1795,47.4359,10,0.706422,0,0,0,0,0
-37.1795,50,10,0.726094,0,0,0,0,0
-34.6154,-50,10,-0.748471,0,0,0,0,0
-34.6154,-47.4359,10,-0.729367,0,0,0,0,0
-34.6154,-44.8718,10,-0.708412,0,0,0,0,0
-34.6154,-42.3077,10,-0.685435,0,0,0,0,0
-34.6154,-39.7436,10,-0.660266,0,0,0,0,0
-34.6154,-37.1795,10,-0.632744,0,0,0,0,0
-34.6154,-34.6154,10,-0.602724,0,0,0,0,0
-34.6154,-32.0513,10,-0.57009,0,0,0,0,0
-34.6154,-29.4872,10,-0.534775,0,0,0,0,0
-34.6154,-26.9231,10,-0.496775,0,0,0,0,0
-34.6154,-24.359,10,-0.45617,0,0,0,0,0
-34.6154,-21.7949,10,-0.413133,0,0,0,0,0
-34.6154,-19.2308,10,-0.367943,0,0,0,0,0
-34.6154,-16.6667,10,-0.320972,0,0,0,0,0
-34.6154,-14.1026,10,-0.272659,0,0,0,0,0
-34.6154,-11.5385,10,-0.223467,0,0,0,0,0
-34.6154,-8.97436,10,-0.173821,0,0,0,0,0
-34.6154,-6.41026,10,-0.124052,0,0,0,0,0
-34.6154,-3.84615,10,-0.0743509,0,0,0,0,0
-34.6154,-1.28205,10,-0.0247661,0,0,0,0,0
-34.6154,1.28205,10,0.0247661,0,0,0,0,0
-34.6154,3.84615,10,0.0743509,0,0,0,0,0
-34.6154,6.41026,10,0.124052,0,0,0,0,0
-34.6154,8.97436,10,0.173821,0,0,0,0,0
-34.6154,11.5385,10,0.223467,0,0,0,0,0
-34.6154,14.1026,10,0.272659,0,0,0,0,0
-34.6154,16.6667,10,0.320972,0,0,0,0,0
-34.6154,19.2308,10,0.367943,0,0,0,0,0
-34.6154,21.7949,10,0.413133,0,0,0,0,0
-34.6154,24.359,10,0.45617,0,0,0,0,0
-34.6154,26.9231,10,0.496775,0,0,0,0,0
-34.6154,29.4872,10,0.534775,0,0,0,0,0
-34.6154,32.0513,10,0.57009,0,0,0,0,0
-34.6154,34.6154,10,0.602724,0,0,0,0,0
-34.6154,37.1795,10,0.632744,0,0,0,0,0
-34.6154,39.7436,10,0.660266,0,0,0,0,0
-34.6154,42.3077,10,0.685435,0,0,0,0,0
-34.6154,44.8718,10,0.708412,0,0,0,0,0
-34.6154,47.4359,10,0.729367,0,0,0,0,0
-34.6154,50,10,0.748471,0,0,0,0,0
-32.0513,-50,10,-0.771084,0,0,0,0,0
-32.0513,-47.4359,10,-0.75266,0,0,0,0,0
-32.0513,-44.8718,10,-0.732292,0,0,0,0,0
-32.0513,-42.3077,10,-0.709776,0,0,0,0,0
-32.0513,-39.7436,10,-0.684898,0,0,0,0,0
-32.0513,-37.1795,10,-0.657446,0,0,0,0,0
-32.0513,-34.6154,10,-0.627221,0,0,0,0,0
-32.0513,-32.0513,10,-0.594053,0,0,0,0,0
-32.0513,-29.4872,10,-0.557822,0,0,0,0,0
-32.0513,-26.9231,10,-0.518488,0,0,0,0,0
-32.0513,-24.359,10,-0.476113,0,0,0,0,0
-32.0513,-21.7949,10,-0.430897,0,0,0,0,0
-32.0513,-19.2308,10,-0.383188,0,0,0,0,0
-32.0513,-16.6667,10,-0.333482,0,0,0,0,0
-32.0513,-14.1026,10,-0.282391,0,0,0,0,0
-32.0513,-11.5385,10,-0.230572,0,0,0,0,0
-32.0513,-8.97436,10,-0.178628,0,0,0,0,0
-32.0513,-6.41026,10,-0.127004,0,0,0,0,0
-32.0513,-3.84615,10,-0.0758969,0,0,0,0,0
-32.0513,-1.28205,10,-0.0252403,0,0,0,0,0
-32.0513,1.28205,10,0.0252403,0,0,0,0,0
-32.0513,3.84615,10,0.0758969,0,0,0,0,0
-32.0513,6.41026,10,0.127004,0,0,0,0,0
-32.0513,8.97436,10,0.178628,0,0,0,0,0
-32.0513,11.5385,10,0.230572,0,0,0,0,0
-32.0513,14.1026,10,0.282391,0,0,0,0,0
-32.0513,16.6667,10,0.333482,0,0,0,0,0
-32.0513,19.2308,10,0.383188,0,0,0,0,0
-32.0513,21.7949,10,0.430897,0,0,0,0,0
-32.0513,24.359,10,0.476113,0,0,0,0,0
-32.0513,26.9231,10,0.518488,0,0,0,0,0
-32.0513,29.4872,10,0.557822,0,0,0,0,0
-32.0513,32.0513,10,0.594053,0,0,0,0,0
-32.0513,34.6154,10,0.627221,0,0,0,0,0
-32.0513,37.1795,10,0.657446,0,0,0,0,0
-32.0513,39.7436,10,0.684898,0,0,0,0,0
-32.0513,42.3077,10,0.709776,0,0,0,0,0
-32.0513,44.8718,10,0.732292,0,0,0,0,0
-32.0513,47.4359,10,0.75266,0,0,0,0,0
-32.0513,50,10,0.771084,0,0,0,0,0
-29.4872,-50,10,-0.79375,0,0,0,0,0
-29.4872,-47.4359,10,-0.776112,0,0,0,0,0
-29.4872,-44.8718,10,-0.756446,0,0,0,0,0
-29.4872,-42.3077,10,-0.734505,0,0,0,0,0
-29.4872,-39.7436,10,-0.710023,0,0,0,0,0
-29.4872,-37.1795,10,-0.682726,0,0,0,0,0
-29.4872,-34.6154,10,-0.652344,0,0,0,0,0
-29.4872,-32.0513,10,-0.618629,0,0,0,0,0
-29.4872,-29.4872,10,-0.581387,0,0,0,0,0
-29.4872,-26.9231,10,-0.540511,0,0,0,0,0
-29.4872,-24.359,10,-0.496033,0,0,0,0,0
-29.4872,-21.7949,10,-0.448169,0,0,0,0,0
-29.4872,-19.2308,10,-0.39736,0,0,0,0,0
-29.4872,-16.6667,10,-0.344286,0,0,0,0,0
-29.4872,-14.1026,10,-0.289832,0,0,0,0,0
-29.4872,-11.5385,10,-0.234983,0,0,0,0,0
-29.4872,-8.97436,10,-0.180661,0,0,0,0,0
-29.4872,-6.41026,10,-0.127517,0,0,0,0,0
-29.4872,-3.84615,10,-0.0757644,0,0,0,0,0
-29.4872,-1.28205,10,-0.0251153,0,0,0,0,0
-29.4872,1.28205,10,0.0251153,0,0,0,0,0
-29.4872,3.84615,10,0.0757644,0,0,0,0,0
-29.4872,6.41026,10,0.127517,0,0,0,0,0
-29.4872,8.97436,10,0.180661,0,0,0,0,0
-29.4872,11.5385,10,0.234983,0,0,0,0,0
-29.4872,14.1026,10,0.289832,0,0,0,0,0
-29.4872,16.6667,10,0.344286,0,0,0,0,0
-29.4872,19.2308,10,0.39736,0,0,0,0,0
-29.4872,21.7949,10,0.448169,0,0,0,0,0
-29.4872,24.359,10,0.496033,0,0,0,0,0
-29.4872,26.9231,10,0.540511,0,0,0,0,0
-29.4872,29.4872,10,0.581387,0,0,0,0,0
-29.4872,32.0513,10,0.618629,0,0,0,0,0
-29.4872,34.6154,10,0.652344,0,0,0,0,0
-29.4872,37.1795,10,0.682726,0,0,0,0,0
-29.4872,39.7436,10,0.710023,0,0,0,0,0
-29.4872,42.3077,10,0.734505,0,0,0,0,0
-29.4872,44.8718,10,0.756446,0,0,0,0,0
-29.4872,47.4359,10,0.776112,0,0,0,0,0
-29.4872,50,10,0.79375,0,0,0,0,0
-26.9231,-50,10,-0.816243,0,0,0,0,0
-26.9231,-47.4359,10,-0.799493,0,0,0,0,0
-26.9231,-44.8718,10,-0.780637,0,0,0,0,0
-26.9231,-42.3077,10,-0.75938,0,0,0,0,0
-26.9231,-39.7436,10,-0.735394,0,0,0,0,0
-26.9231,-37.1795,10,-0.708329,0,0,0,0,0
-26.9231,-34.6154,10,-0.67782,0,0,0,0,0
-26.9231,-32.0513,10,-0.643512,0,0,0,0,0
-26.9231,-29.4872,10,-0.605097,0,0,0,0,0
-26.9231,-26.9231,10,-0.562364,0,0,0,0,0
-26.9231,-24.359,10,-0.515269,0,0,0,0,0
-26.9231,-21.7949,10,-0.464027,0,0,0,0,0
-26.9231,-19.2308,10,-0.409188,0,0,0,0,0
-26.9231,-16.6667,10,-0.351701,0,0,0,0,0
-26.9231,-14.1026,10,-0.292887,0,0,0,0,0
-26.9231,-11.5385,10,-0.234304,0,0,0,0,0
-26.9231,-8.97436,10,-0.177458,0,0,0,0,0
-26.9231,-6.41026,10,-0.123415,0,0,0,0,0
-26.9231,-3.84615,10,-0.0724431,0,0,0,0,0
-26.9231,-1.28205,10,-0.0238494,0,0,0,0,0
-26.9231,1.28205,10,0.0238494,0,0,0,0,0
-26.9231,3.84615,10,0.0724431,0,0,0,0,0
-26.9231,6.41026,10,0.123415,0,0,0,0,0
-26.9231,8.97436,10,0.177458,0,0,0,0,0
-26.9231,11.5385,10,0.234304,0,0,0,0,0
-26.9231,14.1026,10,0.292887,0,0,0,0,0
-26.9231,16.6667,10,0.351701,0,0,0,0,0
-26.9231,19.2308,10,0.409188,0,0,0,0,0
-26.9231,21.7949,10,0.464027,0,0,0,0,0
-26.9231,24.359,10,0.515269,0,0,0,0,0
-26.9231,26.9231,10,0.562364,0,0,0,0,0
-26.9231,29.4872,10,0.605097,0,0,0,0,0
-26.9231,32.0513,10,0.643512,0,0,0,0,0
-26.9231,34.6154,10,0.67782,0,0,0,0,0
-26.9231,37.1795,10,0.708329,0,0,0,0,0
-26.9231,39.7436,10,0.735394,0,0,0,0,0
-26.9231,42.3077,10,0.75938,0,0,0,0,0
-26.9231,44.8718,10,0.780637,0,0,0,0,0
-26.9231,47.4359,10,0.799493,0,0,0,0,0
-26.9231,50,10,0.816243,0,0,0,0,0
-24.359,-50,10,-0.838302,0,0,0,0,0
-24.359,-47.4359,10,-0.822527,0,0,0,0,0
-24.359,-44.8718,10,-0.804576,0,0,0,0,0
-24.359,-42.3077,10,-0.784101,0,0,0,0,0
-24.359,-39.7436,10,-0.7607,0,0,0,0,0
-24.359,-37.1795,10,-0.733927,0,0,0,0,0
-24.359,-34.6154,10,-0.703294,0,0,0,0,0
-24.359,-32.0513,10,-0.668299,0,0,0,0,0
-24.359,-29.4872,10,-0.628459,0,0,0,0,0
-24.359,-26.9231,10,-0.583389,0,0,0,0,0
-24.359,-24.359,10,-0.532899,0,0,0,0,0
-24.359,-21.7949,10,-0.47714,0,0,0,0,0
-24.359,-19.2308,10,-0.416771,0,0,0,0,0
-24.359,-16.6667,10,-0.353107,0,0,0,0,0
-24.359,-14.1026,10,-0.288169,0,0,0,0,0
-24.359,-11.5385,10,-0.224513,0,0,0,0,0
-24.359,-8.97436,10,-0.164759,0,0,0,0,0
-24.359,-6.41026,10,-0.110838,0,0,0,0,0
-24.359,-3.84615,10,-0.0632141,0,0,0,0,0
-24.359,-1.28205,10,-0.0204599,0,0,0,0,0
-24.359,1.28205,10,0.0204599,0,0,0,0,0
-24.359,3.84615,10,0.0632141,0,0,0,0,0
-24.359,6.41026,10,0.110838,0,0,0,0,0
-24.359,8.97436,10,0.164759,0,0,0,0,0
-24.359,11.5385,10,0.224513,0,0,0,0,0
-24.359,14.1026,10,0.288169,0,0,0,0,0
-24.359,16.6667,10,0.353107,0,0,0,0,0
-24.359,19.2308,10,0.416771,0,0,0,0,0
-24.359,21.7949,10,0.47714,0,0,0,0,0
-24.359,24.359,10,0.532899,0,0,0,0,0
-24.359,26.9231,10,0.583389,0,0,0,0,0
-24.359,29.4872,10,0.628459,0,0,0,0,0
-24.359,32.0513,10,0.668299,0,0,0,0,0
-24.359,34.6154,10,0.703294,0,0,0,0,0
-24.359,37.1795,10,0.733927,0,0,0,0,0
-24.359,39.7436,10,0.7607,0,0,0,0,0
-24.359,42.3077,10,0.784101,0,0,0,0,0
-24.359,44.8718,10,0.804576,0,0,0,0,0
-24.359,47.4359,10,0.822527,0,0,0,0,0
-24.359,50,10,0.838302,0,0,0,0,0
-21.7949,-50,10,-0.859629,0,0,0,0,0
-21.7949,-47.4359,10,-0.844894,0,0,0,0,0
-21.7949,-44.8718,10,-0.827924,0,0,0,0,0
-21.7949,-42.3077,10,-0.808308,0,0,0,0,0
-21.7949,-39.7436,10,-0.785561,0,0,0,0,0
-21.7949,-37.1795,10,-0.759116,0,0,0,0,0
-21.7949,-34.6154,10,-0.728328,0,0,0,0,0
-21.7949,-32.0513,10,-0.692486,0,0,0,0,0
-21.7949,-29.4872,10,-0.650856,0,0,0,0,0
-21.7949,-26.9231,10,-0.602761,0,0,0,0,0
-21.7949,-24.359,10,-0.547728,0,0,0,0,0
-21.7949,-21.7949,10,-0.485711,0,0,0,0,0
-21.7949,-19.2308,10,-0.417405,0,0,0,0,0
-21.7949,-16.6667,10,-0.344585,0,0,0,0,0
-21.7949,-14.1026,10,-0.270353,0,0,0,0,0
-21.7949,-11.5385,10,-0.199012,0,0,0,0,0
-21.7949,-8.97436,10,-0.135326,0,0,0,0,0
-21.7949,-6.41026,10,-0.0830559,0,0,0,0,0
-21.7949,-3.84615,10,-0.0432514,0,0,0,0,0
-21.7949,-1.28205,10,-0.0131874,0,0,0,0,0
-21.7949,1.28205,10,0.0131874,0,0,0,0,0
-21.7949,3.84615,10,0.0432514,0,0,0,0,0
-21.7949,6.41026,10,0.0830559,0,0,0,0,0
-21.7949,8.97436,10,0.135326,0,0,0,0,0
-21.7949,11.5385,10,0.199012,0,0,0,0,0
-21.7949,14.1026,10,0.270353,0,0,0,0,0
-21.7949,16.6667,10,0.344585,0,0,0,0,0
-21.7949,19.2308,10,0.417405,0,0,0,0,0
-21.7949,21.7949,10,0.485711,0,0,0,0,0
-21.7949,24.359,10,0.547728,0,0,0,0,0
-21.7949,26.9231,10,0.602761,0,0,0,0,0
-21.7949,29.4872,10,0.650856,0,0,0,0,0
-21.7949,32.0513,10,0.692486,0,0,0,0,0
-21.7949,34.6154,10,0.728328,0,0,0,0,0
-21.7949,37.1795,10,0.759116,0,0,0,0,0
-21.7949,39.7436,10,0.785561,0,0,0,0,0
-21.7949,42.3077,10,0.808308,0,0,0,0,0
-21.7949,44.8718,10,0.827924,0,0,0,0,0
-21.7949,47.4359,10,0.844894,0,0,0,0,0
-21.7949,50,10,0.859629,0,0,0,0,0
-19.2308,-50,10,-0.879892,0,0,0,0,0
-19.2308,-47.4359,10,-0.866235,0,0,0,0,0
-19.2308,-44.8718,10,-0.850293,0,0,0,0,0
-19.2308,-42.3077,10,-0.831588,0,0,0,0,0
-19.2308,-39.7436,10,-0.809535,0,0,0,0,0
-19.2308,-37.1795,10,-0.783425,0,0,0,0,0
-19.2308,-34.6154,10,-0.752409,0,0,0,0,0
-19.2308,-32.0513,10,-0.715496,0,0,0,0,0
-19.2308,-29.4872,10,-0.67158,0,0,0,0,0
-19.2308,-26.9231,10,-0.619524,0,0,0,0,0
-19.2308,-24.359,10,-0.558334,0,0,0,0,0
-19.2308,-21.7949,10,-0.487495,0,0,0,0,0
-19.2308,-19.2308,10,-0.407507,0,0,0,0,0
-19.2308,-16.6667,10,-0.320607,0,0,0,0,0
-19.2308,-14.1026,10,-0.231475,0,0,0,0,0
-19.2308,-11.5385,10,-0.147433,0,0,0,0,0
-19.2308,-8.97436,10,-0.077356,0,0,0,0,0
-19.2308,-6.41026,10,-0.0288406,0,0,0,0,0
-19.2308,-3.84615,10,-0.00442157,0,0,0,0,0
-19.2308,-1.28205,10,0.000941792,0,0,-0,0,0
-19.2308,1.28205,10,-0.000941792,0,0,-0,0,0
-19.2308,3.84615,10,0.00442157,0,0,0,0,0
-19.2308,6.41026,10,0.0288406,0,0,0,0,0
-19.2308,8.97436,10,0.077356,0,0,0,0,0
-19.2308,11.5385,10,0.147433,0,0,0,0,0
-19.2308,14.1026,10,0.231475,0,0,0,0,0
-19.2308,16.6667,10,0.320607,0,0,0,0,0
-19.2308,19.2308,10,0.407507,0,0,0,0,0
-19.2308,21.7949,10,0.487495,0,0,0,0,0
-19.2308,24.359,10,0.558334,0,0,0,0,0
-19.2308,26.9231,10,0.619524,0,0,0,0,0
-19.2308,29.4872,10,0.67158,0,0,0,0,0
-19.2308,32.0513,10,0.715496,0,0,0,0,0
-19.2308,34.6154,10,0.752409,0,0,0,0,0
-19.2308,37.1795,10,0.783425,0,0,0,0,0
-19.2308,39.7436,10,0.809535,0,0,0,0,0
-19.2308,42.3077,10,0.831588,0,0,0,0,0
-19.2308,44.8718,10,0.850293,0,0,0,0,0
-19.2308,47.4359,10,0.866235,0,0,0,0,0
-19.2308,50,10,0.879892,0,0,0,0,0
-16.6667,-50,10,-0.898735,0,0,0,0,0
-16.6667,-47.4359,10,-0.886161,0,0,0,0,0
-16.6667,-44.8718,10,-0.871258,0,0,0,0,0
-16.6667,-42.3077,10,-0.853479,0,0,0,0,0
-16.6667,-39.7436,10,-0.832128,0,0,0,0,0
-16.6667,-37.1795,10,-0.806327,0,0,0,0,0
-16.6667,-34.6154,10,-0.774973,0,0,0,0,0
-16.6667,-32.0513,10,-0.736709,0,0,0,0,0
-16.6667,-29.4872,10,-0.689905,0,0,0,0,0
-16.6667,-26.9231,10,-0.632713,0,0,0,0,0
-16.6667,-24.359,10,-0.563251,0,0,0,0,0
-16.6667,-21.7949,10,-0.480037,0,0,0,0,0
-16.6667,-19.2308,10,-0.382845,0,0,0,0,0
-16.6667,-16.6667,10,-0.274098,0,0,0,0,0
-16.6667,-14.1026,10,-0.160626,0,0,0,0,0
-16.6667,-11.5385,10,-0.0548571,0,0,0,0,0
-16.6667,-8.97436,10,0.0265137,0,0,-0,0,0
-16.6667,-6.41026,10,0.0682006,0,0,-0,0,0
-16.6667,-3.84615,10,0.06481,0,0,-0,0,0
-16.6667,-1.28205,10,0.0260327,0,0,-0,0,0
-16.6667,1.28205,10,-0.0260327,0,0,-0,0,0
-16.6667,3.84615,10,-0.06481,0,0,-0,0,0
-16.6667,6.41026,10,-0.0682006,0,0,-0,0,0
-16.6667,8.97436,10,-0.0265137,0,0,-0,0,0
-16.6667,11.5385,10,0.0548571,0,0,0,0,0
-16.6667,14.1026,10,0.160626,0,0,0,0,0
-16.6667,16.6667,10,0.274098,0,0,0,0,0
-16.6667,19.2308,10,0.382845,0,0,0,0,0
-16.6667,21.7949,10,0.480037,0,0,0,0,0
-16.6667,24.359,10,0.563251,0,0,0,0,0
-16.6667,26.9231,10,0.632713,0,0,0,0,0
-16.6667,29.4872,10,0.689905,0,0,0,0,0
-16.6667,32.0513,10,0.736709,0,0,0,0,0
-16.6667,34.6154,10,0.774973,0,0,0,0,0
-16.6667,37.1795,10,0.806327,0,0,0,0,0
-16.6667,39.7436,10,0.832128,0,0,0,0,0
-16.6667,42.3077,10,0.853479,0,0,0,0,0
-16.6667,44.8718,10,0.871258,0,0,0,0,0
-16.6667,47.4359,10,0.886161,0,0,0,0,0
-16.6667,50,10,0.898735,0,0,0,0,0
-14.1026,-50,10,-0.915793,0,0,0,0,0
-14.1026,-47.4359,10,-0.904262,0,0,0,0,0
-14.1026,-44.8718,10,-0.89037,0,0,0,0,0
-14.1026,-42.3077,10,-0.873493,0,0,0,0,0
-14.1026,-39.7436,10,-0.852816,0,0,0,0,0
-14.1026,-37.1795,10,-0.827267,0,0,0,0,0
-14.1026,-34.6154,10,-0.795447,0,0,0,0,0
-14.1026,-32.0513,10,-0.755532,0,0,0,0,0
-14.1026,-29.4872,10,-0.705195,0,0,0,0,0
-14.1026,-26.9231,10,-0.641562,0,0,0,0,0
-14.1026,-24.359,10,-0.561335,0,0,0,0,0
-14.1026,-21.7949,10,-0.461268,0,0,0,0,0
-14.1026,-19.2308,10,-0.339405,0,0,0,0,0
-14.1026,-16.6667,10,-0.19757,0,0,0,0,0
-14.1026,-14.1026,10,-0.0452957,0,0,0,0,0
-14.1026,-11.5385,10,0.0962617,0,0,-0,0,0
-14.1026,-8.97436,10,0.195413,0,0,-0,0,0
-14.1026,-6.41026,10,0.222575,0,0,-0,0,0
-14.1026,-3.84615,10,0.170861,0,0,-0,0,0
-14.1026,-1.28205,10,0.0632535,0,0,-0,0,0
-14.1026,1.28205,10,-0.0632535,0,0,-0,0,0
-14.1026,3.84615,10,-0.170861,0,0,-0,0,0
-14.1026,6.41026,10,-0.222575,0,0,-0,0,0
-14.1026,8.97436,10,-0.195413,0,0,-0,0,0
-14.1026,11.5385,10,-0.0962617,0,0,-0,0,0
-14.1026,14.1026,10,0.0452957,0,0,0,0,0
-14.1026,16.6667,10,0.19757,0,0,0,0,0
-14.1026,19.2308,10,0.339405,0,0,0,0,0
-14.1026,21.7949,10,0.461268,0,0,0,0,0
-14.1026,24.359,10,0.561335,0,0,0,0,0
-14.1026,26.9231,10,0.641562,0,0,0,0,0
-14.1026,29.4872,10,0.705195,0,0,0,0,0
-14.1026,32.0513,10,0.755532,0,0,0,0,0
-14.1026,34.6154,10,0.795447,0,0,0,0,0
-14.1026,37.1795,10,0.827267,0,0,0,0,0
-14.1026,39.7436,10,0.852816,0,0,0,0,0
-14.1026,42.3077,10,0.873493,0,0,0,0,0
-14.1026,44.8718,10,0.89037,0,0,0,0,0
-14.1026,47.4359,10,0.904262,0,0,0,0,0
-14.1026,50,10,0.915793,0,0,0,0,0
-11.5385,-50,10,-0.930698,0,0,0,0,0
-11.5385,-47.4359,10,-0.92013,0,0,0,0,0
-11.5385,-44.8718,10,-0.907175,0,0,0,0,0
-11.5385,-42.3077,10,-0.891133,0,0,0,0,0
-11.5385,-39.7436,10,-0.871066,0,0,0,0,0
-11.5385,-37.1795,10,-0.845697,0,0,0,0,0
-11.5385,-34.6154,10,-0.813289,0,0,0,0,0
-11.5385,-32.0513,10,-0.771474,0,0,0,0,0
-11.5385,-29.4872,10,-0.717051,0,0,0,0,0
-11.5385,-26.9231,10,-0.645783,0,0,0,0,0
-11.5385,-24.359,10,-0.552317,0,0,0,0,0
-11.5385,-21.7949,10,-0.430565,0,0,0,0,0
-11.5385,-19.2308,10,-0.27529,0,0,0,0,0
-11.5385,-16.6667,10,-0.0862666,0,0,0,0,0
-11.5385,-14.1026,10,0.123415,0,0,-0,0,0
-11.5385,-11.5385,10,0.3164,0,0,-0,0,0
-11.5385,-8.97436,10,0.430034,0,0,-0,0,0
-11.5385,-6.41026,10,0.410079,0,0,-0,0,0
-11.5385,-3.84615,10,0.271036,0,0,-0,0,0
-11.5385,-1.28205,10,0.089945,0,0,-0,0,0
-11.5385,1.28205,10,-0.089945,0,0,-0,0,0
-11.5385,3.84615,10,-0.271036,0,0,-0,0,0
-11.5385,6.41026,10,-0.410079,0,0,-0,0,0
-11.5385,8.97436,10,-0.430034,0,0,-0,0,0
-11.5385,11.5385,10,-0.3164,0,0,-0,0,0
-11.5385,14.1026,10,-0.123415,0,0,-0,0,0
-11.5385,16.6667,10,0.0862666,0,0,0,0,0
-11.5385,19.2308,10,0.27529,0,0,0,0,0
-11.5385,21.7949,10,0.430565,0,0,0,0,0
-11.5385,24.359,10,0.552317,0,0,0,0,0
-11.5385,26.9231,10,0.645783,0,0,0,0,0
-11.5385,29.4872,10,0.717051,0,0,0,0,0
-11.5385,32.0513,10,0.771474,0,0,0,0,0
-11.5385,34.6154,10,0.813289,0,0,0,0,0
-11.5385,37.1795,10,0.845697,0,0,0,0,0
-11.5385,39.7436,10,0.871066,0,0,0,0,0
-11.5385,42.3077,10,0.891133,0,0,0,0,0
-11.5385,44.8718,10,0.907175,0,0,0,0,0
-11.5385,47.4359,10,0.92013,0,0,0,0,0
-11.5385,50,10,0.930698,0,0,0,0,0
-8.97436,-50,10,-0.943106,0,0,0,0,0
-8.97436,-47.4359,10,-0.933376,0,0,0,0,0
-8.97436,-44.8718,10,-0.921237,0,0,0,0,0
-8.97436,-42.3077,10,-0.905923,0,0,0,0,0
-8.97436,-39.7436,10,-0.886372,0,0,0,0,0
-8.97436,-37.1795,10,-0.861106,0,0,0,0,0
-8.97436,-34.6154,10,-0.828038,0,0,0,0,0
-8.97436,-32.0513,10,-0.784213,0,0,0,0,0
-8.97436,-29.4872,10,-0.72544,0,0,0,0,0
-8.97436,-26.9231,10,-0.645842,0,0,0,0,0
-8.97436,-24.359,10,-0.537426,0,0,0,0,0
-8.97436,-21.7949,10,-0.390123,0,0,0,0,0
-8.97436,-19.2308,10,-0.193576,0,0,0,0,0
-8.97436,-16.6667,10,0.0562393,0,0,-0,0,0
-8.97436,-14.1026,10,0.340141,0,0,-0,0,0
-8.97436,-11.5385,10,0.586755,0,0,-0,0,0
-8.97436,-8.97436,10,0.661416,0,0,-0,0,0
-8.97436,-6.41026,10,0.468269,0,0,-0,0,0
-8.97436,-3.84615,10,0.157649,0,0,-0,0,0
-8.97436,-1.28205,10,0.00901531,0,0,-0,0,0
-8.97436,1.28205,10,-0.00901531,0,0,-0,0,0
-8.97436,3.84615,10,-0.157649,0,0,-0,0,0
-8.97436,6.41026,10,-0.468269,0,0,-0,0,0
-8.97436,8.97436,10,-0.661416,0,0,-0,0,0
-8.97436,11.5385,10,-0.586755,0,0,-0,0,0
-8.97436,14.1026,10,-0.340141,0,0,-0,0,0
-8.97436,16.6667,10,-0.0562393,0,0,-0,0,0
-8.97436,19.2308,10,0.193576,0,0,0,0,0
-8.97436,21.7949,10,0.390123,0,0,0,0,0
-8.97436,24.359,10,0.537426,0,0,0,0,0
-8.97436,26.9231,10,0.645842,0,0,0,0,0
-8.97436,29.4872,10,0.72544,0,0,0,0,0
-8.97436,32.0513,10,0.784213,0,0,0,0,0
-8.97436,34.6154,10,0.828038,0,0,0,0,0
-8.97436,37.1795,10,0.861106,0,0,0,0,0
-8.97436,39.7436,10,0.886372,0,0,0,0,0
-8.97436,42.3077,10,0.905923,0,0,0,0,0
-8.97436,44.8718,10,0.921237,0,0,0,0,0
-8.97436,47.4359,10,0.933376,0,0,0,0,0
-8.97436,50,10,0.943106,0,0,0,0,0
-6.41026,-50,10,-0.95271,0,0,0,0,0
-6.41026,-47.4359,10,-0.943651,0,0,0,0,0
-6.41026,-44.8718,10,-0.932167,0,0,0,0,0
-6.41026,-42.3077,10,-0.917433,0,0,0,0,0
-6.41026,-39.7436,10,-0.898286,0,0,0,0,0
-6.41026,-37.1795,10,-0.87306,0,0,0,0,0
-6.41026,-34.6154,10,-0.839347,0,0,0,0,0
-6.41026,-32.0513,10,-0.79363,0,0,0,0,0
-6.41026,-29.4872,10,-0.730734,0,0,0,0,0
-6.41026,-26.9231,10,-0.643071,0,0,0,0,0
-6.41026,-24.359,10,-0.519734,0,0,0,0,0
-6.41026,-21.7949,10,-0.34597,0,0,0,0,0
-6.41026,-19.2308,10,-0.104963,0,0,0,0,0
-6.41026,-16.6667,10,0.212135,0,0,-0,0,0
-6.41026,-14.1026,10,0.573928,0,0,-0,0,0
-6.41026,-11.5385,10,0.838572,0,0,-0,0,0
-6.41026,-8.97436,10,0.708973,0,0,-0,0,0
-6.41026,-6.41026,10,0.050713,0,0,-0,0,0
-6.41026,-3.84615,10,-0.43757,0,0,0,0,0
-6.41026,-1.28205,10,-0.203857,0,0,0,0,0
-6.41026,1.28205,10,0.203857,0,0,0,0,0
-6.41026,3.84615,10,0.43757,0,0,0,0,0
-6.41026,6.41026,10,-0.050713,0,0,-0,0,0
-6.41026,8.97436,10,-0.708973,0,0,-0,0,0
-6.41026,11.5385,10,-0.838572,0,0,-0,0,0
-6.41026,14.1026,10,-0.573928,0,0,-0,0,0
-6.41026,16.6667,10,-0.212135,0,0,-0,0,0
-6.41026,19.2308,10,0.104963,0,0,0,0,0
-6.41026,21.7949,10,0.34597,0,0,0,0,0
-6.41026,24.359,10,0.519734,0,0,0,0,0
-6.41026,26.9231,10,0.643071,0,0,0,0,0
-6.41026,29.4872,10,0.730734,0,0,0,0,0
-6.41026,32.0513,10,0.79363,0,0,0,0,0
-6.41026,34.6154,10,0.839347,0,0,0,0,0
-6.41026,37.1795,10,0.87306,0,0,0,0,0
-6.41026,39.7436,10,0.898286,0,0,0,0,0
-6.41026,42.3077,10,0.917433,0,0,0,0,0
-6.41026,44.8718,10,0.932167,0,0,0,0,0
-6.41026,47.4359,10,0.943651,0,0,0,0,0
-6.41026,50,10,0.95271,0,0,0,0,0
-3.84615,-50,10,-0.959261,0,0,0,0,0
-3.84615,-47.4359,10,-0.95067,0,0,0,0,0
-3.84615,-44.8718,10,-0.939644,0,0,0,0,0
-3.84615,-42.3077,10,-0.925316,0,0,0,0,0
-3.84615,-39.7436,10,-0.906442,0,0,0,0,0
-3.84615,-37.1795,10,-0.881218,0,0,0,0,0
-3.84615,-34.6154,10,-0.846988,0,0,0,0,0
-3.84615,-32.0513,10,-0.799781,0,0,0,0,0
-3.84615,-29.4872,10,-0.733615,0,0,0,0,0
-3.84615,-26.9231,10,-0.639446,0,0,0,0,0
-3.84615,-24.359,10,-0.503787,0,0,0,0,0
-3.84615,-21.7949,10,-0.307535,0,0,0,0,0
-3.84615,-19.2308,10,-0.0276298,0,0,0,0,0
-3.84615,-16.6667,10,0.348943,0,0,-0,0,0
-3.84615,-14.1026,10,0.77141,0,0,-0,0,0
-3.84615,-11.5385,10,0.986412,0,0,-0,0,0
-3.84615,-8.97436,10,0.434509,0,0,-0,0,0
-3.84615,-6.41026,10,-0.81704,0,0,0,0,0
-3.84615,-3.84615,10,-0.418444,0,0,0,0,0
-3.84615,-1.28205,10,0.377843,0,0,-0,0,0
-3.84615,1.28205,10,-0.377843,0,0,-0,0,0
-3.84615,3.84615,10,0.418444,0,0,0,0,0
-3.84615,6.41026,10,0.81704,0,0,0,0,0
-3.84615,8.97436,10,-0.434509,0,0,-0,0,0
-3.84615,11.5385,10,-0.986412,0,0,-0,0,0
-3.84615,14.1026,10,-0.77141,0,0,-0,0,0
-3.84615,16.6667,10,-0.348943,0,0,-0,0,0
-3.84615,19.2308,10,0.0276298,0,0,0,0,0
-3.84615,21.7949,10,0.307535,0,0,0,0,0
-3.84615,24.359,10,0.503787,0,0,0,0,0
-3.84615,26.9231,10,0.639446,0,0,0,0,0
-3.84615,29.4872,10,0.733615,0,0,0,0,0
-3.84615,32.0513,10,0.799781,0,0,0,0,0
-3.84615,34.6154,10,0.846988,0,0,0,0,0
-3.84615,37.1795,10,0.881218,0,0,0,0,0
-3.84615,39.7436,10,0.906442,0,0,0,0,0
-3.84615,42.3077,10,0.925316,0,0,0,0,0
-3.84615,44.8718,10,0.939644,0,0,0,0,0
-3.84615,47.4359,10,0.95067,0,0,0,0,0
-3.84615,50,10,0.959261,0,0,0,0,0
-1.28205,-50,10,-0.962582,0,0,0,0,0
-1.28205,-47.4359,10,-0.954232,0,0,0,0,0
-1.28205,-44.8718,10,-0.943442,0,0,0,0,0
-1.28205,-42.3077,10,-0.929321,0,0,0,0,0
-1.28205,-39.7436,10,-0.910586,0,0,0,0,0
-1.28205,-37.1795,10,-0.885355,0,0,0,0,0
-1.28205,-34.6154,10,-0.850833,0,0,0,0,0
-1.28205,-32.0513,10,-0.802802,0,0,0,0,0
-1.28205,-29.4872,10,-0.734817,0,0,0,0,0
-1.28205,-26.9231,10,-0.63699,0,0,0,0,0
-1.28205,-24.359,10,-0.494295,0,0,0,0,0
-1.28205,-21.7949,10,-0.284967,0,0,0,0,0
-1.28205,-19.2308,10,0.0179484,0,0,-0,0,0
-1.28205,-16.6667,10,0.429671,0,0,-0,0,0
-1.28205,-14.1026,10,0.8824,0,0,-0,0,0
-1.28205,-11.5385,10,1.02463,0,0,-0,0,0
-1.28205,-8.97436,10,0.079577,0,0,-0,0,0
-1.28205,-6.41026,10,-1.27388,0,0,0,0,0
-1.28205,-3.84615,10,1.37513,0,0,-0,0,0
-1.28205,-1.28205,10,-1.31826,0,0,0,0,0
-1.28205,1.28205,10,1.31826,0,0,0,0,0
-1.28205,3.84615,10,-1.37513,0,0,-0,0,0
-1.28205,6.41026,10,1.27388,0,0,0,0,0
-1.28205,8.97436,10,-0.079577,0,0,-0,0,0
-1.28205,11.5385,10,-1.02463,0,0,-0,0,0
-1.28205,14.1026,10,-0.8824,0,0,-0,0,0
-1.28205,16.6667,10,-0.429671,0,0,-0,0,0
-1.28205,19.2308,10,-0.0179484,0,0,-0,0,0
-1.28205,21.7949,10,0.284967,0,0,0,0,0
-1.28205,24.359,10,0.494295,0,0,0,0,0
-1.28205,26.9231,10,0.63699,0,0,0,0,0
-1.28205,29.4872,10,0.734817,0,0,0,0,0
-1.28205,32.0513,10,0.802802,0,0,0,0,0
-1.28205,34.6154,10,0.850833,0,0,0,0,0
-1.28205,37.1795,10,0.885355,0,0,0,0,0
-1.28205,39.7436,10,0.910586,0,0,0,0,0
-1.28205,42.3077,10,0.929321,0,0,0,0,0
-1.28205,44.8718,10,0.943442,0,0,0,0,0
-1.28205,47.4359,10,0.954232,0,0,0,0,0
-1.28205,50,10,0.962582,0,0,0,0,0
1.28205,-50,10,-0.962582,0,0,0,0,0
1.28205,-47.4359,10,-0.954232,0,0,0,0,0
1.28205,-44.8718,10,-0.943442,0,0,0,0,0
1.28205,-42.3077,10,-0.929321,0,0,0,0,0
1.28205,-39.7436,10,-0.910586,0,0,0,0,0
1.28205,-37.1795,10,-0.885355,0,0,0,0,0
1.28205,-34.6154,10,-0.850833,0,0,0,0,0
1.28205,-32.0513,10,-0.802802,0,0,0,0,0
1.28205,-29.4872,10,-0.734817,0,0,0,0,0
1.28205,-26.9231,10,-0.63699,0,0,0,0,0
1.28205,-24.359,10,-0.494295,0,0,0,0,0
1.28205,-21.7949,10,-0.284967,0,0,0,0,0
1.28205,-19.2308,10,0.0179484,0,0,-0,0,0
1.28205,-16.6667,10,0.429671,0,0,-0,0,0
1.28205,-14.1026,10,0.8824,0,0,-0,0,0
1.28205,-11.5385,10,1.02463,0,0,-0,0,0
1.28205,-8.97436,10,0.079577,0,0,-0,0,0
1.28205,-6.41026,10,-1.27388,0,0,0,0,0
1.28205,-3.84615,10,1.37513,0,0,-0,0,0
1.28205,-1.28205,10,-1.31826,0,0,0,0,0
1.28205,1.28205,10,1.31826,0,0,0,0,0
1.28205,3.84615,10,-1.37513,0,0,-0,0,0
1.28205,6.41026,10,1.27388,0,0,0,0,0
1.28205,8.97436,10,-0.079577,0,0,-0,0,0
1.28205,11.5385,10,-1.02463,0,0,-0,0,0
1.28205,14.1026,10,-0.8824,0,0,-0,0,0
1.28205,16.6667,10,-0.429671,0,0,-0,0,0
1.28205,19.2308,10,-0.0179484,0,0,-0,0,0
1.28205,21.7949,10,0.284967,0,0,0,0,0
1.28205,24.359,10,0.494295,0,0,0,0,0
1.28205,26.9231,10,0.63699,0,0,0,0,0
1.28205,29.4872,10,0.734817,0,0,0,0,0
1.28205,32.0513,10,0.802802,0,0,0,0,0
1.28205,34.6154,10,0.850833,0,0,0,0,0
1.28205,37.1795,10,0.885355,0,0,0,0,0
1.28205,39.7436,10,0.910586,0,0,0,0,0
1.28205,42.3077,10,0.929321,0,0,0,0,0
1.28205,44.8718,10,0.943442,0,0,0,0,0
1.28205,47.4359,10,0.954232,0,0,0,0,0
1.28205,50,10,0.962582,0,0,0,0,0
3.84615,-50,10,-0.959261,0,0,0,0,0
3.84615,-47.4359,10,-0.95067,0,0,0,0,0
3.84615,-44.8718,10,-0.939644,0,0,0,0,0
3.84615,-42.3077,10,-0.925316,0,0,0,0,0
3.84615,-39.7436,10,-0.906442,0,0,0,0,0
3.84615,-37.1795,10,-0.881218,0,0,0,0,0
3.84615,-34.6154,10,-0.846988,0,0,0,0,0
3.84615,-32.0513,10,-0.799781,0,0,0,0,0
3.84615,-29.4872,10,-0.733615,0,0,0,0,0
3.84615,-26.9231,10,-0.639446,0,0,0,0,0
3.84615,-24.359,10,-0.503787,0,0,0,0,0
3.84615,-21.7949,10,-0.307535,0,0,0,0,0
3.84615,-19.2308,10,-0.0276298,0,0,0,0,0
3.84615,-16.6667,10,0.348943,0,0,-0,0,0
3.84615,-14.1026,10,0.77141,0,0,-0,0,0
3.84615,-11.5385,10,0.986412,0,0,-0,0,0
3.84615,-8.97436,10,0.434509,0,0,-0,0,0
3.84615,-6.41026,10,-0.81704,0,0,0,0,0
3.84615,-3.84615,10,-0.418444,0,0,0,0,0
3.84615,-1.28205,10,0.377843,0,0,-0,0,0
3.84615,1.28205,10,-0.377843,0,0,-0,0,0
3.84615,3.84615,10,0.418444,0,0,0,0,0
3.84615,6.41026,10,0.81704,0,0,0,0,0
3.84615,8.97436,10,-0.434509,0,0,-0,0,0
3.84615,11.5385,10,-0.986412,0,0,-0,0,0
3.84615,14.1026,10,-0.77141,0,0,-0,0,0
3.84615,16.6667,10,-0.348943,0,0,-0,0,0
3.84615,19.2308,10,0.0276298,0,0,0,0,0
3.84615,21.7949,10,0.307535,0,0,0,0,0
3.84615,24.359,10,0.503787,0,0,0,0,0
3.84615,26.9231,10,0.639446,0,0,0,0,0
3.84615,29.4872,10,0.733615,0,0,0,0,0
3.84615,32.0513,10,0.799781,0,0,0,0,0
3.84615,34.6154,10,0.846988,0,0,0,0,0
3.84615,37.1795,10,0.881218,0,0,0,0,0
3.84615,39.7436,10,0.906442,0,0,0,0,0
3.84615,42.3077,10,0.925316,0,0,0,0,0
3.84615,44.8718,10,0.939644,0,0,0,0,0
3.84615,47.4359,10,0.95067,0,0,0,0,0
3.84615,50,10,0.959261,0,0,0,0,0
6.41026,-50,10,-0.95271,0,0,0,0,0
6.41026,-47.4359,10,-0.943651,0,0,0,0,0
6.41026,-44.8718,10,-0.932167,0,0,0,0,0
6.41026,-42.3077,10,-0.917433,0,0,0,0,0
6.41026,-39.7436,10,-0.898286,0,0,0,0,0
6.41026,-37.1795,10,-0.87306,0,0,0,0,0
6.41026,-34.6154,10,-0.839347,0,0,0,0,0
6.41026,-32.0513,10,-0.79363,0,0,0,0,0
6.41026,-29.4872,10,-0.730734,0,0,0,0,0
6.41026,-26.9231,10,-0.643071,0,0,0,0,0
6.41026,-24.359,10,-0.519734,0,0,0,0,0
6.41026,-21.7949,10,-0.34597,0,0,0,0,0
6.41026,-19.2308,10,-0.104963,0,0,0,0,0
6.41026,-16.6667,10,0.212135,0,0,-0,0,0
6.41026,-14.1026,10,0.573928,0,0,-0,0,0
6.41026,-11.5385,10,0.838572,0,0,-0,0,0
6.41026,-8.97436,10,0.708973,0,0,-0,0,0
6.41026,-6.41026,10,0.050713,0,0,-0,0,0
6.41026,-3.84615,10,-0.43757,0,0,0,0,0
6.41026,-1.28205,10,-0.203857,0,0,0,0,0
6.41026,1.28205,10,0.203857,0,0,0,0,0
6.41026,3.84615,10,0.43757,0,0,0,0,0
6.41026,6.41026,10,-0.050713,0,0,-0,0,0
6.41026,8.97436,10,-0.708973,0,0,-0,0,0
6.41026,11.5385,10,-0.838572,0,0,-0,0,0
6.41026,14.1026,10,-0.573928,0,0,-0,0,0
6.41026,16.6667,10,-0.212135,0,0,-0,0,0
6.41026,19.2308,10,0.104963,0,0,0,0,0
6.41026,21.7949,10,0.34597,0,0,0,0,0
6.41026,24.359,10,0.519734,0,0,0,0,0
6.41026,26.9231,10,0.643071,0,0,0,0,0
6.41026,29.4872,10,0.730734,0,0,0,0,0
6.41026,32.0513,10,0.79363,0,0,0,0,0
6.41026,34.6154,10,0.839347,0,0,0,0,0
6.41026,37.1795,10,0.87306,0,0,0,0,0
6.41026,39.7436,10,0.898286,0,0,0,0,0
6.41026,42.3077,10,0.917433,0,0,0,0,0
6.41026,44.8718,10,0.932167,0,0,0,0,0
6.41026,47.4359,10,0.943651,0,0,0,0,0
6.41026,50,10,0.95271,0,0,0,0,0
8.97436,-50,10,-0.943106,0,0,0,0,0
8.97436,-47.4359,10,-0.933376,0,0,0,0,0
8.97436,-44.8718,10,-0.921237,0,0,0,0,0
8.97436,-42.3077,10,-0.905923,0,0,0,0,0
8.97436,-39.7436,10,-0.886372,0,0,0,0,0
8.97436,-37.1795,10,-0.861106,0,0,0,0,0
8.97436,-34.6154,10,-0.828038,0,0,0,0,0
8.97436,-32.0513,10,-0.784213,0,0,0,0,0
8.97436,-29.4872,10,-0.72544,0,0,0,0,0
8.97436,-26.9231,10,-0.645842,0,0,0,0,0
8.97436,-24.359,10,-0.537426,0,0,0,0,0
8.97436,-21.7949,10,-0.390123,0,0,0,0,0
8.97436,-19.2308,10,-0.193576,0,0,0,0,0
8.97436,-16.6667,10,0.0562393,0,0,-0,0,0
8.97436,-14.1026,10,0.340141,0,0,-0,0,0
8.97436,-11.5385,10,0.586755,0,0,-0,0,0
8.97436,-8.97436,10,0.661416,0,0,-0,0,0
8.97436,-6.41026,10,0.468269,0,0,-0,0,0
8.97436,-3.84615,10,0.157649,0,0,-0,0,0
8.97436,-1.28205,10,0.00901531,0,0,-0,0,0
8.97436,1.28205,10,-0.00901531,0,0,-0,0,0
8.97436,3.84615,10,-0.157649,0,0,-0,0,0
8.97436,6.41026,10,-0.468269,0,0,-0,0,0
8.97436,8.97436,10,-0.661416,0,0,-0,0,0
8.97436,11.5385,10,-0.586755,0,0,-0,0,0
8.97436,14.1026,10,-0.340141,0,0,-0,0,0
8.97436,16.6667,10,-0.0562393,0,0,-0,0,0
8.97436,19.2308,10,0.193576,0,0,0,0,0
8.97436,21.7949,10,0.390123,0,0,0,0,0
8.97436,24.359,10,0.537426,0,0,0,0,0
8.97436,26.9231,10,0.645842,0,0,0,0,0
8.97436,29.4872,10,0.72544,0,0,0,0,0
8.97436,32.0513,10,0.784213,0,0,0,0,0
8.97436,34.6154,10,0.828038,0,0,0,0,0
8.97436,37.1795,10,0.861106,0,0,0,0,0
8.97436,39.7436,10,0.886372,0,0,0,0,0
8.97436,42.3077,10,0.905923,0,0,0,0,0
8.97436,44.8718,10,0.921237,0,0,0,0,0
8.97436,47.4359,10,0.933376,0,0,0,0,0
8.97436,50,10,0.943106,0,0,0,0,0
11.5385,-50,10,-0.930698,0,0,0,0,0
11.5385,-47.4359,10,-0.92013,0,0,0,0,0
11.5385,-44.8718,10,-0.907175,0,0,0,0,0
11.5385,-42.3077,10,-0.891133,0,0,0,0,0
11.5385,-39.7436,10,-0.871066,0,0,0,0,0
11.5385,-37.1795,10,-0.845697,0,0,0,0,0
11.5385,-34.6154,10,-0.813289,0,0,0,0,0
11.5385,-32.0513,10,-0.771474,0,0,0,0,0
11.5385,-29.4872,10,-0.717051,0,0,0,0,0
11.5385,-26.9231,10,-0.645783,0,0,0,0,0
11.5385,-24.359,10,-0.552317,0,0,0,0,0
11.5385,-21.7949,10,-0.430565,0,0,0,0,0
11.5385,-19.2308,10,-0.27529,0,0,0,0,0
11.5385,-16.6667,10,-0.0862666,0,0,0,0,0
11.5385,-14.1026,10,0.123415,0,0,-0,0,0
11.5385,-11.5385,10,0.3164,0,0,-0,0,0
11.5385,-8.97436,10,0.430034,0,0,-0,0,0
11.5385,-6.41026,10,0.410079,0,0,-0,0,0
11.5385,-3.84615,10,0.271036,0,0,-0,0,0
11.5385,-1.28205,10,0.089945,0,0,-0,0,0
11.5385,1.28205,10,-0.089945,0,0,-0,0,0
11.5385,3.84615,10,-0.271036,0,0,-0,0,0
11.5385,6.41026,10,-0.410079,0,0,-0,0,0
11.5385,8.97436,10,-0.430034,0,0,-0,0,0
11.5385,11.5385,10,-0.3164,0,0,-0,0,0
11.5385,14.1026,10,-0.123415,0,0,-0,0,0
11.5385,16.6667,10,0.0862666,0,0,0,0,0
11.5385,19.2308,10,0.27529,0,0,0,0,0
11.5385,21.7949,10,0.430565,0,0,0,0,0
11.5385,24.359,10,0.552317,0,0,0,0,0
11.5385,26.9231,10,0.645783,0,0,0,0,0
11.5385,29.4872,10,0.717051,0,0,0,0,0
11.5385,32.0513,10,0.771474,0,0,0,0,0
11.5385,34.6154,10,0.813289,0,0,0,0,0
11.5385,37.1795,10,0.845697,0,0,0,0,0
11.5385,39.7436,10,0.871066,0,0,0,0,0
11.5385,42.3077,10,0.891133,0,0,0,0,0
11.5385,44.8718,10,0.907175,0,0,0,0,0
11.5385,47.4359,10,0.92013,0,0,0,0,0
11.5385,50,10,0.930698,0,0,0,0,0
14.1026,-50,10,-0.915793,0,0,0,0,0
14.1026,-47.4359,10,-0.904262,0,0,0,0,0
14.1026,-44.8718,10,-0.89037,0,0,0,0,0
14.1026,-42.3077,10,-0.873493,0,0,0,0,0
14.1026,-39.7436,10,-0.852816,0,0,0,0,0
14.1026,-37.1795,10,-0.827267,0,0,0,0,0
14.1026,-34.6154,10,-0.795447,0,0,0,0,0
14.1026,-32.0513,10,-0.755532,0,0,0,0,0
14.1026,-29.4872,10,-0.705195,0,0,0,0,0
14.1026,-26.9231,10,-0.641562,0,0,0,0,0
14.1026,-24.359,10,-0.561335,0,0,0,0,0
14.1026,-21.7949,10,-0.461268,0,0,0,0,0
14.1026,-19.2308,10,-0.339405,0,0,0,0,0
14.1026,-16.6667,10,-0.19757,0,0,0,0,0
14.1026,-14.1026,10,-0.0452957,0,0,0,0,0
14.1026,-11.5385,10,0.0962617,0,0,-0,0,0
14.1026,-8.97436,10,0.195413,0,0,-0,0,0
14.1026,-6.41026,10,0.222575,0,0,-0,0,0
14.1026,-3.84615,10,0.170861,0,0,-0,0,0
14.1026,-1.28205,10,0.0632535,0,0,-0,0,0
14.1026,1.28205,10,-0.0632535,0,0,-0,0,0
14.1026,3.84615,10,-0.170861,0,0,-0,0,0
14.1026,6.41026,10,-0.222575,0,0,-0,0,0
14.1026,8.97436,10,-0.195413,0,0,-0,0,0
14.1026,11.5385,10,-0.0962617,0,0,-0,0,0
14.1026,14.1026,10,0.0452957,0,0,0,0,0
14.1026,16.6667,10,0.19757,0,0,0,0,0
14.1026,19.2308,10,0.339405,0,0,0,0,0
14.1026,21.7949,10,0.461268,0,0,0,0,0
14.1026,24.359,10,0.561335,0,0,0,0,0
14.1026,26.9231,10,0.641562,0,0,0,0,0
14.1026,29.4872,10,0.705195,0,0,0,0,0
14.1026,32.0513,10,0.755532,0,0,0,0,0
14.1026,34.6154,10,0.795447,0,0,0,0,0
14.1026,37.1795,10,0.827267,0,0,0,0,0
14.1026,39.7436,10,0.852816,0,0,0,0,0
14.1026,42.3077,10,0.873493,0,0,0,0,0
14.1026,44.8718,10,0.89037,0,0,0,0,0
14.1026,47.4359,10,0.904262,0,0,0,0,0
14.1026,50,10,0.915793,0,0,0,0,0
16.6667,-50,10,-0.898735,0,0,0,0,0
16.6667,-47.4359,10,-0.886161,0,0,0,0,0
16.6667,-44.8718,10,-0.871258,0,0,0,0,0
16.6667,-42.3077,10,-0.853479,0,0,0,0,0
16.6667,-39.7436,10,-0.832128,0,0,0,0,0
16.6667,-37.1795,10,-0.806327,0,0,0,0,0
16.6667,-34.6154,10,-0.774973,0,0,0,0,0
16.6667,-32.0513,10,-0.736709,0,0,0,0,0
16.6667,-29.4872,10,-0.689905,0,0,0,0,0
16.6667,-26.9231,10,-0.632713,0,0,0,0,0
16.6667,-24.359,10,-0.563251,0,0,0,0,0
16.6667,-21.7949,10,-0.480037,0,0,0,0,0
16.6667,-19.2308,10,-0.382845,0,0,0,0,0
16.6667,-16.6667,10,-0.274098,0,0,0,0,0
16.6667,-14.1026,10,-0.160626,0,0,0,0,0
16.6667,-11.5385,10,-0.0548571,0,0,0,0,0
16.6667,-8.97436,10,0.0265137,0,0,-0,0,0
16.6667,-6.41026,10,0.0682006,0,0,-0,0,0
16.6667,-3.84615,10,0.06481,0,0,-0,0,0
16.6667,-1.28205,10,0.0260327,0,0,-0,0,0
16.6667,1.28205,10,-0.0260327,0,0,-0,0,0
16.6667,3.84615,10,-0.06481,0,0,-0,0,0
16.6667,6.41026,10,-0.0682006,0,0,-0,0,0
16.6667,8.97436,10,-0.0265137,0,0,-0,0,0
16.6667,11.5385,10,0.0548571,0,0,0,0,0
16.6667,14.1026,10,0.160626,0,0,0,0,0
16.6667,16.6667,10,0.274098,0,0,0,0,0
16.6667,19.2308,10,0.382845,0,0,0,0,0
16.6667,21.7949,10,0.480037,0,0,0,0,0
16.6667,24.359,10,0.563251,0,0,0,0,0
16.6667,26.9231,10,0.632713,0,0,0,0,0
16.6667,29.4872,10,0.689905,0,0,0,0,0
16.6667,32.0513,10,0.736709,0,0,0,0,0
16.6667,34.6154,10,0.774973,0,0,0,0,0
16.6667,37.1795,10,0.806327,0,0,0,0,0
16.6667,39.7436,10,0.832128,0,0,0,0,0
16.6667,42.3077,10,0.853479,0,0,0,0,0
16.6667,44.8718,10,0.871258,0,0,0,0,0
16.6667,47.4359,10,0.886161,0,0,0,0,0
16.6667,50,10,0.898735,0,0,0,0,0
19.2308,-50,10,-0.879892,0,0,0,0,0
19.2308,-47.4359,10,-0.866235,0,0,0,0,0
19.2308,-44.8718,10,-0.850293,0,0,0,0,0
19.2308,-42.3077,10,-0.831588,0,0,0,0,0
19.2308,-39.7436,10,-0.809535,0,0,0,0,0
19.2308,-37.1795,10,-0.783425,0,0,0,0,0
19.2308,-34.6154,10,-0.752409,0,0,0,0,0
19.2308,-32.0513,10,-0.715496,0,0,0,0,0
19.2308,-29.4872,10,-0.67158,0,0,0,0,0
19.2308,-26.9231,10,-0.619524,0,0,0,0,0
19.2308,-24.359,10,-0.558334,0,0,0,0,0
19.2308,-21.7949,10,-0.487495,0,0,0,0,0
19.2308,-19.2308,10,-0.407507,0,0,0,0,0
19.2308,-16.6667,10,-0.320607,0,0,0,0,0
19.2308,-14.1026,10,-0.231475,0,0,0,0,0
19.2308,-11.5385,10,-0.147433,0,0,0,0,0
19.2308,-8.97436,10,-0.077356,0,0,0,0,0
19.2308,-6.41026,10,-0.0288406,0,0,0,0,0
19.2308,-3.84615,10,-0.00442157,0,0,0,0,0
19.2308,-1.28205,10,0.000941792,0,0,-0,0,0
19.2308,1.28205,10,-0.000941792,0,0,-0,0,0
19.2308,3.84615,10,0.00442157,0,0,0,0,0
19.2308,6.41026,10,0.0288406,0,0,0,0,0
19.2308,8.97436,10,0.077356,0,0,0,0,0
19.2308,11.5385,10,0.147433,0,0,0,0,0
19.2308,14.1026,10,0.231475,0,0,0,0,0
19.2308,16.6667,10,0.320607,0,0,0,0,0
19.2308,19.2308,10,0.407507,0,0,0,0,0
19.2308,21.7949,10,0.487495,0,0,0,0,0
19.2308,24.359,10,0.558334,0,0,0,0,0
19.2308,26.9231,10,0.619524,0,0,0,0,0
19.2308,29.4872,10,0.67158,0,0,0,0,0
19.2308,32.0513,10,0.715496,0,0,0,0,0
19.2308,34.6154,10,0.752409,0,0,0,0,0
19.2308,37.1795,10,0.783425,0,0,0,0,0
19.2308,39.7436,10,0.809535,0,0,0,0,0
19.2308,42.3077,10,0.831588,0,0,0,0,0
19.2308,44.8718,10,0.850293,0,0,0,0,0
19.2308,47.4359,10,0.866235,0,0,0,0,0
19.2308,50,10,0.879892,0,0,0,0,0
21.7949,-50,10,-0.859629,0,0,0,0,0
21.7949,-47.4359,10,-0.844894,0,0,0,0,0
21.7949,-44.8718,10,-0.827924,0,0,0,0,0
21.7949,-42.3077,10,-0.808308,0,0,0,0,0
21.7949,-39.7436,10,-0.785561,0,0,0,0,0
21.7949,-37.1795,10,-0.759116,0,0,0,0,0
21.7949,-34.6154,10,-0.728328,0,0,0,0,0
21.7949,-32.0513,10,-0.692486,0,0,0,0,0
21.7949,-29.4872,10,-0.650856,0,0,0,0,0
21.7949,-26.9231,10,-0.602761,0,0,0,0,0
21.7949,-24.359,10,-0.547728,0,0,0,0,0
21.7949,-21.7949,10,-0.485711,0,0,0,0,0
21.7949,-19.2308,10,-0.417405,0,0,0,0,0
21.7949,-16.6667,10,-0.344585,0,0,0,0,0
21.7949,-14.1026,10,-0.270353,0,0,0,0,0
21.7949,-11.5385,10,-0.199012,0,0,0,0,0
21.7949,-8.97436,10,-0.135326,0,0,0,0,0
21.7949,-6.41026,10,-0.0830559,0,0,0,0,0
21.7949,-3.84615,10,-0.0432514,0,0,0,0,0
21.7949,-1.28205,10,-0.0131874,0,0,0,0,0
21.7949,1.28205,10,0.0131874,0,0,0,0,0
21.7949,3.84615,10,0.0432514,0,0,0,0,0
21.7949,6.41026,10,0.0830559,0,0,0,0,0
21.7949,8.97436,10,0.135326,0,0,0,0,0
21.7949,11.5385,10,0.199012,0,0,0,0,0
21.7949,14.1026,10,0.270353,0,0,0,0,0
21.7949,16.6667,10,0.344585,0,0,0,0,0
21.7949,19.2308,10,0.417405,0,0,0,0,0
21.7949,21.7949,10,0.485711,0,0,0,0,0
21.7949,24.359,10,0.547728,0,0,0,0,0
21.7949,26.9231,10,0.602761,0,0,0,0,0
21.7949,29.4872,10,0.650856,0,0,0,0,0
21.7949,32.0513,10,0.692486,0,0,0,0,0
21.7949,34.6154,10,0.728328,0,0,0,0,0
21.7949,37.1795,10,0.759116,0,0,0,0,0
21.7949,39.7436,10,0.785561,0,0,0,0,0
21.7949,42.3077,10,0.808308,0,0,0,0,0
21.7949,44.8718,10,0.827924,0,0,0,0,0
21.7949,47.4359,10,0.844894,0,0,0,0,0
21.7949,50,10,0.859629,0,0,0,0,0
24.359,-50,10,-0.838302,0,0,0,0,0
24.359,-47.4359,10,-0.822527,0,0,0,0,0
24.359,-44.8718,10,-0.804576,0,0,0,0,0
24.359,-42.3077,10,-0.784101,0,0,0,0,0
24.359,-39.7436,10,-0.7607,0,0,0,0,0
24.359,-37.1795,10,-0.733927,0,0,0,0,0
24.359,-34.6154,10,-0.703294,0,0,0,0,0
24.359,-32.0513,10,-0.668299,0,0,0,0,0
24.359,-29.4872,10,-0.628459,0,0,0,0,0
24.359,-26.9231,10,-0.583389,0,0,0,0,0
24.359,-24.359,10,-0.532899,0,0,0,0,0
24.359,-21.7949,10,-0.47714,0,0,0,0,0
24.359,-19.2308,10,-0.416771,0,0,0,0,0
24.359,-16.6667,10,-0.353107,0,0,0,0,0
24.359,-14.1026,10,-0.288169,0,0,0,0,0
24.359,-11.5385,10,-0.224513,0,0,0,0,0
24.359,-8.97436,10,-0.164759,0,0,0,0,0
24.359,-6.41026,10,-0.110838,0,0,0,0,0
24.359,-3.84615,10,-0.0632141,0,0,0,0,0
24.359,-1.28205,10,-0.0204599,0,0,0,0,0
24.359,1.28205,10,0.0204599,0,0,0,0,0
24.359,3.84615,10,0.0632141,0,0,0,0,0
24.359,6.41026,10,0.110838,0,0,0,0,0
24.359,8.97436,10,0.164759,0,0,0,0,0
24.359,11.5385,10,0.224513,0,0,0,0,0
24.359,14.1026,10,0.288169,0,0,0,0,0
24.359,16.6667,10,0.353107,0,0,0,0,0
24.359,19.2308,10,0.416771,0,0,0,0,0
24.359,21.7949,10,0.47714,0,0,0,0,0
24.359,24.359,10,0.532899,0,0,0,0,0
24.359,26.9231,10,0.583389,0,0,0,0,0
24.359,29.4872,10,0.628459,0,0,0,0,0
24.359,32.0513,10,0.668299,0,0,0,0,0
24.359,34.6154,10,0.703294,0,0,0,0,0
24.359,37.1795,10,0.733927,0,0,0,0,0
24.359,39.7436,10,0.7607,0,0,0,0,0
24.359,42.3077,10,0.784101,0,0,0,0,0
24.359,44.8718,10,0.804576,0,0,0,0,0
24.359,47.4359,10,0.822527,0,0,0,0,0
24.359,50,10,0.838302,0,0,0,0,0
26.9231,-50,10,-0.816243,0,0,0,0,0
26.9231,-47.4359,10,-0.799493,0,0,0,0,0
26.9231,-44.8718,10,-0.780637,0,0,0,0,0
26.9231,-42.3077,10,-0.75938,0,0,0,0,0
26.9231,-39.7436,10,-0.735394,0,0,0,0,0
26.9231,-37.1795,10,-0.708329,0,0,0,0,0
26.9231,-34.6154,10,-0.67782,0,0,0,0,0
26.9231,-32.0513,10,-0.643512,0,0,0,0,0
26.9231,-29.4872,10,-0.605097,0,0,0,0,0
26.9231,-26.9231,10,-0.562364,0,0,0,0,0
26.9231,-24.359,10,-0.515269,0,0,0,0,0
26.9231,-21.7949,10,-0.464027,0,0,0,0,0
26.9231,-19.2308,10,-0.409188,0,0,0,0,0
26.9231,-16.6667,10,-0.351701,0,0,0,0,0
26.9231,-14.1026,10,-0.292887,0,0,0,0,0
26.9231,-11.5385,10,-0.234304,0,0,0,0,0
26.9231,-8.97436,10,-0.177458,0,0,0,0,0
26.9231,-6.41026,10,-0.123415,0,0,0,0,0
26.9231,-3.84615,10,-0.0724431,0,0,0,0,0
26.9231,-1.28205,10,-0.0238494,0,0,0,0,0
26.9231,1.28205,10,0.0238494,0,0,0,0,0
26.9231,3.84615,10,0.0724431,0,0,0,0,0
26.9231,6.41026,10,0.123415,0,0,0,0,0
26.9231,8.97436,10,0.177458,0,0,0,0,0
26.9231,11.5385,10,0.234304,0,0,0,0,0
26.9231,14.1026,10,0.292887,0,0,0,0,0
26.9231,16.6667,10,0.351701,0,0,0,0,0
26.9231,19.2308,10,0.409188,0,0,0,0,0
26.9231,21.7949,10,0.464027,0,0,0,0,0
26.9231,24.359,10,0.515269,0,0,0,0,0
26.9231,26.9231,10,0.562364,0,0,0,0,0
26.9231,29.4872,10,0.605097,0,0,0,0,0
26.9231,32.0513,10,0.643512,0,0,0,0,0
26.9231,34.6154,10,0.67782,0,0,0,0,0
26.9231,37.1795,10,0.708329,0,0,0,0,0
26.9231,39.7436,10,0.735394,0,0,0,0,0
26.9231,42.3077,10,0.75938,0,0,0,0,0
26.9231,44.8718,10,0.780637,0,0,0,0,0
26.9231,47.4359,10,0.799493,0,0,0,0,0
26.9231,50,10,0.816243,0,0,0,0,0
29.4872,-50,10,-0.79375,0,0,0,0,0
29.4872,-47.4359,10,-0.776112,0,0,0,0,0
29.4872,-44.8718,10,-0.756446,0,0,0,0,0
29.4872,-42.3077,10,-0.734505,0,0,0,0,0
29.4872,-39.7436,10,-0.710023,0,0,0,0,0
29.4872,-37.1795,10,-0.682726,0,0,0,0,0
29.4872,-34.6154,10,-0.652344,0,0,0,0,0
29.4872,-32.0513,10,-0.618629,0,0,0,0,0
29.4872,-29.4872,10,-0.581387,0,0,0,0,0
29.4872,-26.9231,10,-0.540511,0,0,0,0,0
29.4872,-24.359,10,-0.496033,0,0,0,0,0
29.4872,-21.7949,10,-0.448169,0,0,0,0,0
29.4872,-19.2308,10,-0.39736,0,0,0,0,0
29.4872,-16.6667,10,-0.344286,0,0,0,0,0
29.4872,-14.1026,10,-0.289832,0,0,0,0,0
29.4872,-11.5385,10,-0.234983,0,0,0,0,0
29.4872,-8.97436,10,-0.180661,0,0,0,0,0
29.4872,-6.41026,10,-0.127517,0,0,0,0,0
29.4872,-3.84615,10,-0.0757644,0,0,0,0,0
29.4872,-1.28205,10,-0.0251153,0,0,0,0,0
29.4872,1.28205,10,0.0251153,0,0,0,0,0
29.4872,3.84615,10,0.0757644,0,0,0,0,0
29.4872,6.41026,10,0.127517,0,0,0,0,0
29.4872,8.97436,10,0.180661,0,0,0,0,0
29.4872,11.5385,10,0.234983,0,0,0,0,0
29.4872,14.1026,10,0.289832,0,0,0,0,0
29.4872,16.6667,10,0.344286,0,0,0,0,0
29.4872,19.2308,10,0.39736,0,0,0,0,0
29.4872,21.7949,10,0.448169,0,0,0,0,0
29.4872,24.359,10,0.496033,0,0,0,0,0
29.4872,26.9231,10,0.540511,0,0,0,0,0
29.4872,29.4872,10,0.581387,0,0,0,0,0
29.4872,32.0513,10,0.618629,0,0,0,0,0
29.4872,34.6154,10,0.652344,0,0,0,0,0
29.4872,37.1795,10,0.682726,0,0,0,0,0
29.4872,39.7436,10,0.710023,0,0,0,0,0
29.4872,42.3077,10,0.734505,0,0,0,0,0
29.4872,44.8718,10,0.756446,0,0,0,0,0
29.4872,47.4359,10,0.776112,0,0,0,0,0
29.4872,50,10,0.79375,0,0,0,0,0
32.0513,-50,10,-0.771084,0,0,0,0,0
32.0513,-47.4359,10,-0.75266,0,0,0,0,0
32.0513,-44.8718,10,-0.732292,0,0,0,0,0
32.0513,-42.3077,10,-0.709776,0,0,0,0,0
32.0513,-39.7436,10,-0.684898,0,0,0,0,0
32.0513,-37.1795,10,-0.657446,0,0,0,0,0
32.0513,-34.6154,10,-0.627221,0,0,0,0,0
32.0513,-32.0513,10,-0.594053,0,0,0,0,0
32.0513,-29.4872,10,-0.557822,0,0,0,0,0
32.0513,-26.9231,10,-0.518488,0,0,0,0,0
32.0513,-24.359,10,-0.476113,0,0,0,0,0
32.0513,-21.7949,10,-0.430897,0,0,0,0,0
32.0513,-19.2308,10,-0.383188,0,0,0,0,0
32.0513,-16.6667,10,-0.333482,0,0,0,0,0
32.0513,-14.1026,10,-0.282391,0,0,0,0,0
32.0513,-11.5385,10,-0.230572,0,0,0,0,0
32.0513,-8.97436,10,-0.178628,0,0,0,0,0
32.0513,-6.41026,10,-0.127004,0,0,0,0,0
32.0513,-3.84615,10,-0.0758969,0,0,0,0,0
32.0513,-1.28205,10,-0.0252403,0,0,0,0,0
32.0513,1.28205,10,0.0252403,0,0,0,0,0
32.0513,3.84615,10,0.0758969,0,0,0,0,0
32.0513,6.41026,10,0.127004,0,0,0,0,0
32.0513,8.97436,10,0.178628,0,0,0,0,0
32.0513,11.5385,10,0.230572,0,0,0,0,0
32.0513,14.1026,10,0.282391,0,0,0,0,0
32.0513,16.6667,10,0.333482,0,0,0,0,0
32.0513,19.2308,10,0.383188,0,0,0,0,0
32.0513,21.7949,10,0.430897,0,0,0,0,0
32.0513,24.359,10,0.476113,0,0,0,0,0
32.0513,26.9231,10,0.518488,0,0,0,0,0
32.0513,29.4872,10,0.557822,0,0,0,0,0
32.0513,32.0513,10,0.594053,0,0,0,0,0
32.0513,34.6154,10,0.627221,0,0,0,0,0
32.0513,37.1795,10,0.657446,0,0,0,0,0
32.0513,39.7436,10,0.684898,0,0,0,0,0
32.0513,42.3077,10,0.709776,0,0,0,0,0
32.0513,44.8718,10,0.732292,0,0,0,0,0
32.0513,47.4359,10,0.75266,0,0,0,0,0
32.0513,50,10,0.771084,0,0,0,0,0
34.6154,-50,10,-0.748471,0,0,0,0,0
34.6154,-47.4359,10,-0.729367,0,0,0,0,0
34.6154,-44.8718,10,-0.708412,0,0,0,0,0
34.6154,-42.3077,10,-0.685435,0,0,0,0,0
34.6154,-39.7436,10,-0.660266,0,0,0,0,0
34.6154,-37.1795,10,-0.632744,0,0,0,0,0
34.6154,-34.6154,10,-0.602724,0,0,0,0,0
34.6154,-32.0513,10,-0.57009,0,0,0,0,0
34.6154,-29.4872,10,-0.534775,0,0,0,0,0
34.6154,-26.9231,10,-0.496775,0,0,0,0,0
34.6154,-24.359,10,-0.45617,0,0,0,0,0
34.6154,-21.7949,10,-0.413133,0,0,0,0,0
34.6154,-19.2308,10,-0.367943,0,0,0,0,0
34.6154,-16.6667,10,-0.320972,0,0,0,0,0
34.6154,-14.1026,10,-0.272659,0,0,0,0,0
34.6154,-11.5385,10,-0.223467,0,0,0,0,0
34.6154,-8.97436,10,-0.173821,0,0,0,0,0
34.6154,-6.41026,10,-0.124052,0,0,0,0,0
34.6154,-3.84615,10,-0.0743509,0,0,0,0,0
34.6154,-1.28205,10,-0.0247661,0,0,0,0,0
34.6154,1.28205,10,0.0247661,0,0,0,0,0
34.6154,3.84615,10,0.0743509,0,0,0,0,0
34.6154,6.41026,10,0.124052,0,0,0,0,0
34.6154,8.97436,10,0.173821,0,0,0,0,0
34.6154,11.5385,10,0.223467,0,0,0,0,0
34.6154,14.1026,10,0.272659,0,0,0,0,0
34.6154,16.6667,10,0.320972,0,0,0,0,0
34.6154,19.2308,10,0.367943,0,0,0,0,0
34.6154,21.7949,10,0.413133,0,0,0,0,0
34.6154,24.359,10,0.45617,0,0,0,0,0
34.6154,26.9231,10,0.496775,0,0,0,0,0
34.6154,29.4872,10,0.534775,0,0,0,0,0
34.6154,32.0513,10,0.57009,0,0,0,0,0
34.6154,34.6154,10,0.602724,0,0,0,0,0
34.6154,37.1795,10,0.632744,0,0,0,0,0
34.6154,39.7436,10,0.660266,0,0,0,0,0
34.6154,42.3077,10,0.685435,0,0,0,0,0
34.6154,44.8718,10,0.708412,0,0,0,0,0
34.6154,47.4359,10,0.729367,0,0,0,0,0
34.6154,50,10,0.748471,0,0,0,0,0
37.1795,-50,10,-0.726094,0,0,0,0,0
37.1795,-47.4359,10,-0.706422,0,0,0,0,0
37.1795,-44.8718,10,-0.684992,0,0,0,0,0
37.1795,-42.3077,10,-0.661667,0,0,0,0,0
37.1795,-39.7436,10,-0.636314,0,0,0,0,0
37.1795,-37.1795,10,-0.608809,0,0,0,0,0
37.1795,-34.6154,10,-0.579048,0,0,0,0,0
37.1795,-32.0513,10,-0.546958,0,0,0,0,0
37.1795,-29.4872,10,-0.512504,0,0,0,0,0
37.1795,-26.9231,10,-0.475708,0,0,0,0,0
37.1795,-24.359,10,-0.436651,0,0,0,0,0
37.1795,-21.7949,10,-0.395489,0,0,0,0,0
37.1795,-19.2308,10,-0.352445,0,0,0,0,0
37.1795,-16.6667,10,-0.307806,0,0,0,0,0
37.1795,-14.1026,10,-0.261904,0,0,0,0,0
37.1795,-11.5385,10,-0.215079,0,0,0,0,0
37.1795,-8.97436,10,-0.167652,0,0,0,0,0
37.1795,-6.41026,10,-0.119886,0,0,0,0,0
37.1795,-3.84615,10,-0.0719649,0,0,0,0,0
37.1795,-1.28205,10,-0.0239916,0,0,0,0,0
37.1795,1.28205,10,0.0239916,0,0,0,0,0
37.1795,3.84615,10,0.0719649,0,0,0,0,0
37.1795,6.41026,10,0.119886,0,0,0,0,0
37.1795,8.97436,10,0.167652,0,0,0,0,0
37.1795,11.5385,10,0.215079,0,0,0,0,0
37.1795,14.1026,10,0.261904,0,0,0,0,0
37.1795,16.6667,10,0.307806,0,0,0,0,0
37.1795,19.2308,10,0.352445,0,0,0,0,0
37.1795,21.7949,10,0.395489,0,0,0,0,0
37.1795,24.359,10,0.436651,0,0,0,0,0
37.1795,26.9231,10,0.475708,0,0,0,0,0
37.1795,29.4872,10,0.512504,0,0,0,0,0
37.1795,32.0513,10,0.546958,0,0,0,0,0
37.1795,34.6154,10,0.579048,0,0,0,0,0
37.1795,37.1795,10,0.608809,0,0,0,0,0
37.1795,39.7436,10,0.636314,0,0,0,0,0
37.1795,42.3077,10,0.661667,0,0,0,0,0
37.1795,44.8718,10,0.684992,0,0,0,0,0
37.1795,47.4359,10,0.706422,0,0,0,0,0
37.1795,50,10,0.726094,0,0,0,0,0
39.7436,-50,10,-0.704103,0,0,0,0,0
39.7436,-47.4359,10,-0.68397,0,0,0,0,0
39.7436,-44.8718,10,-0.662177,0,0,0,0,0
39.7436,-42.3077,10,-0.638613,0,0,0,0,0
39.7436,-39.7436,10,-0.613174,0,0,0,0,0
39.7436,-37.1795,10,-0.585768,0,0,0,0,0
39.7436,-34.6154,10,-0.556324,0,0,0,0,0
39.7436,-32.0513,10,-0.524797,0,0,0,0,0
39.7436,-29.4872,10,-0.491177,0,0,0,0,0
39.7436,-26.9231,10,-0.455498,0,0,0,0,0
39.7436,-24.359,10,-0.417843,0,0,0,0,0
39.7436,-21.7949,10,-0.378348,0,0,0,0,0
39.7436,-19.2308,10,-0.337197,0,0,0,0,0
39.7436,-16.6667,10,-0.294621,0,0,0,0,0
39.7436,-14.1026,10,-0.250876,0,0,0,0,0
39.7436,-11.5385,10,-0.206228,0,0,0,0,0
39.7436,-8.97436,10,-0.160928,0,0,0,0,0
39.7436,-6.41026,10,-0.115196,0,0,0,0,0
39.7436,-3.84615,10,-0.0692052,0,0,0,0,0
39.7436,-1.28205,10,-0.0230817,0,0,0,0,0
39.7436,1.28205,10,0.0230817,0,0,0,0,0
39.7436,3.84615,10,0.0692052,0,0,0,0,0
39.7436,6.41026,10,0.115196,0,0,0,0,0
39.7436,8.97436,10,0.160928,0,0,0,0,0
39.7436,11.5385,10,0.206228,0,0,0,0,0
39.7436,14.1026,10,0.250876,0,0,0,0,0
39.7436,16.6667,10,0.294621,0,0,0,0,0
39.7436,19.2308,10,0.337197,0,0,0,0,0
39.7436,21.7949,10,0.378348,0,0,0,0,0
39.7436,24.359,10,0.417843,0,0,0,0,0
39.7436,26.9231,10,0.455498,0,0,0,0,0
39.7436,29.4872,10,0.491177,0,0,0,0,0
39.7436,32.0513,10,0.524797,0,0,0,0,0
39.7436,34.6154,10,0.556324,0,0,0,0,0
39.7436,37.1795,10,0.585768,0,0,0,0,0
39.7436,39.7436,10,0.613174,0,0,0,0,0
39.7436,42.3077,10,0.638613,0,0,0,0,0
39.7436,44.8718,10,0.662177,0,0,0,0,0
39.7436,47.4359,10,0.68397,0,0,0,0,0
39.7436,50,10,0.704103,0,0,0,0,0
42.3077,-50,10,-0.682616,0,0,0,0,0
42.3077,-47.4359,10,-0.662124,0,0,0,0,0
42.3077,-44.8718,10,-0.640071,0,0,0,0,0
42.3077,-42.3077,10,-0.616367,0,0,0,0,0
42.3077,-39.7436,10,-0.590934,0,0,0,0,0
42.3077,-37.1795,10,-0.563704,0,0,0,0,0
42.3077,-34.6154,10,-0.53463,0,0,0,0,0
42.3077,-32.0513,10,-0.503689,0,0,0,0,0
42.3077,-29.4872,10,-0.470888,0,0,0,0,0
42.3077,-26.9231,10,-0.436268,0,0,0,0,0
42.3077,-24.359,10,-0.39991,0,0,0,0,0
42.3077,-21.7949,10,-0.361935,0,0,0,0,0
42.3077,-19.2308,10,-0.322498,0,0,0,0,0
42.3077,-16.6667,10,-0.281787,0,0,0,0,0
42.3077,-14.1026,10,-0.240009,0,0,0,0,0
42.3077,-11.5385,10,-0.197379,0,0,0,0,0
42.3077,-8.97436,10,-0.154102,0,0,0,0,0
42.3077,-6.41026,10,-0.110366,0,0,0,0,0
42.3077,-3.84615,10,-0.0663298,0,0,0,0,0
42.3077,-1.28205,10,-0.0221276,0,0,0,0,0
42.3077,1.28205,10,0.0221276,0,0,0,0,0
42.3077,3.84615,10,0.0663298,0,0,0,0,0
42.3077,6.41026,10,0.110366,0,0,0,0,0
42.3077,8.97436,10,0.154102,0,0,0,0,0
42.3077,11.5385,10,0.197379,0,0,0,0,0
42.3077,14.1026,10,0.240009,0,0,0,0,0
42.3077,16.6667,10,0.281787,0,0,0,0,0
42.3077,19.2308,10,0.322498,0,0,0,0,0
42.3077,21.7949,10,0.361935,0,0,0,0,0
42.3077,24.359,10,0.39991,0,0,0,0,0
42.3077,26.9231,10,0.436268,0,0,0,0,0
42.3077,29.4872,10,0.470888,0,0,0,0,0
42.3077,32.0513,10,0.503689,0,0,0,0,0
42.3077,34.6154,10,0.53463,0,0,0,0,0
42.3077,37.1795,10,0.563704,0,0,0,0,0
42.3077,39.7436,10,0.590934,0,0,0,0,0
42.3077,42.3077,10,0.616367,0,0,0,0,0
42.3077,44.8718,10,0.640071,0,0,0,0,0
42.3077,47.4359,10,0.662124,0,0,0,0,0
42.3077,50,10,0.682616,0,0,0,0,0
44.8718,-50,10,-0.661718,0,0,0,0,0
44.8718,-47.4359,10,-0.640964,0,0,0,0,0
44.8718,-44.8718,10,-0.618746,0,0,0,0,0
44.8718,-42.3077,10,-0.594993,0,0,0,0,0
44.8718,-39.7436,10,-0.569646,0,0,0,0,0
44.8718,-37.1795,10,-0.54266,0,0,0,0,0
44.8718,-34.6154,10,-0.514003,0,0,0,0,0
44.8718,-32.0513,10,-0.48367,0,0,0,0,0
44.8718,-29.4872,10,-0.451679,0,0,0,0,0
44.8718,-26.9231,10,-0.418074,0,0,0,0,0
44.8718,-24.359,10,-0.382935,0,0,0,0,0
44.8718,-21.7949,10,-0.346367,0,0,0,0,0
44.8718,-19.2308,10,-0.308505,0,0,0,0,0
44.8718,-16.6667,10,-0.269507,0,0,0,0,0
44.8718,-14.1026,10,-0.229543,0,0,0,0,0
44.8718,-11.5385,10,-0.188791,0,0,0,0,0
44.8718,-8.97436,10,-0.147425,0,0,0,0,0
44.8718,-6.41026,10,-0.105606,0,0,0,0,0
44.8718,-3.84615,10,-0.0634803,0,0,0,0,0
44.8718,-1.28205,10,-0.0211791,0,0,0,0,0
44.8718,1.28205,10,0.0211791,0,0,0,0,0
44.8718,3.84615,10,0.0634803,0,0,0,0,0
44.8718,6.41026,10,0.105606,0,0,0,0,0
44.8718,8.97436,10,0.147425,0,0,0,0,0
44.8718,11.5385,10,0.188791,0,0,0,0,0
44.8718,14.1026,10,0.229543,0,0,0,0,0
44.8718,16.6667,10,0.269507,0,0,0,0,0
44.8718,19.2308,10,0.308505,0,0,0,0,0
44.8718,21.7949,10,0.346367,0,0,0,0,0
44.8718,24.359,10,0.382935,0,0,0,0,0
44.8718,26.9231,10,0.418074,0,0,0,0,0
44.8718,29.4872,10,0.451679,0,0,0,0,0
44.8718,32.0513,10,0.48367,0,0,0,0,0
44.8718,34.6154,10,0.514003,0,0,0,0,0
44.8718,37.1795,10,0.54266,0,0,0,0,0
44.8718,39.7436,10,0.569646,0,0,0,0,0
44.8718,42.3077,10,0.594993,0,0,0,0,0
44.8718,44.8718,10,0.618746,0,0,0,0,0
44.8718,47.4359,10,0.640964,0,0,0,0,0
44.8718,50,10,0.661718,0,0,0,0,0
47.4359,-50,10,-0.641474,0,0,0,0,0
47.4359,-47.4359,10,-0.620545,0,0,0,0,0
47.4359,-44.8718,10,-0.598246,0,0,0,0,0
47.4359,-42.3077,10,-0.574524,0,0,0,0,0
47.4359,-39.7436,10,-0.549335,0,0,0,0,0
47.4359,-37.1795,10,-0.522649,0,0,0,0,0
47.4359,-34.6154,10,-0.49445,0,0,0,0,0
47.4359,-32.0513,10,-0.464743,0,0,0,0,0
47.4359,-29.4872,10,-0.433553,0,0,0,0,0
47.4359,-26.9231,10,-0.400929,0,0,0,0,0
47.4359,-24.359,10,-0.366943,0,0,0,0,0
47.4359,-21.7949,10,-0.331692,0,0,0,0,0
47.4359,-19.2308,10,-0.295294,0,0,0,0,0
47.4359,-16.6667,10,-0.257881,0,0,0,0,0
47.4359,-14.1026,10,-0.219599,0,0,0,0,0
47.4359,-11.5385,10,-0.180598,0,0,0,0,0
47.4359,-8.97436,10,-0.141027,0,0,0,0,0
47.4359,-6.41026,10,-0.101027,0,0,0,0,0
47.4359,-3.84615,10,-0.0607311,0,0,0,0,0
47.4359,-1.28205,10,-0.0202626,0,0,0,0,0
47.4359,1.28205,10,0.0202626,0,0,0,0,0
47.4359,3.84615,10,0.0607311,0,0,0,0,0
47.4359,6.41026,10,0.101027,0,0,0,0,0
47.4359,8.97436,10,0.141027,0,0,0,0,0
47.4359,11.5385,10,0.180598,0,0,0,0,0
47.4359,14.1026,10,0.219599,0,0,0,0,0
47.4359,16.6667,10,0.257881,0,0,0,0,0
47.4359,19.2308,10,0.295294,0,0,0,0,0
47.4359,21.7949,10,0.331692,0,0,0,0,0
47.4359,24.359,10,0.366943,0,0,0,0,0
47.4359,26.9231,10,0.400929,0,0,0,0,0
47.4359,29.4872,10,0.433553,0,0,0,0,0
47.4359,32.0513,10,0.464743,0,0,0,0,0
47.4359,34.6154,10,0.49445,0,0,0,0,0
47.4359,37.1795,10,0.522649,0,0,0,0,0
47.4359,39.7436,10,0.549335,0,0,0,0,0
47.4359,42.3077,10,0.574524,0,0,0,0,0
47.4359,44.8718,10,0.598246,0,0,0,0,0
47.4359,47.4359,10,0.620545,0,0,0,0,0
47.4359,50,10,0.641474,0,0,0,0,0
50,-50,10,-0.621926,0,0,0,0,0
50,-47.4359,10,-0.6009,0,0,0,0,0
50,-44.8718,10,-0.578595,0,0,0,0,0
50,-42.3077,10,-0.554972,0,0,0,0,0
50,-39.7436,10,-0.530001,0,0,0,0,0
50,-37.1795,10,-0.503663,0,0,0,0,0
50,-34.6154,10,-0.475954,0,0,0,0,0
50,-32.0513,10,-0.446886,0,0,0,0,0
50,-29.4872,10,-0.416489,0,0,0,0,0
50,-26.9231,10,-0.384812,0,0,0,0,0
50,-24.359,10,-0.351925,0,0,0,0,0
50,-21.7949,10,-0.317914,0,0,0,0,0
50,-19.2308,10,-0.282882,0,0,0,0,0
50,-16.6667,10,-0.246945,0,0,0,0,0
50,-14.1026,10,-0.210228,0,0,0,0,0
50,-11.5385,10,-0.172861,0,0,0,0,0
50,-8.97436,10,-0.134971,0,0,0,0,0
50,-6.41026,10,-0.0966836,0,0,0,0,0
50,-3.84615,10,-0.0581191,0,0,0,0,0
50,-1.28205,10,-0.019391,0,0,0,0,0
50,1.28205,10,0.019391,0,0,0,0,0
50,3.84615,10,0.0581191,0,0,0,0,0
50,6.41026,10,0.0966836,0,0,0,0,0
50,8.97436,10,0.134971,0,0,0,0,0
50,11.5385,10,0.172861,0,0,0,0,0
50,14.1026,10,0.210228,0,0,0,0,0
50,16.6667,10,0.246945,0,0,0,0,0
50,19.2308,10,0.282882,0,0,0,0,0
50,21.7949,10,0.317914,0,0,0,0,0
50,24.359,10,0.351925,0,0,0,0,0
50,26.9231,10,0.384812,0,0,0,0,0
50,29.4872,10,0.416489,0,0,0,0,0
50,32.0513,10,0.446886,0,0,0,0,0
50,34.6154,10,0.475954,0,0,0,0,0
50,37.1795,10,0.503663,0,0,0,0,0
50,39.7436,10,0.530001,0,0,0,0,0
50,42.3077,10,0.554972,0,0,0,0,0
50,44.8718,10,0.578595,0,0,0,0,0
50,47.4359,10,0.6009,0,0,0,0,0
50,50,10,0.621926,0,0,0,0,0
