antenna name=nine-dipole
antenna size=0.675
freq=2e+09
sampling point=1681
sampling space=2.5
#data
x,y,z,realEx,realEy,realEz,imgEx,imgEy,imgEz
-50,-50,10,-0.621926,0,0,0,0,0
-50,-47.5,10,-0.601441,0,0,0,0,0
-50,-45,10,-0.579741,0,0,0,0,0
-50,-42.5,10,-0.55679,0,0,0,0,0
-50,-40,10,-0.532559,0,0,0,0,0
-50,-37.5,10,-0.50703,0,0,0,0,0
-50,-35,10,-0.480197,0,0,0,0,0
-50,-32.5,10,-0.45207,0,0,0,0,0
-50,-30,10,-0.422672,0,0,0,0,0
-50,-27.5,10,-0.392048,0,0,0,0,0
-50,-25,10,-0.360256,0,0,0,0,0
-50,-22.5,10,-0.327373,0,0,0,0,0
-50,-20,10,-0.293492,0,0,0,0,0
-50,-17.5,10,-0.258716,0,0,0,0,0
-50,-15,10,-0.22316,0,0,0,0,0
-50,-12.5,10,-0.186942,0,0,0,0,0
-50,-10,10,-0.150181,0,0,0,0,0
-50,-7.5,10,-0.112996,0,0,0,0,0
-50,-5,10,-0.0755001,0,0,0,0,0
-50,-2.5,10,-0.0378003,0,0,0,0,0
-50,0,10,0,0,0,0,0,0
-50,2.5,10,0.0378003,0,0,0,0,0
-50,5,10,0.0755001,0,0,0,0,0
-50,7.5,10,0.112996,0,0,0,0,0
-50,10,10,0.150181,0,0,0,0,0
-50,12.5,10,0.186942,0,0,0,0,0
-50,15,10,0.22316,0,0,0,0,0
-50,17.5,10,0.258716,0,0,0,0,0
-50,20,10,0.293492,0,0,0,0,0
-50,22.5,10,0.327373,0,0,0,0,0
-50,25,10,0.360256,0,0,0,0,0
-50,27.5,10,0.392048,0,0,0,0,0
-50,30,10,0.422672,0,0,0,0,0
-50,32.5,10,0.45207,0,0,0,0,0
-50,35,10,0.480197,0,0,0,0,0
-50,37.5,10,0.50703,0,0,0,0,0
-50,40,10,0.532559,0,0,0,0,0
-50,42.5,10,0.55679,0,0,0,0,0
-50,45,10,0.579741,0,0,0,0,0
-50,47.5,10,0.601441,0,0,0,0,0
-50,50,10,0.621926,0,0,0,0,0
-47.5,-50,10,-0.640977,0,0,0,0,0
-47.5,-47.5,10,-0.620584,0,0,0,0,0
-47.5,-45,10,-0.598893,0,0,0,0,0
-47.5,-42.5,10,-0.575853,0,0,0,0,0
-47.5,-40,10,-0.551425,0,0,0,0,0
-47.5,-37.5,10,-0.525579,0,0,0,0,0
-47.5,-35,10,-0.498299,0,0,0,0,0
-47.5,-32.5,10,-0.469588,0,0,0,0,0
-47.5,-30,10,-0.439464,0,0,0,0,0
-47.5,-27.5,10,-0.40797,0,0,0,0,0
-47.5,-25,10,-0.375168,0,0,0,0,0
-47.5,-22.5,10,-0.341142,0,0,0,0,0
-47.5,-20,10,-0.305995,0,0,0,0,0
-47.5,-17.5,10,-0.269848,0,0,0,0,0
-47.5,-15,10,-0.232831,0,0,0,0,0
-47.5,-12.5,10,-0.195083,0,0,0,0,0
-47.5,-10,10,-0.156741,0,0,0,0,0
-47.5,-7.5,10,-0.11794,0,0,0,0,0
-47.5,-5,10,-0.0788056,0,0,0,0,0
-47.5,-2.5,10,-0.0394556,0,0,0,0,0
-47.5,0,10,0,0,0,0,0,0
-47.5,2.5,10,0.0394556,0,0,0,0,0
-47.5,5,10,0.0788056,0,0,0,0,0
-47.5,7.5,10,0.11794,0,0,0,0,0
-47.5,10,10,0.156741,0,0,0,0,0
-47.5,12.5,10,0.195083,0,0,0,0,0
-47.5,15,10,0.232831,0,0,0,0,0
-47.5,17.5,10,0.269848,0,0,0,0,0
-47.5,20,10,0.305995,0,0,0,0,0
-47.5,22.5,10,0.341142,0,0,0,0,0
-47.5,25,10,0.375168,0,0,0,0,0
-47.5,27.5,10,0.40797,0,0,0,0,0
-47.5,30,10,0.439464,0,0,0,0,0
-47.5,32.5,10,0.469588,0,0,0,0,0
-47.5,35,10,0.498299,0,0,0,0,0
-47.5,37.5,10,0.525579,0,0,0,0,0
-47.5,40,10,0.551425,0,0,0,0,0
-47.5,42.5,10,0.575853,0,0,0,0,0
-47.5,45,10,0.598893,0,0,0,0,0
-47.5,47.5,10,0.620584,0,0,0,0,0
-47.5,50,10,0.640977,0,0,0,0,0
-45,-50,10,-0.66069,0,0,0,0,0
-45,-47.5,10,-0.640462,0,0,0,0,0
-45,-45,10,-0.618848,0,0,0,0,0
-45,-42.5,10,-0.595784,0,0,0,0,0
-45,-40,10,-0.571214,0,0,0,0,0
-45,-37.5,10,-0.545096,0,0,0,0,0
-45,-35,10,-0.517402,0,0,0,0,0
-45,-32.5,10,-0.488121,0,0,0,0,0
-45,-30,10,-0.457267,0,0,0,0,0
-45,-27.5,10,-0.424878,0,0,0,0,0
-45,-25,10,-0.39102,0,0,0,0,0
-45,-22.5,10,-0.355784,0,0,0,0,0
-45,-20,10,-0.319288,0,0,0,0,0
-45,-17.5,10,-0.281671,0,0,0,0,0
-45,-15,10,-0.243088,0,0,0,0,0
-45,-12.5,10,-0.2037,0,0,0,0,0
-45,-10,10,-0.16367,0,0,0,0,0
-45,-7.5,10,-0.12315,0,0,0,0,0
-45,-5,10,-0.0822835,0,0,0,0,0
-45,-2.5,10,-0.0411952,0,0,0,0,0
-45,0,10,0,0,0,0,0,0
-45,2.5,10,0.0411952,0,0,0,0,0
-45,5,10,0.0822835,0,0,0,0,0
-45,7.5,10,0.12315,0,0,0,0,0
-45,10,10,0.16367,0,0,0,0,0
-45,12.5,10,0.2037,0,0,0,0,0
-45,15,10,0.243088,0,0,0,0,0
-45,17.5,10,0.281671,0,0,0,0,0
-45,20,10,0.319288,0,0,0,0,0
-45,22.5,10,0.355784,0,0,0,0,0
-45,25,10,0.39102,0,0,0,0,0
-45,27.5,10,0.424878,0,0,0,0,0
-45,30,10,0.457267,0,0,0,0,0
-45,32.5,10,0.488121,0,0,0,0,0
-45,35,10,0.517402,0,0,0,0,0
-45,37.5,10,0.545096,0,0,0,0,0
-45,40,10,0.571214,0,0,0,0,0
-45,42.5,10,0.595784,0,0,0,0,0
-45,45,10,0.618848,0,0,0,0,0
-45,47.5,10,0.640462,0,0,0,0,0
-45,50,10,0.66069,0,0,0,0,0
-42.5,-50,10,-0.681027,0,0,0,0,0
-42.5,-47.5,10,-0.661044,0,0,0,0,0
-42.5,-45,10,-0.639586,0,0,0,0,0
-42.5,-42.5,10,-0.616571,0,0,0,0,0
-42.5,-40,10,-0.591926,0,0,0,0,0
-42.5,-37.5,10,-0.565591,0,0,0,0,0
-42.5,-35,10,-0.53752,0,0,0,0,0
-42.5,-32.5,10,-0.50769,0,0,0,0,0
-42.5,-30,10,-0.476103,0,0,0,0,0
-42.5,-27.5,10,-0.442793,0,0,0,0,0
-42.5,-25,10,-0.407825,0,0,0,0,0
-42.5,-22.5,10,-0.371302,0,0,0,0,0
-42.5,-20,10,-0.333358,0,0,0,0,0
-42.5,-17.5,10,-0.294159,0,0,0,0,0
-42.5,-15,10,-0.253888,0,0,0,0,0
-42.5,-12.5,10,-0.212742,0,0,0,0,0
-42.5,-10,10,-0.170911,0,0,0,0,0
-42.5,-7.5,10,-0.128575,0,0,0,0,0
-42.5,-5,10,-0.0858929,0,0,0,0,0
-42.5,-2.5,10,-0.0429968,0,0,0,0,0
-42.5,0,10,0,0,0,0,0,0
-42.5,2.5,10,0.0429968,0,0,0,0,0
-42.5,5,10,0.0858929,0,0,0,0,0
-42.5,7.5,10,0.128575,0,0,0,0,0
-42.5,10,10,0.170911,0,0,0,0,0
-42.5,12.5,10,0.212742,0,0,0,0,0
-42.5,15,10,0.253888,0,0,0,0,0
-42.5,17.5,10,0.294159,0,0,0,0,0
-42.5,20,10,0.333358,0,0,0,0,0
-42.5,22.5,10,0.371302,0,0,0,0,0
-42.5,25,10,0.407825,0,0,0,0,0
-42.5,27.5,10,0.442793,0,0,0,0,0
-42.5,30,10,0.476103,0,0,0,0,0
-42.5,32.5,10,0.50769,0,0,0,0,0
-42.5,35,10,0.53752,0,0,0,0,0
-42.5,37.5,10,0.565591,0,0,0,0,0
-42.5,40,10,0.591926,0,0,0,0,0
-42.5,42.5,10,0.616571,0,0,0,0,0
-42.5,45,10,0.639586,0,0,0,0,0
-42.5,47.5,10,0.661044,0,0,0,0,0
-42.5,50,10,0.681027,0,0,0,0,0
-40,-50,10,-0.70193,0,0,0,0,0
-40,-47.5,10,-0.682281,0,0,0,0,0
-40,-45,10,-0.661065,0,0,0,0,0
-40,-42.5,10,-0.638183,0,0,0,0,0
-40,-40,10,-0.613539,0,0,0,0,0
-40,-37.5,10,-0.58705,0,0,0,0,0
-40,-35,10,-0.558649,0,0,0,0,0
-40,-32.5,10,-0.528294,0,0,0,0,0
-40,-30,10,-0.495972,0,0,0,0,0
-40,-27.5,10,-0.461707,0,0,0,0,0
-40,-25,10,-0.425565,0,0,0,0,0
-40,-22.5,10,-0.38766,0,0,0,0,0
-40,-20,10,-0.34815,0,0,0,0,0
-40,-17.5,10,-0.307231,0,0,0,0,0
-40,-15,10,-0.265132,0,0,0,0,0
-40,-12.5,10,-0.222091,0,0,0,0,0
-40,-10,10,-0.178345,0,0,0,0,0
-40,-7.5,10,-0.134107,0,0,0,0,0
-40,-5,10,-0.0895514,0,0,0,0,0
-40,-2.5,10,-0.0448157,0,0,0,0,0
-40,0,10,0,0,0,0,0,0
-40,2.5,10,0.0448157,0,0,0,0,0
-40,5,10,0.0895514,0,0,0,0,0
-40,7.5,10,0.134107,0,0,0,0,0
-40,10,10,0.178345,0,0,0,0,0
-40,12.5,10,0.222091,0,0,0,0,0
-40,15,10,0.265132,0,0,0,0,0
-40,17.5,10,0.307231,0,0,0,0,0
-40,20,10,0.34815,0,0,0,0,0
-40,22.5,10,0.38766,0,0,0,0,0
-40,25,10,0.425565,0,0,0,0,0
-40,27.5,10,0.461707,0,0,0,0,0
-40,30,10,0.495972,0,0,0,0,0
-40,32.5,10,0.528294,0,0,0,0,0
-40,35,10,0.558649,0,0,0,0,0
-40,37.5,10,0.58705,0,0,0,0,0
-40,40,10,0.613539,0,0,0,0,0
-40,42.5,10,0.638183,0,0,0,0,0
-40,45,10,0.661065,0,0,0,0,0
-40,47.5,10,0.682281,0,0,0,0,0
-40,50,10,0.70193,0,0,0,0,0
-37.5,-50,10,-0.723321,0,0,0,0,0
-37.5,-47.5,10,-0.7041,0,0,0,0,0
-37.5,-45,10,-0.683222,0,0,0,0,0
-37.5,-42.5,10,-0.660565,0,0,0,0,0
-37.5,-40,10,-0.636006,0,0,0,0,0
-37.5,-37.5,10,-0.609435,0,0,0,0,0
-37.5,-35,10,-0.580757,0,0,0,0,0
-37.5,-32.5,10,-0.549904,0,0,0,0,0
-37.5,-30,10,-0.51684,0,0,0,0,0
-37.5,-27.5,10,-0.481576,0,0,0,0,0
-37.5,-25,10,-0.444177,0,0,0,0,0
-37.5,-22.5,10,-0.404767,0,0,0,0,0
-37.5,-20,10,-0.363535,0,0,0,0,0
-37.5,-17.5,10,-0.320723,0,0,0,0,0
-37.5,-15,10,-0.276618,0,0,0,0,0
-37.5,-12.5,10,-0.231527,0,0,0,0,0
-37.5,-10,10,-0.185748,0,0,0,0,0
-37.5,-7.5,10,-0.139541,0,0,0,0,0
-37.5,-5,10,-0.0931048,0,0,0,0,0
-37.5,-2.5,10,-0.0465684,0,0,0,0,0
-37.5,0,10,0,0,0,0,0,0
-37.5,2.5,10,0.0465684,0,0,0,0,0
-37.5,5,10,0.0931048,0,0,0,0,0
-37.5,7.5,10,0.139541,0,0,0,0,0
-37.5,10,10,0.185748,0,0,0,0,0
-37.5,12.5,10,0.231527,0,0,0,0,0
-37.5,15,10,0.276618,0,0,0,0,0
-37.5,17.5,10,0.320723,0,0,0,0,0
-37.5,20,10,0.363535,0,0,0,0,0
-37.5,22.5,10,0.404767,0,0,0,0,0
-37.5,25,10,0.444177,0,0,0,0,0
-37.5,27.5,10,0.481576,0,0,0,0,0
-37.5,30,10,0.51684,0,0,0,0,0
-37.5,32.5,10,0.549904,0,0,0,0,0
-37.5,35,10,0.580757,0,0,0,0,0
-37.5,37.5,10,0.609435,0,0,0,0,0
-37.5,40,10,0.636006,0,0,0,0,0
-37.5,42.5,10,0.660565,0,0,0,0,0
-37.5,45,10,0.683222,0,0,0,0,0
-37.5,47.5,10,0.7041,0,0,0,0,0
-37.5,50,10,0.723321,0,0,0,0,0
-35,-50,10,-0.745095,0,0,0,0,0
-35,-47.5,10,-0.726401,0,0,0,0,0
-35,-45,10,-0.705963,0,0,0,0,0
-35,-42.5,10,-0.68363,0,0,0,0,0
-35,-40,10,-0.659249,0,0,0,0,0
-35,-37.5,10,-0.632674,0,0,0,0,0
-35,-35,10,-0.603776,0,0,0,0,0
-35,-32.5,10,-0.572449,0,0,0,0,0
-35,-30,10,-0.538628,0,0,0,0,0
-35,-27.5,10,-0.502302,0,0,0,0,0
-35,-25,10,-0.463528,0,0,0,0,0
-35,-22.5,10,-0.422444,0,0,0,0,0
-35,-20,10,-0.379275,0,0,0,0,0
-35,-17.5,10,-0.334332,0,0,0,0,0
-35,-15,10,-0.287988,0,0,0,0,0
-35,-12.5,10,-0.240651,0,0,0,0,0
-35,-10,10,-0.192716,0,0,0,0,0
-35,-7.5,10,-0.144514,0,0,0,0,0
-35,-5,10,-0.0962751,0,0,0,0,0
-35,-2.5,10,-0.0481044,0,0,0,0,0
-35,0,10,0,0,0,0,0,0
-35,2.5,10,0.0481044,0,0,0,0,0
-35,5,10,0.0962751,0,0,0,0,0
-35,7.5,10,0.144514,0,0,0,0,0
-35,10,10,0.192716,0,0,0,0,0
-35,12.5,10,0.240651,0,0,0,0,0
-35,15,10,0.287988,0,0,0,0,0
-35,17.5,10,0.334332,0,0,0,0,0
-35,20,10,0.379275,0,0,0,0,0
-35,22.5,10,0.422444,0,0,0,0,0
-35,25,10,0.463528,0,0,0,0,0
-35,27.5,10,0.502302,0,0,0,0,0
-35,30,10,0.538628,0,0,0,0,0
-35,32.5,10,0.572449,0,0,0,0,0
-35,35,10,0.603776,0,0,0,0,0
-35,37.5,10,0.632674,0,0,0,0,0
-35,40,10,0.659249,0,0,0,0,0
-35,42.5,10,0.68363,0,0,0,0,0
-35,45,10,0.705963,0,0,0,0,0
-35,47.5,10,0.726401,0,0,0,0,0
-35,50,10,0.745095,0,0,0,0,0
-32.5,-50,10,-0.767118,0,0,0,0,0
-32.5,-47.5,10,-0.749053,0,0,0,0,0
-32.5,-45,10,-0.72916,0,0,0,0,0
-32.5,-42.5,10,-0.707256,0,0,0,0,0
-32.5,-40,10,-0.68315,0,0,0,0,0
-32.5,-37.5,10,-0.656654,0,0,0,0,0
-32.5,-35,10,-0.627592,0,0,0,0,0
-32.5,-32.5,10,-0.59581,0,0,0,0,0
-32.5,-30,10,-0.561198,0,0,0,0,0
-32.5,-27.5,10,-0.523711,0,0,0,0,0
-32.5,-25,10,-0.483389,0,0,0,0,0
-32.5,-22.5,10,-0.440383,0,0,0,0,0
-32.5,-20,10,-0.394968,0,0,0,0,0
-32.5,-17.5,10,-0.347547,0,0,0,0,0
-32.5,-15,10,-0.298627,0,0,0,0,0
-32.5,-12.5,10,-0.248775,0,0,0,0,0
-32.5,-10,10,-0.198544,0,0,0,0,0
-32.5,-7.5,10,-0.148384,0,0,0,0,0
-32.5,-5,10,-0.0985691,0,0,0,0,0
-32.5,-2.5,10,-0.0491548,0,0,0,0,0
-32.5,0,10,0,0,0,0,0,0
-32.5,2.5,10,0.0491548,0,0,0,0,0
-32.5,5,10,0.0985691,0,0,0,0,0
-32.5,7.5,10,0.148384,0,0,0,0,0
-32.5,10,10,0.198544,0,0,0,0,0
-32.5,12.5,10,0.248775,0,0,0,0,0
-32.5,15,10,0.298627,0,0,0,0,0
-32.5,17.5,10,0.347547,0,0,0,0,0
-32.5,20,10,0.394968,0,0,0,0,0
-32.5,22.5,10,0.440383,0,0,0,0,0
-32.5,25,10,0.483389,0,0,0,0,0
-32.5,27.5,10,0.523711,0,0,0,0,0
-32.5,30,10,0.561198,0,0,0,0,0
-32.5,32.5,10,0.59581,0,0,0,0,0
-32.5,35,10,0.627592,0,0,0,0,0
-32.5,37.5,10,0.656654,0,0,0,0,0
-32.5,40,10,0.68315,0,0,0,0,0
-32.5,42.5,10,0.707256,0,0,0,0,0
-32.5,45,10,0.72916,0,0,0,0,0
-32.5,47.5,10,0.749053,0,0,0,0,0
-32.5,50,10,0.767118,0,0,0,0,0
-30,-50,10,-0.789223,0,0,0,0,0
-30,-47.5,10,-0.771888,0,0,0,0,0
-30,-45,10,-0.752646,0,0,0,0,0
-30,-42.5,10,-0.731277,0,0,0,0,0
-30,-40,10,-0.707546,0,0,0,0,0
-30,-37.5,10,-0.681212,0,0,0,0,0
-30,-35,10,-0.652036,0,0,0,0,0
-30,-32.5,10,-0.619802,0,0,0,0,0
-30,-30,10,-0.584335,0,0,0,0,0
-30,-27.5,10,-0.545532,0,0,0,0,0
-30,-25,10,-0.503403,0,0,0,0,0
-30,-22.5,10,-0.458102,0,0,0,0,0
-30,-20,10,-0.409968,0,0,0,0,0
-30,-17.5,10,-0.359534,0,0,0,0,0
-30,-15,10,-0.307515,0,0,0,0,0
-30,-12.5,10,-0.254737,0,0,0,0,0
-30,-10,10,-0.202021,0,0,0,0,0
-30,-7.5,10,-0.150029,0,0,0,0,0
-30,-5,10,-0.0991152,0,0,0,0,0
-30,-2.5,10,-0.0492416,0,0,0,0,0
-30,0,10,0,0,0,0,0,0
-30,2.5,10,0.0492416,0,0,0,0,0
-30,5,10,0.0991152,0,0,0,0,0
-30,7.5,10,0.150029,0,0,0,0,0
-30,10,10,0.202021,0,0,0,0,0
-30,12.5,10,0.254737,0,0,0,0,0
-30,15,10,0.307515,0,0,0,0,0
-30,17.5,10,0.359534,0,0,0,0,0
-30,20,10,0.409968,0,0,0,0,0
-30,22.5,10,0.458102,0,0,0,0,0
-30,25,10,0.503403,0,0,0,0,0
-30,27.5,10,0.545532,0,0,0,0,0
-30,30,10,0.584335,0,0,0,0,0
-30,32.5,10,0.619802,0,0,0,0,0
-30,35,10,0.652036,0,0,0,0,0
-30,37.5,10,0.681212,0,0,0,0,0
-30,40,10,0.707546,0,0,0,0,0
-30,42.5,10,0.731277,0,0,0,0,0
-30,45,10,0.752646,0,0,0,0,0
-30,47.5,10,0.771888,0,0,0,0,0
-30,50,10,0.789223,0,0,0,0,0
-27.5,-50,10,-0.81121,0,0,0,0,0
-27.5,-47.5,10,-0.7947,0,0,0,0,0
-27.5,-45,10,-0.776211,0,0,0,0,0
-27.5,-42.5,10,-0.75548,0,0,0,0,0
-27.5,-40,10,-0.73222,0,0,0,0,0
-27.5,-37.5,10,-0.706123,0,0,0,0,0
-27.5,-35,10,-0.676873,0,0,0,0,0
-27.5,-32.5,10,-0.644165,0,0,0,0,0
-27.5,-30,10,-0.607728,0,0,0,0,0
-27.5,-27.5,10,-0.567372,0,0,0,0,0
-27.5,-25,10,-0.52304,0,0,0,0,0
-27.5,-22.5,10,-0.474874,0,0,0,0,0
-27.5,-20,10,-0.42328,0,0,0,0,0
-27.5,-17.5,10,-0.368978,0,0,0,0,0
-27.5,-15,10,-0.312998,0,0,0,0,0
-27.5,-12.5,10,-0.2566,0,0,0,0,0
-27.5,-10,10,-0.201079,0,0,0,0,0
-27.5,-7.5,10,-0.147496,0,0,0,0,0
-27.5,-5,10,-0.0963749,0,0,0,0,0
-27.5,-2.5,10,-0.047513,0,0,0,0,0
-27.5,0,10,0,0,0,0,0,0
-27.5,2.5,10,0.047513,0,0,0,0,0
-27.5,5,10,0.0963749,0,0,0,0,0
-27.5,7.5,10,0.147496,0,0,0,0,0
-27.5,10,10,0.201079,0,0,0,0,0
-27.5,12.5,10,0.2566,0,0,0,0,0
-27.5,15,10,0.312998,0,0,0,0,0
-27.5,17.5,10,0.368978,0,0,0,0,0
-27.5,20,10,0.42328,0,0,0,0,0
-27.5,22.5,10,0.474874,0,0,0,0,0
-27.5,25,10,0.52304,0,0,0,0,0
-27.5,27.5,10,0.567372,0,0,0,0,0
-27.5,30,10,0.607728,0,0,0,0,0
-27.5,32.5,10,0.644165,0,0,0,0,0
-27.5,35,10,0.676873,0,0,0,0,0
-27.5,37.5,10,0.706123,0,0,0,0,0
-27.5,40,10,0.73222,0,0,0,0,0
-27.5,42.5,10,0.75548,0,0,0,0,0
-27.5,45,10,0.776211,0,0,0,0,0
-27.5,47.5,10,0.7947,0,0,0,0,0
-27.5,50,10,0.81121,0,0,0,0,0
-25,-50,10,-0.832844,0,0,0,0,0
-25,-47.5,10,-0.817243,0,0,0,0,0
-25,-45,10,-0.799598,0,0,0,0,0
-25,-42.5,10,-0.779599,0,0,0,0,0
-25,-40,10,-0.756896,0,0,0,0,0
-25,-37.5,10,-0.7311,0,0,0,0,0
-25,-35,10,-0.701796,0,0,0,0,0
-25,-32.5,10,-0.668553,0,0,0,0,0
-25,-30,10,-0.630964,0,0,0,0,0
-25,-27.5,10,-0.588695,0,0,0,0,0
-25,-25,10,-0.541568,0,0,0,0,0
-25,-22.5,10,-0.489661,0,0,0,0,0
-25,-20,10,-0.433439,0,0,0,0,0
-25,-17.5,10,-0.373864,0,0,0,0,0
-25,-15,10,-0.312452,0,0,0,0,0
-25,-12.5,10,-0.251185,0,0,0,0,0
-25,-10,10,-0.192225,0,0,0,0,0
-25,-7.5,10,-0.137405,0,0,0,0,0
-25,-5,10,-0.0876332,0,0,0,0,0
-25,-2.5,10,-0.0424493,0,0,0,0,0
-25,0,10,0,0,0,0,0,0
-25,2.5,10,0.0424493,0,0,0,0,0
-25,5,10,0.0876332,0,0,0,0,0
-25,7.5,10,0.137405,0,0,0,0,0
-25,10,10,0.192225,0,0,0,0,0
-25,12.5,10,0.251185,0,0,0,0,0
-25,15,10,0.312452,0,0,0,0,0
-25,17.5,10,0.373864,0,0,0,0,0
-25,20,10,0.433439,0,0,0,0,0
-25,22.5,10,0.489661,0,0,0,0,0
-25,25,10,0.541568,0,0,0,0,0
-25,27.5,10,0.588695,0,0,0,0,0
-25,30,10,0.630964,0,0,0,0,0
-25,32.5,10,0.668553,0,0,0,0,0
-25,35,10,0.701796,0,0,0,0,0
-25,37.5,10,0.7311,0,0,0,0,0
-25,40,10,0.756896,0,0,0,0,0
-25,42.5,10,0.779599,0,0,0,0,0
-25,45,10,0.799598,0,0,0,0,0
-25,47.5,10,0.817243,0,0,0,0,0
-25,50,10,0.832844,0,0,0,0,0
-22.5,-50,10,-0.853856,0,0,0,0,0
-22.5,-47.5,10,-0.839231,0,0,0,0,0
-22.5,-45,10,-0.822504,0,0,0,0,0
-22.5,-42.5,10,-0.803315,0,0,0,0,0
-22.5,-40,10,-0.781239,0,0,0,0,0
-22.5,-37.5,10,-0.75579,0,0,0,0,0
-22.5,-35,10,-0.72642,0,0,0,0,0
-22.5,-32.5,10,-0.692534,0,0,0,0,0
-22.5,-30,10,-0.653522,0,0,0,0,0
-22.5,-27.5,10,-0.608823,0,0,0,0,0
-22.5,-25,10,-0.558033,0,0,0,0,0
-22.5,-22.5,10,-0.501067,0,0,0,0,0
-22.5,-20,10,-0.438383,0,0,0,0,0
-22.5,-17.5,10,-0.371227,0,0,0,0,0
-22.5,-15,10,-0.30183,0,0,0,0,0
-22.5,-12.5,10,-0.233384,0,0,0,0,0
-22.5,-10,10,-0.169634,0,0,0,0,0
-22.5,-7.5,10,-0.113958,0,0,0,0,0
-22.5,-5,10,-0.0681441,0,0,0,0,0
-22.5,-2.5,10,-0.0313629,0,0,0,0,0
-22.5,0,10,0,0,0,0,0,0
-22.5,2.5,10,0.0313629,0,0,0,0,0
-22.5,5,10,0.0681441,0,0,0,0,0
-22.5,7.5,10,0.113958,0,0,0,0,0
-22.5,10,10,0.169634,0,0,0,0,0
-22.5,12.5,10,0.233384,0,0,0,0,0
-22.5,15,10,0.30183,0,0,0,0,0
-22.5,17.5,10,0.371227,0,0,0,0,0
-22.5,20,10,0.438383,0,0,0,0,0
-22.5,22.5,10,0.501067,0,0,0,0,0
-22.5,25,10,0.558033,0,0,0,0,0
-22.5,27.5,10,0.608823,0,0,0,0,0
-22.5,30,10,0.653522,0,0,0,0,0
-22.5,32.5,10,0.692534,0,0,0,0,0
-22.5,35,10,0.72642,0,0,0,0,0
-22.5,37.5,10,0.75579,0,0,0,0,0
-22.5,40,10,0.781239,0,0,0,0,0
-22.5,42.5,10,0.803315,0,0,0,0,0
-22.5,45,10,0.822504,0,0,0,0,0
-22.5,47.5,10,0.839231,0,0,0,0,0
-22.5,50,10,0.853856,0,0,0,0,0
-20,-50,10,-0.873945,0,0,0,0,0
-20,-47.5,10,-0.860339,0,0,0,0,0
-20,-45,10,-0.844583,0,0,0,0,0
-20,-42.5,10,-0.826258,0,0,0,0,0
-20,-40,10,-0.804856,0,0,0,0,0
-20,-37.5,10,-0.779773,0,0,0,0,0
-20,-35,10,-0.750294,0,0,0,0,0
-20,-32.5,10,-0.7156,0,0,0,0,0
-20,-30,10,-0.674793,0,0,0,0,0
-20,-27.5,10,-0.626956,0,0,0,0,0
-20,-25,10,-0.571287,0,0,0,0,0
-20,-22.5,10,-0.50734,0,0,0,0,0
-20,-20,10,-0.435388,0,0,0,0,0
-20,-17.5,10,-0.356923,0,0,0,0,0
-20,-15,10,-0.275162,0,0,0,0,0
-20,-12.5,10,-0.195282,0,0,0,0,0
-20,-10,10,-0.12392,0,0,0,0,0
-20,-7.5,10,-0.0675422,0,0,0,0,0
-20,-5,10,-0.0298949,0,0,0,0,0
-20,-2.5,10,-0.00967757,0,0,0,0,0
-20,0,10,0,0,0,0,0,0
-20,2.5,10,0.00967757,0,0,0,0,0
-20,5,10,0.0298949,0,0,0,0,0
-20,7.5,10,0.0675422,0,0,0,0,0
-20,10,10,0.12392,0,0,0,0,0
-20,12.5,10,0.195282,0,0,0,0,0
-20,15,10,0.275162,0,0,0,0,0
-20,17.5,10,0.356923,0,0,0,0,0
-20,20,10,0.435388,0,0,0,0,0
-20,22.5,10,0.50734,0,0,0,0,0
-20,25,10,0.571287,0,0,0,0,0
-20,27.5,10,0.626956,0,0,0,0,0
-20,30,10,0.674793,0,0,0,0,0
-20,32.5,10,0.7156,0,0,0,0,0
-20,35,10,0.750294,0,0,0,0,0
-20,37.5,10,0.779773,0,0,0,0,0
-20,40,10,0.804856,0,0,0,0,0
-20,42.5,10,0.826258,0,0,0,0,0
-20,45,10,0.844583,0,0,0,0,0
-20,47.5,10,0.860339,0,0,0,0,0
-20,50,10,0.873945,0,0,0,0,0
-17.5,-50,10,-0.892789,0,0,0,0,0
-17.5,-47.5,10,-0.880214,0,0,0,0,0
-17.5,-45,10,-0.86545,0,0,0,0,0
-17.5,-42.5,10,-0.848015,0,0,0,0,0
-17.5,-40,10,-0.827306,0,0,0,0,0
-17.5,-37.5,10,-0.802578,0,0,0,0,0
-17.5,-35,10,-0.772912,0,0,0,0,0
-17.5,-32.5,10,-0.737197,0,0,0,0,0
-17.5,-30,10,-0.694129,0,0,0,0,0
-17.5,-27.5,10,-0.642253,0,0,0,0,0
-17.5,-25,10,-0.580104,0,0,0,0,0
-17.5,-22.5,10,-0.506517,0,0,0,0,0
-17.5,-20,10,-0.421197,0,0,0,0,0
-17.5,-17.5,10,-0.32563,0,0,0,0,0
-17.5,-15,10,-0.224259,0,0,0,0,0
-17.5,-12.5,10,-0.125417,0,0,0,0,0
-17.5,-10,10,-0.0409872,0,0,0,0,0
-17.5,-7.5,10,0.0165036,0,0,-0,0,0
-17.5,-5,10,0.0392871,0,0,-0,0,0
-17.5,-2.5,10,0.029473,0,0,-0,0,0
-17.5,0,10,-0,0,0,-0,0,0
-17.5,2.5,10,-0.029473,0,0,-0,0,0
-17.5,5,10,-0.0392871,0,0,-0,0,0
-17.5,7.5,10,-0.0165036,0,0,-0,0,0
-17.5,10,10,0.0409872,0,0,0,0,0
-17.5,12.5,10,0.125417,0,0,0,0,0
-17.5,15,10,0.224259,0,0,0,0,0
-17.5,17.5,10,0.32563,0,0,0,0,0
-17.5,20,10,0.421197,0,0,0,0,0
-17.5,22.5,10,0.506517,0,0,0,0,0
-17.5,25,10,0.580104,0,0,0,0,0
-17.5,27.5,10,0.642253,0,0,0,0,0
-17.5,30,10,0.694129,0,0,0,0,0
-17.5,32.5,10,0.737197,0,0,0,0,0
-17.5,35,10,0.772912,0,0,0,0,0
-17.5,37.5,10,0.802578,0,0,0,0,0
-17.5,40,10,0.827306,0,0,0,0,0
-17.5,42.5,10,0.848015,0,0,0,0,0
-17.5,45,10,0.86545,0,0,0,0,0
-17.5,47.5,10,0.880214,0,0,0,0,0
-17.5,50,10,0.892789,0,0,0,0,0
-15,-50,10,-0.910049,0,0,0,0,0
-15,-47.5,10,-0.898484,0,0,0,0,0
-15,-45,10,-0.884697,0,0,0,0,0
-15,-42.5,10,-0.868141,0,0,0,0,0
-15,-40,10,-0.84811,0,0,0,0,0
-15,-37.5,10,-0.823699,0,0,0,0,0
-15,-35,10,-0.793744,0,0,0,0,0
-15,-32.5,10,-0.756766,0,0,0,0,0
-15,-30,10,-0.710917,0,0,0,0,0
-15,-27.5,10,-0.65397,0,0,0,0,0
-15,-25,10,-0.583416,0,0,0,0,0
-15,-22.5,10,-0.496802,0,0,0,0,0
-15,-20,10,-0.392542,0,0,0,0,0
-15,-17.5,10,-0.271476,0,0,0,0,0
-15,-15,10,-0.139319,0,0,0,0,0
-15,-12.5,10,-0.00935202,0,0,0,0,0
-15,-10,10,0.0970138,0,0,-0,0,0
-15,-7.5,10,0.155664,0,0,-0,0,0
-15,-5,10,0.152069,0,0,-0,0,0
-15,-2.5,10,0.092074,0,0,-0,0,0
-15,0,10,-0,0,0,-0,0,0
-15,2.5,10,-0.092074,0,0,-0,0,0
-15,5,10,-0.152069,0,0,-0,0,0
-15,7.5,10,-0.155664,0,0,-0,0,0
-15,10,10,-0.0970138,0,0,-0,0,0
-15,12.5,10,0.00935202,0,0,0,0,0
-15,15,10,0.139319,0,0,0,0,0
-15,17.5,10,0.271476,0,0,0,0,0
-15,20,10,0.392542,0,0,0,0,0
-15,22.5,10,0.496802,0,0,0,0,0
-15,25,10,0.583416,0,0,0,0,0
-15,27.5,10,0.65397,0,0,0,0,0
-15,30,10,0.710917,0,0,0,0,0
-15,32.5,10,0.756766,0,0,0,0,0
-15,35,10,0.793744,0,0,0,0,0
-15,37.5,10,0.823699,0,0,0,0,0
-15,40,10,0.84811,0,0,0,0,0
-15,42.5,10,0.868141,0,0,0,0,0
-15,45,10,0.884697,0,0,0,0,0
-15,47.5,10,0.898484,0,0,0,0,0
-15,50,10,0.910049,0,0,0,0,0
-12.5,-50,10,-0.925383,0,0,0,0,0
-12.5,-47.5,10,-0.914766,0,0,0,0,0
-12.5,-45,10,-0.901903,0,0,0,0,0
-12.5,-42.5,10,-0.886177,0,0,0,0,0
-12.5,-40,10,-0.866778,0,0,0,0,0
-12.5,-37.5,10,-0.842623,0,0,0,0,0
-12.5,-35,10,-0.812272,0,0,0,0,0
-12.5,-32.5,10,-0.773805,0,0,0,0,0
-12.5,-30,10,-0.724691,0,0,0,0,0
-12.5,-27.5,10,-0.661664,0,0,0,0,0
-12.5,-25,10,-0.580692,0,0,0,0,0
-12.5,-22.5,10,-0.477249,0,0,0,0,0
-12.5,-20,10,-0.347322,0,0,0,0,0
-12.5,-17.5,10,-0.189885,0,0,0,0,0
-12.5,-15,10,-0.0117218,0,0,0,0,0
-12.5,-12.5,10,0.165792,0,0,-0,0,0
-12.5,-10,10,0.303006,0,0,-0,0,0
-12.5,-7.5,10,0.353592,0,0,-0,0,0
-12.5,-5,10,0.297378,0,0,-0,0,0
-12.5,-2.5,10,0.163327,0,0,-0,0,0
-12.5,0,10,-0,0,0,-0,0,0
-12.5,2.5,10,-0.163327,0,0,-0,0,0
-12.5,5,10,-0.297378,0,0,-0,0,0
-12.5,7.5,10,-0.353592,0,0,-0,0,0
-12.5,10,10,-0.303006,0,0,-0,0,0
-12.5,12.5,10,-0.165792,0,0,-0,0,0
-12.5,15,10,0.0117218,0,0,0,0,0
-12.5,17.5,10,0.189885,0,0,0,0,0
-12.5,20,10,0.347322,0,0,0,0,0
-12.5,22.5,10,0.477249,0,0,0,0,0
-12.5,25,10,0.580692,0,0,0,0,0
-12.5,27.5,10,0.661664,0,0,0,0,0
-12.5,30,10,0.724691,0,0,0,0,0
-12.5,32.5,10,0.773805,0,0,0,0,0
-12.5,35,10,0.812272,0,0,0,0,0
-12.5,37.5,10,0.842623,0,0,0,0,0
-12.5,40,10,0.866778,0,0,0,0,0
-12.5,42.5,10,0.886177,0,0,0,0,0
-12.5,45,10,0.901903,0,0,0,0,0
-12.5,47.5,10,0.914766,0,0,0,0,0
-12.5,50,10,0.925383,0,0,0,0,0
-10,-50,10,-0.938463,0,0,0,0,0
-10,-47.5,10,-0.928694,0,0,0,0,0
-10,-45,10,-0.916657,0,0,0,0,0
-10,-42.5,10,-0.901677,0,0,0,0,0
-10,-40,10,-0.882831,0,0,0,0,0
-10,-37.5,10,-0.858861,0,0,0,0,0
-10,-35,10,-0.828029,0,0,0,0,0
-10,-32.5,10,-0.78793,0,0,0,0,0
-10,-30,10,-0.735238,0,0,0,0,0
-10,-27.5,10,-0.665406,0,0,0,0,0
-10,-25,10,-0.572396,0,0,0,0,0
-10,-22.5,10,-0.448718,0,0,0,0,0
-10,-20,10,-0.286479,0,0,0,0,0
-10,-17.5,10,-0.0810821,0,0,0,0,0
-10,-15,10,0.159682,0,0,-0,0,0
-10,-12.5,10,0.399372,0,0,-0,0,0
-10,-10,10,0.559261,0,0,-0,0,0
-10,-7.5,10,0.546599,0,0,-0,0,0
-10,-5,10,0.359387,0,0,-0,0,0
-10,-2.5,10,0.141432,0,0,-0,0,0
-10,0,10,-0,0,0,-0,0,0
-10,2.5,10,-0.141432,0,0,-0,0,0
-10,5,10,-0.359387,0,0,-0,0,0
-10,7.5,10,-0.546599,0,0,-0,0,0
-10,10,10,-0.559261,0,0,-0,0,0
-10,12.5,10,-0.399372,0,0,-0,0,0
-10,15,10,-0.159682,0,0,-0,0,0
-10,17.5,10,0.0810821,0,0,0,0,0
-10,20,10,0.286479,0,0,0,0,0
-10,22.5,10,0.448718,0,0,0,0,0
-10,25,10,0.572396,0,0,0,0,0
-10,27.5,10,0.665406,0,0,0,0,0
-10,30,10,0.735238,0,0,0,0,0
-10,32.5,10,0.78793,0,0,0,0,0
-10,35,10,0.828029,0,0,0,0,0
-10,37.5,10,0.858861,0,0,0,0,0
-10,40,10,0.882831,0,0,0,0,0
-10,42.5,10,0.901677,0,0,0,0,0
-10,45,10,0.916657,0,0,0,0,0
-10,47.5,10,0.928694,0,0,0,0,0
-10,50,10,0.938463,0,0,0,0,0
-7.5,-50,10,-0.948988,0,0,0,0,0
-7.5,-47.5,10,-0.939927,0,0,0,0,0
-7.5,-45,10,-0.928583,0,0,0,0,0
-7.5,-42.5,10,-0.914223,0,0,0,0,0
-7.5,-40,10,-0.895829,0,0,0,0,0
-7.5,-37.5,10,-0.871975,0,0,0,0,0
-7.5,-35,10,-0.840634,0,0,0,0,0
-7.5,-32.5,10,-0.798915,0,0,0,0,0
-7.5,-30,10,-0.74266,0,0,0,0,0
-7.5,-27.5,10,-0.665921,0,0,0,0,0
-7.5,-25,10,-0.560337,0,0,0,0,0
-7.5,-22.5,10,-0.414742,0,0,0,0,0
-7.5,-20,10,-0.216056,0,0,0,0,0
-7.5,-17.5,10,0.0454866,0,0,-0,0,0
-7.5,-15,10,0.359866,0,0,-0,0,0
-7.5,-12.5,10,0.660234,0,0,-0,0,0
-7.5,-10,10,0.77977,0,0,-0,0,0
-7.5,-7.5,10,0.52371,0,0,-0,0,0
-7.5,-5,10,0.0219416,0,0,-0,0,0
-7.5,-2.5,10,-0.18806,0,0,0,0,0
-7.5,0,10,0,0,0,0,0,0
-7.5,2.5,10,0.18806,0,0,0,0,0
-7.5,5,10,-0.0219416,0,0,-0,0,0
-7.5,7.5,10,-0.52371,0,0,-0,0,0
-7.5,10,10,-0.77977,0,0,-0,0,0
-7.5,12.5,10,-0.660234,0,0,-0,0,0
-7.5,15,10,-0.359866,0,0,-0,0,0
-7.5,17.5,10,-0.0454866,0,0,-0,0,0
-7.5,20,10,0.216056,0,0,0,0,0
-7.5,22.5,10,0.414742,0,0,0,0,0
-7.5,25,10,0.560337,0,0,0,0,0
-7.5,27.5,10,0.665921,0,0,0,0,0
-7.5,30,10,0.74266,0,0,0,0,0
-7.5,32.5,10,0.798915,0,0,0,0,0
-7.5,35,10,0.840634,0,0,0,0,0
-7.5,37.5,10,0.871975,0,0,0,0,0
-7.5,40,10,0.895829,0,0,0,0,0
-7.5,42.5,10,0.914223,0,0,0,0,0
-7.5,45,10,0.928583,0,0,0,0,0
-7.5,47.5,10,0.939927,0,0,0,0,0
-7.5,50,10,0.948988,0,0,0,0,0
-5,-50,10,-0.956704,0,0,0,0,0
-5,-47.5,10,-0.948175,0,0,0,0,0
-5,-45,10,-0.937354,0,0,0,0,0
-5,-42.5,10,-0.923461,0,0,0,0,0
-5,-40,10,-0.9054,0,0,0,0,0
-5,-37.5,10,-0.881605,0,0,0,0,0
-5,-35,10,-0.849809,0,0,0,0,0
-5,-32.5,10,-0.806692,0,0,0,0,0
-5,-30,10,-0.747351,0,0,0,0,0
-5,-27.5,10,-0.664531,0,0,0,0,0
-5,-25,10,-0.547609,0,0,0,0,0
-5,-22.5,10,-0.381652,0,0,0,0,0
-5,-20,10,-0.147983,0,0,0,0,0
-5,-17.5,10,0.168802,0,0,-0,0,0
-5,-15,10,0.553441,0,0,-0,0,0
-5,-12.5,10,0.885516,0,0,-0,0,0
-5,-10,10,0.830835,0,0,-0,0,0
-5,-7.5,10,0.0361151,0,0,-0,0,0
-5,-5,10,-0.759731,0,0,0,0,0
-5,-2.5,10,-0.307065,0,0,0,0,0
-5,0,10,0,0,0,0,0,0
-5,2.5,10,0.307065,0,0,0,0,0
-5,5,10,0.759731,0,0,0,0,0
-5,7.5,10,-0.0361151,0,0,-0,0,0
-5,10,10,-0.830835,0,0,-0,0,0
-5,12.5,10,-0.885516,0,0,-0,0,0
-5,15,10,-0.553441,0,0,-0,0,0
-5,17.5,10,-0.168802,0,0,-0,0,0
-5,20,10,0.147983,0,0,0,0,0
-5,22.5,10,0.381652,0,0,0,0,0
-5,25,10,0.547609,0,0,0,0,0
-5,27.5,10,0.664531,0,0,0,0,0
-5,30,10,0.747351,0,0,0,0,0
-5,32.5,10,0.806692,0,0,0,0,0
-5,35,10,0.849809,0,0,0,0,0
-5,37.5,10,0.881605,0,0,0,0,0
-5,40,10,0.9054,0,0,0,0,0
-5,42.5,10,0.923461,0,0,0,0,0
-5,45,10,0.937354,0,0,0,0,0
-5,47.5,10,0.948175,0,0,0,0,0
-5,50,10,0.956704,0,0,0,0,0
-2.5,-50,10,-0.961415,0,0,0,0,0
-2.5,-47.5,10,-0.953218,0,0,0,0,0
-2.5,-45,10,-0.942721,0,0,0,0,0
-2.5,-42.5,10,-0.929118,0,0,0,0,0
-2.5,-40,10,-0.911261,0,0,0,0,0
-2.5,-37.5,10,-0.88749,0,0,0,0,0
-2.5,-35,10,-0.855375,0,0,0,0,0
-2.5,-32.5,10,-0.811304,0,0,0,0,0
-2.5,-30,10,-0.749851,0,0,0,0,0
-2.5,-27.5,10,-0.662817,0,0,0,0,0
-2.5,-25,10,-0.537899,0,0,0,0,0
-2.5,-22.5,10,-0.357279,0,0,0,0,0
-2.5,-20,10,-0.0978441,0,0,0,0,0
-2.5,-17.5,10,0.260154,0,0,-0,0,0
-2.5,-15,10,0.694259,0,0,-0,0,0
-2.5,-12.5,10,1.02061,0,0,-0,0,0
-2.5,-10,10,0.700107,0,0,-0,0,0
-2.5,-7.5,10,-0.684428,0,0,0,0,0
-2.5,-5,10,-0.709876,0,0,0,0,0
-2.5,-2.5,10,1.25587,0,0,-0,0,0
-2.5,0,10,-0,0,0,-0,0,0
-2.5,2.5,10,-1.25587,0,0,-0,0,0
-2.5,5,10,0.709876,0,0,0,0,0
-2.5,7.5,10,0.684428,0,0,0,0,0
-2.5,10,10,-0.700107,0,0,-0,0,0
-2.5,12.5,10,-1.02061,0,0,-0,0,0
-2.5,15,10,-0.694259,0,0,-0,0,0
-2.5,17.5,10,-0.260154,0,0,-0,0,0
-2.5,20,10,0.0978441,0,0,0,0,0
-2.5,22.5,10,0.357279,0,0,0,0,0
-2.5,25,10,0.537899,0,0,0,0,0
-2.5,27.5,10,0.662817,0,0,0,0,0
-2.5,30,10,0.749851,0,0,0,0,0
-2.5,32.5,10,0.811304,0,0,0,0,0
-2.5,35,10,0.855375,0,0,0,0,0
-2.5,37.5,10,0.88749,0,0,0,0,0
-2.5,40,10,0.911261,0,0,0,0,0
-2.5,42.5,10,0.929118,0,0,0,0,0
-2.5,45,10,0.942721,0,0,0,0,0
-2.5,47.5,10,0.953218,0,0,0,0,0
-2.5,50,10,0.961415,0,0,0,0,0
0,-50,10,-0.963,0,0,0,0,0
0,-47.5,10,-0.954914,0,0,0,0,0
0,-45,10,-0.944528,0,0,0,0,0
0,-42.5,10,-0.931024,0,0,0,0,0
0,-40,10,-0.913235,0,0,0,0,0
0,-37.5,10,-0.88947,0,0,0,0,0
0,-35,10,-0.85724,0,0,0,0,0
0,-32.5,10,-0.81283,0,0,0,0,0
0,-30,10,-0.750623,0,0,0,0,0
0,-27.5,10,-0.662077,0,0,0,0,0
0,-25,10,-0.534266,0,0,0,0,0
0,-22.5,10,-0.348278,0,0,0,0,0
0,-20,10,-0.0793039,0,0,0,0,0
0,-17.5,10,0.29402,0,0,-0,0,0
0,-15,10,0.745612,0,0,-0,0,0
0,-12.5,10,1.0613,0,0,-0,0,0
0,-10,10,0.60386,0,0,-0,0,0
0,-7.5,10,-1,0,0,0,0,0
0,-5,10,-0.0605744,0,0,0,0,0
0,-2.5,10,0.761765,0,0,-0,0,0
0,0,10,9,0,0,0,0,0
0,2.5,10,-0.761765,0,0,-0,0,0
0,5,10,0.0605744,0,0,0,0,0
0,7.5,10,1,0,0,0,0,0
0,10,10,-0.60386,0,0,-0,0,0
0,12.5,10,-1.0613,0,0,-0,0,0
0,15,10,-0.745612,0,0,-0,0,0
0,17.5,10,-0.29402,0,0,-0,0,0
0,20,10,0.0793039,0,0,0,0,0
0,22.5,10,0.348278,0,0,0,0,0
0,25,10,0.534266,0,0,0,0,0
0,27.5,10,0.662077,0,0,0,0,0
0,30,10,0.750623,0,0,0,0,0
0,32.5,10,0.81283,0,0,0,0,0
0,35,10,0.85724,0,0,0,0,0
0,37.5,10,0.88947,0,0,0,0,0
0,40,10,0.913235,0,0,0,0,0
0,42.5,10,0.931024,0,0,0,0,0
0,45,10,0.944528,0,0,0,0,0
0,47.5,10,0.954914,0,0,0,0,0
0,50,10,0.963,0,0,0,0,0
2.5,-50,10,-0.961415,0,0,0,0,0
2.5,-47.5,10,-0.953218,0,0,0,0,0
2.5,-45,10,-0.942721,0,0,0,0,0
2.5,-42.5,10,-0.929118,0,0,0,0,0
2.5,-40,10,-0.911261,0,0,0,0,0
2.5,-37.5,10,-0.88749,0,0,0,0,0
2.5,-35,10,-0.855375,0,0,0,0,0
2.5,-32.5,10,-0.811304,0,0,0,0,0
2.5,-30,10,-0.749851,0,0,0,0,0
2.5,-27.5,10,-0.662817,0,0,0,0,0
2.5,-25,10,-0.537899,0,0,0,0,0
2.5,-22.5,10,-0.357279,0,0,0,0,0
2.5,-20,10,-0.0978441,0,0,0,0,0
2.5,-17.5,10,0.260154,0,0,-0,0,0
2.5,-15,10,0.694259,0,0,-0,0,0
2.5,-12.5,10,1.02061,0,0,-0,0,0
2.5,-10,10,0.700107,0,0,-0,0,0
2.5,-7.5,10,-0.684428,0,0,0,0,0
2.5,-5,10,-0.709876,0,0,0,0,0
2.5,-2.5,10,1.25587,0,0,-0,0,0
2.5,0,10,0,0,0,0,0,0
2.5,2.5,10,-1.25587,0,0,-0,0,0
2.5,5,10,0.709876,0,0,0,0,0
2.5,7.5,10,0.684428,0,0,0,0,0
2.5,10,10,-0.700107,0,0,-0,0,0
2.5,12.5,10,-1.02061,0,0,-0,0,0
2.5,15,10,-0.694259,0,0,-0,0,0
2.5,17.5,10,-0.260154,0,0,-0,0,0
2.5,20,10,0.0978441,0,0,0,0,0
2.5,22.5,10,0.357279,0,0,0,0,0
2.5,25,10,0.537899,0,0,0,0,0
2.5,27.5,10,0.662817,0,0,0,0,0
2.5,30,10,0.749851,0,0,0,0,0
2.5,32.5,10,0.811304,0,0,0,0,0
2.5,35,10,0.855375,0,0,0,0,0
2.5,37.5,10,0.88749,0,0,0,0,0
2.5,40,10,0.911261,0,0,0,0,0
2.5,42.5,10,0.929118,0,0,0,0,0
2.5,45,10,0.942721,0,0,0,0,0
2.5,47.5,10,0.953218,0,0,0,0,0
2.5,50,10,0.961415,0,0,0,0,0
5,-50,10,-0.956704,0,0,0,0,0
5,-47.5,10,-0.948175,0,0,0,0,0
5,-45,10,-0.937354,0,0,0,0,0
5,-42.5,10,-0.923461,0,0,0,0,0
5,-40,10,-0.9054,0,0,0,0,0
5,-37.5,10,-0.881605,0,0,0,0,0
5,-35,10,-0.849809,0,0,0,0,0
5,-32.5,10,-0.806692,0,0,0,0,0
5,-30,10,-0.747351,0,0,0,0,0
5,-27.5,10,-0.664531,0,0,0,0,0
5,-25,10,-0.547609,0,0,0,0,0
5,-22.5,10,-0.381652,0,0,0,0,0
5,-20,10,-0.147983,0,0,0,0,0
5,-17.5,10,0.168802,0,0,-0,0,0
5,-15,10,0.553441,0,0,-0,0,0
5,-12.5,10,0.885516,0,0,-0,0,0
5,-10,10,0.830835,0,0,-0,0,0
5,-7.5,10,0.0361151,0,0,-0,0,0
5,-5,10,-0.759731,0,0,0,0,0
5,-2.5,10,-0.307065,0,0,0,0,0
5,0,10,0,0,0,0,0,0
5,2.5,10,0.307065,0,0,0,0,0
5,5,10,0.759731,0,0,0,0,0
5,7.5,10,-0.0361151,0,0,-0,0,0
5,10,10,-0.830835,0,0,-0,0,0
5,12.5,10,-0.885516,0,0,-0,0,0
5,15,10,-0.553441,0,0,-0,0,0
5,17.5,10,-0.168802,0,0,-0,0,0
5,20,10,0.147983,0,0,0,0,0
5,22.5,10,0.381652,0,0,0,0,0
5,25,10,0.547609,0,0,0,0,0
5,27.5,10,0.664531,0,0,0,0,0
5,30,10,0.747351,0,0,0,0,0
5,32.5,10,0.806692,0,0,0,0,0
5,35,10,0.849809,0,0,0,0,0
5,37.5,10,0.881605,0,0,0,0,0
5,40,10,0.9054,0,0,0,0,0
5,42.5,10,0.923461,0,0,0,0,0
5,45,10,0.937354,0,0,0,0,0
5,47.5,10,0.948175,0,0,0,0,0
5,50,10,0.956704,0,0,0,0,0
7.5,-50,10,-0.948988,0,0,0,0,0
7.5,-47.5,10,-0.939927,0,0,0,0,0
7.5,-45,10,-0.928583,0,0,0,0,0
7.5,-42.5,10,-0.914223,0,0,0,0,0
7.5,-40,10,-0.895829,0,0,0,0,0
7.5,-37.5,10,-0.871975,0,0,0,0,0
7.5,-35,10,-0.840634,0,0,0,0,0
7.5,-32.5,10,-0.798915,0,0,0,0,0
7.5,-30,10,-0.74266,0,0,0,0,0
7.5,-27.5,10,-0.665921,0,0,0,0,0
7.5,-25,10,-0.560337,0,0,0,0,0
7.5,-22.5,10,-0.414742,0,0,0,0,0
7.5,-20,10,-0.216056,0,0,0,0,0
7.5,-17.5,10,0.0454866,0,0,-0,0,0
7.5,-15,10,0.359866,0,0,-0,0,0
7.5,-12.5,10,0.660234,0,0,-0,0,0
7.5,-10,10,0.77977,0,0,-0,0,0
7.5,-7.5,10,0.52371,0,0,-0,0,0
7.5,-5,10,0.0219416,0,0,-0,0,0
7.5,-2.5,10,-0.18806,0,0,0,0,0
7.5,0,10,0,0,0,0,0,0
7.5,2.5,10,0.18806,0,0,0,0,0
7.5,5,10,-0.0219416,0,0,-0,0,0
7.5,7.5,10,-0.52371,0,0,-0,0,0
7.5,10,10,-0.77977,0,0,-0,0,0
7.5,12.5,10,-0.660234,0,0,-0,0,0
7.5,15,10,-0.359866,0,0,-0,0,0
7.5,17.5,10,-0.0454866,0,0,-0,0,0
7.5,20,10,0.216056,0,0,0,0,0
7.5,22.5,10,0.414742,0,0,0,0,0
7.5,25,10,0.560337,0,0,0,0,0
7.5,27.5,10,0.665921,0,0,0,0,0
7.5,30,10,0.74266,0,0,0,0,0
7.5,32.5,10,0.798915,0,0,0,0,0
7.5,35,10,0.840634,0,0,0,0,0
7.5,37.5,10,0.871975,0,0,0,0,0
7.5,40,10,0.895829,0,0,0,0,0
7.5,42.5,10,0.914223,0,0,0,0,0
7.5,45,10,0.928583,0,0,0,0,0
7.5,47.5,10,0.939927,0,0,0,0,0
7.5,50,10,0.948988,0,0,0,0,0
10,-50,10,-0.938463,0,0,0,0,0
10,-47.5,10,-0.928694,0,0,0,0,0
10,-45,10,-0.916657,0,0,0,0,0
10,-42.5,10,-0.901677,0,0,0,0,0
10,-40,10,-0.882831,0,0,0,0,0
10,-37.5,10,-0.858861,0,0,0,0,0
10,-35,10,-0.828029,0,0,0,0,0
10,-32.5,10,-0.78793,0,0,0,0,0
10,-30,10,-0.735238,0,0,0,0,0
10,-27.5,10,-0.665406,0,0,0,0,0
10,-25,10,-0.572396,0,0,0,0,0
10,-22.5,10,-0.448718,0,0,0,0,0
10,-20,10,-0.286479,0,0,0,0,0
10,-17.5,10,-0.0810821,0,0,0,0,0
10,-15,10,0.159682,0,0,-0,0,0
10,-12.5,10,0.399372,0,0,-0,0,0
10,-10,10,0.559261,0,0,-0,0,0
10,-7.5,10,0.546599,0,0,-0,0,0
10,-5,10,0.359387,0,0,-0,0,0
10,-2.5,10,0.141432,0,0,-0,0,0
10,0,10,0,0,0,0,0,0
10,2.5,10,-0.141432,0,0,-0,0,0
10,5,10,-0.359387,0,0,-0,0,0
10,7.5,10,-0.546599,0,0,-0,0,0
10,10,10,-0.559261,0,0,-0,0,0
10,12.5,10,-0.399372,0,0,-0,0,0
10,15,10,-0.159682,0,0,-0,0,0
10,17.5,10,0.0810821,0,0,0,0,0
10,20,10,0.286479,0,0,0,0,0
10,22.5,10,0.448718,0,0,0,0,0
10,25,10,0.572396,0,0,0,0,0
10,27.5,10,0.665406,0,0,0,0,0
10,30,10,0.735238,0,0,0,0,0
10,32.5,10,0.78793,0,0,0,0,0
10,35,10,0.828029,0,0,0,0,0
10,37.5,10,0.858861,0,0,0,0,0
10,40,10,0.882831,0,0,0,0,0
10,42.5,10,0.901677,0,0,0,0,0
10,45,10,0.916657,0,0,0,0,0
10,47.5,10,0.928694,0,0,0,0,0
10,50,10,0.938463,0,0,0,0,0
12.5,-50,10,-0.925383,0,0,0,0,0
12.5,-47.5,10,-0.914766,0,0,0,0,0
12.5,-45,10,-0.901903,0,0,0,0,0
12.5,-42.5,10,-0.886177,0,0,0,0,0
12.5,-40,10,-0.866778,0,0,0,0,0
12.5,-37.5,10,-0.842623,0,0,0,0,0
12.5,-35,10,-0.812272,0,0,0,0,0
12.5,-32.5,10,-0.773805,0,0,0,0,0
12.5,-30,10,-0.724691,0,0,0,0,0
12.5,-27.5,10,-0.661664,0,0,0,0,0
12.5,-25,10,-0.580692,0,0,0,0,0
12.5,-22.5,10,-0.477249,0,0,0,0,0
12.5,-20,10,-0.347322,0,0,0,0,0
12.5,-17.5,10,-0.189885,0,0,0,0,0
12.5,-15,10,-0.0117218,0,0,0,0,0
12.5,-12.5,10,0.165792,0,0,-0,0,0
12.5,-10,10,0.303006,0,0,-0,0,0
12.5,-7.5,10,0.353592,0,0,-0,0,0
12.5,-5,10,0.297378,0,0,-0,0,0
12.5,-2.5,10,0.163327,0,0,-0,0,0
12.5,0,10,0,0,0,0,0,0
12.5,2.5,10,-0.163327,0,0,-0,0,0
12.5,5,10,-0.297378,0,0,-0,0,0
12.5,7.5,10,-0.353592,0,0,-0,0,0
12.5,10,10,-0.303006,0,0,-0,0,0
12.5,12.5,10,-0.165792,0,0,-0,0,0
12.5,15,10,0.0117218,0,0,0,0,0
12.5,17.5,10,0.189885,0,0,0,0,0
12.5,20,10,0.347322,0,0,0,0,0
12.5,22.5,10,0.477249,0,0,0,0,0
12.5,25,10,0.580692,0,0,0,0,0
12.5,27.5,10,0.661664,0,0,0,0,0
12.5,30,10,0.724691,0,0,0,0,0
12.5,32.5,10,0.773805,0,0,0,0,0
12.5,35,10,0.812272,0,0,0,0,0
12.5,37.5,10,0.842623,0,0,0,0,0
12.5,40,10,0.866778,0,0,0,0,0
12.5,42.5,10,0.886177,0,0,0,0,0
12.5,45,10,0.901903,0,0,0,0,0
12.5,47.5,10,0.914766,0,0,0,0,0
12.5,50,10,0.925383,0,0,0,0,0
15,-50,10,-0.910049,0,0,0,0,0
15,-47.5,10,-0.898484,0,0,0,0,0
15,-45,10,-0.884697,0,0,0,0,0
15,-42.5,10,-0.868141,0,0,0,0,0
15,-40,10,-0.84811,0,0,0,0,0
15,-37.5,10,-0.823699,0,0,0,0,0
15,-35,10,-0.793744,0,0,0,0,0
15,-32.5,10,-0.756766,0,0,0,0,0
15,-30,10,-0.710917,0,0,0,0,0
15,-27.5,10,-0.65397,0,0,0,0,0
15,-25,10,-0.583416,0,0,0,0,0
15,-22.5,10,-0.496802,0,0,0,0,0
15,-20,10,-0.392542,0,0,0,0,0
15,-17.5,10,-0.271476,0,0,0,0,0
15,-15,10,-0.139319,0,0,0,0,0
15,-12.5,10,-0.00935202,0,0,0,0,0
15,-10,10,0.0970138,0,0,-0,0,0
15,-7.5,10,0.155664,0,0,-0,0,0
15,-5,10,0.152069,0,0,-0,0,0
15,-2.5,10,0.092074,0,0,-0,0,0
15,0,10,0,0,0,0,0,0
15,2.5,10,-0.092074,0,0,-0,0,0
15,5,10,-0.152069,0,0,-0,0,0
15,7.5,10,-0.155664,0,0,-0,0,0
15,10,10,-0.0970138,0,0,-0,0,0
15,12.5,10,0.00935202,0,0,0,0,0
15,15,10,0.139319,0,0,0,0,0
15,17.5,10,0.271476,0,0,0,0,0
15,20,10,0.392542,0,0,0,0,0
15,22.5,10,0.496802,0,0,0,0,0
15,25,10,0.583416,0,0,0,0,0
15,27.5,10,0.65397,0,0,0,0,0
15,30,10,0.710917,0,0,0,0,0
15,32.5,10,0.756766,0,0,0,0,0
15,35,10,0.793744,0,0,0,0,0
15,37.5,10,0.823699,0,0,0,0,0
15,40,10,0.84811,0,0,0,0,0
15,42.5,10,0.868141,0,0,0,0,0
15,45,10,0.884697,0,0,0,0,0
15,47.5,10,0.898484,0,0,0,0,0
15,50,10,0.910049,0,0,0,0,0
17.5,-50,10,-0.892789,0,0,0,0,0
17.5,-47.5,10,-0.880214,0,0,0,0,0
17.5,-45,10,-0.86545,0,0,0,0,0
17.5,-42.5,10,-0.848015,0,0,0,0,0
17.5,-40,10,-0.827306,0,0,0,0,0
17.5,-37.5,10,-0.802578,0,0,0,0,0
17.5,-35,10,-0.772912,0,0,0,0,0
17.5,-32.5,10,-0.737197,0,0,0,0,0
17.5,-30,10,-0.694129,0,0,0,0,0
17.5,-27.5,10,-0.642253,0,0,0,0,0
17.5,-25,10,-0.580104,0,0,0,0,0
17.5,-22.5,10,-0.506517,0,0,0,0,0
17.5,-20,10,-0.421197,0,0,0,0,0
17.5,-17.5,10,-0.32563,0,0,0,0,0
17.5,-15,10,-0.224259,0,0,0,0,0
17.5,-12.5,10,-0.125417,0,0,0,0,0
17.5,-10,10,-0.0409872,0,0,0,0,0
17.5,-7.5,10,0.0165036,0,0,-0,0,0
17.5,-5,10,0.0392871,0,0,-0,0,0
17.5,-2.5,10,0.029473,0,0,-0,0,0
17.5,0,10,0,0,0,0,0,0
17.5,2.5,10,-0.029473,0,0,-0,0,0
17.5,5,10,-0.0392871,0,0,-0,0,0
17.5,7.5,10,-0.0165036,0,0,-0,0,0
17.5,10,10,0.0409872,0,0,0,0,0
17.5,12.5,10,0.125417,0,0,0,0,0
17.5,15,10,0.224259,0,0,0,0,0
17.5,17.5,10,0.32563,0,0,0,0,0
17.5,20,10,0.421197,0,0,0,0,0
17.5,22.5,10,0.506517,0,0,0,0,0
17.5,25,10,0.580104,0,0,0,0,0
17.5,27.5,10,0.642253,0,0,0,0,0
17.5,30,10,0.694129,0,0,0,0,0
17.5,32.5,10,0.737197,0,0,0,0,0
17.5,35,10,0.772912,0,0,0,0,0
17.5,37.5,10,0.802578,0,0,0,0,0
17.5,40,10,0.827306,0,0,0,0,0
17.5,42.5,10,0.848015,0,0,0,0,0
17.5,45,10,0.86545,0,0,0,0,0
17.5,47.5,10,0.880214,0,0,0,0,0
17.5,50,10,0.892789,0,0,0,0,0
20,-50,10,-0.873945,0,0,0,0,0
20,-47.5,10,-0.860339,0,0,0,0,0
20,-45,10,-0.844583,0,0,0,0,0
20,-42.5,10,-0.826258,0,0,0,0,0
20,-40,10,-0.804856,0,0,0,0,0
20,-37.5,10,-0.779773,0,0,0,0,0
20,-35,10,-0.750294,0,0,0,0,0
20,-32.5,10,-0.7156,0,0,0,0,0
20,-30,10,-0.674793,0,0,0,0,0
20,-27.5,10,-0.626956,0,0,0,0,0
20,-25,10,-0.571287,0,0,0,0,0
20,-22.5,10,-0.50734,0,0,0,0,0
20,-20,10,-0.435388,0,0,0,0,0
20,-17.5,10,-0.356923,0,0,0,0,0
20,-15,10,-0.275162,0,0,0,0,0
20,-12.5,10,-0.195282,0,0,0,0,0
20,-10,10,-0.12392,0,0,0,0,0
20,-7.5,10,-0.0675422,0,0,0,0,0
20,-5,10,-0.0298949,0,0,0,0,0
20,-2.5,10,-0.00967757,0,0,0,0,0
20,0,10,0,0,0,0,0,0
20,2.5,10,0.00967757,0,0,0,0,0
20,5,10,0.0298949,0,0,0,0,0
20,7.5,10,0.0675422,0,0,0,0,0
20,10,10,0.12392,0,0,0,0,0
20,12.5,10,0.195282,0,0,0,0,0
20,15,10,0.275162,0,0,0,0,0
20,17.5,10,0.356923,0,0,0,0,0
20,20,10,0.435388,0,0,0,0,0
20,22.5,10,0.50734,0,0,0,0,0
20,25,10,0.571287,0,0,0,0,0
20,27.5,10,0.626956,0,0,0,0,0
20,30,10,0.674793,0,0,0,0,0
20,32.5,10,0.7156,0,0,0,0,0
20,35,10,0.750294,0,0,0,0,0
20,37.5,10,0.779773,0,0,0,0,0
20,40,10,0.804856,0,0,0,0,0
20,42.5,10,0.826258,0,0,0,0,0
20,45,10,0.844583,0,0,0,0,0
20,47.5,10,0.860339,0,0,0,0,0
20,50,10,0.873945,0,0,0,0,0
22.5,-50,10,-0.853856,0,0,0,0,0
22.5,-47.5,10,-0.839231,0,0,0,0,0
22.5,-45,10,-0.822504,0,0,0,0,0
22.5,-42.5,10,-0.803315,0,0,0,0,0
22.5,-40,10,-0.781239,0,0,0,0,0
22.5,-37.5,10,-0.75579,0,0,0,0,0
22.5,-35,10,-0.72642,0,0,0,0,0
22.5,-32.5,10,-0.692534,0,0,0,0,0
22.5,-30,10,-0.653522,0,0,0,0,0
22.5,-27.5,10,-0.608823,0,0,0,0,0
22.5,-25,10,-0.558033,0,0,0,0,0
22.5,-22.5,10,-0.501067,0,0,0,0,0
22.5,-20,10,-0.438383,0,0,0,0,0
22.5,-17.5,10,-0.371227,0,0,0,0,0
22.5,-15,10,-0.30183,0,0,0,0,0
22.5,-12.5,10,-0.233384,0,0,0,0,0
22.5,-10,10,-0.169634,0,0,0,0,0
22.5,-7.5,10,-0.113958,0,0,0,0,0
22.5,-5,10,-0.0681441,0,0,0,0,0
22.5,-2.5,10,-0.0313629,0,0,0,0,0
22.5,0,10,0,0,0,0,0,0
22.5,2.5,10,0.0313629,0,0,0,0,0
22.5,5,10,0.0681441,0,0,0,0,0
22.5,7.5,10,0.113958,0,0,0,0,0
22.5,10,10,0.169634,0,0,0,0,0
22.5,12.5,10,0.233384,0,0,0,0,0
22.5,15,10,0.30183,0,0,0,0,0
22.5,17.5,10,0.371227,0,0,0,0,0
22.5,20,10,0.438383,0,0,0,0,0
22.5,22.5,10,0.501067,0,0,0,0,0
22.5,25,10,0.558033,0,0,0,0,0
22.5,27.5,10,0.608823,0,0,0,0,0
22.5,30,10,0.653522,0,0,0,0,0
22.5,32.5,10,0.692534,0,0,0,0,0
22.5,35,10,0.72642,0,0,0,0,0
22.5,37.5,10,0.75579,0,0,0,0,0
22.5,40,10,0.781239,0,0,0,0,0
22.5,42.5,10,0.803315,0,0,0,0,0
22.5,45,10,0.822504,0,0,0,0,0
22.5,47.5,10,0.839231,0,0,0,0,0
22.5,50,10,0.853856,0,0,0,0,0
25,-50,10,-0.832844,0,0,0,0,0
25,-47.5,10,-0.817243,0,0,0,0,0
25,-45,10,-0.799598,0,0,0,0,0
25,-42.5,10,-0.779599,0,0,0,0,0
25,-40,10,-0.756896,0,0,0,0,0
25,-37.5,10,-0.7311,0,0,0,0,0
25,-35,10,-0.701796,0,0,0,0,0
25,-32.5,10,-0.668553,0,0,0,0,0
25,-30,10,-0.630964,0,0,0,0,0
25,-27.5,10,-0.588695,0,0,0,0,0
25,-25,10,-0.541568,0,0,0,0,0
25,-22.5,10,-0.489661,0,0,0,0,0
25,-20,10,-0.433439,0,0,0,0,0
25,-17.5,10,-0.373864,0,0,0,0,0
25,-15,10,-0.312452,0,0,0,0,0
25,-12.5,10,-0.251185,0,0,0,0,0
25,-10,10,-0.192225,0,0,0,0,0
25,-7.5,10,-0.137405,0,0,0,0,0
25,-5,10,-0.0876332,0,0,0,0,0
25,-2.5,10,-0.0424493,0,0,0,0,0
25,0,10,0,0,0,0,0,0
25,2.5,10,0.0424493,0,0,0,0,0
25,5,10,0.0876332,0,0,0,0,0
25,7.5,10,0.137405,0,0,0,0,0
25,10,10,0.192225,0,0,0,0,0
25,12.5,10,0.251185,0,0,0,0,0
25,15,10,0.312452,0,0,0,0,0
25,17.5,10,0.373864,0,0,0,0,0
25,20,10,0.433439,0,0,0,0,0
25,22.5,10,0.489661,0,0,0,0,0
25,25,10,0.541568,0,0,0,0,0
25,27.5,10,0.588695,0,0,0,0,0
25,30,10,0.630964,0,0,0,0,0
25,32.5,10,0.668553,0,0,0,0,0
25,35,10,0.701796,0,0,0,0,0
25,37.5,10,0.7311,0,0,0,0,0
25,40,10,0.756896,0,0,0,0,0
25,42.5,10,0.779599,0,0,0,0,0
25,45,10,0.799598,0,0,0,0,0
25,47.5,10,0.817243,0,0,0,0,0
25,50,10,0.832844,0,0,0,0,0
27.5,-50,10,-0.81121,0,0,0,0,0
27.5,-47.5,10,-0.7947,0,0,0,0,0
27.5,-45,10,-0.776211,0,0,0,0,0
27.5,-42.5,10,-0.75548,0,0,0,0,0
27.5,-40,10,-0.73222,0,0,0,0,0
27.5,-37.5,10,-0.706123,0,0,0,0,0
27.5,-35,10,-0.676873,0,0,0,0,0
27.5,-32.5,10,-0.644165,0,0,0,0,0
27.5,-30,10,-0.607728,0,0,0,0,0
27.5,-27.5,10,-0.567372,0,0,0,0,0
27.5,-25,10,-0.52304,0,0,0,0,0
27.5,-22.5,10,-0.474874,0,0,0,0,0
27.5,-20,10,-0.42328,0,0,0,0,0
27.5,-17.5,10,-0.368978,0,0,0,0,0
27.5,-15,10,-0.312998,0,0,0,0,0
27.5,-12.5,10,-0.2566,0,0,0,0,0
27.5,-10,10,-0.201079,0,0,0,0,0
27.5,-7.5,10,-0.147496,0,0,0,0,0
27.5,-5,10,-0.0963749,0,0,0,0,0
27.5,-2.5,10,-0.047513,0,0,0,0,0
27.5,0,10,0,0,0,0,0,0
27.5,2.5,10,0.047513,0,0,0,0,0
27.5,5,10,0.0963749,0,0,0,0,0
27.5,7.5,10,0.147496,0,0,0,0,0
27.5,10,10,0.201079,0,0,0,0,0
27.5,12.5,10,0.2566,0,0,0,0,0
27.5,15,10,0.312998,0,0,0,0,0
27.5,17.5,10,0.368978,0,0,0,0,0
27.5,20,10,0.42328,0,0,0,0,0
27.5,22.5,10,0.474874,0,0,0,0,0
27.5,25,10,0.52304,0,0,0,0,0
27.5,27.5,10,0.567372,0,0,0,0,0
27.5,30,10,0.607728,0,0,0,0,0
27.5,32.5,10,0.644165,0,0,0,0,0
27.5,35,10,0.676873,0,0,0,0,0
27.5,37.5,10,0.706123,0,0,0,0,0
27.5,40,10,0.73222,0,0,0,0,0
27.5,42.5,10,0.75548,0,0,0,0,0
27.5,45,10,0.776211,0,0,0,0,0
27.5,47.5,10,0.7947,0,0,0,0,0
27.5,50,10,0.81121,0,0,0,0,0
30,-50,10,-0.789223,0,0,0,0,0
30,-47.5,10,-0.771888,0,0,0,0,0
30,-45,10,-0.752646,0,0,0,0,0
30,-42.5,10,-0.731277,0,0,0,0,0
30,-40,10,-0.707546,0,0,0,0,0
30,-37.5,10,-0.681212,0,0,0,0,0
30,-35,10,-0.652036,0,0,0,0,0
30,-32.5,10,-0.619802,0,0,0,0,0
30,-30,10,-0.584335,0,0,0,0,0
30,-27.5,10,-0.545532,0,0,0,0,0
30,-25,10,-0.503403,0,0,0,0,0
30,-22.5,10,-0.458102,0,0,0,0,0
30,-20,10,-0.409968,0,0,0,0,0
30,-17.5,10,-0.359534,0,0,0,0,0
30,-15,10,-0.307515,0,0,0,0,0
30,-12.5,10,-0.254737,0,0,0,0,0
30,-10,10,-0.202021,0,0,0,0,0
30,-7.5,10,-0.150029,0,0,0,0,0
30,-5,10,-0.0991152,0,0,0,0,0
30,-2.5,10,-0.0492416,0,0,0,0,0
30,0,10,0,0,0,0,0,0
30,2.5,10,0.0492416,0,0,0,0,0
30,5,10,0.0991152,0,0,0,0,0
30,7.5,10,0.150029,0,0,0,0,0
30,10,10,0.202021,0,0,0,0,0
30,12.5,10,0.254737,0,0,0,0,0
30,15,10,0.307515,0,0,0,0,0
30,17.5,10,0.359534,0,0,0,0,0
30,20,10,0.409968,0,0,0,0,0
30,22.5,10,0.458102,0,0,0,0,0
30,25,10,0.503403,0,0,0,0,0
30,27.5,10,0.545532,0,0,0,0,0
30,30,10,0.584335,0,0,0,0,0
30,32.5,10,0.619802,0,0,0,0,0
30,35,10,0.652036,0,0,0,0,0
30,37.5,10,0.681212,0,0,0,0,0
30,40,10,0.707546,0,0,0,0,0
30,42.5,10,0.731277,0,0,0,0,0
30,45,10,0.752646,0,0,0,0,0
30,47.5,10,0.771888,0,0,0,0,0
30,50,10,0.789223,0,0,0,0,0
32.5,-50,10,-0.767118,0,0,0,0,0
32.5,-47.5,10,-0.749053,0,0,0,0,0
32.5,-45,10,-0.72916,0,0,0,0,0
32.5,-42.5,10,-0.707256,0,0,0,0,0
32.5,-40,10,-0.68315,0,0,0,0,0
32.5,-37.5,10,-0.656654,0,0,0,0,0
32.5,-35,10,-0.627592,0,0,0,0,0
32.5,-32.5,10,-0.59581,0,0,0,0,0
32.5,-30,10,-0.561198,0,0,0,0,0
32.5,-27.5,10,-0.523711,0,0,0,0,0
32.5,-25,10,-0.483389,0,0,0,0,0
32.5,-22.5,10,-0.440383,0,0,0,0,0
32.5,-20,10,-0.394968,0,0,0,0,0
32.5,-17.5,10,-0.347547,0,0,0,0,0
32.5,-15,10,-0.298627,0,0,0,0,0
32.5,-12.5,10,-0.248775,0,0,0,0,0
32.5,-10,10,-0.198544,0,0,0,0,0
32.5,-7.5,10,-0.148384,0,0,0,0,0
32.5,-5,10,-0.0985691,0,0,0,0,0
32.5,-2.5,10,-0.0491548,0,0,0,0,0
32.5,0,10,0,0,0,0,0,0
32.5,2.5,10,0.0491548,0,0,0,0,0
32.5,5,10,0.0985691,0,0,0,0,0
32.5,7.5,10,0.148384,0,0,0,0,0
32.5,10,10,0.198544,0,0,0,0,0
32.5,12.5,10,0.248775,0,0,0,0,0
32.5,15,10,0.298627,0,0,0,0,0
32.5,17.5,10,0.347547,0,0,0,0,0
32.5,20,10,0.394968,0,0,0,0,0
32.5,22.5,10,0.440383,0,0,0,0,0
32.5,25,10,0.483389,0,0,0,0,0
32.5,27.5,10,0.523711,0,0,0,0,0
32.5,30,10,0.561198,0,0,0,0,0
32.5,32.5,10,0.59581,0,0,0,0,0
32.5,35,10,0.627592,0,0,0,0,0
32.5,37.5,10,0.656654,0,0,0,0,0
32.5,40,10,0.68315,0,0,0,0,0
32.5,42.5,10,0.707256,0,0,0,0,0
32.5,45,10,0.72916,0,0,0,0,0
32.5,47.5,10,0.749053,0,0,0,0,0
32.5,50,10,0.767118,0,0,0,0,0
35,-50,10,-0.745095,0,0,0,0,0
35,-47.5,10,-0.726401,0,0,0,0,0
35,-45,10,-0.705963,0,0,0,0,0
35,-42.5,10,-0.68363,0,0,0,0,0
35,-40,10,-0.659249,0,0,0,0,0
35,-37.5,10,-0.632674,0,0,0,0,0
35,-35,10,-0.603776,0,0,0,0,0
35,-32.5,10,-0.572449,0,0,0,0,0
35,-30,10,-0.538628,0,0,0,0,0
35,-27.5,10,-0.502302,0,0,0,0,0
35,-25,10,-0.463528,0,0,0,0,0
35,-22.5,10,-0.422444,0,0,0,0,0
35,-20,10,-0.379275,0,0,0,0,0
35,-17.5,10,-0.334332,0,0,0,0,0
35,-15,10,-0.287988,0,0,0,0,0
35,-12.5,10,-0.240651,0,0,0,0,0
35,-10,10,-0.192716,0,0,0,0,0
35,-7.5,10,-0.144514,0,0,0,0,0
35,-5,10,-0.0962751,0,0,0,0,0
35,-2.5,10,-0.0481044,0,0,0,0,0
35,0,10,0,0,0,0,0,0
35,2.5,10,0.0481044,0,0,0,0,0
35,5,10,0.0962751,0,0,0,0,0
35,7.5,10,0.144514,0,0,0,0,0
35,10,10,0.192716,0,0,0,0,0
35,12.5,10,0.240651,0,0,0,0,0
35,15,10,0.287988,0,0,0,0,0
35,17.5,10,0.334332,0,0,0,0,0
35,20,10,0.379275,0,0,0,0,0
35,22.5,10,0.422444,0,0,0,0,0
35,25,10,0.463528,0,0,0,0,0
35,27.5,10,0.502302,0,0,0,0,0
35,30,10,0.538628,0,0,0,0,0
35,32.5,10,0.572449,0,0,0,0,0
35,35,10,0.603776,0,0,0,0,0
35,37.5,10,0.632674,0,0,0,0,0
35,40,10,0.659249,0,0,0,0,0
35,42.5,10,0.68363,0,0,0,0,0
35,45,10,0.705963,0,0,0,0,0
35,47.5,10,0.726401,0,0,0,0,0
35,50,10,0.745095,0,0,0,0,0
37.5,-50,10,-0.723321,0,0,0,0,0
37.5,-47.5,10,-0.7041,0,0,0,0,0
37.5,-45,10,-0.683222,0,0,0,0,0
37.5,-42.5,10,-0.660565,0,0,0,0,0
37.5,-40,10,-0.636006,0,0,0,0,0
37.5,-37.5,10,-0.609435,0,0,0,0,0
37.5,-35,10,-0.580757,0,0,0,0,0
37.5,-32.5,10,-0.549904,0,0,0,0,0
37.5,-30,10,-0.51684,0,0,0,0,0
37.5,-27.5,10,-0.481576,0,0,0,0,0
37.5,-25,10,-0.444177,0,0,0,0,0
37.5,-22.5,10,-0.404767,0,0,0,0,0
37.5,-20,10,-0.363535,0,0,0,0,0
37.5,-17.5,10,-0.320723,0,0,0,0,0
37.5,-15,10,-0.276618,0,0,0,0,0
37.5,-12.5,10,-0.231527,0,0,0,0,0
37.5,-10,10,-0.185748,0,0,0,0,0
37.5,-7.5,10,-0.139541,0,0,0,0,0
37.5,-5,10,-0.0931048,0,0,0,0,0
37.5,-2.5,10,-0.0465684,0,0,0,0,0
37.5,0,10,0,0,0,0,0,0
37.5,2.5,10,0.0465684,0,0,0,0,0
37.5,5,10,0.0931048,0,0,0,0,0
37.5,7.5,10,0.139541,0,0,0,0,0
37.5,10,10,0.185748,0,0,0,0,0
37.5,12.5,10,0.231527,0,0,0,0,0
37.5,15,10,0.276618,0,0,0,0,0
37.5,17.5,10,0.320723,0,0,0,0,0
37.5,20,10,0.363535,0,0,0,0,0
37.5,22.5,10,0.404767,0,0,0,0,0
37.5,25,10,0.444177,0,0,0,0,0
37.5,27.5,10,0.481576,0,0,0,0,0
37.5,30,10,0.51684,0,0,0,0,0
37.5,32.5,10,0.549904,0,0,0,0,0
37.5,35,10,0.580757,0,0,0,0,0
37.5,37.5,10,0.609435,0,0,0,0,0
37.5,40,10,0.636006,0,0,0,0,0
37.5,42.5,10,0.660565,0,0,0,0,0
37.5,45,10,0.683222,0,0,0,0,0
37.5,47.5,10,0.7041,0,0,0,0,0
37.5,50,10,0.723321,0,0,0,0,0
40,-50,10,-0.70193,0,0,0,0,0
40,-47.5,10,-0.682281,0,0,0,0,0
40,-45,10,-0.661065,0,0,0,0,0
40,-42.5,10,-0.638183,0,0,0,0,0
40,-40,10,-0.613539,0,0,0,0,0
40,-37.5,10,-0.58705,0,0,0,0,0
40,-35,10,-0.558649,0,0,0,0,0
40,-32.5,10,-0.528294,0,0,0,0,0
40,-30,10,-0.495972,0,0,0,0,0
40,-27.5,10,-0.461707,0,0,0,0,0
40,-25,10,-0.425565,0,0,0,0,0
40,-22.5,10,-0.38766,0,0,0,0,0
40,-20,10,-0.34815,0,0,0,0,0
40,-17.5,10,-0.307231,0,0,0,0,0
40,-15,10,-0.265132,0,0,0,0,0
40,-12.5,10,-0.222091,0,0,0,0,0
40,-10,10,-0.178345,0,0,0,0,0
40,-7.5,10,-0.134107,0,0,0,0,0
40,-5,10,-0.0895514,0,0,0,0,0
40,-2.5,10,-0.0448157,0,0,0,0,0
40,0,10,0,0,0,0,0,0
40,2.5,10,0.0448157,0,0,0,0,0
40,5,10,0.0895514,0,0,0,0,0
40,7.5,10,0.134107,0,0,0,0,0
40,10,10,0.178345,0,0,0,0,0
40,12.5,10,0.222091,0,0,0,0,0
40,15,10,0.265132,0,0,0,0,0
40,17.5,10,0.307231,0,0,0,0,0
40,20,10,0.34815,0,0,0,0,0
40,22.5,10,0.38766,0,0,0,0,0
40,25,10,0.425565,0,0,0,0,0
40,27.5,10,0.461707,0,0,0,0,0
40,30,10,0.495972,0,0,0,0,0
40,32.5,10,0.528294,0,0,0,0,0
40,35,10,0.558649,0,0,0,0,0
40,37.5,10,0.58705,0,0,0,0,0
40,40,10,0.613539,0,0,0,0,0
40,42.5,10,0.638183,0,0,0,0,0
40,45,10,0.661065,0,0,0,0,0
40,47.5,10,0.682281,0,0,0,0,0
40,50,10,0.70193,0,0,0,0,0
42.5,-50,10,-0.681027,0,0,0,0,0
42.5,-47.5,10,-0.661044,0,0,0,0,0
42.5,-45,10,-0.639586,0,0,0,0,0
42.5,-42.5,10,-0.616571,0,0,0,0,0
42.5,-40,10,-0.591926,0,0,0,0,0
42.5,-37.5,10,-0.565591,0,0,0,0,0
42.5,-35,10,-0.53752,0,0,0,0,0
42.5,-32.5,10,-0.50769,0,0,0,0,0
42.5,-30,10,-0.476103,0,0,0,0,0
42.5,-27.5,10,-0.442793,0,0,0,0,0
42.5,-25,10,-0.407825,0,0,0,0,0
42.5,-22.5,10,-0.371302,0,0,0,0,0
42.5,-20,10,-0.333358,0,0,0,0,0
42.5,-17.5,10,-0.294159,0,0,0,0,0
42.5,-15,10,-0.253888,0,0,0,0,0
42.5,-12.5,10,-0.212742,0,0,0,0,0
42.5,-10,10,-0.170911,0,0,0,0,0
42.5,-7.5,10,-0.128575,0,0,0,0,0
42.5,-5,10,-0.0858929,0,0,0,0,0
42.5,-2.5,10,-0.0429968,0,0,0,0,0
42.5,0,10,0,0,0,0,0,0
42.5,2.5,10,0.0429968,0,0,0,0,0
42.5,5,10,0.0858929,0,0,0,0,0
42.5,7.5,10,0.128575,0,0,0,0,0
42.5,10,10,0.170911,0,0,0,0,0
42.5,12.5,10,0.212742,0,0,0,0,0
42.5,15,10,0.253888,0,0,0,0,0
42.5,17.5,10,0.294159,0,0,0,0,0
42.5,20,10,0.333358,0,0,0,0,0
42.5,22.5,10,0.371302,0,0,0,0,0
42.5,25,10,0.407825,0,0,0,0,0
42.5,27.5,10,0.442793,0,0,0,0,0
42.5,30,10,0.476103,0,0,0,0,0
42.5,32.5,10,0.50769,0,0,0,0,0
42.5,35,10,0.53752,0,0,0,0,0
42.5,37.5,10,0.565591,0,0,0,0,0
42.5,40,10,0.591926,0,0,0,0,0
42.5,42.5,10,0.616571,0,0,0,0,0
42.5,45,10,0.639586,0,0,0,0,0
42.5,47.5,10,0.661044,0,0,0,0,0
42.5,50,10,0.681027,0,0,0,0,0
45,-50,10,-0.66069,0,0,0,0,0
45,-47.5,10,-0.640462,0,0,0,0,0
45,-45,10,-0.618848,0,0,0,0,0
45,-42.5,10,-0.595784,0,0,0,0,0
45,-40,10,-0.571214,0,0,0,0,0
45,-37.5,10,-0.545096,0,0,0,0,0
45,-35,10,-0.517402,0,0,0,0,0
45,-32.5,10,-0.488121,0,0,0,0,0
45,-30,10,-0.457267,0,0,0,0,0
45,-27.5,10,-0.424878,0,0,0,0,0
45,-25,10,-0.39102,0,0,0,0,0
45,-22.5,10,-0.355784,0,0,0,0,0
45,-20,10,-0.319288,0,0,0,0,0
45,-17.5,10,-0.281671,0,0,0,0,0
45,-15,10,-0.243088,0,0,0,0,0
45,-12.5,10,-0.2037,0,0,0,0,0
45,-10,10,-0.16367,0,0,0,0,0
45,-7.5,10,-0.12315,0,0,0,0,0
45,-5,10,-0.0822835,0,0,0,0,0
45,-2.5,10,-0.0411952,0,0,0,0,0
45,0,10,0,0,0,0,0,0
45,2.5,10,0.0411952,0,0,0,0,0
45,5,10,0.0822835,0,0,0,0,0
45,7.5,10,0.12315,0,0,0,0,0
45,10,10,0.16367,0,0,0,0,0
45,12.5,10,0.2037,0,0,0,0,0
45,15,10,0.243088,0,0,0,0,0
45,17.5,10,0.281671,0,0,0,0,0
45,20,10,0.319288,0,0,0,0,0
45,22.5,10,0.355784,0,0,0,0,0
45,25,10,0.39102,0,0,0,0,0
45,27.5,10,0.424878,0,0,0,0,0
45,30,10,0.457267,0,0,0,0,0
45,32.5,10,0.488121,0,0,0,0,0
45,35,10,0.517402,0,0,0,0,0
45,37.5,10,0.545096,0,0,0,0,0
45,40,10,0.571214,0,0,0,0,0
45,42.5,10,0.595784,0,0,0,0,0
45,45,10,0.618848,0,0,0,0,0
45,47.5,10,0.640462,0,0,0,0,0
45,50,10,0.66069,0,0,0,0,0
47.5,-50,10,-0.640977,0,0,0,0,0
47.5,-47.5,10,-0.620584,0,0,0,0,0
47.5,-45,10,-0.598893,0,0,0,0,0
47.5,-42.5,10,-0.575853,0,0,0,0,0
47.5,-40,10,-0.551425,0,0,0,0,0
47.5,-37.5,10,-0.525579,0,0,0,0,0
47.5,-35,10,-0.498299,0,0,0,0,0
47.5,-32.5,10,-0.469588,0,0,0,0,0
47.5,-30,10,-0.439464,0,0,0,0,0
47.5,-27.5,10,-0.40797,0,0,0,0,0
47.5,-25,10,-0.375168,0,0,0,0,0
47.5,-22.5,10,-0.341142,0,0,0,0,0
47.5,-20,10,-0.305995,0,0,0,0,0
47.5,-17.5,10,-0.269848,0,0,0,0,0
47.5,-15,10,-0.232831,0,0,0,0,0
47.5,-12.5,10,-0.195083,0,0,0,0,0
47.5,-10,10,-0.156741,0,0,0,0,0
47.5,-7.5,10,-0.11794,0,0,0,0,0
47.5,-5,10,-0.0788056,0,0,0,0,0
47.5,-2.5,10,-0.0394556,0,0,0,0,0
47.5,0,10,0,0,0,0,0,0
47.5,2.5,10,0.0394556,0,0,0,0,0
47.5,5,10,0.0788056,0,0,0,0,0
47.5,7.5,10,0.11794,0,0,0,0,0
47.5,10,10,0.156741,0,0,0,0,0
47.5,12.5,10,0.195083,0,0,0,0,0
47.5,15,10,0.232831,0,0,0,0,0
47.5,17.5,10,0.269848,0,0,0,0,0
47.5,20,10,0.305995,0,0,0,0,0
47.5,22.5,10,0.341142,0,0,0,0,0
47.5,25,10,0.375168,0,0,0,0,0
47.5,27.5,10,0.40797,0,0,0,0,0
47.5,30,10,0.439464,0,0,0,0,0
47.5,32.5,10,0.469588,0,0,0,0,0
47.5,35,10,0.498299,0,0,0,0,0
47.5,37.5,10,0.525579,0,0,0,0,0
47.5,40,10,0.551425,0,0,0,0,0
47.5,42.5,10,0.575853,0,0,0,0,0
47.5,45,10,0.598893,0,0,0,0,0
47.5,47.5,10,0.620584,0,0,0,0,0
47.5,50,10,0.640977,0,0,0,0,0
50,-50,10,-0.621926,0,0,0,0,0
50,-47.5,10,-0.601441,0,0,0,0,0
50,-45,10,-0.579741,0,0,0,0,0
50,-42.5,10,-0.55679,0,0,0,0,0
50,-40,10,-0.532559,0,0,0,0,0
50,-37.5,10,-0.50703,0,0,0,0,0
50,-35,10,-0.480197,0,0,0,0,0
50,-32.5,10,-0.45207,0,0,0,0,0
50,-30,10,-0.422672,0,0,0,0,0
50,-27.5,10,-0.392048,0,0,0,0,0
50,-25,10,-0.360256,0,0,0,0,0
50,-22.5,10,-0.327373,0,0,0,0,0
50,-20,10,-0.293492,0,0,0,0,0
50,-17.5,10,-0.258716,0,0,0,0,0
50,-15,10,-0.22316,0,0,0,0,0
50,-12.5,10,-0.186942,0,0,0,0,0
50,-10,10,-0.150181,0,0,0,0,0
50,-7.5,10,-0.112996,0,0,0,0,0
50,-5,10,-0.0755001,0,0,0,0,0
50,-2.5,10,-0.0378003,0,0,0,0,0
50,0,10,0,0,0,0,0,0
50,2.5,10,0.0378003,0,0,0,0,0
50,5,10,0.0755001,0,0,0,0,0
50,7.5,10,0.112996,0,0,0,0,0
50,10,10,0.150181,0,0,0,0,0
50,12.5,10,0.186942,0,0,0,0,0
50,15,10,0.22316,0,0,0,0,0
50,17.5,10,0.258716,0,0,0,0,0
50,20,10,0.293492,0,0,0,0,0
50,22.5,10,0.327373,0,0,0,0,0
50,25,10,0.360256,0,0,0,0,0
50,27.5,10,0.392048,0,0,0,0,0
50,30,10,0.422672,0,0,0,0,0
50,32.5,10,0.45207,0,0,0,0,0
50,35,10,0.480197,0,0,0,0,0
50,37.5,10,0.50703,0,0,0,0,0
50,40,10,0.532559,0,0,0,0,0
50,42.5,10,0.55679,0,0,0,0,0
50,45,10,0.579741,0,0,0,0,0
50,47.5,10,0.601441,0,0,0,0,0
50,50,10,0.621926,0,0,0,0,0
