#x amp_{ref} amp_{cal} amp_{error}
0.000000 -45.700094 -62.491498 26.836405 
1.000000 -45.531927 -61.811611 27.370715 
2.000000 -45.385789 -60.994205 28.069588 
3.000000 -45.207862 -60.041628 28.873458 
4.000000 -44.905833 -58.978122 29.661144 
5.000000 -44.364499 -57.843996 30.272756 
6.000000 -43.502815 -56.685396 30.578612 
7.000000 -42.338828 -55.545397 30.553913 
8.000000 -40.988399 -54.458265 30.282682 
9.000000 -39.598378 -53.445200 29.893925 
10.000000 -38.288398 -52.510825 29.506023 
11.000000 -37.133966 -51.643773 29.208858 
12.000000 -36.172942 -50.826303 29.060289 
13.000000 -35.415966 -50.051283 29.078968 
14.000000 -34.854323 -49.334079 29.239948 
15.000000 -34.465562 -48.707752 29.485599 
16.000000 -34.218724 -48.206011 29.748926 
17.000000 -34.080367 -47.848862 29.974747 
18.000000 -34.021060 -47.639627 30.129388 
19.000000 -34.020559 -47.570900 30.199732 
20.000000 -34.069624 -47.632193 30.187125 
21.000000 -34.168014 -47.813906 30.101210 
22.000000 -34.320210 -48.106952 29.955921 
23.000000 -34.531147 -48.500684 29.767253 
24.000000 -34.803447 -48.981778 29.551591 
25.000000 -35.136393 -49.534784 29.324107 
26.000000 -35.526138 -50.143651 29.097397 
27.000000 -35.966500 -50.793309 28.880665 
28.000000 -36.449895 -51.470775 28.679531 
29.000000 -36.968144 -52.165658 28.496326 
30.000000 -37.513097 -52.870156 28.330724 
31.000000 -38.077039 -53.578706 28.180527 
32.000000 -45.363712 -61.924413 27.077464 
33.000000 -45.135058 -61.330171 27.458888 
34.000000 -44.957176 -60.598226 28.035662 
35.000000 -44.799333 -59.708929 28.794885 
36.000000 -44.589875 -58.668002 29.655113 
37.000000 -44.208148 -57.509008 30.456809 
38.000000 -43.517536 -56.283805 31.006942 
39.000000 -42.454364 -55.048349 31.184028 
40.000000 -41.094124 -53.851700 31.015879 
41.000000 -39.605787 -52.729070 30.639659 
42.000000 -38.155324 -51.696204 30.209484 
43.000000 -36.856018 -50.746759 29.848596 
44.000000 -35.767857 -49.860078 29.640554 
45.000000 -34.911642 -49.022189 29.621624 
46.000000 -34.281012 -48.245831 29.772124 
47.000000 -33.850729 -47.568995 30.026565 
48.000000 -33.583913 -47.033055 30.304039 
49.000000 -33.440265 -46.662363 30.537923 
50.000000 -33.384930 -46.459945 30.689340 
51.000000 -33.395238 -46.415957 30.745217 
52.000000 -33.462416 -46.517727 30.709619 
53.000000 -33.588015 -46.753905 30.595797 
54.000000 -33.777847 -47.112977 30.421509 
55.000000 -34.036746 -47.580631 30.206387 
56.000000 -34.365795 -48.139187 29.969695 
57.000000 -34.761813 -48.769160 29.728212 
58.000000 -35.218159 -49.451522 29.494722 
59.000000 -35.725982 -50.169537 29.277395 
60.000000 -36.275407 -50.909727 29.080000 
61.000000 -36.856451 -51.662023 28.902665 
62.000000 -37.459643 -52.419356 28.742942 
63.000000 -38.076389 -53.176941 28.596913 
64.000000 -45.087568 -61.235452 27.508111 
65.000000 -44.776723 -60.719405 27.721854 
66.000000 -44.530851 -60.085386 28.125590 
67.000000 -44.341857 -59.292814 28.752018 
68.000000 -44.168600 -58.318649 29.580814 
69.000000 -43.913775 -57.174007 30.498653 
70.000000 -43.418971 -55.905580 31.294349 
71.000000 -42.530527 -54.580164 31.742924 
72.000000 -41.229253 -53.265166 31.757003 
73.000000 -39.670537 -52.015087 31.440245 
74.000000 -38.072277 -50.862599 30.982211 
75.000000 -36.604357 -49.811895 30.552916 
76.000000 -35.362620 -48.842165 30.272706 
77.000000 -34.384960 -47.931109 30.204053 
78.000000 -33.669933 -47.086194 30.337923 
79.000000 -33.189488 -46.350521 30.600796 
80.000000 -32.899290 -45.775417 30.893970 
81.000000 -32.750201 -45.390915 31.136006 
82.000000 -32.700591 -45.199405 31.281811 
83.000000 -32.725213 -45.187821 31.319003 
84.000000 -32.816371 -45.340815 31.255481 
85.000000 -32.977853 -45.644603 31.109248 
86.000000 -33.216515 -46.083888 30.902974 
87.000000 -33.536150 -46.639011 30.660680 
88.000000 -33.935105 -47.286632 30.404617 
89.000000 -34.406640 -48.002680 30.152616 
90.000000 -34.940512 -48.765314 29.916649 
91.000000 -35.524712 -49.556733 29.702731 
92.000000 -36.146857 -50.363684 29.511811 
93.000000 -36.795151 -51.177004 29.341210 
94.000000 -37.458931 -51.990649 29.186186 
95.000000 -38.128938 -52.800632 29.041309 
96.000000 -44.892220 -60.431564 28.141378 
97.000000 -44.487740 -59.969694 28.201007 
98.000000 -44.147498 -59.423734 28.414630 
99.000000 -43.881654 -58.744174 28.843667 
100.000000 -43.679729 -57.880120 29.528796 
101.000000 -43.485231 -56.804510 30.437838 
102.000000 -43.163212 -55.537112 31.410108 
103.000000 -42.506494 -54.143239 32.166242 
104.000000 -41.360839 -52.708897 32.461924 
105.000000 -39.793068 -51.314291 32.284591 
106.000000 -38.053884 -50.016971 31.831702 
107.000000 -36.392762 -48.839973 31.334817 
108.000000 -34.964430 -47.768151 30.968432 
109.000000 -33.836214 -46.770496 30.834149 
110.000000 -33.016332 -45.845321 30.942450 
111.000000 -32.474339 -45.040359 31.212764 
112.000000 -32.156434 -44.419964 31.523426 
113.000000 -32.001888 -44.021752 31.773465 
114.000000 -31.960537 -43.846915 31.910365 
115.000000 -32.004531 -43.878118 31.923481 
116.000000 -32.128101 -44.096647 31.826102 
117.000000 -32.337578 -44.485033 31.642560 
118.000000 -32.640043 -45.021989 31.401846 
119.000000 -33.036684 -45.680256 31.133069 
120.000000 -33.521448 -46.429509 30.861123 
121.000000 -34.082717 -47.240942 30.603688 
122.000000 -34.705808 -48.090589 30.370358 
123.000000 -35.375153 -48.960601 30.163537 
124.000000 -36.075810 -49.838832 29.980394 
125.000000 -36.794330 -50.717492 29.815129 
126.000000 -37.519162 -51.591603 29.660986 
127.000000 -38.240745 -52.457735 29.511643 
128.000000 -44.788536 -59.531299 28.967719 
129.000000 -44.291866 -59.091235 28.909090 
130.000000 -43.844699 -58.602367 28.952283 
131.000000 -43.469524 -58.022514 29.164175 
132.000000 -43.180253 -57.290274 29.622167 
133.000000 -42.962918 -56.340725 30.377543 
134.000000 -42.737620 -55.142129 31.378675 
135.000000 -42.313187 -53.728270 32.393296 
136.000000 -41.424255 -52.191041 33.056577 
137.000000 -39.956220 -50.640798 33.140605 
138.000000 -38.114234 -49.170674 32.760369 
139.000000 -36.240107 -47.834681 32.209450 
140.000000 -34.584613 -46.633996 31.743184 
141.000000 -33.267170 -45.531500 31.522605 
142.000000 -32.314710 -44.511209 31.592228 
143.000000 -31.695831 -43.623626 31.867896 
144.000000 -31.344616 -42.950272 32.198095 
145.000000 -31.184853 -42.539090 32.455597 
146.000000 -31.155527 -42.389172 32.579044 
147.000000 -31.226408 -42.477496 32.561190 
148.000000 -31.394731 -42.780890 32.422914 
149.000000 -31.669231 -43.275856 32.197103 
150.000000 -32.055461 -43.931676 31.920787 
151.000000 -32.549564 -44.710740 31.628479 
152.000000 -33.138918 -45.574787 31.346468 
153.000000 -33.805555 -46.490905 31.090129 
154.000000 -34.529609 -47.434423 30.864463 
155.000000 -35.291789 -48.388800 30.666700 
156.000000 -36.074801 -49.343761 30.489665 
157.000000 -36.863985 -50.292971 30.324809 
158.000000 -37.647438 -51.232171 30.164275 
159.000000 -38.415865 -52.158059 30.001882 
160.000000 -44.770482 -58.557003 29.956150 
161.000000 -44.198840 -58.107979 29.829605 
162.000000 -43.649772 -57.636194 29.749819 
163.000000 -43.151852 -57.115572 29.773258 
164.000000 -42.734655 -56.496838 29.981259 
165.000000 -42.417549 -55.702916 30.472767 
166.000000 -42.181227 -54.649357 31.313331 
167.000000 -41.908718 -53.299271 32.418414 
168.000000 -41.324010 -51.709439 33.446228 
169.000000 -40.105960 -50.009833 33.937741 
170.000000 -38.258632 -48.340746 33.755881 
171.000000 -36.171025 -46.804690 33.192636 
172.000000 -34.240888 -45.437093 32.617361 
173.000000 -32.682284 -44.203814 32.284277 
174.000000 -31.558797 -43.069033 32.295846 
175.000000 -30.841827 -42.081507 32.572867 
176.000000 -30.449878 -41.345426 32.924929 
177.000000 -30.285624 -40.923129 33.188712 
178.000000 -30.274121 -40.810145 33.292402 
179.000000 -30.383393 -40.975821 33.234774 
180.000000 -30.614833 -41.390507 33.047492 
181.000000 -30.978353 -42.020344 32.775151 
182.000000 -31.474712 -42.820153 32.464603 
183.000000 -32.091456 -43.739183 32.154989 
184.000000 -32.806760 -44.731348 31.871184 
185.000000 -33.594881 -45.761525 31.622868 
186.000000 -34.430363 -46.806467 31.407844 
187.000000 -35.290456 -47.852228 31.217128 
188.000000 -36.156167 -48.890573 31.039700 
189.000000 -37.012444 -49.916104 30.865650 
190.000000 -37.847894 -50.924653 30.687545 
191.000000 -38.654312 -51.912693 30.500560 
192.000000 -44.805255 -57.530067 31.049563 
193.000000 -44.193643 -57.047064 30.917322 
194.000000 -43.569168 -56.556262 30.779816 
195.000000 -42.959623 -56.045167 30.678504 
196.000000 -42.400932 -55.486243 30.678743 
197.000000 -41.932510 -54.822169 30.880052 
198.000000 -41.581837 -53.954967 31.410899 
199.000000 -41.320976 -52.772272 32.356212 
200.000000 -40.971679 -51.232233 33.573739 
201.000000 -40.130982 -49.429989 34.554341 
202.000000 -38.462363 -47.549962 34.769658 
203.000000 -36.213591 -45.766667 34.295444 
204.000000 -33.960718 -44.178474 33.617433 
205.000000 -32.090907 -42.775739 33.140345 
206.000000 -30.741681 -41.500199 33.065029 
207.000000 -29.896402 -40.389745 33.336004 
208.000000 -29.453624 -39.578232 33.712511 
209.000000 -29.286533 -39.148634 33.980350 
210.000000 -29.302134 -39.090523 34.055530 
211.000000 -29.467964 -39.362798 33.946961 
212.000000 -29.790188 -39.925178 33.701916 
213.000000 -30.276441 -40.725716 33.381020 
214.000000 -30.917119 -41.698232 33.041931 
215.000000 -31.686381 -42.777145 32.725254 
216.000000 -32.550387 -43.910787 32.449288 
217.000000 -33.474665 -45.065214 32.213574 
218.000000 -34.428467 -46.220838 32.006746 
219.000000 -35.386589 -47.366664 31.814278 
220.000000 -36.329639 -48.495689 31.623478 
221.000000 -37.243525 -49.602533 31.425400 
222.000000 -38.118637 -50.682713 31.214762 
223.000000 -38.948991 -51.732642 30.989070 
224.000000 -44.825090 -56.474173 32.153601 
225.000000 -44.222901 -55.934738 32.089292 
226.000000 -43.572227 -55.395774 31.974786 
227.000000 -42.891732 -54.851716 31.834884 
228.000000 -42.213087 -54.290575 31.714351 
229.000000 -41.581293 -53.683984 31.688492 
230.000000 -41.049553 -52.965860 31.879677 
231.000000 -40.657690 -52.010028 32.457542 
232.000000 -40.362876 -50.662976 33.533363 
233.000000 -39.880724 -48.880044 34.859540 
234.000000 -38.628550 -46.821524 35.679792 
235.000000 -36.386181 -44.748699 35.507432 
236.000000 -33.785538 -42.867086 34.775819 
237.000000 -31.511372 -41.234940 34.121631 
238.000000 -29.856344 -39.780995 33.916545 
239.000000 -28.838115 -38.516323 34.167881 
240.000000 -28.330347 -37.612459 34.571552 
241.000000 -28.163902 -37.182871 34.839536 
242.000000 -28.222165 -37.207247 34.874035 
243.000000 -28.474076 -37.629455 34.700635 
244.000000 -28.929077 -38.389587 34.389786 
245.000000 -29.584828 -39.404798 34.023322 
246.000000 -30.412679 -40.581206 33.667684 
247.000000 -31.367663 -41.840059 33.357402 
248.000000 -32.401679 -43.129473 33.096435 
249.000000 -33.471774 -44.420721 32.870321 
250.000000 -34.543516 -45.698634 32.659408 
251.000000 -35.591401 -46.953867 32.447173 
252.000000 -36.597856 -48.179294 32.222908 
253.000000 -37.551788 -49.369166 31.981110 
254.000000 -38.447124 -50.519224 31.719879 
255.000000 -39.281524 -51.626824 31.439476 
256.000000 -44.734561 -55.423761 33.135881 
257.000000 -44.189027 -54.803864 33.211875 
258.000000 -43.573720 -54.188654 33.211776 
259.000000 -42.890373 -53.576566 33.138954 
260.000000 -42.154009 -52.962733 33.013703 
261.000000 -41.398308 -52.335889 32.881944 
262.000000 -40.678666 -51.667676 32.829345 
263.000000 -40.067600 -50.883115 33.006761 
264.000000 -39.624161 -49.817633 33.642221 
265.000000 -39.277634 -48.254889 34.882004 
266.000000 -38.551163 -46.154870 36.278423 
267.000000 -36.652317 -43.790640 36.750759 
268.000000 -33.772597 -41.527336 36.125052 
269.000000 -30.978622 -39.571217 35.273444 
270.000000 -28.897226 -37.880671 34.875701 
271.000000 -27.637223 -36.417782 35.082205 
272.000000 -27.043839 -35.398389 35.515533 
273.000000 -26.885295 -34.982582 35.777043 
274.000000 -27.013626 -35.133602 35.753985 
275.000000 -27.400844 -35.771323 35.499337 
276.000000 -28.052210 -36.796829 35.118777 
277.000000 -28.940473 -38.077908 34.718909 
278.000000 -30.005858 -39.490311 34.365386 
279.000000 -31.178861 -40.950198 34.072920 
280.000000 -32.396971 -42.413076 33.823239 
281.000000 -33.611456 -43.857122 33.588939 
282.000000 -34.787969 -45.269416 33.348157 
283.000000 -35.904527 -46.640265 33.088314 
284.000000 -36.948782 -47.962304 32.804272 
285.000000 -37.915441 -49.230759 32.495441 
286.000000 -38.804122 -50.443416 32.163630 
287.000000 -39.617666 -51.600181 31.811775 
288.000000 -44.450090 -54.428572 33.861627 
289.000000 -43.977220 -53.704861 34.117478 
290.000000 -43.439528 -52.983442 34.304783 
291.000000 -42.823046 -52.267045 34.406611 
292.000000 -42.119264 -51.556270 34.413737 
293.000000 -41.333636 -50.847831 34.335073 
294.000000 -40.496473 -50.131543 34.211861 
295.000000 -39.672688 -49.379947 34.138261 
296.000000 -38.961222 -48.510113 34.299710 
297.000000 -38.451652 -47.304866 35.008264 
298.000000 -38.015480 -45.447925 36.452287 
299.000000 -36.816117 -42.925726 37.793564 
300.000000 -33.977079 -40.209497 37.669160 
301.000000 -30.558085 -37.784505 36.661374 
302.000000 -27.864437 -35.758882 35.983145 
303.000000 -26.250916 -34.033079 36.097198 
304.000000 -25.540464 -32.865325 36.561479 
305.000000 -25.405340 -32.489559 36.805648 
306.000000 -25.654654 -32.841170 36.701863 
307.000000 -26.260709 -33.794612 36.349293 
308.000000 -27.202929 -35.172931 35.906383 
309.000000 -28.403577 -36.775343 35.498028 
310.000000 -29.758099 -38.457069 35.165224 
311.000000 -31.170695 -40.144070 34.885953 
312.000000 -32.569243 -41.803181 34.620623 
313.000000 -33.906280 -43.415736 34.339903 
314.000000 -35.154544 -44.968224 34.029737 
315.000000 -36.301525 -46.451484 33.686637 
316.000000 -37.344696 -47.860952 33.312597 
317.000000 -38.287802 -49.196006 32.911988 
318.000000 -39.138168 -50.458801 32.490001 
319.000000 -39.904821 -51.653140 32.051901 
320.000000 -43.957464 -53.547529 34.257740 
321.000000 -43.526455 -52.705690 34.676339 
322.000000 -43.053507 -51.854047 35.061871 
323.000000 -42.522646 -50.998006 35.392686 
324.000000 -41.913683 -50.143330 35.642515 
325.000000 -41.205743 -49.294550 35.785661 
326.000000 -40.387063 -48.452163 35.809753 
327.000000 -39.473243 -47.608458 35.738498 
328.000000 -38.531111 -46.737736 35.665916 
329.000000 -37.692645 -45.751519 35.816079 
330.000000 -37.095882 -44.360575 36.622539 
331.000000 -36.476776 -42.082075 38.304188 
332.000000 -34.345840 -38.990561 39.275813 
333.000000 -30.366611 -35.904886 38.372024 
334.000000 -26.774956 -33.363445 37.308334 
335.000000 -24.614800 -31.272760 37.237913 
336.000000 -23.736518 -29.908234 37.730653 
337.000000 -23.659870 -29.624551 37.940344 
338.000000 -24.129819 -30.307035 37.725082 
339.000000 -25.096687 -31.726952 37.265988 
340.000000 -26.462945 -33.562512 36.790077 
341.000000 -28.064067 -35.544083 36.403998 
342.000000 -29.742950 -37.536001 36.086140 
343.000000 -31.386563 -39.483931 35.776960 
344.000000 -32.927543 -41.359380 35.436946 
345.000000 -34.333458 -43.143332 35.052373 
346.000000 -35.595061 -44.825575 34.624111 
347.000000 -36.716959 -46.403946 34.158931 
348.000000 -37.711061 -47.881893 33.665332 
349.000000 -38.592301 -49.265924 33.151800 
350.000000 -39.376062 -50.563773 32.626054 
351.000000 -40.076769 -51.783299 32.094730 
352.000000 -43.329758 -52.834700 34.344504 
353.000000 -42.886132 -51.876711 34.868439 
354.000000 -42.417914 -50.888812 35.397223 
355.000000 -41.917242 -49.874736 35.919091 
356.000000 -41.371306 -48.840461 36.415024 
357.000000 -40.760115 -47.794363 36.856338 
358.000000 -40.055451 -46.746311 37.204559 
359.000000 -39.225760 -45.704398 37.419674 
360.000000 -38.256352 -44.667981 37.487581 
361.000000 -37.193797 -43.615316 37.477559 
362.000000 -36.199729 -42.455996 37.644999 
363.000000 -35.483892 -40.802628 38.594176 
364.000000 -34.415278 -37.880490 40.467302 
365.000000 -30.569829 -34.030407 40.471980 
366.000000 -25.692753 -30.634909 38.975088 
367.000000 -22.626675 -27.998493 38.540469 
368.000000 -21.492605 -26.362412 39.048249 
369.000000 -21.560094 -26.281210 39.198584 
370.000000 -22.454315 -27.534171 38.835827 
371.000000 -24.015502 -29.633646 38.291187 
372.000000 -25.969445 -32.040559 37.832554 
373.000000 -28.033631 -34.471046 37.461450 
374.000000 -30.016778 -36.825838 37.084717 
375.000000 -31.821317 -39.058569 36.650383 
376.000000 -33.414123 -41.143616 36.150692 
377.000000 -34.798740 -43.073869 35.596280 
378.000000 -35.996206 -44.855257 35.002323 
379.000000 -37.033543 -46.500133 34.383590 
380.000000 -37.937628 -48.022752 33.752809 
381.000000 -38.732408 -49.436958 33.120192 
382.000000 -39.438011 -50.755258 32.493467 
383.000000 -40.070814 -51.988585 31.878175 
384.000000 -42.681697 -52.325175 34.203290 
385.000000 -42.185139 -51.270108 34.772335 
386.000000 -41.664703 -50.162940 35.369418 
387.000000 -41.117684 -49.002091 35.993342 
388.000000 -40.539969 -47.787613 36.639838 
389.000000 -39.924642 -46.522307 37.299034 
390.000000 -39.259369 -45.213218 37.951314 
391.000000 -38.522100 -43.873046 38.561588 
392.000000 -37.676676 -42.519617 39.075414 
393.000000 -36.678527 -41.168589 39.432139 
394.000000 -35.521371 -39.812255 39.633418 
395.000000 -34.358903 -38.363364 39.922780 
396.000000 -33.469173 -36.300433 41.107046 
397.000000 -31.101469 -32.314619 42.738143 
398.000000 -24.807286 -27.548649 41.197731 
399.000000 -20.113692 -23.981289 40.061013 
400.000000 -18.557574 -21.952295 40.538458 
401.000000 -19.000096 -22.333200 40.600653 
402.000000 -20.740358 -24.599712 40.069338 
403.000000 -23.234905 -27.645665 39.512283 
404.000000 -25.901588 -30.758964 39.060818 
405.000000 -28.379476 -33.724585 38.567493 
406.000000 -30.528955 -36.462540 37.971834 
407.000000 -32.337380 -38.946686 37.287234 
408.000000 -33.846076 -41.188078 36.544083 
409.000000 -35.110500 -43.213848 35.770884 
410.000000 -36.182654 -45.053733 34.990082 
411.000000 -37.105351 -46.734657 34.217738 
412.000000 -37.911800 -48.279402 33.464435 
413.000000 -38.627069 -49.706806 32.736535 
414.000000 -39.269903 -51.032379 32.037390 
415.000000 -39.854333 -52.268930 31.368314 
416.000000 -42.110854 -52.025781 33.926465 
417.000000 -41.550441 -50.904357 34.498401 
418.000000 -40.956454 -49.712838 35.106805 
419.000000 -40.325344 -48.443691 35.755641 
420.000000 -39.653099 -47.088827 36.448955 
421.000000 -38.935136 -45.640042 37.190319 
422.000000 -38.166046 -44.090017 37.981569 
423.000000 -37.338942 -42.434352 38.820094 
424.000000 -36.443736 -40.675352 39.693303 
425.000000 -35.463113 -38.827905 40.568668 
426.000000 -34.366533 -36.923797 41.383415 
427.000000 -33.122255 -34.994058 42.074496 
428.000000 -31.824700 -32.976235 42.800206 
429.000000 -30.589335 -30.154349 44.397225 
430.000000 -24.547902 -24.271138 44.238040 
431.000000 -16.762738 -18.810684 41.896951 
432.000000 -14.440413 -16.186893 42.200799 
433.000000 -15.945377 -17.725127 42.167270 
434.000000 -19.335730 -21.757410 41.520147 
435.000000 -23.060174 -26.067733 40.929179 
436.000000 -26.308568 -30.031598 40.207004 
437.000000 -28.913077 -33.513980 39.320106 
438.000000 -30.962846 -36.534576 38.338164 
439.000000 -32.595239 -39.167762 37.324517 
440.000000 -33.926686 -41.487869 36.321598 
441.000000 -35.041640 -43.555086 35.353951 
442.000000 -35.998295 -45.415728 34.433682 
443.000000 -36.836377 -47.105297 33.565198 
444.000000 -37.583282 -48.651287 32.748538 
445.000000 -38.258261 -50.075303 31.981456 
446.000000 -38.875156 -51.394567 31.260651 
447.000000 -39.444154 -52.622997 30.582461 
448.000000 -41.669890 -51.911492 33.593088 
449.000000 -41.056546 -50.756997 34.145202 
450.000000 -40.398906 -49.522195 34.733315 
451.000000 -39.690462 -48.195568 35.362432 
452.000000 -38.923266 -46.763119 36.038601 
453.000000 -38.087530 -45.207717 36.769158 
454.000000 -37.171101 -43.508284 37.563017 
455.000000 -36.158813 -41.638906 38.430905 
456.000000 -35.031786 -39.568149 39.385342 
457.000000 -33.766993 -37.259528 40.439720 
458.000000 -32.338321 -34.675882 41.604968 
459.000000 -30.723755 -31.794249 42.881831 
460.000000 -28.938109 -28.635379 44.264166 
461.000000 -27.156139 -25.209323 45.917415 
462.000000 -23.994326 -20.503884 47.468192 
463.000000 -11.958080 -11.734740 44.184288 
464.000000 -8.198809 -8.254977 43.903025 
465.000000 -12.839939 -12.974841 43.823786 
466.000000 -18.790787 -19.772866 42.970877 
467.000000 -23.373893 -25.544569 41.773228 
468.000000 -26.615987 -30.162966 40.384757 
469.000000 -28.976723 -33.911844 38.982202 
470.000000 -30.788305 -37.038376 37.651276 
471.000000 -32.246759 -39.709290 36.421747 
472.000000 -33.466129 -42.035667 35.296898 
473.000000 -34.515168 -44.093726 34.269470 
474.000000 -35.437343 -45.937559 33.328984 
475.000000 -36.261467 -47.606736 32.464779 
476.000000 -37.007477 -49.130988 31.667129 
477.000000 -37.689693 -50.533161 30.927559 
478.000000 -38.318743 -51.831164 30.238820 
479.000000 -38.902728 -53.039276 29.594763 
480.000000 -41.366693 -51.928690 33.265867 
481.000000 -40.719353 -50.767041 33.791011 
482.000000 -40.020662 -49.522165 34.348010 
483.000000 -39.261928 -48.181231 34.940997 
484.000000 -38.432091 -46.728203 35.574947 
485.000000 -37.516807 -45.142683 36.255913 
486.000000 -36.497042 -43.398172 36.991353 
487.000000 -35.346855 -41.459410 37.790579 
488.000000 -34.029748 -39.278077 38.665408 
489.000000 -32.492403 -36.785588 39.631093 
490.000000 -30.653323 -33.880327 40.707737 
491.000000 -28.381101 -30.403682 41.922520 
492.000000 -25.450622 -26.092556 43.313391 
493.000000 -21.451429 -20.484863 44.931913 
494.000000 -15.511865 -12.802167 46.683991 
495.000000 -3.829063 -3.059763 44.733515 
496.000000 0.000000 -0.020726 43.938692 
497.000000 -11.021143 -10.863396 44.118288 
498.000000 -18.468863 -20.063734 42.353574 
499.000000 -22.923661 -26.445450 40.410188 
500.000000 -25.927381 -31.163266 38.677997 
501.000000 -28.157565 -34.878110 37.174464 
502.000000 -29.923202 -37.936085 35.862814 
503.000000 -31.382958 -40.533408 34.705655 
504.000000 -32.627158 -42.790540 33.672936 
505.000000 -33.711566 -44.786358 32.741594 
506.000000 -34.672852 -46.575207 31.893983 
507.000000 -35.536365 -48.196085 31.116473 
508.000000 -36.320342 -49.677913 30.398391 
509.000000 -37.038335 -51.042727 29.731263 
510.000000 -37.700690 -52.307704 29.108265 
511.000000 -38.315484 -53.486490 28.523829 
512.000000 -41.175494 -52.007971 32.989419 
513.000000 -40.510001 -50.850875 33.491729 
514.000000 -39.789697 -49.611003 34.021959 
515.000000 -39.004864 -48.275558 34.583183 
516.000000 -38.143000 -46.828507 35.178922 
517.000000 -37.187666 -45.249395 35.813179 
518.000000 -36.116681 -43.511532 36.490446 
519.000000 -34.899206 -41.579158 37.215618 
520.000000 -33.490759 -39.402762 37.993688 
521.000000 -31.824282 -36.910916 38.828971 
522.000000 -29.792998 -33.994937 39.723286 
523.000000 -27.215009 -30.477353 40.672069 
524.000000 -23.753877 -26.039306 41.657533 
525.000000 -18.730728 -20.034493 42.646863 
526.000000 -10.789976 -11.099074 43.648457 
527.000000 -0.055051 0.000000 44.014948 
528.000000 -3.008042 -3.984010 42.977031 
529.000000 -12.669913 -14.703900 41.911023 
530.000000 -18.385756 -22.369869 39.943333 
531.000000 -22.218093 -28.148823 37.974725 
532.000000 -25.031984 -32.530436 36.385283 
533.000000 -27.227322 -36.021803 35.068038 
534.000000 -29.015172 -38.918560 33.938236 
535.000000 -30.517476 -41.393837 32.944548 
536.000000 -31.809940 -43.555409 32.054822 
537.000000 -32.942354 -45.474445 31.247625 
538.000000 -33.949011 -47.200306 30.507857 
539.000000 -34.854439 -48.768616 29.824406 
540.000000 -35.676744 -50.205932 29.188805 
541.000000 -36.429639 -51.532587 28.594427 
542.000000 -37.123746 -52.764499 28.035972 
543.000000 -37.767452 -53.914367 27.509122 
544.000000 -41.050539 -52.084948 32.782906 
545.000000 -40.373582 -50.930366 33.271193 
546.000000 -39.639389 -49.692674 33.785299 
547.000000 -38.837459 -48.358771 34.327820 
548.000000 -37.954175 -46.912130 34.901651 
549.000000 -36.971493 -45.331481 35.510005 
550.000000 -35.864893 -43.588768 36.156397 
551.000000 -34.600111 -41.645911 36.844620 
552.000000 -33.127763 -39.449393 37.578775 
553.000000 -31.374296 -36.920842 38.363653 
554.000000 -29.226764 -33.940036 39.206514 
555.000000 -26.508651 -30.314640 40.123232 
556.000000 -22.952352 -25.738872 41.152179 
557.000000 -18.237210 -19.840018 42.345576 
558.000000 -12.498739 -12.892776 43.562957 
559.000000 -8.466481 -8.137220 44.290859 
560.000000 -12.107752 -12.057337 44.010284 
561.000000 -19.613983 -23.694310 39.846145 
562.000000 -22.218194 -26.479700 39.663102 
563.000000 -23.820645 -30.199870 37.520417 
564.000000 -25.576826 -33.755349 35.694481 
565.000000 -27.262763 -36.899665 34.209994 
566.000000 -28.793231 -39.631871 32.983118 
567.000000 -30.161802 -42.015429 31.943947 
568.000000 -31.385094 -44.117011 31.042259 
569.000000 -32.483723 -45.991565 30.243540 
570.000000 -33.476687 -47.681586 29.524137 
571.000000 -34.380088 -49.219542 28.867565 
572.000000 -35.207199 -50.630389 28.262050 
573.000000 -35.968876 -51.933556 27.698950 
574.000000 -36.674010 -53.144397 27.171755 
575.000000 -37.329919 -54.275218 26.675439 
576.000000 -40.940543 -52.118227 32.636315 
577.000000 -40.249032 -50.957403 33.116287 
578.000000 -39.496478 -49.711002 33.620732 
579.000000 -38.671153 -48.365036 34.151899 
580.000000 -37.757801 -46.901760 34.712265 
581.000000 -36.736256 -45.298257 35.304563 
582.000000 -35.579432 -43.524359 35.931859 
583.000000 -34.250478 -41.539618 36.597729 
584.000000 -32.698952 -39.289131 37.306621 
585.000000 -30.856490 -36.698817 38.064238 
586.000000 -28.634628 -33.674279 38.876490 
587.000000 -25.934886 -30.118817 39.741480 
588.000000 -22.703014 -26.011673 40.625326 
589.000000 -19.108796 -21.595247 41.454830 
590.000000 -15.941652 -17.594090 42.295567 
591.000000 -14.831353 -15.809208 42.975131 
592.000000 -17.337411 -18.286744 43.003855 
593.000000 -22.514332 -28.118807 38.305023 
594.000000 -27.062771 -32.841568 38.128560 
595.000000 -28.007681 -33.609843 38.307363 
596.000000 -28.170331 -35.836117 36.215387 
597.000000 -28.776574 -38.234895 34.392017 
598.000000 -29.649602 -40.534420 32.935901 
599.000000 -30.613451 -42.670799 31.735013 
600.000000 -31.580802 -44.630909 30.714974 
601.000000 -32.513451 -46.422568 29.829629 
602.000000 -33.396631 -48.061934 29.047925 
603.000000 -34.226437 -49.567097 28.347751 
604.000000 -35.003886 -50.955199 27.712867 
605.000000 -35.732092 -52.241402 27.131123 
606.000000 -36.414916 -53.438702 26.593296 
607.000000 -37.056332 -54.558092 26.092291 
608.000000 -40.802534 -52.093788 32.520076 
609.000000 -40.087747 -50.918815 32.990860 
610.000000 -39.306417 -49.654972 33.483885 
611.000000 -38.445603 -48.287699 34.000756 
612.000000 -37.488844 -46.798860 34.543126 
613.000000 -36.415157 -45.165806 35.112641 
614.000000 -35.197941 -43.360427 35.710780 
615.000000 -33.804120 -41.348772 36.338381 
616.000000 -32.194461 -39.092676 36.994309 
617.000000 -30.327388 -36.556723 37.672283 
618.000000 -28.171608 -33.726501 38.355205 
619.000000 -25.738358 -30.644463 39.011545 
620.000000 -23.149961 -27.454092 39.620033 
621.000000 -20.746953 -24.416551 40.260956 
622.000000 -19.137749 -22.085018 40.990009 
623.000000 -18.994973 -21.512445 41.423546 
624.000000 -20.806802 -23.321187 41.426659 
625.000000 -24.192628 -28.806498 39.306998 
626.000000 -28.112543 -38.178213 33.772662 
627.000000 -31.303891 -38.672773 36.516803 
628.000000 -31.900710 -38.828227 36.964592 
629.000000 -31.603115 -40.235320 35.233150 
630.000000 -31.611496 -41.960088 33.483847 
631.000000 -31.950000 -43.710100 32.039826 
632.000000 -32.483040 -45.403283 30.848593 
633.000000 -33.112704 -47.012680 29.839063 
634.000000 -33.781433 -48.529049 28.962693 
635.000000 -34.457054 -49.951511 28.188017 
636.000000 -35.122042 -51.283757 27.493698 
637.000000 -35.767209 -52.531791 26.864445 
638.000000 -36.388104 -53.702529 26.288811 
639.000000 -36.982981 -54.802976 25.757967 
640.000000 -40.611862 -52.018590 32.401851 
641.000000 -39.865837 -50.827040 32.857785 
642.000000 -39.048025 -49.545083 33.332211 
643.000000 -38.145453 -48.159201 33.825644 
644.000000 -37.142525 -46.653670 34.338182 
645.000000 -36.020911 -45.010835 34.869105 
646.000000 -34.759978 -43.212290 35.416124 
647.000000 -33.338477 -41.241829 35.974097 
648.000000 -31.738756 -39.091448 36.533234 
649.000000 -29.955780 -36.771619 37.077844 
650.000000 -28.014349 -34.325006 37.589894 
651.000000 -25.997718 -31.835792 38.068545 
652.000000 -24.083874 -29.426067 38.570444 
653.000000 -22.560928 -27.308125 39.172217 
654.000000 -21.762338 -25.960053 39.727553 
655.000000 -21.958412 -25.894469 39.991871 
656.000000 -23.356894 -27.317479 39.967097 
657.000000 -25.775078 -30.821484 38.869658 
658.000000 -28.623216 -37.484651 34.999897 
659.000000 -31.747322 -43.865136 31.672975 
660.000000 -34.199937 -43.016599 35.045464 
661.000000 -34.725343 -42.930184 35.667730 
662.000000 -34.333346 -43.845257 34.337401 
663.000000 -34.052929 -45.122900 32.746527 
664.000000 -34.058019 -46.496385 31.343902 
665.000000 -34.282662 -47.869486 30.162119 
666.000000 -34.647264 -49.207105 29.157086 
667.000000 -35.094210 -50.494936 28.285379 
668.000000 -35.585842 -51.726761 27.515370 
669.000000 -36.098274 -52.900452 26.825140 
670.000000 -36.616529 -54.016351 26.199253 
671.000000 -37.131306 -55.076337 25.626438 
672.000000 -40.365171 -51.913298 32.257033 
673.000000 -39.585791 -50.710596 32.690424 
674.000000 -38.732290 -49.420486 33.136907 
675.000000 -37.793525 -48.032877 33.595385 
676.000000 -36.757373 -46.537743 34.063708 
677.000000 -35.611558 -44.926501 34.538106 
678.000000 -34.345390 -43.194444 35.012499 
679.000000 -32.953052 -41.344504 35.478012 
680.000000 -31.439331 -39.392295 35.923694 
681.000000 -29.828811 -37.371002 36.340880 
682.000000 -28.178908 -35.332380 36.735389 
683.000000 -26.594211 -33.343013 37.145815 
684.000000 -25.232179 -31.503319 37.629931 
685.000000 -24.280666 -30.030399 38.157984 
686.000000 -23.903593 -29.263848 38.552169 
687.000000 -24.225044 -29.421962 38.717417 
688.000000 -25.357427 -30.593681 38.677625 
689.000000 -27.202671 -33.095102 38.013507 
690.000000 -29.379913 -37.558376 35.694541 
691.000000 -31.792431 -44.190471 31.385319 
692.000000 -34.401056 -47.560371 30.602565 
693.000000 -36.384712 -46.487603 33.734677 
694.000000 -36.897173 -46.295009 34.453650 
695.000000 -36.543001 -46.900494 33.474758 
696.000000 -36.143252 -47.863767 32.080398 
697.000000 -35.950049 -48.961728 30.754520 
698.000000 -35.961595 -50.095838 29.597144 
699.000000 -36.125714 -51.224288 28.598964 
700.000000 -36.393834 -52.328839 27.729846 
701.000000 -36.729648 -53.400872 26.962016 
702.000000 -37.107666 -54.436073 26.274151 
703.000000 -37.510365 -55.432425 25.650609 
704.000000 -40.076236 -51.806621 32.070282 
705.000000 -39.268844 -50.605949 32.473138 
706.000000 -38.389533 -49.326700 32.882368 
707.000000 -37.430582 -47.963844 33.295224 
708.000000 -36.385085 -46.514419 33.707688 
709.000000 -35.248365 -44.979163 34.114258 
710.000000 -34.020296 -43.364660 34.508132 
711.000000 -32.708850 -41.685674 34.882442 
712.000000 -31.335150 -39.966718 35.233797 
713.000000 -29.939875 -38.241297 35.569550 
714.000000 -28.589633 -36.549626 35.916553 
715.000000 -27.379330 -34.946845 36.315169 
716.000000 -26.423375 -33.540979 36.771779 
717.000000 -25.830981 -32.525642 37.200706 
718.000000 -25.682880 -32.104465 37.477492 
719.000000 -26.048561 -32.365518 37.583511 
720.000000 -26.997461 -33.360769 37.536544 
721.000000 -28.471787 -35.278856 37.086736 
722.000000 -30.221378 -38.483700 35.609299 
723.000000 -32.115363 -43.395023 32.531944 
724.000000 -34.246325 -49.099964 28.852868 
725.000000 -36.475368 -50.394170 29.819630 
726.000000 -38.134819 -49.379783 32.567458 
727.000000 -38.642837 -49.139566 33.332546 
728.000000 -38.366775 -49.542481 32.638339 
729.000000 -37.938773 -50.278198 31.445509 
730.000000 -37.635905 -51.166380 30.220211 
731.000000 -37.504833 -52.114761 29.105248 
732.000000 -37.521004 -53.078403 28.122613 
733.000000 -37.648447 -54.035691 27.258521 
734.000000 -37.855771 -54.975917 26.492399 
735.000000 -38.118751 -55.893452 25.805588 
736.000000 -39.767965 -51.728656 31.834160 
737.000000 -38.943826 -50.547801 32.199819 
738.000000 -38.054526 -49.301924 32.564966 
739.000000 -37.096512 -47.991056 32.925956 
740.000000 -36.068461 -46.618251 33.278338 
741.000000 -34.972854 -45.190759 33.617280 
742.000000 -33.818185 -43.721050 33.938769 
743.000000 -32.621842 -42.227172 34.242180 
744.000000 -31.413470 -40.731843 34.534613 
745.000000 -30.238064 -39.261185 34.835309 
746.000000 -29.157053 -37.848785 35.172589 
747.000000 -28.244439 -36.554031 35.561244 
748.000000 -27.575332 -35.486225 35.966436 
749.000000 -27.210430 -34.791081 36.301832 
750.000000 -27.192986 -34.579875 36.498528 
751.000000 -27.569066 -34.888073 36.567421 
752.000000 -28.384534 -35.752743 36.517486 
753.000000 -29.602634 -37.295704 36.187681 
754.000000 -31.056368 -39.738385 35.182473 
755.000000 -32.611547 -43.386606 33.048120 
756.000000 -34.318158 -48.322781 29.731025 
757.000000 -36.237390 -52.612607 27.271069 
758.000000 -38.170512 -52.763255 29.123035 
759.000000 -39.593184 -51.859063 31.521014 
760.000000 -40.094470 -51.599066 32.301623 
761.000000 -39.901088 -51.864933 31.830924 
762.000000 -39.491824 -52.432457 30.827617 
763.000000 -39.136602 -53.157304 29.714420 
764.000000 -38.913989 -53.957205 28.656372 
765.000000 -38.823424 -54.787446 27.699636 
766.000000 -38.842181 -55.624333 26.846078 
767.000000 -38.945394 -56.455315 26.083725 
768.000000 -39.464671 -51.704025 31.548243 
769.000000 -38.638001 -50.560857 31.872961 
770.000000 -37.756350 -49.368395 32.191550 
771.000000 -36.820212 -48.130481 32.500611 
772.000000 -35.833134 -46.853898 32.796865 
773.000000 -34.803113 -45.548793 33.078153 
774.000000 -33.744300 -44.228611 33.345231 
775.000000 -32.678862 -42.909377 33.604407 
776.000000 -31.638602 -41.609011 33.869862 
777.000000 -30.665490 -40.349543 34.161922 
778.000000 -29.809792 -39.166574 34.495480 
779.000000 -29.124441 -38.124162 34.859132 
780.000000 -28.656140 -37.317734 35.203251 
781.000000 -28.438805 -36.845716 35.462293 
782.000000 -28.499049 -36.765995 35.604598 
783.000000 -28.870626 -37.093742 35.649154 
784.000000 -29.584996 -37.857955 35.598486 
785.000000 -30.617311 -39.141973 35.342542 
786.000000 -31.853554 -41.088573 34.619523 
787.000000 -33.175611 -43.904612 33.095201 
788.000000 -34.584738 -47.775645 30.570040 
789.000000 -36.161635 -52.372805 27.442149 
790.000000 -37.903574 -55.213504 26.293525 
791.000000 -39.599904 -54.826467 28.466182 
792.000000 -40.842651 -54.028736 30.575005 
793.000000 -41.333671 -53.763008 31.353176 
794.000000 -41.214755 -53.933529 31.055771 
795.000000 -40.846505 -54.374492 30.222775 
796.000000 -40.475347 -54.970275 29.224252 
797.000000 -40.197792 -55.649323 28.232612 
798.000000 -40.032296 -56.369296 27.310937 
799.000000 -39.968483 -57.105819 26.474394 
800.000000 -39.186937 -51.747853 31.218008 
801.000000 -38.372085 -50.656816 31.501661 
802.000000 -37.514297 -49.531869 31.775817 
803.000000 -36.617424 -48.378980 32.038333 
804.000000 -35.688629 -47.206314 32.288215 
805.000000 -34.739432 -46.024056 32.526864 
806.000000 -33.786798 -44.843893 32.759700 
807.000000 -32.854025 -43.678648 32.997449 
808.000000 -31.971025 -42.543586 33.255072 
809.000000 -31.173344 -41.461608 33.545448 
810.000000 -30.499222 -40.472169 33.867273 
811.000000 -29.984591 -39.636848 34.194340 
812.000000 -29.657833 -39.030234 34.479567 
813.000000 -29.538917 -38.714755 34.679798 
814.000000 -29.646703 -38.719685 34.784541 
815.000000 -30.007164 -39.052657 34.812531 
816.000000 -30.642426 -39.737230 34.762320 
817.000000 -31.534860 -40.832976 34.555249 
818.000000 -32.604651 -42.436729 34.010973 
819.000000 -33.754833 -44.689474 32.884951 
820.000000 -34.958084 -47.750380 30.980181 
821.000000 -36.269863 -51.648242 28.308586 
822.000000 -37.742387 -55.621175 25.696133 
823.000000 -39.329820 -57.270850 25.630649 
824.000000 -40.833557 -56.663813 27.838869 
825.000000 -41.935337 -55.957579 29.712831 
826.000000 -42.413416 -55.693438 30.478272 
827.000000 -42.357286 -55.796076 30.314707 
828.000000 -42.038664 -56.140273 29.630858 
829.000000 -41.674096 -56.632873 28.743912 
830.000000 -41.367553 -57.212371 27.823716 
831.000000 -41.151435 -57.839860 26.944042 
832.000000 -38.949397 -51.865490 30.852861 
833.000000 -38.158926 -50.836049 31.098585 
834.000000 -37.337995 -49.786029 31.333973 
835.000000 -36.492884 -48.722003 31.558748 
836.000000 -35.633024 -47.651821 31.774560 
837.000000 -34.771658 -46.584250 31.986017 
838.000000 -33.926361 -45.528782 32.201411 
839.000000 -33.119189 -44.496448 32.432025 
840.000000 -32.376129 -43.502833 32.688482 
841.000000 -31.725480 -42.573473 32.973555 
842.000000 -31.194982 -41.748684 33.274341 
843.000000 -30.808290 -41.081818 33.560493 
844.000000 -30.582736 -40.627189 33.794312 
845.000000 -30.531220 -40.422936 33.950143 
846.000000 -30.668541 -40.483602 34.028329 
847.000000 -31.015142 -40.814155 34.044696 
848.000000 -31.586886 -41.434064 33.995572 
849.000000 -32.370775 -42.387404 33.822703 
850.000000 -33.309532 -43.742681 33.397491 
851.000000 -34.325928 -45.598378 32.539324 
852.000000 -35.380536 -48.076147 31.079582 
853.000000 -36.500561 -51.265624 28.944624 
854.000000 -37.741329 -55.013086 26.333542 
855.000000 -39.121159 -58.198835 24.430263 
856.000000 -40.572453 -59.000303 25.117603 
857.000000 -41.917495 -58.323591 27.238851 
858.000000 -42.906091 -57.693721 28.921249 
859.000000 -43.369617 -57.435001 29.668274 
860.000000 -43.364748 -57.488386 29.608099 
861.000000 -43.097037 -57.757527 29.052908 
862.000000 -42.752389 -58.166796 28.271171 
863.000000 -42.435020 -58.663556 27.424046 
864.000000 -38.760608 -52.054598 30.463885 
865.000000 -38.004353 -51.091260 30.677100 
866.000000 -37.229482 -50.117834 30.881396 
867.000000 -36.443778 -49.140471 31.078469 
868.000000 -35.657763 -48.165908 31.272225 
869.000000 -34.885016 -47.201368 31.469198 
870.000000 -34.142260 -46.255091 31.678089 
871.000000 -33.449034 -45.338170 31.907538 
872.000000 -32.826751 -44.467900 32.161730 
873.000000 -32.297002 -43.671355 32.435001 
874.000000 -31.879290 -42.986118 32.708818 
875.000000 -31.588987 -42.455145 32.954982 
876.000000 -31.437039 -42.116262 33.146077 
877.000000 -31.432749 -41.992209 33.268458 
878.000000 -31.588405 -42.090162 33.327410 
879.000000 -31.920285 -42.414202 33.335418 
880.000000 -32.439944 -42.980573 33.287698 
881.000000 -33.137496 -43.822809 33.139854 
882.000000 -33.970871 -44.991092 32.797420 
883.000000 -34.879214 -46.556161 32.125048 
884.000000 -35.820615 -48.608974 30.984229 
885.000000 -36.801346 -51.237364 29.285192 
886.000000 -37.863858 -54.449027 27.051912 
887.000000 -39.045444 -57.890800 24.676338 
888.000000 -40.339651 -60.264605 23.529380 
889.000000 -41.670703 -60.517340 24.674981 
890.000000 -42.883466 -59.838532 26.665220 
891.000000 -43.779338 -59.272170 28.189706 
892.000000 -44.227541 -59.020817 28.915402 
893.000000 -44.263809 -59.037916 28.935256 
894.000000 -44.044557 -59.248092 28.490079 
895.000000 -43.727129 -59.589434 27.805519 
896.000000 -38.624017 -52.307917 30.062012 
897.000000 -37.908881 -51.411125 30.249311 
898.000000 -37.185686 -50.511864 30.430731 
899.000000 -36.462926 -49.615420 30.609588 
900.000000 -35.751307 -48.727415 30.791120 
901.000000 -35.063808 -47.854175 30.982164 
902.000000 -34.415468 -47.003887 31.189748 
903.000000 -33.822821 -46.188735 31.418309 
904.000000 -33.302858 -45.427436 31.666035 
905.000000 -32.871572 -44.746573 31.922032 
906.000000 -32.542416 -44.178760 32.166653 
907.000000 -32.325418 -43.756924 32.376478 
908.000000 -32.227930 -43.506662 32.532894 
909.000000 -32.257351 -43.441291 32.629913 
910.000000 -32.424148 -43.564407 32.674612 
911.000000 -32.741379 -43.879799 32.676493 
912.000000 -33.217577 -44.401122 32.630318 
913.000000 -33.845030 -45.154482 32.501446 
914.000000 -34.592168 -46.177721 32.218693 
915.000000 -35.411081 -47.523029 31.678994 
916.000000 -36.262101 -49.258613 30.770125 
917.000000 -37.138439 -51.458358 29.405250 
918.000000 -38.067324 -54.168492 27.556790 
919.000000 -39.086235 -57.303766 25.339442 
920.000000 -40.213766 -60.319991 23.335899 
921.000000 -41.428123 -61.964438 22.875726 
922.000000 -42.652896 -61.884531 24.266971 
923.000000 -43.754231 -61.232449 26.116998 
924.000000 -44.572850 -60.719184 27.509727 
925.000000 -45.005544 -60.476096 28.212852 
926.000000 -45.074494 -60.466135 28.294814 
927.000000 -44.899540 -60.629456 27.943255 
928.000000 -38.539290 -52.615740 29.656845 
929.000000 -37.869482 -51.783090 29.824993 
930.000000 -37.200572 -50.953182 29.991135 
931.000000 -36.541151 -50.130481 30.159535 
932.000000 -35.901490 -49.319950 30.335656 
933.000000 -35.293402 -48.527813 30.525244 
934.000000 -34.729886 -47.762953 30.732510 
935.000000 -34.224471 -47.038687 30.957641 
936.000000 -33.790276 -46.374065 31.194506 
937.000000 -33.438907 -45.793500 31.429933 
938.000000 -33.179567 -45.323884 31.645780 
939.000000 -33.018948 -44.989637 31.823904 
940.000000 -32.962407 -44.807744 31.952446 
941.000000 -33.016233 -44.785889 32.030030 
942.000000 -33.189432 -44.925995 32.063950 
943.000000 -33.492540 -45.231720 32.061268 
944.000000 -33.931937 -45.714617 32.016680 
945.000000 -34.501475 -46.395410 31.902617 
946.000000 -35.177007 -47.303331 31.664243 
947.000000 -35.920640 -48.477845 31.221821 
948.000000 -36.696874 -49.970681 30.484673 
949.000000 -37.491801 -51.841379 29.374584 
950.000000 -38.319771 -54.140929 27.848337 
951.000000 -39.211490 -56.868734 25.929023 
952.000000 -40.193301 -59.837268 23.828763 
953.000000 -41.269358 -62.358053 22.282291 
954.000000 -42.409335 -63.409658 22.377423 
955.000000 -43.540067 -63.137912 23.877846 
956.000000 -44.546624 -62.523463 25.592963 
957.000000 -45.299954 -62.054967 26.874449 
958.000000 -45.717335 -61.820449 27.554763 
959.000000 -45.812077 -61.790117 27.685039 
960.000000 -38.503578 -52.967763 29.256056 
961.000000 -37.881063 -52.195206 29.411221 
962.000000 -37.266728 -51.428876 29.568313 
963.000000 -36.668837 -50.672740 29.731768 
964.000000 -36.096833 -49.931649 29.906315 
965.000000 -35.561103 -49.212271 30.095770 
966.000000 -35.072548 -48.524339 30.301310 
967.000000 -34.641967 -47.881743 30.519720 
968.000000 -34.279286 -47.302743 30.742400 
969.000000 -33.992819 -46.808643 30.955987 
970.000000 -33.788885 -46.420839 31.145009 
971.000000 -33.672140 -46.157038 31.296106 
972.000000 -33.646828 -46.028344 31.402286 
973.000000 -33.718493 -46.039133 31.464795 
974.000000 -33.894913 -46.190600 31.490414 
975.000000 -34.184635 -46.486284 31.484293 
976.000000 -34.592476 -46.936020 31.441279 
977.000000 -35.113451 -47.556535 31.339056 
978.000000 -35.728764 -48.370878 31.134568 
979.000000 -36.408238 -49.409549 30.765187 
980.000000 -37.121004 -50.712350 30.157456 
981.000000 -37.849949 -52.326698 29.243059 
982.000000 -38.599942 -54.299004 27.975343 
983.000000 -39.393282 -56.654216 26.344887 
984.000000 -40.255988 -59.339466 24.424113 
985.000000 -41.203449 -62.063323 22.528461 
986.000000 -42.229882 -64.073423 21.466594 
987.000000 -43.300839 -64.676537 21.972822 
988.000000 -44.348211 -64.299927 23.500832 
989.000000 -45.273429 -63.725793 25.091727 
990.000000 -45.970896 -63.295395 26.278249 
991.000000 -46.373398 -63.069415 26.936109 
992.000000 -38.512559 -53.354288 28.865207 
993.000000 -37.937553 -52.637109 29.012462 
994.000000 -37.376421 -51.928588 29.165027 
995.000000 -36.836824 -51.232581 29.326831 
996.000000 -36.327179 -50.554222 29.501253 
997.000000 -35.856375 -49.900805 29.689916 
998.000000 -35.433351 -49.282645 29.891374 
999.000000 -35.066561 -48.713488 30.100144 
1000.000000 -34.763409 -48.209999 30.306669 
1001.000000 -34.529822 -47.790091 30.498616 
1002.000000 -34.370206 -47.470359 30.663468 
1003.000000 -34.287998 -47.263439 30.791805 
1004.000000 -34.286794 -47.176502 30.880001 
1005.000000 -34.371571 -47.212014 30.930670 
1006.000000 -34.549049 -47.370896 30.949793 
1007.000000 -34.826196 -47.656539 30.941056 
1008.000000 -35.206685 -48.077368 30.899570 
1009.000000 -35.686413 -48.647079 30.807006 
1010.000000 -36.250519 -49.384166 30.628990 
1011.000000 -36.874767 -50.312659 30.315633 
1012.000000 -37.532722 -51.463651 29.807112 
1013.000000 -38.206427 -52.874906 29.044638 
1014.000000 -38.894357 -54.586183 27.982868 
1015.000000 -39.611050 -56.628357 26.600078 
1016.000000 -40.378754 -58.997697 24.915784 
1017.000000 -41.216433 -61.583943 23.056528 
1018.000000 -42.130672 -64.003961 21.434329 
1019.000000 -43.109284 -65.534268 20.834210 
1020.000000 -44.116427 -65.814852 21.623857 
1021.000000 -45.089731 -65.385677 23.133104 
1022.000000 -45.944567 -64.850853 24.611838 
1023.000000 -46.593727 -64.453174 25.716476 
