antenna name=patcharray
antenna size=1.500000000000e-02
measurement surface=plane
freq=27000000000.000000
sampling point=256
sampling space=5.000000000000e-03
#data
x,y,z,realEx,realEy,realEz,imgEx,imgEy,imgEz
-3.750000000000e-02,-3.750000000000e-02,1.500000000000e-02,-1.376465361708e+00,2.965540799869e+00,2.978842128007e+00,-1.879486292200e-01,2.771550590756e+00,3.241286163615e+00
-3.750000000000e-02,-3.250000000000e-02,1.500000000000e-02,-8.500721778681e-01,-2.730951192977e+00,-5.489302876926e+00,-2.333355255214e+00,3.496933531741e+00,8.076208422471e-01
-3.750000000000e-02,-2.750000000000e-02,1.500000000000e-02,3.615350042962e+00,-4.627255858974e+00,2.008554516757e+00,-2.393628974132e+00,-1.575206797046e+00,-7.510044686672e+00
-3.750000000000e-02,-2.250000000000e-02,1.500000000000e-02,4.948668178276e+00,-1.543791265280e+00,1.068616022924e+01,4.360714845535e+00,-5.506491618621e+00,4.331108310333e+00
-3.750000000000e-02,-1.750000000000e-02,1.500000000000e-02,-2.855440704527e+00,3.361994570807e+00,-3.095636156206e+00,8.511975953071e+00,-6.426136977321e+00,1.665818897224e+01
-3.750000000000e-02,-1.250000000000e-02,1.500000000000e-02,-1.084327007068e+01,8.052862508995e+00,-2.216536644659e+01,2.937756856403e+00,-4.422958353596e+00,8.280544166540e+00
-3.750000000000e-02,-7.500000000000e-03,1.500000000000e-02,-1.184446508845e+01,1.034237786062e+01,-2.918120402326e+01,-6.080726641607e+00,-1.240848146324e+00,-9.702729502016e+00
-3.750000000000e-02,-2.500000000000e-03,1.500000000000e-02,-9.544842057039e+00,9.692726504943e+00,-2.952664895244e+01,-1.195062073848e+01,-1.221077554262e-01,-2.200594475431e+01
-3.750000000000e-02,2.500000000000e-03,1.500000000000e-02,-1.011949556085e+01,6.419031474156e+00,-3.342576196414e+01,-1.365565840900e+01,-1.895790587076e+00,-2.291714886479e+01
-3.750000000000e-02,7.500000000000e-03,1.500000000000e-02,-1.531549887104e+01,5.669705986647e-01,-4.024025161510e+01,-9.522254762070e+00,-2.961667834975e+00,-8.729049312142e+00
-3.750000000000e-02,1.250000000000e-02,1.500000000000e-02,-1.789487425254e+01,-3.767814060487e+00,-3.426136824219e+01,3.784948265439e+00,1.421591622512e+00,1.872686232742e+01
-3.750000000000e-02,1.750000000000e-02,1.500000000000e-02,-4.734062249655e+00,8.734649885765e-01,-2.089261841192e+00,1.731924743539e+01,6.751712561486e+00,3.502009071713e+01
-3.750000000000e-02,2.250000000000e-02,1.500000000000e-02,1.531224554628e+01,8.272186376031e+00,2.845362269700e+01,7.882277301650e+00,7.120827722982e-01,1.057708745113e+01
-3.750000000000e-02,2.750000000000e-02,1.500000000000e-02,7.356681650736e+00,1.172848334406e+00,1.054676998079e+01,-1.443459760041e+01,-8.492865143571e+00,-2.340164857161e+01
-3.750000000000e-02,3.250000000000e-02,1.500000000000e-02,-1.433823055358e+01,-8.078396362473e+00,-2.053226746978e+01,-4.353081997406e+00,-1.789141978215e-01,-6.247446173499e+00
-3.750000000000e-02,3.750000000000e-02,1.500000000000e-02,3.386180789321e-01,1.730913526579e+00,-3.531629059639e-02,1.367446849371e+01,7.024328657460e+00,1.789668376829e+01
-3.250000000000e-02,-3.750000000000e-02,1.500000000000e-02,8.739604197752e-01,-3.792674259903e+00,-3.274407547986e+00,-3.842214314884e-01,1.196151982762e+00,3.168247643916e+00
-3.250000000000e-02,-3.250000000000e-02,1.500000000000e-02,1.876007870978e+00,-1.285424484932e+00,-2.470706831886e-01,3.185713468035e-01,-4.377906888572e+00,-5.323712631712e+00
-3.250000000000e-02,-2.750000000000e-02,1.500000000000e-02,8.803924196973e-03,4.636769335239e+00,5.946333383447e+00,4.244268382648e+00,-2.468579024133e+00,3.851462359711e+00
-3.250000000000e-02,-2.250000000000e-02,1.500000000000e-02,-7.218423995661e+00,5.098539310712e+00,-8.716125931634e+00,1.069018857134e+00,3.560568934356e+00,6.432257620200e+00
-3.250000000000e-02,-1.750000000000e-02,1.500000000000e-02,-4.566724345043e+00,9.974226185975e-01,-1.036350848351e+01,-9.782859632344e+00,7.764051738168e+00,-1.372165598855e+01
-3.250000000000e-02,-1.250000000000e-02,1.500000000000e-02,8.587750097676e+00,-4.718318571356e+00,1.285925538740e+01,-1.159917784644e+01,8.908079024969e+00,-2.255210992637e+01
-3.250000000000e-02,-7.500000000000e-03,1.500000000000e-02,1.789146200696e+01,-9.103557619334e+00,3.433719389516e+01,-2.289722660251e+00,7.523644102548e+00,-1.015935891940e+01
-3.250000000000e-02,-2.500000000000e-03,1.500000000000e-02,2.035280586438e+01,-9.262401126130e+00,4.428077502170e+01,6.912647792599e+00,6.180686949884e+00,3.165743702554e+00
-3.250000000000e-02,2.500000000000e-03,1.500000000000e-02,2.271056247459e+01,-4.505810456933e+00,4.928181196877e+01,8.343039702828e+00,5.774412434034e+00,1.326402557944e+00
-3.250000000000e-02,7.500000000000e-03,1.500000000000e-02,2.526773512747e+01,2.092448061379e+00,4.542044050512e+01,-1.985491015701e+00,2.255160903413e+00,-1.947751512501e+01
-3.250000000000e-02,1.250000000000e-02,1.500000000000e-02,1.492374831910e+01,1.872532312598e+00,1.665909745614e+01,-1.996079029401e+01,-5.258784973586e+00,-4.234506146055e+01
-3.250000000000e-02,1.750000000000e-02,1.500000000000e-02,-1.244658756968e+01,-7.124518369032e+00,-2.646969685638e+01,-1.994650365771e+01,-4.710173265681e+00,-2.914949825974e+01
-3.250000000000e-02,2.250000000000e-02,1.500000000000e-02,-1.935458193664e+01,-6.331936132083e+00,-2.780040174486e+01,9.623133499899e+00,7.201844519582e+00,1.733740096800e+01
-3.250000000000e-02,2.750000000000e-02,1.500000000000e-02,1.067757627382e+01,7.238625340493e+00,1.541554673555e+01,1.633290371023e+01,5.786575785060e+00,2.183244788433e+01
-3.250000000000e-02,3.250000000000e-02,1.500000000000e-02,1.125244116974e+01,3.643173537698e+00,1.398605613562e+01,-1.326327017318e+01,-7.441829977447e+00,-1.655958903540e+01
-3.250000000000e-02,3.750000000000e-02,1.500000000000e-02,-1.481184583429e+01,-7.096560515087e+00,-1.693418260417e+01,-4.199480041197e+00,-6.222243727143e-01,-4.941721745152e+00
-2.750000000000e-02,-3.750000000000e-02,1.500000000000e-02,-1.250162804030e+00,4.456126121893e-01,-4.048318947655e+00,6.564651716181e-01,-3.591140462562e+00,-2.949513704276e+00
-2.750000000000e-02,-3.250000000000e-02,1.500000000000e-02,-1.626504311017e-01,4.195668966114e+00,5.560241408725e+00,6.950001038395e-01,9.430112288621e-01,-8.787743091288e-01
-2.750000000000e-02,-2.750000000000e-02,1.500000000000e-02,-3.568999132742e+00,-6.174002663879e-01,-3.849331305705e+00,-1.180523111128e+00,5.249306395429e+00,5.504871807479e+00
-2.750000000000e-02,-2.250000000000e-02,1.500000000000e-02,2.909403645148e+00,-6.496443286689e+00,-3.130696813780e+00,-7.360694932776e+00,1.489517841294e+00,-9.297774709257e+00
-2.750000000000e-02,-1.750000000000e-02,1.500000000000e-02,1.274318416539e+01,-6.435420523285e+00,1.675415491600e+01,3.095189445900e+00,-5.739880673994e+00,-1.253612661936e+00
-2.750000000000e-02,-1.250000000000e-02,1.500000000000e-02,2.685285121677e+00,-1.855637998962e+00,8.361638794247e+00,1.888571644788e+01,-1.109320791011e+01,2.690672600598e+01
-2.750000000000e-02,-7.500000000000e-03,1.500000000000e-02,-1.732114633793e+01,3.217954632752e+00,-2.289983342412e+01,1.870507602108e+01,-1.312318017944e+01,3.547158089438e+01
-2.750000000000e-02,-2.500000000000e-03,1.500000000000e-02,-3.004390014048e+01,4.163248460400e+00,-4.561892287836e+01,1.033845621930e+01,-1.219031917387e+01,3.045206517489e+01
-2.750000000000e-02,2.500000000000e-03,1.500000000000e-02,-3.434748596422e+01,-4.234615262062e-01,-4.941401725099e+01,1.139339603876e+01,-7.945325697653e+00,3.660145246750e+01
-2.750000000000e-02,7.500000000000e-03,1.500000000000e-02,-2.551361075951e+01,-3.328005225135e+00,-2.624506938957e+01,2.688122293263e+01,1.050478175083e+00,5.433018987065e+01
-2.750000000000e-02,1.250000000000e-02,1.500000000000e-02,6.453134053026e+00,4.204913667498e+00,2.218044322871e+01,3.423700169323e+01,6.358145723673e+00,4.846943704224e+01
-2.750000000000e-02,1.750000000000e-02,1.500000000000e-02,3.108172028596e+01,9.675632745628e+00,4.374225044226e+01,2.201367714373e+00,-3.769071879859e+00,-3.739665528551e+00
-2.750000000000e-02,2.250000000000e-02,1.500000000000e-02,1.267401128914e+00,-3.410320710695e+00,-1.272020882282e+00,-2.714402456618e+01,-1.010397389420e+01,-3.479741631126e+01
-2.750000000000e-02,2.750000000000e-02,1.500000000000e-02,-2.297369296143e+01,-8.535107660624e+00,-2.653122665612e+01,4.454818510932e+00,4.435317053217e+00,6.248441047194e+00
-2.750000000000e-02,3.250000000000e-02,1.500000000000e-02,1.128249893169e+01,5.911821662112e+00,1.248261998560e+01,1.659393550864e+01,5.635680064375e+00,1.737798555399e+01
-2.750000000000e-02,3.750000000000e-02,1.500000000000e-02,7.252695881507e+00,1.893799681786e+00,6.606677753567e+00,-1.564435990042e+01,-6.497911983413e+00,-1.566025939078e+01
-2.250000000000e-02,-3.750000000000e-02,1.500000000000e-02,1.185340859047e-01,2.748271259148e+00,1.652070414843e+00,-3.507106045573e+00,1.526522625733e+00,-5.253557546602e+00
-2.250000000000e-02,-3.250000000000e-02,1.500000000000e-02,7.452877771530e-01,-2.205295178355e+00,2.645143189112e+00,1.630994721437e+00,2.849866720740e+00,5.817474144095e+00
-2.250000000000e-02,-2.750000000000e-02,1.500000000000e-02,1.105112580580e-01,-3.861702315671e+00,-6.708093016624e+00,-3.029417744485e+00,-2.546654131304e+00,-2.695184690443e+00
-2.250000000000e-02,-2.250000000000e-02,1.500000000000e-02,6.827136339807e+00,2.033409238110e+00,8.470794611881e+00,4.701959904467e+00,-6.215361038105e+00,-3.218319928511e+00
-2.250000000000e-02,-1.750000000000e-02,1.500000000000e-02,-1.034122609942e+01,9.258759998825e+00,-3.594111280183e+00,1.221625904916e+01,-1.575695914464e+00,1.510652504094e+01
-2.250000000000e-02,-1.250000000000e-02,1.500000000000e-02,-2.304775060687e+01,1.042220236727e+01,-2.869829337639e+01,-1.207187520874e+01,7.497653567074e+00,-7.633356285074e+00
-2.250000000000e-02,-7.500000000000e-03,1.500000000000e-02,-3.624685135145e+00,7.515641607020e+00,-1.441859120411e+01,-3.771387034638e+01,1.373225109398e+01,-4.790194979488e+01
-2.250000000000e-02,-2.500000000000e-03,1.500000000000e-02,2.134065198551e+01,6.252736390452e+00,1.250315141038e+01,-4.505072205317e+01,1.348366823165e+01,-6.817245874015e+01
-2.250000000000e-02,2.500000000000e-03,1.500000000000e-02,2.436465631064e+01,6.639729481939e+00,1.026178413212e+01,-5.181250066097e+01,5.170817521595e+00,-7.776880011226e+01
-2.250000000000e-02,7.500000000000e-03,1.500000000000e-02,-6.591164552019e+00,4.190260339666e-02,-2.955431119882e+01,-5.613321210725e+01,-4.624062178426e+00,-6.834572785789e+01
-2.250000000000e-02,1.250000000000e-02,1.500000000000e-02,-4.582020374410e+01,-9.982873086164e+00,-6.108158540994e+01,-1.974519141071e+01,4.165174524385e-01,-1.142435058864e+01
-2.250000000000e-02,1.750000000000e-02,1.500000000000e-02,-2.154978310741e+01,-1.371401306289e+00,-1.873396735694e+01,3.566776253830e+01,1.192466502608e+01,4.425822415981e+01
-2.250000000000e-02,2.250000000000e-02,1.500000000000e-02,3.155594804908e+01,1.121935192130e+01,3.436342498213e+01,1.307113957248e+01,6.593430565975e-01,1.078814113935e+01
-2.250000000000e-02,2.750000000000e-02,1.500000000000e-02,7.879849438702e-01,-1.978647644112e+00,-1.082735266615e+00,-2.795746698769e+01,-9.269084889022e+00,-2.692963733973e+01
-2.250000000000e-02,3.250000000000e-02,1.500000000000e-02,-2.027070932424e+01,-6.070247619244e+00,-1.716016178151e+01,1.106792900561e+01,4.704818035481e+00,1.117190944270e+01
-2.250000000000e-02,3.750000000000e-02,1.500000000000e-02,1.768844123312e+01,5.861514571342e+00,1.515698343097e+01,7.797665515676e+00,1.916211355487e+00,4.848227440169e+00
-1.750000000000e-02,-3.750000000000e-02,1.500000000000e-02,6.779612882390e+00,-2.178101845950e+00,5.541234428567e+00,-1.225002013744e-02,1.985061279938e+00,-1.354848769547e+00
-1.750000000000e-02,-3.250000000000e-02,1.500000000000e-02,-4.621683968455e+00,-1.194189170185e+00,-4.528641967766e+00,3.303661189064e+00,-2.626108974573e+00,5.445221285433e+00
-1.750000000000e-02,-2.750000000000e-02,1.500000000000e-02,3.031455301997e+00,2.691549718449e+00,-2.298403752079e-01,-3.897726657693e+00,-1.653498535587e+00,-8.473289954346e+00
-1.750000000000e-02,-2.250000000000e-02,1.500000000000e-02,-2.975639277763e+00,4.093237642754e+00,6.735762775860e+00,8.509022743341e+00,2.996935294729e+00,7.088034211675e+00
-1.750000000000e-02,-1.750000000000e-02,1.500000000000e-02,-1.313507123155e+01,-2.050267431742e+00,-1.384547552193e+01,-1.450956610386e+01,8.993230400493e+00,-1.636677638341e+00
-1.750000000000e-02,-1.250000000000e-02,1.500000000000e-02,2.718384470802e+01,-1.347166218565e+01,1.452988550003e+01,-2.430980244561e+01,5.599421609275e+00,-2.554127364428e+01
-1.750000000000e-02,-7.500000000000e-03,1.500000000000e-02,5.463593007799e+01,-1.814944342002e+01,5.727782319130e+01,2.302457770844e+01,-2.917346402880e+00,9.526613981190e+00
-1.750000000000e-02,-2.500000000000e-03,1.500000000000e-02,4.522970215201e+01,-1.630373157963e+01,6.576652651826e+01,6.981249812841e+01,-3.615087325784e+00,5.843245740221e+01
-1.750000000000e-02,2.500000000000e-03,1.500000000000e-02,5.299561883321e+01,-7.562005647434e+00,7.780773609118e+01,7.966672054260e+01,3.264112372327e+00,6.357671237936e+01
-1.750000000000e-02,7.500000000000e-03,1.500000000000e-02,8.354817571763e+01,6.348295720135e+00,9.052133356657e+01,3.190194695644e+01,1.662141563887e+00,8.228740531749e+00
-1.750000000000e-02,1.250000000000e-02,1.500000000000e-02,5.158110417636e+01,4.173851126878e+00,3.849883484220e+01,-5.128297579525e+01,-1.137194349247e+01,-5.894473316066e+01
-1.750000000000e-02,1.750000000000e-02,1.500000000000e-02,-3.886797723385e+01,-1.161787163572e+01,-4.004296351952e+01,-4.029605510582e+01,-5.360688368729e+00,-3.071489185694e+01
-1.750000000000e-02,2.250000000000e-02,1.500000000000e-02,-2.141441767423e+01,-2.862330782941e+00,-1.387094957728e+01,3.716186607856e+01,1.057534580386e+01,3.269852410932e+01
-1.750000000000e-02,2.750000000000e-02,1.500000000000e-02,3.338984414714e+01,8.615356653306e+00,2.528121308190e+01,9.349805273540e-01,-1.130265878635e+00,-2.568622042376e+00
-1.750000000000e-02,3.250000000000e-02,1.500000000000e-02,-1.559689911093e+01,-4.392470874207e+00,-1.328349431333e+01,-2.159905204373e+01,-5.130537191503e+00,-1.325431561689e+01
-1.750000000000e-02,3.750000000000e-02,1.500000000000e-02,-3.733333938906e+00,-7.505133081378e-01,4.715962582684e-01,2.146733027948e+01,5.216596718195e+00,1.434800081992e+01
-1.250000000000e-02,-3.750000000000e-02,1.500000000000e-02,4.088257831234e+00,-1.999666037301e+00,4.939514128339e+00,1.006327188204e+01,-2.514337901731e+00,2.376317748132e+00
-1.250000000000e-02,-3.250000000000e-02,1.500000000000e-02,-9.278895586272e+00,3.073378682697e+00,-7.102438376236e+00,-6.136904221712e+00,-2.354785194547e-03,3.849490224631e-01
-1.250000000000e-02,-2.750000000000e-02,1.500000000000e-02,1.123537074969e+01,-7.687636144566e-01,7.303248597196e+00,4.061064583411e-01,2.109105713599e+00,-5.774689591790e+00
-1.250000000000e-02,-2.250000000000e-02,1.500000000000e-02,-1.262094876109e+01,-1.280433445857e+00,-2.126238733441e+00,5.299558255026e+00,1.202992403025e+00,1.149582038560e+01
-1.250000000000e-02,-1.750000000000e-02,1.500000000000e-02,1.186338779586e+01,-6.631623578535e+00,-7.154786235534e+00,-2.232510668878e+01,-1.096358837768e+00,-1.245264989139e+01
-1.250000000000e-02,-1.250000000000e-02,1.500000000000e-02,3.643869863878e+01,-3.494237370401e+00,2.547800914569e+01,3.700273957709e+01,-1.451502423113e+01,6.978227434246e+00
-1.250000000000e-02,-7.500000000000e-03,1.500000000000e-02,-4.769838831005e+01,1.048948269638e+01,-1.343009994448e+01,8.281233435885e+01,-1.830424256042e+01,6.007625582529e+01
-1.250000000000e-02,-2.500000000000e-03,1.500000000000e-02,-1.340417040484e+02,1.076341350843e+01,-8.293076195020e+01,5.250918624056e+01,-1.368925542423e+01,6.436057032413e+01
-1.250000000000e-02,2.500000000000e-03,1.500000000000e-02,-1.526154286869e+02,-1.555067644020e+00,-9.530834979381e+01,6.073605579349e+01,-6.201169878956e+00,7.499974597715e+01
-1.250000000000e-02,7.500000000000e-03,1.500000000000e-02,-7.184568913728e+01,-3.372488323513e+00,-2.727403152399e+01,1.236761101774e+02,8.072437191504e+00,9.939697776694e+01
-1.250000000000e-02,1.250000000000e-02,1.500000000000e-02,6.884122490288e+01,1.080967278794e+01,5.814273009798e+01,8.031140550191e+01,6.752075711341e+00,4.426353618811e+01
-1.250000000000e-02,1.750000000000e-02,1.500000000000e-02,5.152173945439e+01,6.121396155769e+00,2.645305917074e+01,-5.392662902427e+01,-1.012806123411e+01,-4.038883196517e+01
-1.250000000000e-02,2.250000000000e-02,1.500000000000e-02,-5.008524553579e+01,-9.032434003803e+00,-3.161366935896e+01,-1.855834831887e+01,-2.296729525931e+00,-5.235986979482e+00
-1.250000000000e-02,2.750000000000e-02,1.500000000000e-02,1.049216123249e+01,1.943079490430e+00,1.053881504807e+01,3.827474829679e+01,6.700436720028e+00,1.949758828036e+01
-1.250000000000e-02,3.250000000000e-02,1.500000000000e-02,1.549320659097e+01,2.840725728564e+00,3.995678519361e+00,-2.647496200368e+01,-4.358639979167e+00,-1.563004387747e+01
-1.250000000000e-02,3.750000000000e-02,1.500000000000e-02,-2.305897690429e+01,-3.799738365003e+00,-9.534814349892e+00,8.489976698967e+00,1.032532218681e+00,7.795285757241e+00
-7.500000000000e-03,-3.750000000000e-02,1.500000000000e-02,-6.885961834355e+00,1.871838251505e+00,4.293257271896e+00,1.346114268228e+01,-3.000117695216e+00,3.404358899850e+00
-7.500000000000e-03,-3.250000000000e-02,1.500000000000e-02,-1.430047238312e+00,4.403856589885e-01,-6.490964067688e+00,-1.736056709243e+01,3.922564728867e+00,-1.851441065717e+00
-7.500000000000e-03,-2.750000000000e-02,1.500000000000e-02,1.250649364619e+01,-2.989329512407e+00,8.774136159511e+00,1.608669682508e+01,-2.612108009344e+00,-1.698732765674e+00
-7.500000000000e-03,-2.250000000000e-02,1.500000000000e-02,-2.410800564764e+01,2.979571881701e+00,-8.629411312633e+00,-8.053441578582e+00,1.267967997295e-01,8.844249733485e+00
-7.500000000000e-03,-1.750000000000e-02,1.500000000000e-02,3.650188481345e+01,-3.245363487364e+00,3.135666092066e-01,-1.310540156576e+01,-1.175569426391e+00,-1.661356482995e+01
-7.500000000000e-03,-1.250000000000e-02,1.500000000000e-02,-1.397741174931e+01,8.971517596347e+00,1.605104028149e+01,7.400348558661e+01,-7.840989646048e+00,1.685585582592e+01
-7.500000000000e-03,-7.500000000000e-03,1.500000000000e-02,-1.479616873017e+02,1.906308527795e+01,-4.666961064847e+01,-1.461409376120e+01,8.486985789120e+00,1.892883167475e+01
-7.500000000000e-03,-2.500000000000e-03,1.500000000000e-02,-1.523532460915e+02,1.009126788855e+01,-8.279487927919e+01,-1.810421404115e+02,1.263979753654e+01,-5.004596652920e+01
-7.500000000000e-03,2.500000000000e-03,1.500000000000e-02,-1.644636670191e+02,1.037537328219e+00,-9.242560372875e+01,-2.084540329127e+02,-1.473809364012e+00,-6.772591595290e+01
-7.500000000000e-03,7.500000000000e-03,1.500000000000e-02,-2.094348892675e+02,-9.627300387061e+00,-9.136378867394e+01,-4.722957609314e+01,-3.687172393937e+00,1.198940059502e+00
-7.500000000000e-03,1.250000000000e-02,1.500000000000e-02,-6.891641340880e+01,-6.572647825747e+00,-1.576392675785e+01,1.275513945161e+02,8.686400763775e+00,5.745724797348e+01
-7.500000000000e-03,1.750000000000e-02,1.500000000000e-02,9.026226428348e+01,7.315808299821e+00,3.715520234973e+01,2.798968668781e+01,4.327998402464e+00,1.633332450073e+00
-7.500000000000e-03,2.250000000000e-02,1.500000000000e-02,-1.370178601823e+01,6.217475313754e-01,-1.227110104568e+01,-6.245391683436e+01,-5.993772931251e+00,-2.087922718122e+01
-7.500000000000e-03,2.750000000000e-02,1.500000000000e-02,-2.677367534901e+01,-3.540711415933e+00,-4.036360092614e+00,3.710318057575e+01,2.238669002270e+00,1.641437433644e+01
-7.500000000000e-03,3.250000000000e-02,1.500000000000e-02,3.348420432520e+01,2.907699627829e+00,9.677101412847e+00,-8.411430019966e+00,5.033062758078e-01,-8.044393526554e+00
-7.500000000000e-03,3.750000000000e-02,1.500000000000e-02,-2.550766554624e+01,-1.504498240040e+00,-9.755543562840e+00,-9.536873379571e+00,-1.512791231627e+00,1.396260280630e+00
-2.500000000000e-03,-3.750000000000e-02,1.500000000000e-02,-1.567588648963e+01,3.448771660777e+00,6.000985913181e+00,1.038145118090e+01,-5.550778443761e-01,3.595077737519e+00
-2.500000000000e-03,-3.250000000000e-02,1.500000000000e-02,1.041474329874e+01,-3.231733078053e+00,-8.086444237742e+00,-2.087151877991e+01,2.969991384206e+00,-7.187471569574e-01
-2.500000000000e-03,-2.750000000000e-02,1.500000000000e-02,3.358283612563e+00,9.359765430525e-01,9.008776195510e+00,2.993080352530e+01,-5.391076634604e+00,-3.780326896311e+00
-2.500000000000e-03,-2.250000000000e-02,1.500000000000e-02,-2.850739626111e+01,3.503475060133e+00,-7.222225548258e+00,-2.994500102814e+01,5.550134446976e+00,1.024186163441e+01
-2.500000000000e-03,-1.750000000000e-02,1.500000000000e-02,6.280359732555e+01,-7.151886401045e+00,-1.993976429776e+00,1.988317833642e+00,-1.802191369573e+00,-1.713079293834e+01
-2.500000000000e-03,-1.250000000000e-02,1.500000000000e-02,-5.747875006966e+01,8.661920496598e+00,2.091003218240e+01,9.336160620578e+01,-4.513832728332e+00,9.618050411763e+00
-2.500000000000e-03,-7.500000000000e-03,1.500000000000e-02,-1.718117129533e+02,3.968974279069e+00,-1.702203505775e+01,-1.076826137477e+02,1.622602710691e+01,1.849629617094e+01
-2.500000000000e-03,-2.500000000000e-03,1.500000000000e-02,-4.339904283269e+01,-1.154356115489e+01,-2.197406741416e+01,-3.137276274206e+02,1.130808061575e+01,-2.448804417545e+01
-2.500000000000e-03,2.500000000000e-03,1.500000000000e-02,-1.261478839359e+01,-3.913380510411e+00,-8.877179435299e+00,-3.449918536355e+02,-3.427304130641e+00,-4.217046485087e+01
-2.500000000000e-03,7.500000000000e-03,1.500000000000e-02,-1.690265248405e+02,1.951528925241e-02,-2.411518822769e+01,-2.034149410569e+02,-1.187833253581e+01,-2.438208534619e+01
-2.500000000000e-03,1.250000000000e-02,1.500000000000e-02,-1.522498255371e+02,-9.212014559322e+00,-1.698417261710e+01,7.256902247955e+01,-7.330324844472e+00,1.421997341002e+01
-2.500000000000e-03,1.750000000000e-02,1.500000000000e-02,6.763011747531e+01,-5.340079174666e+00,1.469005388763e+01,8.086746544784e+01,6.344401710006e+00,6.023055543745e+00
-2.500000000000e-03,2.250000000000e-02,1.500000000000e-02,1.994015032239e+01,5.097023051767e+00,-4.178371662797e+00,-6.666061364368e+01,1.657225769634e+00,-1.183122700977e+01
-2.500000000000e-03,2.750000000000e-02,1.500000000000e-02,-4.307882730087e+01,-1.127916675175e+00,-3.673230337002e+00,2.367426492943e+01,-3.278503171045e+00,9.568826011305e+00
-2.500000000000e-03,3.250000000000e-02,1.500000000000e-02,3.649246216610e+01,-9.585665685875e-01,7.056768520279e+00,5.232986337794e+00,2.095674830510e+00,-4.769694184627e+00
-2.500000000000e-03,3.750000000000e-02,1.500000000000e-02,-2.216095748150e+01,1.396778931731e+00,-7.177614072066e+00,-1.870383846638e+01,-7.427934771283e-01,3.853496347115e-01
2.500000000000e-03,-3.750000000000e-02,1.500000000000e-02,-1.923466527721e+01,2.843084535978e+00,9.697513046635e+00,9.164739393119e+00,1.288106313692e+00,2.734633514186e+00
2.500000000000e-03,-3.250000000000e-02,1.500000000000e-02,1.551444448209e+01,-4.111501899329e+00,-1.189116406499e+01,-2.272034360752e+01,5.571534943010e-01,3.243170537156e+00
2.500000000000e-03,-2.750000000000e-02,1.500000000000e-02,-8.932223041215e-02,4.045921811649e+00,9.844356912484e+00,3.738024913874e+01,-3.916833587546e+00,-1.204152344461e+01
2.500000000000e-03,-2.250000000000e-02,1.500000000000e-02,-3.502098112208e+01,-4.839684696000e-01,1.125707864673e+00,-4.125176632865e+01,7.722241246334e+00,2.035726099231e+01
2.500000000000e-03,-1.750000000000e-02,1.500000000000e-02,8.402541414756e+01,-7.711016651735e+00,-2.338992253555e+01,-1.437714883256e+00,-7.187703910958e+00,-1.518090115970e+01
2.500000000000e-03,-1.250000000000e-02,1.500000000000e-02,-5.133134882314e+01,1.305591612395e+01,2.992933673639e+01,1.277568255593e+02,-4.400678838598e+00,-2.534422269681e+01
2.500000000000e-03,-7.500000000000e-03,1.500000000000e-02,-2.091601621023e+02,1.803417915915e+00,4.345577085851e+01,-7.393922738821e+01,1.647762023179e+01,3.054019381916e+01
2.500000000000e-03,-2.500000000000e-03,1.500000000000e-02,-9.442455433965e+01,-1.472240949860e+01,2.331887891078e+01,-2.912075265342e+02,4.870549809141e+00,5.813986575488e+01
2.500000000000e-03,2.500000000000e-03,1.500000000000e-02,-4.201731214820e+01,-4.796390018525e+00,3.027189344749e+01,-3.108213292542e+02,-6.944955931809e+00,5.219039427911e+01
2.500000000000e-03,7.500000000000e-03,1.500000000000e-02,-1.581126831166e+02,4.662044485053e+00,4.062992947125e+01,-1.759208784520e+02,-1.187952799744e+01,1.501872085451e+01
2.500000000000e-03,1.250000000000e-02,1.500000000000e-02,-1.362605371590e+02,-5.754471291997e+00,1.657776544641e+01,6.750700007698e+01,-1.470562755620e+01,-1.564117924283e+01
2.500000000000e-03,1.750000000000e-02,1.500000000000e-02,6.345197822981e+01,-1.273008383236e+01,-5.161437401119e+00,7.357053184449e+01,3.963188444015e+00,-9.134609950283e+00
2.500000000000e-03,2.250000000000e-02,1.500000000000e-02,1.751485410348e+01,6.086326744228e+00,-5.927559182450e+00,-6.351215798075e+01,7.716354573120e+00,2.290552475292e+00
2.500000000000e-03,2.750000000000e-02,1.500000000000e-02,-4.120793160516e+01,1.850740440142e+00,3.273996330837e+00,2.408162548090e+01,-6.790824033591e+00,4.522574259931e+00
2.500000000000e-03,3.250000000000e-02,1.500000000000e-02,3.629188948896e+01,-4.365888206212e+00,1.547975007628e+00,4.158765558288e+00,2.630732277195e+00,-5.022572210753e+00
2.500000000000e-03,3.750000000000e-02,1.500000000000e-02,-2.282032618543e+01,3.757366015189e+00,-4.136403562293e+00,-1.818213712556e+01,4.074794414720e-01,2.574565369133e+00
7.500000000000e-03,-3.750000000000e-02,1.500000000000e-02,-1.714422392630e+01,2.216542768807e+00,1.347404464038e+01,1.427803553944e+01,2.262181847438e+00,-2.448546238130e+00
7.500000000000e-03,-3.250000000000e-02,1.500000000000e-02,8.595909460465e+00,-4.318942799253e+00,-1.236575080023e+01,-2.776456914590e+01,-9.232757010208e-01,1.248885591636e+01
7.500000000000e-03,-2.750000000000e-02,1.500000000000e-02,1.410048951925e+01,5.765621395733e+00,1.608199957626e+00,3.707913774939e+01,-2.901068002337e+00,-2.343714280491e+01
7.500000000000e-03,-2.250000000000e-02,1.500000000000e-02,-5.223597577014e+01,-2.718889821584e+00,2.347305426956e+01,-2.280575206548e+01,9.492897803955e+00,2.294328617523e+01
7.500000000000e-03,-1.750000000000e-02,1.500000000000e-02,7.141766919707e+01,-1.082788438561e+01,-4.502152632326e+01,-4.737812493003e+01,-1.077905688077e+01,1.515801563587e+01
7.500000000000e-03,-1.250000000000e-02,1.500000000000e-02,4.058101262143e+01,1.701754977564e+01,-1.314392984394e+01,1.240382546695e+02,-1.270786374308e+01,-6.726935414757e+01
7.500000000000e-03,-7.500000000000e-03,1.500000000000e-02,-1.645637820457e+02,1.595718096576e+01,8.039110080781e+01,8.533788144950e+01,1.215770840383e+01,-4.472049955837e+01
7.500000000000e-03,-2.500000000000e-03,1.500000000000e-02,-2.028000082603e+02,-3.054703273332e+00,1.058687834023e+02,-8.148022924387e+01,6.600005185484e+00,2.274199574918e+01
7.500000000000e-03,2.500000000000e-03,1.500000000000e-02,-1.668087555051e+02,-6.207328453211e+00,1.007476809787e+02,-1.140706101610e+02,-6.811344468314e+00,3.041737828268e+01
7.500000000000e-03,7.500000000000e-03,1.500000000000e-02,-1.530758285203e+02,-3.689894375375e+00,7.581546261602e+01,-1.402518596352e+01,-9.613201870564e+00,-2.283049047423e+01
7.500000000000e-03,1.250000000000e-02,1.500000000000e-02,-4.661028105888e+01,-9.990673998563e+00,5.517314148750e+00,9.577924665701e+01,-8.372150558059e+00,-4.784886293700e+01
7.500000000000e-03,1.750000000000e-02,1.500000000000e-02,7.131302380687e+01,-1.018678757426e+01,-2.635591356872e+01,2.016660014382e+01,8.884107125578e+00,-2.648947552716e+00
7.500000000000e-03,2.250000000000e-02,1.500000000000e-02,-1.354117621943e+01,1.007829547910e+01,2.551950055266e+00,-5.242339074707e+01,5.967895021896e+00,1.422398056426e+01
7.500000000000e-03,2.750000000000e-02,1.500000000000e-02,-2.258951964210e+01,-5.658364291472e-01,6.924873741828e+00,3.496111579223e+01,-9.387666044645e+00,-4.740868693277e+00
7.500000000000e-03,3.250000000000e-02,1.500000000000e-02,3.176361413799e+01,-4.976118335428e+00,-4.959647005185e+00,-1.006443284497e+01,5.448367200555e+00,-2.415822577797e+00
7.500000000000e-03,3.750000000000e-02,1.500000000000e-02,-2.633278606690e+01,5.729473406561e+00,7.277741319704e-01,-7.952905387922e+00,-8.532089100636e-01,4.130474455797e+00
1.250000000000e-02,-3.750000000000e-02,1.500000000000e-02,-5.270623384964e+00,3.324512498266e+00,1.051533111615e+01,2.120394360032e+01,2.523218245754e+00,-1.336758561931e+01
1.250000000000e-02,-3.250000000000e-02,1.500000000000e-02,-1.145287804763e+01,-5.937871898801e+00,7.059093479529e-01,-2.554936392150e+01,3.044663903408e-01,2.213263978292e+01
1.250000000000e-02,-2.750000000000e-02,1.500000000000e-02,3.444520044132e+01,5.588303567480e+00,-2.245246945691e+01,1.373484916933e+01,-6.784159115608e+00,-1.970018852520e+01
1.250000000000e-02,-2.250000000000e-02,1.500000000000e-02,-4.349788829838e+01,4.324252706291e+00,4.007908408461e+01,2.599955670133e+01,1.251096686610e+01,-1.118042546455e+01
1.250000000000e-02,-1.750000000000e-02,1.500000000000e-02,-6.931410666681e+00,-1.924304512979e+01,-3.408938541817e+00,-7.040354984717e+01,1.158810014857e+00,5.867626768332e+01
1.250000000000e-02,-1.250000000000e-02,1.500000000000e-02,9.790137097018e+01,-4.137081699948e+00,-8.030043367480e+01,3.531802338164e+00,-2.373257874208e+01,-3.872130546236e+00
1.250000000000e-02,-7.500000000000e-03,1.500000000000e-02,3.211791728510e+01,1.382566378292e+01,-3.692212228807e+01,1.210373364552e+02,-1.425077658407e+01,-9.176421292175e+01
1.250000000000e-02,-2.500000000000e-03,1.500000000000e-02,-6.149486949366e+01,2.385064860256e+00,2.965071451090e+01,1.169623958567e+02,-3.589684505558e+00,-9.967026391951e+01
1.250000000000e-02,2.500000000000e-03,1.500000000000e-02,-6.814452963441e+01,-1.020379370364e+01,3.863772758549e+01,8.696613158987e+01,-9.077418458555e-02,-8.638761168601e+01
1.250000000000e-02,7.500000000000e-03,1.500000000000e-02,-2.087439115654e+01,-8.175488159446e+00,-5.603136499602e+00,7.995355508698e+01,3.805626320231e+00,-7.433363872189e+01
1.250000000000e-02,1.250000000000e-02,1.500000000000e-02,4.428893590425e+01,-5.266142062044e+00,-4.691526573362e+01,4.415892958776e+01,4.422692280358e+00,-2.056170382246e+01
1.250000000000e-02,1.750000000000e-02,1.500000000000e-02,3.379664397356e+01,1.705567351309e+00,-1.428410489397e+01,-3.535319455538e+01,8.815260487262e+00,2.922670717386e+01
1.250000000000e-02,2.250000000000e-02,1.500000000000e-02,-3.697666443735e+01,9.123092685315e+00,1.979934202851e+01,-1.395948145348e+01,-3.599411122482e+00,3.851924723024e+00
1.250000000000e-02,2.750000000000e-02,1.500000000000e-02,9.129767496999e+00,-7.091049387796e+00,-3.338687325965e+00,3.161169474733e+01,-5.899259821382e+00,-1.218183588473e+01
1.250000000000e-02,3.250000000000e-02,1.500000000000e-02,1.329759072450e+01,-3.290306592325e-02,-5.380333262981e+00,-2.465220194749e+01,8.065283422631e+00,6.152497653034e+00
1.250000000000e-02,3.750000000000e-02,1.500000000000e-02,-2.229063657038e+01,4.692291166132e+00,5.564650250362e+00,9.499417812487e+00,-4.962228320935e+00,2.965211080911e-01
1.750000000000e-02,-3.750000000000e-02,1.500000000000e-02,1.367385240181e+01,5.500872691022e+00,-6.626215766875e+00,1.500249576669e+01,-5.631312574770e-01,-1.837722917209e+01
1.750000000000e-02,-3.250000000000e-02,1.500000000000e-02,-2.516141702645e+01,-4.464917898723e+00,2.306233121181e+01,-1.296776464458e+00,6.240911998720e+00,1.014258760809e+01
1.750000000000e-02,-2.750000000000e-02,1.500000000000e-02,2.103805827317e+01,-4.011394256828e+00,-2.861713209317e+01,-2.387304073840e+01,-1.003313995951e+01,1.694608797340e+01
1.750000000000e-02,-2.250000000000e-02,1.500000000000e-02,1.345342576941e+01,1.504454842260e+01,-4.559106889980e+00,3.840454489802e+01,-3.134702016548e-01,-4.431628484294e+01
1.750000000000e-02,-1.750000000000e-02,1.500000000000e-02,-5.218235475440e+01,-1.028903019348e+00,5.909536252866e+01,2.187624611662e+00,1.962546594324e+01,4.338107968175e+00
1.750000000000e-02,-1.250000000000e-02,1.500000000000e-02,-3.293029664030e+00,-2.094711792972e+01,6.270446730573e+00,-6.586090554172e+01,5.686177160929e+00,7.480430108788e+01
1.750000000000e-02,-7.500000000000e-03,1.500000000000e-02,6.888576265950e+01,-1.515815738726e+01,-6.851822341908e+01,-3.573703915462e+01,-6.859667432816e+00,5.099785506124e+01
1.750000000000e-02,-2.500000000000e-03,1.500000000000e-02,7.662811943937e+01,-7.540894315627e+00,-8.360128882262e+01,1.115345456891e+01,9.282332201973e-01,5.014085784566e+00
1.750000000000e-02,2.500000000000e-03,1.500000000000e-02,6.016861933681e+01,-1.077849194965e+00,-7.246981756851e+01,1.472272338679e+01,1.043126499075e+01,-3.978067007331e+00
1.750000000000e-02,7.500000000000e-03,1.500000000000e-02,4.352470590227e+01,6.473766290120e+00,-5.471873888149e+01,-5.524024714864e+00,6.938475603153e+00,2.060129673035e+01
1.750000000000e-02,1.250000000000e-02,1.500000000000e-02,1.932346588352e+01,4.598252856450e+00,-1.126561159467e+01,-2.764304762476e+01,8.014074810120e-03,4.274822361392e+01
1.750000000000e-02,1.750000000000e-02,1.500000000000e-02,-1.981600251500e+01,3.679159681876e+00,2.878265270720e+01,-2.134275387091e+01,-1.152835971843e+00,1.326745787746e+01
1.750000000000e-02,2.250000000000e-02,1.500000000000e-02,-1.492845105858e+01,-7.616490909261e-01,6.168416874765e+00,2.154394704497e+01,-5.990318143126e+00,-2.117052936257e+01
1.750000000000e-02,2.750000000000e-02,1.500000000000e-02,2.372383164200e+01,-6.311265046787e+00,-1.513694380765e+01,2.518808523355e+00,3.308750901417e+00,1.375210145082e+00
1.750000000000e-02,3.250000000000e-02,1.500000000000e-02,-1.186816268189e+01,6.297412322092e+00,6.139108250108e+00,-1.829373976712e+01,3.492738333874e+00,8.562957910452e+00
1.750000000000e-02,3.750000000000e-02,1.500000000000e-02,-3.829859885160e+00,-1.452683752188e+00,2.249911660768e+00,1.958497604548e+01,-6.572176883166e+00,-7.080369110468e+00
2.250000000000e-02,-3.750000000000e-02,1.500000000000e-02,1.634175326980e+01,1.860213603842e+00,-2.108389898782e+01,-7.943418136641e+00,-6.414243453116e+00,1.206339027780e+00
2.250000000000e-02,-3.250000000000e-02,1.500000000000e-02,-4.545158466468e+00,5.816226968474e+00,1.450066287965e+01,2.121863570628e+01,6.705753211319e+00,-2.234064958521e+01
2.250000000000e-02,-2.750000000000e-02,1.500000000000e-02,-1.914566983081e+01,-1.118824386642e+01,1.675897354755e+01,-1.762228969882e+01,3.570873827707e+00,2.954090887336e+01
2.250000000000e-02,-2.250000000000e-02,1.500000000000e-02,2.793372655554e+01,-1.862929093449e+00,-4.208404331294e+01,-1.383390801859e+01,-1.492502991177e+01,1.020439590642e+01
2.250000000000e-02,-1.750000000000e-02,1.500000000000e-02,1.133363950391e+01,1.727623169461e+01,-1.168668421794e+01,3.535999993743e+01,-4.059045727485e+00,-5.278277732108e+01
2.250000000000e-02,-1.250000000000e-02,1.500000000000e-02,-3.904783721904e+01,1.183526700599e+01,5.552874214200e+01,1.924951506599e+01,1.322242722579e+01,-3.165729929388e+01
2.250000000000e-02,-7.500000000000e-03,1.500000000000e-02,-4.097819784644e+01,3.142241634084e+00,6.379198168821e+01,-2.564513149430e+01,1.293689330624e+01,2.538495833781e+01
2.250000000000e-02,-2.500000000000e-03,1.500000000000e-02,-2.219362720758e+01,5.940009721517e+00,4.185668838152e+01,-4.164581452387e+01,6.152570321721e+00,4.988038760769e+01
2.250000000000e-02,2.500000000000e-03,1.500000000000e-02,-1.737576045757e+01,9.681146889378e+00,3.221551700937e+01,-3.401620637831e+01,-2.284881630184e+00,4.522983616441e+01
2.250000000000e-02,7.500000000000e-03,1.500000000000e-02,-2.019974716743e+01,3.563585740867e+00,3.745551410757e+01,-1.705952150639e+01,-8.752024635567e+00,2.509828493633e+01
2.250000000000e-02,1.250000000000e-02,1.500000000000e-02,-1.868635106461e+01,-4.081489789695e+00,3.498927727251e+01,-5.285347399110e-02,-4.195355476261e+00,-8.275903229655e+00
2.250000000000e-02,1.750000000000e-02,1.500000000000e-02,-7.763784028475e+00,-2.041959046961e+00,2.763742600538e+00,1.429187602314e+01,4.880225484799e-01,-2.791359049979e+01
2.250000000000e-02,2.250000000000e-02,1.500000000000e-02,1.384239117717e+01,-2.233434495160e+00,-2.126238729617e+01,8.085126753102e+00,7.427579164189e-01,-2.134465828364e+00
2.250000000000e-02,2.750000000000e-02,1.500000000000e-02,3.324595393945e+00,1.585146708469e+00,2.297302905058e+00,-1.566899209743e+01,3.977968560605e+00,1.584223238414e+01
2.250000000000e-02,3.250000000000e-02,1.500000000000e-02,-1.494093928367e+01,3.623842350068e+00,1.002938261188e+01,5.198321367531e+00,-3.945348630403e+00,-6.411947881068e+00
2.250000000000e-02,3.750000000000e-02,1.500000000000e-02,1.317899551081e+01,-5.663959933867e+00,-8.006458278223e+00,7.999784292830e+00,-7.146061682152e-01,-3.803674866077e+00
2.750000000000e-02,-3.750000000000e-02,1.500000000000e-02,-6.403805643744e+00,-6.972392902300e+00,8.353304427257e-02,-1.452598887806e+01,-2.605876536449e+00,2.182457217701e+01
2.750000000000e-02,-3.250000000000e-02,1.500000000000e-02,1.809173535131e+01,6.692145807655e+00,-2.355416053828e+01,2.176263238132e+00,-6.662772070578e+00,-1.274401568069e+01
2.750000000000e-02,-2.750000000000e-02,1.500000000000e-02,-1.028737551386e+01,5.961026836868e+00,2.430339649072e+01,1.807417351017e+01,1.012816019364e+01,-2.218239291788e+01
2.750000000000e-02,-2.250000000000e-02,1.500000000000e-02,-1.727429886514e+01,-1.219317553693e+01,2.297094803356e+01,-1.597479306259e+01,6.795111202744e+00,3.277049664593e+01
2.750000000000e-02,-1.750000000000e-02,1.500000000000e-02,1.818538996071e+01,-1.064883437353e+01,-3.501637298791e+01,-1.915418138904e+01,-1.079053216778e+01,3.182582479762e+01
2.750000000000e-02,-1.250000000000e-02,1.500000000000e-02,2.600354205287e+01,1.833825435248e+00,-4.880667125417e+01,1.360861216869e+01,-1.403785026839e+01,-2.077115940403e+01
2.750000000000e-02,-7.500000000000e-03,1.500000000000e-02,5.708915326243e+00,4.898152634403e+00,-2.005867034833e+01,3.087210130015e+01,-9.623573332002e+00,-5.100940634490e+01
2.750000000000e-02,-2.500000000000e-03,1.500000000000e-02,-7.816126821275e+00,6.579755406570e-02,2.516040686063e+00,2.949006837254e+01,-8.324174777489e+00,-5.122015609401e+01
2.750000000000e-02,2.500000000000e-03,1.500000000000e-02,-5.746423779541e+00,-6.723491291676e+00,4.282411994608e+00,2.494330513700e+01,-6.073369410592e+00,-4.373870439886e+01
2.750000000000e-02,7.500000000000e-03,1.500000000000e-02,3.857579599455e+00,-8.668533573976e+00,-8.316207237224e+00,1.798306908976e+01,1.743880313613e+00,-3.507826628843e+01
2.750000000000e-02,1.250000000000e-02,1.500000000000e-02,9.555480579226e+00,-1.278865745559e+00,-2.398666106369e+01,7.446255385039e+00,6.516662060656e+00,-1.710405247557e+01
2.750000000000e-02,1.750000000000e-02,1.500000000000e-02,8.983814717182e+00,3.472865694056e+00,-2.146418799692e+01,-1.828522840494e+00,1.310890679031e+00,1.097657137761e+01
2.750000000000e-02,2.250000000000e-02,1.500000000000e-02,1.325302053119e+00,6.518506231880e-01,6.063377978864e+00,-9.064196736875e+00,-7.702552756637e-01,1.857898888721e+01
2.750000000000e-02,2.750000000000e-02,1.500000000000e-02,-9.985874365164e+00,1.360771042995e+00,1.429713897898e+01,-5.803910274763e-01,-8.699473007933e-01,-6.283278183338e+00
2.750000000000e-02,3.250000000000e-02,1.500000000000e-02,3.401033437567e+00,-2.314966433363e+00,-8.042055478039e+00,1.019071491978e+01,-2.210925634414e+00,-9.346899452812e+00
2.750000000000e-02,3.750000000000e-02,1.500000000000e-02,7.094228806728e+00,-1.068815954181e+00,-3.869134006696e+00,-8.689242442427e+00,4.025442944976e+00,8.863876206025e+00
3.250000000000e-02,-3.750000000000e-02,1.500000000000e-02,-1.142302627629e+01,-1.573098145366e+00,2.159009513229e+01,7.488811247216e+00,7.665344815204e+00,-3.254589819568e+00
3.250000000000e-02,-3.250000000000e-02,1.500000000000e-02,-2.542112298141e+00,-8.345875146591e+00,-5.655043266580e+00,-1.487878706329e+01,-4.511910277739e+00,2.543302048153e+01
3.250000000000e-02,-2.750000000000e-02,1.500000000000e-02,1.639752968232e+01,6.334352625385e+00,-2.828079409256e+01,1.666184812442e+00,-9.197199220667e+00,-1.249430221024e+01
3.250000000000e-02,-2.250000000000e-02,1.500000000000e-02,-3.583757276493e+00,1.104833050796e+01,1.424573408126e+01,1.742452503201e+01,5.735378369916e+00,-3.317681901762e+01
3.250000000000e-02,-1.750000000000e-02,1.500000000000e-02,-1.902009260663e+01,-7.671508585358e-01,4.044572587486e+01,-1.752272289992e+00,1.267219450702e+01,6.014021343553e+00
3.250000000000e-02,-1.250000000000e-02,1.500000000000e-02,-6.075142674333e+00,-8.381522940727e+00,1.706199671584e+01,-1.954160842914e+01,7.713517032294e+00,4.066005742272e+01
3.250000000000e-02,-7.500000000000e-03,1.500000000000e-02,1.041587836815e+01,-7.871849978061e+00,-1.352079022995e+01,-1.870456801621e+01,4.404665590733e+00,4.233846442727e+01
3.250000000000e-02,-2.500000000000e-03,1.500000000000e-02,1.619260134987e+01,-4.776152416595e+00,-2.596096382457e+01,-1.318308795098e+01,6.059199324600e+00,3.227508438469e+01
3.250000000000e-02,2.500000000000e-03,1.500000000000e-02,1.341166729270e+01,3.547064617082e-01,-2.329796190582e+01,-1.232004284414e+01,8.127535104863e+00,2.739960484237e+01
3.250000000000e-02,7.500000000000e-03,1.500000000000e-02,5.125738052942e+00,6.392444361720e+00,-1.156177746500e+01,-1.295368645848e+01,4.874780360818e+00,2.766274488850e+01
3.250000000000e-02,1.250000000000e-02,1.500000000000e-02,-3.303858736259e+00,5.985741276790e+00,6.070608608208e+00,-8.786446066329e+00,-3.053997856243e+00,2.411214656884e+01
3.250000000000e-02,1.750000000000e-02,1.500000000000e-02,-5.683838364436e+00,-1.279780076155e+00,1.953602045812e+01,-2.134502950351e+00,-4.566069896353e+00,7.230657472310e+00
3.250000000000e-02,2.250000000000e-02,1.500000000000e-02,-4.276417146685e+00,-2.494444451297e+00,1.067904610259e+01,2.765072228616e+00,6.729004559926e-01,-1.388744018718e+01
3.250000000000e-02,2.750000000000e-02,1.500000000000e-02,1.944048292993e+00,1.147795556901e-01,-1.118718536621e+01,5.457708652277e+00,5.343443284760e-01,-9.446364477999e+00
3.250000000000e-02,3.250000000000e-02,1.500000000000e-02,5.931057843727e+00,-6.927079998915e-01,-6.220065690485e+00,-3.364251993478e+00,1.001759607995e+00,1.039364205396e+01
3.250000000000e-02,3.750000000000e-02,1.500000000000e-02,-6.196519332504e+00,2.432814221818e+00,9.708058518903e+00,-4.568051128266e+00,5.592320564767e-01,2.083128130559e+00
3.750000000000e-02,-3.750000000000e-02,1.500000000000e-02,9.180809509677e+00,7.819293083812e+00,-9.495542892312e+00,7.155068556257e+00,-1.035211346622e+00,-1.912132664447e+01
3.750000000000e-02,-3.250000000000e-02,1.500000000000e-02,-1.015252590603e+01,-3.045661767477e-01,2.423263703021e+01,7.157004626362e+00,9.164013361382e+00,-5.360733494039e+00
3.750000000000e-02,-2.750000000000e-02,1.500000000000e-02,-5.805728746200e+00,-1.028150913348e+01,4.224208669550e+00,-1.169607386298e+01,-8.083153892384e-02,2.825319472031e+01
3.750000000000e-02,-2.250000000000e-02,1.500000000000e-02,1.207850140616e+01,-2.704882313738e+00,-3.097172059370e+01,-6.203800446223e+00,-1.054824997162e+01,9.049642346022e+00
3.750000000000e-02,-1.750000000000e-02,1.500000000000e-02,9.060077182181e+00,7.388358407242e+00,-2.162426341817e+01,1.083360092157e+01,-7.629696720999e+00,-2.797078309652e+01
3.750000000000e-02,-1.250000000000e-02,1.500000000000e-02,-5.467007214873e+00,9.251076641774e+00,9.878595438600e+00,1.372972509414e+01,-1.450901824838e+00,-3.575034662626e+01
3.750000000000e-02,-7.500000000000e-03,1.500000000000e-02,-1.365683496100e+01,7.746481460276e+00,2.889555480885e+01,6.840514258251e+00,5.625429558812e-02,-2.279362886332e+01
3.750000000000e-02,-2.500000000000e-03,1.500000000000e-02,-1.487076234550e+01,6.671187630512e+00,3.231703169688e+01,2.005363620895e+00,-2.246543118223e+00,-1.155806475273e+01
3.750000000000e-02,2.500000000000e-03,1.500000000000e-02,-1.325359646260e+01,4.313972722413e+00,2.861345912433e+01,2.779348930541e+00,-5.879639018087e+00,-9.793921002440e+00
3.750000000000e-02,7.500000000000e-03,1.500000000000e-02,-8.769259603731e+00,-1.270805176259e+00,2.090832719572e+01,6.644908224108e+00,-7.131877988665e+00,-1.491918924985e+01
3.750000000000e-02,1.250000000000e-02,1.500000000000e-02,-1.419748526071e+00,-6.060345525057e+00,7.724017888933e+00,7.813088219236e+00,-2.167985248997e+00,-2.017690156566e+01
3.750000000000e-02,1.750000000000e-02,1.500000000000e-02,3.449430336212e+00,-2.984767430104e+00,-8.917907476274e+00,3.732040469434e+00,4.167771689988e+00,-1.602114334460e+01
3.750000000000e-02,2.250000000000e-02,1.500000000000e-02,3.239088549830e+00,2.739944176434e+00,-1.566912397066e+01,-2.670106925527e-01,2.288516673035e+00,1.317874606571e+00
3.750000000000e-02,2.750000000000e-02,1.500000000000e-02,1.580705638862e+00,1.086574739080e+00,-1.278091995119e+00,-2.697879950166e+00,-1.590449446959e+00,1.345450163136e+01
3.750000000000e-02,3.250000000000e-02,1.500000000000e-02,-3.157817604382e+00,-3.498047935983e-01,1.153477554812e+01,-2.436292143728e+00,-9.462431526984e-02,7.343652868662e-01
3.750000000000e-02,3.750000000000e-02,1.500000000000e-02,-1.997678151093e+00,1.008363122781e-01,-1.385774573135e+00,4.533002979211e+00,-9.762776640439e-01,-9.709843557391e+00
