#x amp_{ref} amp_{cal} amp_{error} phase_{ref} phase_{cal}
-0.250000 -10.452650 -24.162994 
-0.216667 -8.463334 -22.153487 
-0.183333 -7.818359 -19.773996 
-0.150000 -10.607407 -16.910982 
-0.116667 -7.370920 -13.422640 
-0.083333 -3.698740 -9.201141 
-0.050000 -3.878123 -4.498697 
-0.016667 -3.297004 -0.691817 
0.016667 -3.940735 0.000000 
0.050000 -3.887194 -2.764722 
0.083333 -3.300091 -7.080075 
0.116667 -6.768309 -11.320671 
0.150000 -9.424055 -14.919707 
0.183333 -7.047661 -17.854679 
0.216667 -7.824058 -20.249614 
0.250000 -9.861103 -22.232691 
