0.000000 -20.962465 -20.880177 
1.000000 -20.337466 -20.268549 
2.000000 -19.711500 -19.652483 
3.000000 -19.087902 -19.035204 
4.000000 -18.470755 -18.421156 
5.000000 -17.864940 -17.816000 
6.000000 -17.276214 -17.226812 
7.000000 -16.711208 -16.661780 
8.000000 -16.177393 -16.129749 
9.000000 -15.682943 -15.639954 
10.000000 -15.236538 -15.201380 
11.000000 -14.847016 -14.822239 
12.000000 -14.522937 -14.509778 
13.000000 -14.272089 -14.269985 
14.000000 -14.100933 -14.107447 
15.000000 -14.014114 -14.025345 
16.000000 -14.014051 -14.025295 
17.000000 -14.100753 -14.107294 
18.000000 -14.271786 -14.269724 
19.000000 -14.522516 -14.509399 
20.000000 -14.846476 -14.821734 
21.000000 -15.235888 -15.200746 
22.000000 -15.682180 -15.639189 
23.000000 -16.176521 -16.128859 
24.000000 -16.710234 -16.660770 
25.000000 -17.275135 -17.225692 
26.000000 -17.863766 -17.814778 
27.000000 -18.469482 -18.419841 
28.000000 -19.086536 -19.033802 
29.000000 -19.710043 -19.650999 
30.000000 -20.335925 -20.266986 
31.000000 -20.960834 -20.878537 
32.000000 -21.043050 -20.956356 
33.000000 -20.380561 -20.310418 
34.000000 -19.714022 -19.657116 
35.000000 -19.046754 -18.999266 
36.000000 -18.382933 -18.341042 
37.000000 -17.727691 -17.688076 
38.000000 -17.087239 -17.047798 
39.000000 -16.468905 -16.429204 
40.000000 -15.881144 -15.842404 
41.000000 -15.333444 -15.298305 
42.000000 -14.836075 -14.807831 
43.000000 -14.399715 -14.381220 
44.000000 -14.034909 -14.027722 
45.000000 -13.751396 -13.755178 
46.000000 -13.557364 -13.569770 
47.000000 -13.458754 -13.475899 
48.000000 -13.458690 -13.475845 
49.000000 -13.557170 -13.569608 
50.000000 -13.751076 -13.754899 
51.000000 -14.034463 -14.027318 
52.000000 -14.399149 -14.380683 
53.000000 -14.835385 -14.807159 
54.000000 -15.332641 -15.297499 
55.000000 -15.880227 -15.841468 
56.000000 -16.467877 -16.428147 
57.000000 -17.086109 -17.046630 
58.000000 -17.726457 -17.686805 
59.000000 -18.381596 -18.339675 
60.000000 -19.045325 -18.997811 
61.000000 -19.712496 -19.655574 
62.000000 -20.378943 -20.308793 
63.000000 -21.041337 -20.954647 
64.000000 -21.167770 -21.074002 
65.000000 -20.466101 -20.391765 
66.000000 -19.756746 -19.699063 
67.000000 -19.042910 -18.998157 
68.000000 -18.328761 -18.292734 
69.000000 -17.619584 -17.588152 
70.000000 -16.921977 -16.891964 
71.000000 -16.243956 -16.213837 
72.000000 -15.595029 -15.565164 
73.000000 -14.986141 -14.958734 
74.000000 -14.429463 -14.407788 
75.000000 -13.937946 -13.925105 
76.000000 -13.524664 -13.522526 
77.000000 -13.201921 -13.210370 
78.000000 -12.980233 -12.997046 
79.000000 -12.867309 -12.888718 
80.000000 -12.867240 -12.888660 
81.000000 -12.980026 -12.996871 
82.000000 -13.201580 -13.210070 
83.000000 -13.524191 -13.522092 
84.000000 -13.937344 -13.924532 
85.000000 -14.428735 -14.407073 
86.000000 -14.985295 -14.957880 
87.000000 -15.594063 -15.564179 
88.000000 -16.242873 -16.212729 
89.000000 -16.920786 -16.890744 
90.000000 -17.618283 -17.586827 
91.000000 -18.327355 -18.291311 
92.000000 -19.041403 -18.996641 
93.000000 -19.755140 -19.697456 
94.000000 -20.464401 -20.390068 
95.000000 -21.165970 -21.072214 
96.000000 -21.344247 -21.241218 
97.000000 -20.601925 -20.520459 
98.000000 -19.847698 -19.785989 
99.000000 -19.084514 -19.039395 
100.000000 -18.316392 -18.283658 
101.000000 -17.548629 -17.523556 
102.000000 -16.788081 -16.766432 
103.000000 -16.043374 -16.022352 
104.000000 -15.325077 -15.303896 
105.000000 -14.645750 -14.625887 
106.000000 -14.019771 -14.004303 
107.000000 -13.462898 -13.455084 
108.000000 -12.991440 -12.993416 
109.000000 -12.621117 -12.632945 
110.000000 -12.365605 -12.385190 
111.000000 -12.235092 -12.258892 
112.000000 -12.235017 -12.258830 
113.000000 -12.365387 -12.385000 
114.000000 -12.620754 -12.632620 
115.000000 -12.990938 -12.992949 
116.000000 -13.462258 -13.454469 
117.000000 -14.019000 -14.003540 
118.000000 -14.644848 -14.624982 
119.000000 -15.324052 -15.302857 
120.000000 -16.042230 -16.021189 
121.000000 -16.786817 -16.765154 
122.000000 -17.547257 -17.522172 
123.000000 -18.314908 -18.282172 
124.000000 -19.082930 -19.037810 
125.000000 -19.846004 -19.784305 
126.000000 -20.600130 -20.518676 
127.000000 -21.342353 -21.239336 
128.000000 -21.581332 -21.467995 
129.000000 -20.797210 -20.706238 
130.000000 -19.996366 -19.927379 
131.000000 -19.181316 -19.132255 
132.000000 -18.355737 -18.322953 
133.000000 -17.524730 -17.503343 
134.000000 -16.695209 -16.680118 
135.000000 -15.876241 -15.863304 
136.000000 -15.079382 -15.066380 
137.000000 -14.318885 -14.306232 
138.000000 -13.611665 -13.601988 
139.000000 -12.976886 -12.973492 
140.000000 -12.435027 -12.440248 
141.000000 -12.006362 -12.020348 
142.000000 -11.708967 -11.729675 
143.000000 -11.556530 -11.580764 
144.000000 -11.556454 -11.580695 
145.000000 -11.708736 -11.729467 
146.000000 -12.005977 -12.019994 
147.000000 -12.434492 -12.439741 
148.000000 -12.976207 -12.972830 
149.000000 -13.610843 -13.601173 
150.000000 -14.317929 -14.305272 
151.000000 -15.078298 -15.065283 
152.000000 -15.875031 -15.862081 
153.000000 -16.693875 -16.678777 
154.000000 -17.523278 -17.501890 
155.000000 -18.354167 -18.321392 
156.000000 -19.179642 -19.130586 
157.000000 -19.994577 -19.925603 
158.000000 -20.795318 -20.704353 
159.000000 -21.579330 -21.465999 
160.000000 -21.889320 -21.766630 
161.000000 -21.062699 -20.961217 
162.000000 -20.213933 -20.135077 
163.000000 -19.344926 -19.288305 
164.000000 -18.458761 -18.421980 
165.000000 -17.560066 -17.538762 
166.000000 -16.655500 -16.644194 
167.000000 -15.754286 -15.747626 
168.000000 -14.868749 -14.862874 
169.000000 -14.014790 -14.008668 
170.000000 -13.212117 -13.207607 
171.000000 -12.483981 -12.484307 
172.000000 -11.856185 -11.863833 
173.000000 -11.355168 -11.370226 
174.000000 -11.005180 -11.025475 
175.000000 -10.824996 -10.847736 
176.000000 -10.824914 -10.847659 
177.000000 -11.004929 -11.025243 
178.000000 -11.354756 -11.369836 
179.000000 -11.855614 -11.863280 
180.000000 -12.483255 -12.483593 
181.000000 -13.211241 -13.206735 
182.000000 -14.013772 -14.007647 
183.000000 -14.867592 -14.861714 
184.000000 -15.752995 -15.746336 
185.000000 -16.654081 -16.642780 
186.000000 -17.558522 -17.537230 
187.000000 -18.457098 -18.420331 
188.000000 -19.343148 -19.286537 
189.000000 -20.212032 -20.133190 
190.000000 -21.060690 -20.959209 
191.000000 -21.887204 -21.764499 
192.000000 -22.280149 -22.151879 
193.000000 -21.410875 -21.300215 
194.000000 -20.513499 -20.423775 
195.000000 -19.589077 -19.521997 
196.000000 -18.639805 -18.594948 
197.000000 -17.669479 -17.643883 
198.000000 -16.684086 -16.672712 
199.000000 -15.692532 -15.689324 
200.000000 -14.707494 -14.706956 
201.000000 -13.746258 -13.745532 
202.000000 -12.831401 -12.831172 
203.000000 -11.990923 -11.994187 
204.000000 -11.257372 -11.266815 
205.000000 -10.665532 -10.681066 
206.000000 -10.248491 -10.267458 
207.000000 -10.032579 -10.052492 
208.000000 -10.032490 -10.052406 
209.000000 -10.248222 -10.267200 
210.000000 -10.665091 -10.680635 
211.000000 -11.256758 -11.266212 
212.000000 -11.990143 -11.993415 
213.000000 -12.830467 -12.830237 
214.000000 -13.745171 -13.744444 
215.000000 -14.706262 -14.705725 
216.000000 -15.691159 -15.687956 
217.000000 -16.682578 -16.671214 
218.000000 -17.667835 -17.642257 
219.000000 -18.638039 -18.593193 
220.000000 -19.587186 -19.520111 
221.000000 -20.511484 -20.421756 
222.000000 -21.408736 -21.298060 
223.000000 -22.277887 -22.149589 
224.000000 -22.767542 -22.640781 
225.000000 -21.856168 -21.740854 
226.000000 -20.910272 -20.811374 
227.000000 -19.929837 -19.851236 
228.000000 -18.915850 -18.859605 
229.000000 -17.870848 -17.836311 
230.000000 -16.799586 -16.783298 
231.000000 -15.710004 -15.706187 
232.000000 -14.614401 -14.616383 
233.000000 -13.530832 -13.533707 
234.000000 -12.484472 -12.487221 
235.000000 -11.508528 -11.513698 
236.000000 -10.643906 -10.654617 
237.000000 -9.936683 -9.952761 
238.000000 -9.432738 -9.450565 
239.000000 -9.169915 -9.186903 
240.000000 -9.169817 -9.186806 
241.000000 -9.432448 -9.450276 
242.000000 -9.936204 -9.952285 
243.000000 -10.643246 -10.653960 
244.000000 -11.507693 -11.512865 
245.000000 -12.483468 -12.486219 
246.000000 -13.529669 -13.532545 
247.000000 -14.613082 -14.615071 
248.000000 -15.708536 -15.704731 
249.000000 -16.797973 -16.781700 
250.000000 -17.869093 -17.834572 
251.000000 -18.913958 -18.857722 
252.000000 -19.927809 -19.849206 
253.000000 -20.908113 -20.809197 
254.000000 -21.853877 -21.738528 
255.000000 -22.765119 -22.638307 
256.000000 -23.367088 -23.251646 
257.000000 -22.414951 -22.302938 
258.000000 -21.421579 -21.318778 
259.000000 -20.385644 -20.297591 
260.000000 -19.306607 -19.237796 
261.000000 -18.185254 -18.137946 
262.000000 -17.024450 -16.997959 
263.000000 -15.830293 -15.820600 
264.000000 -14.613643 -14.614047 
265.000000 -13.392168 -13.395974 
266.000000 -12.192754 -12.196636 
267.000000 -11.053726 -11.059256 
268.000000 -10.025880 -10.036991 
269.000000 -9.170394 -9.187492 
270.000000 -8.551864 -8.570041 
271.000000 -8.226123 -8.241819 
272.000000 -8.226019 -8.241710 
273.000000 -8.551551 -8.569719 
274.000000 -9.169877 -9.186971 
275.000000 -10.025169 -10.036278 
276.000000 -11.052830 -11.058358 
277.000000 -12.191676 -12.195560 
278.000000 -13.390918 -13.394729 
279.000000 -14.612229 -14.612641 
280.000000 -15.828717 -15.819039 
281.000000 -17.022722 -16.996242 
282.000000 -18.183370 -18.136073 
283.000000 -19.304574 -19.235762 
284.000000 -20.383470 -20.295394 
285.000000 -21.419258 -21.316417 
286.000000 -22.412490 -22.300416 
287.000000 -23.364489 -23.248965 
288.000000 -24.095894 -24.000914 
289.000000 -23.105219 -23.005774 
290.000000 -22.066507 -21.967827 
291.000000 -20.976926 -20.884941 
292.000000 -19.834114 -19.754830 
293.000000 -18.636629 -18.574965 
294.000000 -17.384743 -17.343444 
295.000000 -16.081644 -16.060052 
296.000000 -14.735314 -14.728658 
297.000000 -13.361257 -13.362288 
298.000000 -11.986164 -11.988982 
299.000000 -10.652296 -10.656331 
300.000000 -9.421144 -9.431078 
301.000000 -8.373454 -8.391739 
302.000000 -7.601270 -7.622271 
303.000000 -7.189204 -7.207164 
304.000000 -7.189090 -7.207043 
305.000000 -7.600932 -7.621920 
306.000000 -8.372896 -8.391176 
307.000000 -9.420377 -9.430311 
308.000000 -10.651329 -10.655365 
309.000000 -11.985003 -11.987824 
310.000000 -13.359913 -13.360949 
311.000000 -14.733796 -14.727146 
312.000000 -16.079950 -16.058369 
313.000000 -17.382878 -17.341590 
314.000000 -18.634603 -18.572935 
315.000000 -19.831932 -19.752622 
316.000000 -20.974585 -20.882553 
317.000000 -22.064012 -21.965262 
318.000000 -23.102572 -23.003038 
319.000000 -24.093090 -23.998013 
320.000000 -24.971055 -24.896928 
321.000000 -23.945004 -23.862279 
322.000000 -22.864280 -22.775967 
323.000000 -21.724446 -21.634956 
324.000000 -20.521072 -20.436019 
325.000000 -19.250105 -19.175504 
326.000000 -17.908539 -17.849915 
327.000000 -16.495574 -16.456355 
328.000000 -15.014607 -14.994128 
329.000000 -13.476485 -13.469578 
330.000000 -11.904578 -11.903842 
331.000000 -10.341932 -10.343120 
332.000000 -8.859588 -8.866231 
333.000000 -7.561989 -7.579796 
334.000000 -6.580833 -6.605936 
335.000000 -6.047620 -6.071527 
336.000000 -6.047498 -6.071397 
337.000000 -6.580470 -6.605563 
338.000000 -7.561393 -7.579197 
339.000000 -8.858765 -8.865411 
340.000000 -10.340892 -10.342079 
341.000000 -11.903333 -11.902593 
342.000000 -13.475040 -13.468136 
343.000000 -15.012972 -14.992499 
344.000000 -16.493753 -16.454540 
345.000000 -17.906532 -17.847909 
346.000000 -19.247924 -19.173303 
347.000000 -20.518718 -20.433623 
348.000000 -21.721921 -21.632369 
349.000000 -22.861583 -22.773196 
350.000000 -23.942142 -23.859332 
351.000000 -24.968015 -24.893820 
352.000000 -26.004993 -25.928648 
353.000000 -24.947686 -24.867466 
354.000000 -23.829529 -23.744817 
355.000000 -22.644462 -22.556175 
356.000000 -21.385914 -21.296765 
357.000000 -20.046972 -19.961299 
358.000000 -18.620881 -18.544440 
359.000000 -17.101916 -17.040799 
360.000000 -15.487209 -15.445544 
361.000000 -13.780104 -13.757839 
362.000000 -11.996238 -11.988013 
363.000000 -10.173698 -10.171835 
364.000000 -8.388010 -8.390703 
365.000000 -6.768449 -6.782019 
366.000000 -5.501430 -5.527172 
367.000000 -4.795127 -4.824289 
368.000000 -4.794997 -4.824156 
369.000000 -5.501045 -5.526788 
370.000000 -6.767814 -6.781393 
371.000000 -8.387136 -8.389829 
372.000000 -10.172591 -10.170720 
373.000000 -11.994912 -11.986678 
374.000000 -13.778563 -13.756301 
375.000000 -15.485460 -15.443804 
376.000000 -17.099969 -17.038854 
377.000000 -18.618734 -18.542285 
378.000000 -20.044634 -19.958934 
379.000000 -21.383387 -21.294197 
380.000000 -22.641754 -22.553413 
381.000000 -23.826635 -23.741875 
382.000000 -24.944599 -24.864361 
383.000000 -26.001726 -25.925397 
384.000000 -27.192650 -27.047462 
385.000000 -26.109107 -25.978672 
386.000000 -24.959308 -24.839025 
387.000000 -23.735665 -23.621916 
388.000000 -22.429557 -22.320228 
389.000000 -21.031246 -20.926088 
390.000000 -19.530084 -19.431341 
391.000000 -17.914940 -17.827407 
392.000000 -16.175485 -16.105261 
393.000000 -14.305060 -14.257389 
394.000000 -12.306760 -12.282379 
395.000000 -10.205617 -10.198239 
396.000000 -8.070992 -8.072110 
397.000000 -6.050295 -6.058969 
398.000000 -4.397861 -4.418404 
399.000000 -3.443649 -3.472452 
400.000000 -3.443518 -3.472323 
401.000000 -4.397468 -4.418021 
402.000000 -6.049644 -6.058325 
403.000000 -8.070088 -8.071198 
404.000000 -10.204470 -10.197081 
405.000000 -12.305377 -12.280999 
406.000000 -14.303453 -14.255793 
407.000000 -16.173654 -16.103448 
408.000000 -17.912895 -17.825373 
409.000000 -19.527829 -19.429089 
410.000000 -21.028789 -20.923626 
411.000000 -22.426898 -22.317571 
412.000000 -23.732810 -23.619081 
413.000000 -24.956253 -24.836034 
414.000000 -26.105850 -25.975546 
415.000000 -27.189206 -27.044224 
416.000000 -28.479168 -28.146971 
417.000000 -27.375187 -27.091373 
418.000000 -26.200608 -25.957874 
419.000000 -24.946557 -24.737572 
420.000000 -23.602626 -23.420549 
421.000000 -22.156597 -21.995560 
422.000000 -20.594232 -20.450473 
423.000000 -18.899244 -18.772040 
424.000000 -17.053722 -16.945598 
425.000000 -15.039916 -14.956162 
426.000000 -12.845037 -12.790719 
427.000000 -10.473281 -10.447794 
428.000000 -7.973113 -7.968173 
429.000000 -5.491440 -5.498475 
430.000000 -3.349881 -3.369127 
431.000000 -2.054398 -2.086732 
432.000000 -2.054277 -2.086622 
433.000000 -3.349515 -3.368782 
434.000000 -5.490820 -5.497864 
435.000000 -7.972242 -7.967302 
436.000000 -10.472164 -10.446686 
437.000000 -12.843679 -12.789385 
438.000000 -15.038332 -14.954606 
439.000000 -17.051917 -16.943821 
440.000000 -18.897226 -18.770048 
441.000000 -20.592003 -20.448280 
442.000000 -22.154160 -21.993183 
443.000000 -23.599994 -23.418010 
444.000000 -24.943720 -24.734897 
445.000000 -26.197578 -25.955087 
446.000000 -27.371959 -27.088500 
447.000000 -28.475744 -28.144034 
448.000000 -29.693736 -29.057162 
449.000000 -28.575795 -28.027910 
450.000000 -27.384195 -26.917328 
451.000000 -26.109145 -25.714686 
452.000000 -24.738943 -24.407655 
453.000000 -23.259475 -22.981856 
454.000000 -21.653791 -21.421111 
455.000000 -19.901496 -19.706981 
456.000000 -17.978425 -17.818088 
457.000000 -15.857050 -15.730497 
458.000000 -13.509316 -13.418443 
459.000000 -10.916197 -10.860738 
460.000000 -8.095020 -8.068724 
461.000000 -5.168386 -5.163552 
462.000000 -2.499265 -2.521756 
463.000000 -0.797592 -0.852507 
464.000000 -0.797508 -0.852442 
465.000000 -2.498994 -2.521522 
466.000000 -5.167900 -5.163088 
467.000000 -8.094310 -8.068030 
468.000000 -10.915265 -10.859828 
469.000000 -13.508174 -13.417328 
470.000000 -15.855708 -15.729186 
471.000000 -17.976893 -17.816593 
472.000000 -19.899787 -19.705316 
473.000000 -21.651907 -21.419297 
474.000000 -23.257414 -22.979914 
475.000000 -24.736709 -24.405609 
476.000000 -26.106753 -25.712560 
477.000000 -27.381637 -26.915146 
478.000000 -28.573060 -28.025693 
479.000000 -29.690860 -29.054931 
480.000000 -30.488043 -29.581012 
481.000000 -29.363037 -28.573323 
482.000000 -28.162819 -27.483617 
483.000000 -26.877087 -26.300266 
484.000000 -25.493451 -25.009676 
485.000000 -23.996796 -23.595714 
486.000000 -22.368694 -22.039782 
487.000000 -20.586472 -20.320117 
488.000000 -18.622404 -18.410739 
489.000000 -16.443207 -16.281221 
490.000000 -14.011333 -13.896373 
491.000000 -11.291993 -11.220608 
492.000000 -8.277996 -8.241940 
493.000000 -5.063347 -5.049979 
494.000000 -2.018554 -2.038364 
495.000000 -0.000016 -0.072398 
496.000000 0.000000 -0.072397 
497.000000 -2.018469 -2.038314 
498.000000 -5.063138 -5.049782 
499.000000 -8.277642 -8.241583 
500.000000 -11.291499 -11.220107 
501.000000 -14.010710 -13.895745 
502.000000 -16.442470 -16.280480 
503.000000 -18.621556 -18.409896 
504.000000 -20.585532 -20.319184 
505.000000 -22.367660 -22.038772 
506.000000 -23.995684 -23.594642 
507.000000 -25.492251 -25.008559 
508.000000 -26.875813 -26.299120 
509.000000 -28.161456 -27.482461 
510.000000 -29.361606 -28.572172 
511.000000 -30.486544 -29.579881 
512.000000 -30.486902 -29.580641 
513.000000 -29.361969 -28.572941 
514.000000 -28.161829 -27.483224 
515.000000 -26.876183 -26.299864 
516.000000 -25.492610 -25.009269 
517.000000 -23.996033 -23.595305 
518.000000 -22.367997 -22.039376 
519.000000 -20.585847 -20.319720 
520.000000 -18.621849 -18.410357 
521.000000 -16.442737 -16.280863 
522.000000 -14.010932 -13.896049 
523.000000 -11.291666 -11.220330 
524.000000 -8.277745 -8.241720 
525.000000 -5.063174 -5.049825 
526.000000 -2.018464 -2.038286 
527.000000 -0.000009 -0.072399 
528.000000 -0.000068 -0.072476 
529.000000 -2.018594 -2.038450 
530.000000 -5.063306 -5.049973 
531.000000 -8.277850 -8.241825 
532.000000 -11.291748 -11.220406 
533.000000 -14.011001 -13.896110 
534.000000 -16.442805 -16.280915 
535.000000 -18.621935 -18.410402 
536.000000 -20.585951 -20.319757 
537.000000 -22.368131 -22.039408 
538.000000 -23.996194 -23.595337 
539.000000 -25.492801 -25.009307 
540.000000 -26.876416 -26.299916 
541.000000 -28.162108 -27.483298 
542.000000 -29.362310 -28.573047 
543.000000 -30.487286 -29.580787 
544.000000 -29.690946 -29.056051 
545.000000 -28.573170 -28.026777 
546.000000 -27.381753 -26.916178 
547.000000 -26.106899 -25.713526 
548.000000 -24.736871 -24.406495 
549.000000 -23.257585 -22.980710 
550.000000 -21.652086 -21.419995 
551.000000 -19.899967 -19.705912 
552.000000 -17.977072 -17.817088 
553.000000 -15.855879 -15.729586 
554.000000 -13.508327 -13.417642 
555.000000 -10.915393 -10.860065 
556.000000 -8.094403 -8.068194 
557.000000 -5.167965 -5.163180 
558.000000 -2.499049 -2.521572 
559.000000 -0.797582 -0.852513 
560.000000 -0.797683 -0.852631 
561.000000 -2.499314 -2.521865 
562.000000 -5.168333 -5.163560 
563.000000 -8.094843 -8.068637 
564.000000 -10.915900 -10.860576 
565.000000 -13.508911 -13.418231 
566.000000 -15.856550 -15.730256 
567.000000 -17.977843 -17.817836 
568.000000 -19.900841 -19.706734 
569.000000 -21.653073 -21.420884 
570.000000 -23.258692 -22.981663 
571.000000 -24.738096 -24.407510 
572.000000 -26.108255 -25.714601 
573.000000 -27.383245 -26.917315 
574.000000 -28.574804 -28.027977 
575.000000 -29.692703 -29.057316 
576.000000 -28.475724 -28.145193 
577.000000 -27.371968 -27.089589 
578.000000 -26.197610 -25.956096 
579.000000 -24.943787 -24.735815 
580.000000 -23.600072 -23.418833 
581.000000 -22.154272 -21.993907 
582.000000 -20.592126 -20.448907 
583.000000 -18.897362 -18.770585 
584.000000 -17.052064 -16.944278 
585.000000 -15.038480 -14.954994 
586.000000 -12.843827 -12.789714 
587.000000 -10.472301 -10.446957 
588.000000 -7.972367 -7.967512 
589.000000 -5.490938 -5.498020 
590.000000 -3.349631 -3.368915 
591.000000 -2.054400 -2.086760 
592.000000 -2.054508 -2.086878 
593.000000 -3.349932 -3.369234 
594.000000 -5.491388 -5.498479 
595.000000 -7.972940 -7.968080 
596.000000 -10.472985 -10.447631 
597.000000 -12.844626 -12.790504 
598.000000 -15.039403 -14.955911 
599.000000 -17.053119 -16.945327 
600.000000 -18.898556 -18.771767 
601.000000 -20.593471 -20.450218 
602.000000 -22.155759 -21.995342 
603.000000 -23.601728 -23.420388 
604.000000 -24.945601 -24.737485 
605.000000 -26.199585 -25.957875 
606.000000 -27.374119 -27.091475 
607.000000 -28.478033 -28.147182 
608.000000 -27.189211 -27.045203 
609.000000 -26.105886 -25.976447 
610.000000 -24.956306 -24.836852 
611.000000 -23.732885 -23.619816 
612.000000 -22.427000 -22.318224 
613.000000 -21.028914 -20.924203 
614.000000 -19.527974 -19.429600 
615.000000 -17.913052 -17.825829 
616.000000 -16.173825 -16.103859 
617.000000 -14.303628 -14.256165 
618.000000 -12.305555 -12.281330 
619.000000 -10.204647 -10.197363 
620.000000 -8.070260 -8.071428 
621.000000 -6.049810 -6.058522 
622.000000 -4.397629 -4.418210 
623.000000 -3.443668 -3.472498 
624.000000 -3.443768 -3.472599 
625.000000 -4.397913 -4.418498 
626.000000 -6.050252 -6.058969 
627.000000 -8.070835 -8.072008 
628.000000 -10.205347 -10.198057 
629.000000 -12.306380 -12.282137 
630.000000 -14.304582 -14.257096 
631.000000 -16.174912 -16.104928 
632.000000 -17.914284 -17.827048 
633.000000 -19.529354 -19.430976 
634.000000 -21.030447 -20.925739 
635.000000 -22.428680 -22.319918 
636.000000 -23.734736 -23.621666 
637.000000 -24.958311 -24.838854 
638.000000 -26.108056 -25.978597 
639.000000 -27.191551 -27.047495 
640.000000 -26.001767 -25.926138 
641.000000 -24.944674 -24.865035 
642.000000 -23.826732 -23.742485 
643.000000 -22.641873 -22.553963 
644.000000 -21.383524 -21.294694 
645.000000 -20.044797 -19.959388 
646.000000 -18.618918 -18.542705 
647.000000 -17.100164 -17.039249 
648.000000 -15.485666 -15.444179 
649.000000 -13.778775 -13.756652 
650.000000 -11.995127 -11.986997 
651.000000 -10.172808 -10.170997 
652.000000 -8.387346 -8.390073 
653.000000 -6.768016 -6.781623 
654.000000 -5.501232 -5.527010 
655.000000 -4.795162 -4.824346 
656.000000 -4.795249 -4.824433 
657.000000 -5.501485 -5.527259 
658.000000 -6.768417 -6.782022 
659.000000 -8.387880 -8.390611 
660.000000 -10.173463 -10.171659 
661.000000 -11.995904 -11.987767 
662.000000 -13.779673 -13.757528 
663.000000 -15.486689 -15.445171 
664.000000 -17.101319 -17.040374 
665.000000 -18.620203 -18.543978 
666.000000 -20.046227 -19.960822 
667.000000 -21.385096 -21.296297 
668.000000 -22.643592 -22.555739 
669.000000 -23.828599 -23.744434 
670.000000 -24.946702 -24.867157 
671.000000 -26.003946 -25.928429 
672.000000 -24.968119 -24.894356 
673.000000 -23.942267 -23.859822 
674.000000 -22.861734 -22.773645 
675.000000 -21.722090 -21.632785 
676.000000 -20.518911 -20.434014 
677.000000 -19.248133 -19.173678 
678.000000 -17.906757 -17.848275 
679.000000 -16.493984 -16.454900 
680.000000 -15.013213 -14.992852 
681.000000 -13.475290 -13.468474 
682.000000 -11.903580 -11.902907 
683.000000 -10.341137 -10.342366 
684.000000 -8.859001 -8.865680 
685.000000 -7.561615 -7.579456 
686.000000 -6.580673 -6.605799 
687.000000 -6.047669 -6.071588 
688.000000 -6.047745 -6.071664 
689.000000 -6.580893 -6.606015 
690.000000 -7.561971 -7.579802 
691.000000 -8.859481 -8.866157 
692.000000 -10.341731 -10.342969 
693.000000 -11.904286 -11.903620 
694.000000 -13.476106 -13.469284 
695.000000 -15.014143 -14.993758 
696.000000 -16.495031 -16.455913 
697.000000 -17.907924 -17.849410 
698.000000 -19.249423 -19.174953 
699.000000 -20.520327 -20.435444 
700.000000 -21.723638 -21.634381 
701.000000 -22.863425 -22.775414 
702.000000 -23.944095 -23.861768 
703.000000 -24.970087 -24.896480 
704.000000 -24.093256 -23.998403 
705.000000 -23.102750 -23.003403 
706.000000 -22.064206 -21.965610 
707.000000 -20.974804 -20.882890 
708.000000 -19.832160 -19.752955 
709.000000 -18.634851 -18.573271 
710.000000 -17.383136 -17.341932 
711.000000 -16.080216 -16.058716 
712.000000 -14.734068 -14.727493 
713.000000 -13.360186 -13.361287 
714.000000 -11.985276 -11.988146 
715.000000 -10.651595 -10.655670 
716.000000 -9.420630 -9.430601 
717.000000 -8.373133 -8.391446 
718.000000 -7.601143 -7.622155 
719.000000 -7.189264 -7.207229 
720.000000 -7.189330 -7.207296 
721.000000 -7.601335 -7.622346 
722.000000 -8.373446 -8.391749 
723.000000 -9.421056 -9.431019 
724.000000 -10.652128 -10.656206 
725.000000 -11.985910 -11.988794 
726.000000 -13.360923 -13.362031 
727.000000 -14.734903 -14.728323 
728.000000 -16.081159 -16.059634 
729.000000 -17.384185 -17.342946 
730.000000 -18.636009 -18.574397 
731.000000 -19.833436 -19.754211 
732.000000 -20.976187 -20.884290 
733.000000 -22.065715 -21.967167 
734.000000 -23.104384 -23.005126 
735.000000 -24.095001 -24.000299 
736.000000 -23.364700 -23.249265 
737.000000 -22.412721 -22.300709 
738.000000 -21.419501 -21.316710 
739.000000 -20.383724 -20.295693 
740.000000 -19.304844 -19.236072 
741.000000 -18.183650 -18.136397 
742.000000 -17.023007 -16.996581 
743.000000 -15.829012 -15.819388 
744.000000 -14.612523 -14.612993 
745.000000 -13.391214 -13.395075 
746.000000 -12.191964 -12.195893 
747.000000 -11.053108 -11.058675 
748.000000 -10.025433 -10.036574 
749.000000 -9.170119 -9.187239 
750.000000 -8.551765 -8.569949 
751.000000 -8.226196 -8.241893 
752.000000 -8.226252 -8.241953 
753.000000 -8.551934 -8.570121 
754.000000 -9.170397 -9.187510 
755.000000 -10.025812 -10.036944 
756.000000 -11.053585 -11.059149 
757.000000 -12.192533 -12.196473 
758.000000 -13.391877 -13.395752 
759.000000 -14.613278 -14.613755 
760.000000 -15.829859 -15.820227 
761.000000 -17.023953 -16.997499 
762.000000 -18.184691 -18.137405 
763.000000 -19.305986 -19.237182 
764.000000 -20.384970 -20.296922 
765.000000 -21.420852 -21.318072 
766.000000 -22.414173 -22.302217 
767.000000 -23.366263 -23.250929 
768.000000 -22.765366 -22.638559 
769.000000 -21.854140 -21.738789 
770.000000 -20.908386 -20.809470 
771.000000 -19.928097 -19.849497 
772.000000 -18.914252 -18.858032 
773.000000 -17.869397 -17.834903 
774.000000 -16.798283 -16.782048 
775.000000 -15.708850 -15.705089 
776.000000 -14.613394 -14.615431 
777.000000 -13.529975 -13.532898 
778.000000 -12.483769 -12.486557 
779.000000 -11.507981 -11.513182 
780.000000 -10.643514 -10.654250 
781.000000 -9.936450 -9.952543 
782.000000 -9.432662 -9.450499 
783.000000 -9.169992 -9.186992 
784.000000 -9.170042 -9.187047 
785.000000 -9.432812 -9.450657 
786.000000 -9.936697 -9.952790 
787.000000 -10.643853 -10.654582 
788.000000 -11.508407 -11.513604 
789.000000 -12.484282 -12.487075 
790.000000 -13.530574 -13.533509 
791.000000 -14.614078 -14.616126 
792.000000 -15.709615 -15.705859 
793.000000 -16.799137 -16.782889 
794.000000 -17.870336 -17.835817 
795.000000 -18.915286 -18.859029 
796.000000 -19.929214 -19.850589 
797.000000 -20.909601 -20.810671 
798.000000 -21.855451 -21.740112 
799.000000 -22.766774 -22.640017 
800.000000 -22.278163 -22.149825 
801.000000 -21.409031 -21.298315 
802.000000 -20.511783 -20.422031 
803.000000 -19.587496 -19.520410 
804.000000 -18.638355 -18.593516 
805.000000 -17.668159 -17.642601 
806.000000 -16.682901 -16.671574 
807.000000 -15.691486 -15.688324 
808.000000 -14.706583 -14.706090 
809.000000 -13.745487 -13.744797 
810.000000 -12.830771 -12.830570 
811.000000 -11.990434 -11.993722 
812.000000 -11.257028 -11.266490 
813.000000 -10.665334 -10.680883 
814.000000 -10.248437 -10.267419 
815.000000 -10.032664 -10.052597 
816.000000 -10.032709 -10.052648 
817.000000 -10.248569 -10.267564 
818.000000 -10.665555 -10.681109 
819.000000 -11.257335 -11.266791 
820.000000 -11.990822 -11.994101 
821.000000 -12.831237 -12.831033 
822.000000 -13.746028 -13.745347 
823.000000 -14.707205 -14.706722 
824.000000 -15.692183 -15.689030 
825.000000 -16.683676 -16.672348 
826.000000 -17.669014 -17.643441 
827.000000 -18.639286 -18.594425 
828.000000 -19.588508 -19.521396 
829.000000 -20.512887 -20.423105 
830.000000 -21.410210 -21.299489 
831.000000 -22.279437 -22.151113 
832.000000 -21.887510 -21.764740 
833.000000 -21.061003 -20.959475 
834.000000 -20.212360 -20.133482 
835.000000 -19.343479 -19.286855 
836.000000 -18.457434 -18.420672 
837.000000 -17.558860 -17.537590 
838.000000 -16.654420 -16.643151 
839.000000 -15.753331 -15.746708 
840.000000 -14.867923 -14.862078 
841.000000 -14.014094 -14.007993 
842.000000 -13.211551 -13.207056 
843.000000 -12.483545 -12.483885 
844.000000 -11.855883 -11.863544 
845.000000 -11.354998 -11.370075 
846.000000 -11.005139 -11.025463 
847.000000 -10.825087 -10.847857 
848.000000 -10.825126 -10.847904 
849.000000 -11.005263 -11.025596 
850.000000 -11.355198 -11.370284 
851.000000 -11.856161 -11.863820 
852.000000 -12.483898 -12.484228 
853.000000 -13.211977 -13.207472 
854.000000 -14.014590 -14.008487 
855.000000 -14.868488 -14.862650 
856.000000 -15.753968 -15.747354 
857.000000 -16.655128 -16.643864 
858.000000 -17.559640 -17.538365 
859.000000 -18.458284 -18.421509 
860.000000 -19.344405 -19.287757 
861.000000 -20.213362 -20.134457 
862.000000 -21.062081 -20.960532 
863.000000 -21.888666 -21.765891 
864.000000 -21.579661 -21.466258 
865.000000 -20.795652 -20.704640 
866.000000 -19.994916 -19.925917 
867.000000 -19.179983 -19.130925 
868.000000 -18.354516 -18.321751 
869.000000 -17.523627 -17.502263 
870.000000 -16.694221 -16.679154 
871.000000 -15.875371 -15.862453 
872.000000 -15.078631 -15.065640 
873.000000 -14.318252 -14.305605 
874.000000 -13.611153 -13.601478 
875.000000 -12.976497 -12.973107 
876.000000 -12.434759 -12.439992 
877.000000 -12.006217 -12.020227 
878.000000 -11.708943 -11.729687 
879.000000 -11.556625 -11.580901 
880.000000 -11.556662 -11.580943 
881.000000 -11.709053 -11.729809 
882.000000 -12.006399 -12.020419 
883.000000 -12.435012 -12.440246 
884.000000 -12.976820 -12.973419 
885.000000 -13.611541 -13.601854 
886.000000 -14.318707 -14.306051 
887.000000 -15.079148 -15.066158 
888.000000 -15.875953 -15.863041 
889.000000 -16.694870 -16.679809 
890.000000 -17.524339 -17.502979 
891.000000 -18.355298 -18.322526 
892.000000 -19.180830 -19.131759 
893.000000 -19.995835 -19.926812 
894.000000 -20.796642 -20.705604 
895.000000 -21.580718 -21.467300 
896.000000 -21.342702 -21.239619 
897.000000 -20.600483 -20.518988 
898.000000 -19.846359 -19.784643 
899.000000 -19.083286 -19.038168 
900.000000 -18.315265 -18.282545 
901.000000 -17.547612 -17.522552 
902.000000 -16.787172 -16.765532 
903.000000 -16.042573 -16.021554 
904.000000 -15.324387 -15.303201 
905.000000 -14.645172 -14.625299 
906.000000 -14.019307 -14.003828 
907.000000 -13.462544 -13.454731 
908.000000 -12.991206 -12.993191 
909.000000 -12.620991 -12.632851 
910.000000 -12.365594 -12.385224 
911.000000 -12.235189 -12.259042 
912.000000 -12.235222 -12.259081 
913.000000 -12.365694 -12.385335 
914.000000 -12.621160 -12.633027 
915.000000 -12.991435 -12.993424 
916.000000 -13.462841 -13.455017 
917.000000 -14.019664 -14.004171 
918.000000 -14.645590 -14.625702 
919.000000 -15.324868 -15.303670 
920.000000 -16.043116 -16.022090 
921.000000 -16.787772 -16.766132 
922.000000 -17.548272 -17.523213 
923.000000 -18.315986 -18.283264 
924.000000 -19.084069 -19.038942 
925.000000 -19.847207 -19.785472 
926.000000 -20.601391 -20.519877 
927.000000 -21.343674 -21.240574 
928.000000 -21.166331 -21.072524 
929.000000 -20.464759 -20.390405 
930.000000 -19.755505 -19.697814 
931.000000 -19.041767 -18.997015 
932.000000 -18.327716 -18.291693 
933.000000 -17.618642 -17.587209 
934.000000 -16.921138 -16.891116 
935.000000 -16.243220 -16.213082 
936.000000 -15.594397 -15.564507 
937.000000 -14.985616 -14.958180 
938.000000 -14.429041 -14.407345 
939.000000 -13.937631 -13.924782 
940.000000 -13.524452 -13.522328 
941.000000 -13.201817 -13.210300 
942.000000 -12.980231 -12.997098 
943.000000 -12.867411 -12.888878 
944.000000 -12.867440 -12.888913 
945.000000 -12.980325 -12.997200 
946.000000 -13.201969 -13.210461 
947.000000 -13.524667 -13.522542 
948.000000 -13.937901 -13.925045 
949.000000 -14.429371 -14.407658 
950.000000 -14.986003 -14.958547 
951.000000 -15.594841 -15.564934 
952.000000 -16.243720 -16.213570 
953.000000 -16.921695 -16.891665 
954.000000 -17.619257 -17.587818 
955.000000 -18.328383 -18.292359 
956.000000 -19.042497 -18.997735 
957.000000 -19.756286 -19.698586 
958.000000 -20.465607 -20.391231 
959.000000 -21.167234 -21.073408 
960.000000 -21.041709 -20.954983 
961.000000 -20.379316 -20.309151 
962.000000 -19.712869 -19.655949 
963.000000 -19.045693 -18.998195 
964.000000 -18.381967 -18.340061 
965.000000 -17.726819 -17.687183 
966.000000 -17.086459 -17.046992 
967.000000 -16.468220 -16.428486 
968.000000 -15.880562 -15.841780 
969.000000 -15.332961 -15.297783 
970.000000 -14.835691 -14.807418 
971.000000 -14.399428 -14.380925 
972.000000 -14.034722 -14.027551 
973.000000 -13.751307 -13.755129 
974.000000 -13.557370 -13.569837 
975.000000 -13.458857 -13.476068 
976.000000 -13.458885 -13.476100 
977.000000 -13.557457 -13.569930 
978.000000 -13.751448 -13.755277 
979.000000 -14.034921 -14.027747 
980.000000 -14.399684 -14.381166 
981.000000 -14.835997 -14.807704 
982.000000 -15.333321 -15.298117 
983.000000 -15.880975 -15.842168 
984.000000 -16.468691 -16.428931 
985.000000 -17.086980 -17.047495 
986.000000 -17.727392 -17.687744 
987.000000 -18.382590 -18.340678 
988.000000 -19.046373 -18.998864 
989.000000 -19.713595 -19.656670 
990.000000 -20.380097 -20.309923 
991.000000 -21.042548 -20.955807 
992.000000 -20.961209 -20.878895 
993.000000 -20.336303 -20.267361 
994.000000 -19.710420 -19.651385 
995.000000 -19.086911 -19.034191 
996.000000 -18.469850 -18.420224 
997.000000 -17.864127 -17.815149 
998.000000 -17.275494 -17.226042 
999.000000 -16.710575 -16.661095 
1000.000000 -16.176853 -16.129156 
1001.000000 -15.682495 -15.639459 
1002.000000 -15.236187 -15.200995 
1003.000000 -14.846755 -14.821969 
1004.000000 -14.522772 -14.509629 
1005.000000 -14.272016 -14.269955 
1006.000000 -14.100951 -14.107526 
1007.000000 -14.014219 -14.025521 
1008.000000 -14.014247 -14.025550 
1009.000000 -14.101032 -14.107611 
1010.000000 -14.272147 -14.270090 
1011.000000 -14.522954 -14.509809 
1012.000000 -14.846992 -14.822191 
1013.000000 -15.236472 -15.201257 
1014.000000 -15.682833 -15.639765 
1015.000000 -16.177239 -16.129509 
1016.000000 -16.711014 -16.661501 
1017.000000 -17.275977 -17.226503 
1018.000000 -17.864661 -17.815665 
1019.000000 -18.470437 -18.420795 
1020.000000 -19.087543 -19.034813 
1021.000000 -19.711101 -19.652058 
1022.000000 -20.337032 -20.268083 
1023.000000 -20.961997 -20.879666 
