far field @z=0.050000
freq=27000000000.000000
sampling point=1024
x,y,z,realEx,realEy,realEz,imgEx,imgEy,imgEz
0.050000,-0.258333,-0.258333,-0.145747,0.752890,-0.786145,0.048161,-0.248958,0.241492
0.050000,-0.258333,-0.241667,-0.158333,0.817942,-0.908692,0.017190,-0.088966,0.079750
0.050000,-0.258333,-0.225000,-0.162927,0.841671,-1.004901,0.022301,-0.115373,0.117006
0.050000,-0.258333,-0.208333,-0.153647,0.793684,-1.029840,0.069801,-0.360746,0.443638
0.050000,-0.258333,-0.191667,-0.092141,0.475864,-0.685516,0.145062,-0.749486,1.034747
0.050000,-0.258333,-0.175000,0.055878,-0.288822,0.417544,0.164055,-0.847464,1.305900
0.050000,-0.258333,-0.158333,0.172669,-0.892012,1.509440,0.000573,-0.002798,0.032841
0.050000,-0.258333,-0.141667,-0.006942,0.036017,-0.037904,-0.169285,0.874520,-1.655348
0.050000,-0.258333,-0.125000,-0.143651,0.742021,-1.606032,0.077195,-0.398914,0.826597
0.050000,-0.258333,-0.108333,0.150538,-0.777684,1.917303,0.028234,-0.145724,0.394459
0.050000,-0.258333,-0.091667,-0.128776,0.665270,-1.930867,-0.053200,0.274707,-0.836983
0.050000,-0.258333,-0.075000,0.120869,-0.624369,2.227304,0.011563,-0.059628,0.251485
0.050000,-0.258333,-0.058333,-0.074034,0.382356,-1.783535,0.066507,-0.343589,1.548543
0.050000,-0.258333,-0.041667,-0.038293,0.197824,-1.236765,-0.063355,0.327186,-2.126009
0.050000,-0.258333,-0.025000,0.027290,-0.140893,1.544590,-0.036618,0.189098,-2.001745
0.050000,-0.258333,-0.008333,0.014595,-0.075274,2.435402,-0.005078,0.026195,-0.801816
0.050000,-0.258333,0.008333,-0.014550,0.075304,2.435388,0.005058,-0.026204,-0.801916
0.050000,-0.258333,0.025000,-0.027262,0.140896,1.544390,0.036579,-0.189139,-2.001963
0.050000,-0.258333,0.041667,0.038276,-0.197903,-1.237212,0.063310,-0.327186,-2.125845
0.050000,-0.258333,0.058333,0.073987,-0.382306,-1.783210,-0.066493,0.343719,1.549087
0.050000,-0.258333,0.075000,-0.120831,0.624450,2.227523,-0.011524,0.059430,0.250753
0.050000,-0.258333,0.091667,0.128760,-0.665446,-1.931346,0.053139,-0.274473,-0.836265
0.050000,-0.258333,0.108333,-0.150517,0.777835,1.917653,-0.028163,0.145382,0.393596
0.050000,-0.258333,0.125000,0.143586,-0.741900,-1.605754,-0.077251,0.399346,0.827528
0.050000,-0.258333,0.141667,0.007034,-0.036526,-0.038878,0.169255,-0.874608,-1.655510
0.050000,-0.258333,0.158333,-0.172646,0.892133,1.509648,-0.000468,0.002236,0.031881
0.050000,-0.258333,0.175000,-0.055978,0.289439,0.418500,-0.163999,0.847388,1.305790
0.050000,-0.258333,0.191667,0.092030,-0.475393,-0.684858,-0.145111,0.749946,1.035403
0.050000,-0.258333,0.208333,0.153582,-0.793536,-1.029660,-0.069908,0.361413,0.444508
0.050000,-0.258333,0.225000,0.162897,-0.841723,-1.004977,-0.022426,0.116071,0.117846
0.050000,-0.258333,0.241667,0.158309,-0.818015,-0.908789,-0.017317,0.089670,0.080538
0.050000,-0.258333,0.258333,0.145698,-0.752815,-0.786084,-0.048281,0.249663,0.242234
0.050000,-0.241667,-0.258333,-0.166409,0.804199,-0.785962,0.017845,-0.086410,0.065957
0.050000,-0.241667,-0.241667,-0.165909,0.801854,-0.829401,-0.054953,0.265413,-0.295591
0.050000,-0.241667,-0.225000,-0.158242,0.764833,-0.845512,-0.089336,0.431588,-0.502097
0.050000,-0.241667,-0.208333,-0.169111,0.817351,-0.977945,-0.081842,0.395367,-0.499362
0.050000,-0.241667,-0.191667,-0.191809,0.926986,-1.215708,-0.019837,0.095691,-0.151419
0.050000,-0.241667,-0.175000,-0.166278,0.803489,-1.171554,0.103939,-0.502464,0.699548
0.050000,-0.241667,-0.158333,-0.000878,0.004072,-0.036948,0.197061,-0.952345,1.515226
0.050000,-0.241667,-0.141667,0.191659,-0.926264,1.641175,0.036391,-0.175702,0.344912
0.050000,-0.241667,-0.125000,-0.008475,0.041118,-0.047285,-0.189263,0.914641,-1.845220
0.050000,-0.241667,-0.108333,-0.133838,0.646691,-1.529624,0.119610,-0.578141,1.316145
0.050000,-0.241667,-0.091667,0.155668,-0.752224,2.081061,-0.053654,0.259412,-0.674465
0.050000,-0.241667,-0.075000,-0.129628,0.626362,-2.123614,0.064045,-0.309591,1.001383
0.050000,-0.241667,-0.058333,0.049464,-0.238933,1.073457,-0.108554,0.524586,-2.247316
0.050000,-0.241667,-0.041667,0.066615,-0.321908,1.915547,0.059329,-0.286614,1.768617
0.050000,-0.241667,-0.025000,-0.022415,0.108245,-1.135335,0.050482,-0.243874,2.438699
0.050000,-0.241667,-0.008333,-0.016266,0.078484,-2.398052,0.009275,-0.044761,1.311184
0.050000,-0.241667,0.008333,0.016220,-0.078517,-2.398015,-0.009244,0.044777,1.311292
0.050000,-0.241667,0.025000,0.022392,-0.108236,-1.135060,-0.050432,0.243922,2.438891
0.050000,-0.241667,0.041667,-0.066584,0.321998,1.915974,-0.059286,0.286585,1.768291
0.050000,-0.241667,0.058333,-0.049418,0.238815,1.072879,0.108520,-0.524704,-2.247729
0.050000,-0.241667,0.075000,0.129567,-0.626319,-2.123392,-0.064065,0.309840,1.002202
0.050000,-0.241667,0.091667,-0.155608,0.752196,2.080934,0.053701,-0.259755,-0.675407
0.050000,-0.241667,0.108333,0.133756,-0.646483,-1.529112,-0.119647,0.578521,1.317021
0.050000,-0.241667,0.125000,0.008573,-0.041626,-0.048319,0.189226,-0.914730,-1.845386
0.050000,-0.241667,0.141667,-0.191652,0.926492,1.641581,-0.036274,0.175162,0.343941
0.050000,-0.241667,0.158333,0.000753,-0.003443,-0.035937,-0.197037,0.952481,1.515448
0.050000,-0.241667,0.175000,0.166189,-0.803253,-1.171217,-0.104042,0.503111,0.700492
0.050000,-0.241667,0.191667,0.191806,-0.927208,-1.216013,0.019695,-0.095004,-0.150510
0.050000,-0.241667,0.208333,0.169160,-0.817806,-0.978513,0.081706,-0.394781,-0.498654
0.050000,-0.241667,0.225000,0.158303,-0.765332,-0.846090,0.089202,-0.431026,-0.501470
0.050000,-0.241667,0.241667,0.165946,-0.802238,-0.829821,0.054810,-0.264764,-0.294915
0.050000,-0.241667,0.258333,0.166386,-0.804282,-0.786062,-0.017990,0.087154,0.066690
0.050000,-0.225000,-0.258333,-0.180668,0.812884,-0.744950,0.024224,-0.109172,0.080613
0.050000,-0.225000,-0.241667,-0.166755,0.750396,-0.722276,-0.094460,0.424864,-0.433120
0.050000,-0.225000,-0.225000,-0.118466,0.533184,-0.540600,-0.162056,0.729056,-0.778177
0.050000,-0.225000,-0.208333,-0.092369,0.415778,-0.448362,-0.187702,0.844480,-0.967694
0.050000,-0.225000,-0.191667,-0.115432,0.519545,-0.616377,-0.183235,0.824362,-1.029759
0.050000,-0.225000,-0.175000,-0.184241,0.829094,-1.101275,-0.124279,0.559034,-0.779002
0.050000,-0.225000,-0.158333,-0.222369,1.000508,-1.496960,0.037396,-0.168447,0.218511
0.050000,-0.225000,-0.141667,-0.058390,0.262543,-0.472296,0.217766,-0.979873,1.623307
0.050000,-0.225000,-0.125000,0.213247,-0.959530,1.801590,0.058713,-0.264006,0.536401
0.050000,-0.225000,-0.108333,-0.039545,0.178087,-0.346316,-0.207955,0.935635,-2.046736
0.050000,-0.225000,-0.091667,-0.080109,0.360296,-0.969599,0.178962,-0.805262,2.055153
0.050000,-0.225000,-0.075000,0.080663,-0.362799,1.185172,-0.153870,0.692346,-2.156695
0.050000,-0.225000,-0.058333,0.005932,-0.026793,0.057008,0.144348,-0.649413,2.630429
0.050000,-0.225000,-0.041667,-0.100751,0.453266,-2.548140,-0.040857,0.183729,-1.090835
0.050000,-0.225000,-0.025000,0.010954,-0.049228,0.519507,-0.066725,0.300112,-2.825336
0.050000,-0.225000,-0.008333,0.017137,-0.076994,2.219154,-0.015301,0.068750,-1.906199
0.050000,-0.225000,0.008333,-0.017094,0.077026,2.219087,0.015255,-0.068777,-1.906311
0.050000,-0.225000,0.025000,-0.010942,0.049203,0.519147,0.066664,-0.300164,-2.825469
0.050000,-0.225000,0.041667,0.100703,-0.453356,-2.548473,0.040820,-0.183658,-1.090323
0.050000,-0.225000,0.058333,-0.005966,0.026984,0.057800,-0.144292,0.649475,2.630550
0.050000,-0.225000,0.075000,-0.080587,0.362582,1.184434,0.153853,-0.692555,-2.157289
0.050000,-0.225000,0.091667,0.080016,-0.359978,-0.968745,-0.178954,0.805513,2.055761
0.050000,-0.225000,0.108333,0.039638,-0.178591,-0.347422,0.207897,-0.935655,-2.046750
0.050000,-0.225000,0.125000,-0.213246,0.959807,1.802104,-0.058586,0.263483,0.535398
0.050000,-0.225000,0.141667,0.058248,-0.261952,-0.471300,-0.217773,0.980177,1.623815
0.050000,-0.225000,0.158333,0.222319,-1.000540,-1.497011,-0.037540,0.169168,0.219596
0.050000,-0.225000,0.175000,0.184313,-0.829643,-1.102030,0.124135,-0.558504,-0.778287
0.050000,-0.225000,0.191667,0.115563,-0.520286,-0.617304,0.183133,-0.824091,-1.029433
0.050000,-0.225000,0.208333,0.092513,-0.416556,-0.449258,0.187615,-0.844286,-0.967487
0.050000,-0.225000,0.225000,0.118595,-0.533920,-0.541389,0.161947,-0.728731,-0.777848
0.050000,-0.225000,0.241667,0.166829,-0.750931,-0.722819,0.094310,-0.424271,-0.432545
0.050000,-0.225000,0.258333,0.180639,-0.812955,-0.745033,-0.024387,0.109955,0.081337
0.050000,-0.208333,-0.258333,-0.180824,0.753263,-0.650136,0.081212,-0.338509,0.270083
0.050000,-0.208333,-0.241667,-0.188649,0.786025,-0.706377,-0.092005,0.383139,-0.368904
0.050000,-0.208333,-0.225000,-0.097505,0.406399,-0.375867,-0.198948,0.828766,-0.821697
0.050000,-0.208333,-0.208333,-0.008232,0.034494,-0.009714,-0.232717,0.969533,-1.025685
0.050000,-0.208333,-0.191667,0.027725,-0.115307,0.161790,-0.241709,1.007026,-1.153650
0.050000,-0.208333,-0.175000,-0.010181,0.042620,-0.021124,-0.251959,1.049697,-1.322309
0.050000,-0.208333,-0.158333,-0.132107,0.550557,-0.734997,-0.222291,0.925997,-1.306402
0.050000,-0.208333,-0.141667,-0.258243,1.075910,-1.666617,-0.040816,0.169848,-0.303071
0.050000,-0.208333,-0.125000,-0.106658,0.444176,-0.822207,0.236529,-0.985491,1.718778
0.050000,-0.208333,-0.108333,0.245305,-1.022002,2.067876,0.054229,-0.225744,0.505234
0.050000,-0.208333,-0.091667,-0.114875,0.478718,-1.105607,-0.205430,0.855744,-2.081558
0.050000,-0.208333,-0.075000,0.049365,-0.205793,0.550763,0.204922,-0.853658,2.520394
0.050000,-0.208333,-0.058333,-0.096854,0.403571,-1.474954,-0.148087,0.616830,-2.361738
0.050000,-0.208333,-0.041667,0.134185,-0.558936,2.955954,-0.001258,0.005327,0.033561
0.050000,-0.208333,-0.025000,0.011069,-0.046146,0.343375,0.083182,-0.346415,3.061330
0.050000,-0.208333,-0.008333,-0.016096,0.066963,-1.824401,0.023628,-0.098312,2.562980
0.050000,-0.208333,0.008333,0.016061,-0.066992,-1.824295,-0.023565,0.098353,2.563087
0.050000,-0.208333,0.025000,-0.011063,0.046195,0.343815,-0.083112,0.346465,3.061355
0.050000,-0.208333,0.041667,-0.134118,0.559003,2.956080,0.001281,-0.005451,0.032874
0.050000,-0.208333,0.058333,0.096861,-0.403808,-1.475795,0.148009,-0.616774,-2.361395
0.050000,-0.208333,0.075000,-0.049426,0.206154,0.551823,-0.204850,0.853672,2.520351
0.050000,-0.208333,0.091667,0.114942,-0.479181,-1.106710,0.205336,-0.855618,-2.081203
0.050000,-0.208333,0.108333,-0.245291,1.022255,2.068368,-0.054092,0.225213,0.504134
0.050000,-0.208333,0.125000,0.106504,-0.443630,-0.821229,-0.236559,0.985899,1.719492
0.050000,-0.208333,0.141667,0.258239,-1.076183,-1.667043,0.040644,-0.169145,-0.301968
0.050000,-0.208333,0.158333,0.132251,-0.551322,-0.736074,0.222176,-0.925740,-1.306047
0.050000,-0.208333,0.175000,0.010370,-0.043449,-0.022176,0.251930,-1.049841,-1.322503
0.050000,-0.208333,0.191667,-0.027530,0.114494,0.160851,0.241714,-1.007303,-1.153986
0.050000,-0.208333,0.208333,0.008426,-0.035343,-0.010619,0.232696,-0.969688,-1.025868
0.050000,-0.208333,0.225000,0.097675,-0.407232,-0.376696,0.198853,-0.828566,-0.821517
0.050000,-0.208333,0.241667,0.188725,-0.786553,-0.706879,0.091831,-0.382483,-0.368311
0.050000,-0.208333,0.258333,0.180742,-0.753105,-0.650018,-0.081378,0.339315,0.270783
0.050000,-0.191667,-0.258333,-0.116404,0.445998,-0.370721,0.180874,-0.693365,0.537483
0.050000,-0.191667,-0.241667,-0.228096,0.874282,-0.737388,-0.024687,0.094424,-0.102948
0.050000,-0.191667,-0.225000,-0.129442,0.496307,-0.429453,-0.207023,0.793381,-0.734809
0.050000,-0.191667,-0.208333,0.029970,-0.114664,0.140775,-0.257192,0.985808,-0.964661
0.050000,-0.191667,-0.191667,0.138281,-0.529830,0.592685,-0.235640,0.903287,-0.948190
0.050000,-0.191667,-0.175000,0.173305,-0.664084,0.804250,-0.227829,0.873374,-0.999879
0.050000,-0.191667,-0.158333,0.125257,-0.479895,0.655445,-0.269285,1.032230,-1.317514
0.050000,-0.191667,-0.141667,-0.047922,0.183898,-0.222933,-0.300256,1.150806,-1.669053
0.050000,-0.191667,-0.125000,-0.282614,1.083299,-1.755197,-0.116631,0.446831,-0.775801
0.050000,-0.191667,-0.108333,-0.133413,0.511165,-1.012995,0.268745,-1.030145,1.922508
0.050000,-0.191667,-0.091667,0.284878,-1.091871,2.438111,-0.001665,0.006571,0.043314
0.050000,-0.191667,-0.075000,-0.226100,0.866653,-2.334522,-0.125103,0.479333,-1.363194
0.050000,-0.191667,-0.058333,0.204723,-0.784663,2.728836,0.078958,-0.302481,1.124457
0.050000,-0.191667,-0.041667,-0.149870,0.574296,-2.853524,0.075873,-0.290859,1.364947
0.050000,-0.191667,-0.025000,-0.048539,0.186033,-1.457023,-0.093961,0.359992,-2.981703
0.050000,-0.191667,-0.008333,0.011117,-0.042546,1.117593,-0.034405,0.131710,-3.212332
0.050000,-0.191667,0.008333,-0.011098,0.042566,1.117438,0.034324,-0.131768,-3.212416
0.050000,-0.191667,0.025000,0.048508,-0.186112,-1.457515,0.093886,-0.360028,-2.981556
0.050000,-0.191667,0.041667,0.149788,-0.574299,-2.853302,-0.075868,0.291032,1.365722
0.050000,-0.191667,0.058333,-0.204683,0.784856,2.729386,-0.078872,0.302254,1.123580
0.050000,-0.191667,0.075000,0.226095,-0.866960,-2.335291,0.124984,-0.479021,-1.362282
0.050000,-0.191667,0.091667,-0.284823,1.092005,2.438358,0.001801,-0.007127,0.042056
0.050000,-0.191667,0.108333,0.133243,-0.510632,-1.011963,-0.268779,1.030582,1.923317
0.050000,-0.191667,0.125000,0.282651,-1.083748,-1.755928,0.116440,-0.446188,-0.774733
0.050000,-0.191667,0.141667,0.048124,-0.184750,-0.224175,0.300191,-1.150854,-1.669123
0.050000,-0.191667,0.158333,-0.125046,0.479180,0.654516,0.269355,-1.032773,-1.318230
0.050000,-0.191667,0.175000,-0.173112,0.663486,0.803553,0.227950,-0.874077,-1.000718
0.050000,-0.191667,0.191667,-0.138076,0.529149,0.591962,0.235741,-0.903920,-0.948885
0.050000,-0.191667,0.208333,-0.029744,0.113794,0.139916,0.257205,-0.986113,-0.964981
0.050000,-0.191667,0.225000,0.129625,-0.497162,-0.430246,0.206897,-0.793085,-0.734555
0.050000,-0.191667,0.241667,0.228112,-0.874573,-0.737657,0.024472,-0.093594,-0.102242
0.050000,-0.191667,0.258333,0.116227,-0.445411,-0.370263,-0.180982,0.693979,0.537989
0.050000,-0.175000,-0.258333,0.073341,-0.256848,0.167191,0.220894,-0.772964,0.572540
0.050000,-0.175000,-0.241667,-0.212977,0.745213,-0.595737,0.131181,-0.459248,0.338660
0.050000,-0.175000,-0.225000,-0.221745,0.776132,-0.637094,-0.151299,0.529302,-0.467086
0.050000,-0.175000,-0.208333,-0.010511,0.037006,-0.003586,-0.287187,1.005022,-0.913416
0.050000,-0.175000,-0.191667,0.186019,-0.650806,0.668889,-0.243511,0.852323,-0.820700
0.050000,-0.175000,-0.175000,0.283133,-0.990734,1.089303,-0.159174,0.557247,-0.569548
0.050000,-0.175000,-0.158333,0.310259,-1.085677,1.314732,-0.142297,0.498197,-0.556895
0.050000,-0.175000,-0.141667,0.266527,-0.932575,1.276605,-0.233510,0.817369,-1.055960
0.050000,-0.175000,-0.125000,0.049332,-0.172404,0.313500,-0.358268,1.253816,-1.890581
0.050000,-0.175000,-0.108333,-0.314804,1.101784,-1.895536,-0.175621,0.614392,-1.124834
0.050000,-0.175000,-0.091667,-0.113534,0.397109,-0.881899,0.328653,-1.150195,2.352885
0.050000,-0.175000,-0.075000,0.287134,-1.004723,2.567113,-0.141846,0.496557,-1.188069
0.050000,-0.175000,-0.058333,-0.257955,0.902611,-2.956045,0.097556,-0.341531,1.034563
0.050000,-0.175000,-0.041667,0.113800,-0.398096,1.879171,-0.180789,0.632662,-2.828932
0.050000,-0.175000,-0.025000,0.104875,-0.366954,2.722327,0.086018,-0.300882,2.345758
0.050000,-0.175000,-0.008333,0.001190,-0.004175,0.004836,0.046562,-0.162761,3.699444
0.050000,-0.175000,0.008333,-0.001180,0.004177,0.005042,-0.046465,0.162835,3.699477
0.050000,-0.175000,0.025000,-0.104810,0.367063,2.722791,-0.085950,0.300880,2.345370
0.050000,-0.175000,0.041667,-0.113714,0.397984,1.878484,0.180740,-0.632849,-2.829572
0.050000,-0.175000,0.058333,0.257850,-0.902598,-2.955844,-0.097613,0.341901,1.035734
0.050000,-0.175000,0.075000,-0.287012,1.004622,2.566763,0.141940,-0.497081,-1.189368
0.050000,-0.175000,0.091667,0.113345,-0.396534,-0.880678,-0.328657,1.150565,2.353606
0.050000,-0.175000,0.108333,0.314866,-1.102326,-1.896468,0.175409,-0.613791,-1.123761
0.050000,-0.175000,0.125000,-0.049087,0.171559,0.312208,0.358262,-1.254130,-1.891052
0.050000,-0.175000,0.141667,-0.266333,0.932112,1.275983,0.233684,-0.818212,-1.057098
0.050000,-0.175000,0.158333,-0.310124,1.085467,1.314489,0.142530,-0.499170,-0.558072
0.050000,-0.175000,0.175000,-0.282984,0.990444,1.089001,0.159400,-0.558210,-0.570605
0.050000,-0.175000,0.191667,-0.185797,0.650167,0.668265,0.243661,-0.853089,-0.821476
0.050000,-0.175000,0.208333,0.010773,-0.037964,-0.004463,0.287166,-1.005207,-0.913605
0.050000,-0.175000,0.225000,0.221882,-0.776831,-0.637703,0.151085,-0.528665,-0.466558
0.050000,-0.175000,0.241667,0.212844,-0.744932,-0.595533,-0.131385,0.460114,0.339352
0.050000,-0.175000,0.258333,-0.073560,0.257716,0.167837,-0.220817,0.772897,0.572510
0.050000,-0.158333,-0.258333,0.250962,-0.794600,0.534459,0.003231,-0.010024,0.029462
0.050000,-0.158333,-0.241667,-0.003543,0.011003,-0.033195,0.271762,-0.860464,0.618783
0.050000,-0.158333,-0.225000,-0.290480,0.919696,-0.715333,0.046641,-0.147899,0.086429
0.050000,-0.158333,-0.208333,-0.160838,0.509456,-0.398003,-0.274369,0.868605,-0.741199
0.050000,-0.158333,-0.191667,0.145953,-0.461907,0.451498,-0.310263,0.982479,-0.876509
0.050000,-0.158333,-0.175000,0.334834,-1.060075,1.070585,-0.152622,0.483472,-0.443983
0.050000,-0.158333,-0.158333,0.391881,-1.240799,1.365081,-0.013247,0.042202,-0.000768
0.050000,-0.158333,-0.141667,0.413368,-1.308842,1.607670,0.000154,-0.000226,0.052046
0.050000,-0.158333,-0.125000,0.397922,-1.259836,1.775940,-0.160386,0.508072,-0.652887
0.050000,-0.158333,-0.108333,0.137205,-0.434181,0.760616,-0.413204,1.308396,-2.081062
0.050000,-0.158333,-0.091667,-0.381926,1.209380,-2.262626,-0.192864,0.610434,-1.225886
0.050000,-0.158333,-0.075000,0.008317,-0.026560,-0.021839,0.401351,-1.270750,2.950997
0.050000,-0.158333,-0.058333,0.119148,-0.377054,1.211674,-0.330922,1.047797,-3.095650
0.050000,-0.158333,-0.041667,0.022623,-0.071768,0.200815,0.275563,-0.872396,3.653015
0.050000,-0.158333,-0.025000,-0.173944,0.550625,-3.813593,-0.035190,0.111307,-0.878029
0.050000,-0.158333,-0.008333,-0.025631,0.081089,-1.596129,-0.055671,0.176080,-3.724357
0.050000,-0.158333,0.008333,0.025575,-0.081129,-1.596372,0.055572,-0.176164,-3.724295
0.050000,-0.158333,0.025000,0.173841,-0.550745,-3.813863,0.035150,-0.111239,-0.877362
0.050000,-0.158333,0.041667,-0.022683,0.072026,0.201912,-0.275458,0.872497,3.653131
0.050000,-0.158333,0.058333,-0.118997,0.376689,1.210497,0.330883,-1.048084,-3.096351
0.050000,-0.158333,0.075000,-0.008504,0.027195,-0.020344,-0.401272,1.270908,2.951263
0.050000,-0.158333,0.091667,0.381978,-1.209912,-2.263596,0.192621,-0.609810,-1.224661
0.050000,-0.158333,0.108333,-0.136923,0.433372,0.759295,0.413244,-1.308888,-2.081835
0.050000,-0.158333,0.125000,-0.397770,1.259669,1.775699,0.160655,-0.509091,-0.654315
0.050000,-0.158333,0.141667,-0.413337,1.309078,1.607967,0.000166,-0.000827,0.050743
0.050000,-0.158333,0.158333,-0.391846,1.241003,1.365320,0.013571,-0.043276,-0.001958
0.050000,-0.158333,0.175000,-0.334684,1.059857,1.070383,0.152908,-0.484535,-0.445054
0.050000,-0.158333,0.191667,-0.145663,0.461077,0.450748,0.310384,-0.983136,-0.877127
0.050000,-0.158333,0.208333,0.161094,-0.510433,-0.398835,0.274208,-0.868308,-0.740967
0.050000,-0.158333,0.225000,0.290428,-0.919776,-0.715416,-0.046926,0.148873,0.087190
0.050000,-0.158333,0.241667,0.003269,-0.010106,-0.032545,-0.271761,0.860704,0.618978
0.050000,-0.158333,0.258333,-0.250963,0.794834,0.534637,-0.002972,0.009175,0.028887
0.050000,-0.141667,-0.258333,-0.007955,0.022749,0.009500,-0.269377,0.763112,-0.470405
0.050000,-0.141667,-0.241667,0.288288,-0.816740,0.532319,0.057922,-0.163870,0.133608
0.050000,-0.141667,-0.225000,-0.086132,0.243782,-0.200781,0.309304,-0.876299,0.611606
0.050000,-0.141667,-0.208333,-0.345783,0.979626,-0.742633,-0.057625,0.163007,-0.157336
0.050000,-0.141667,-0.191667,-0.057663,0.163611,-0.098493,-0.377891,1.070511,-0.894442
0.050000,-0.141667,-0.175000,0.313983,-0.889331,0.836959,-0.272335,0.771721,-0.669303
0.050000,-0.141667,-0.158333,0.449520,-1.273485,1.280046,0.001389,-0.003657,0.052902
0.050000,-0.141667,-0.141667,0.447855,-1.268875,1.404937,0.178023,-0.504071,0.618914
0.050000,-0.141667,-0.125000,0.478882,-1.356768,1.705798,0.174520,-0.494139,0.690385
0.050000,-0.141667,-0.108333,0.521612,-1.477671,2.183369,-0.081967,0.232500,-0.267982
0.050000,-0.141667,-0.091667,0.181985,-0.515292,0.975364,-0.498193,1.411460,-2.422546
0.050000,-0.141667,-0.075000,-0.498263,1.411596,-2.977502,-0.103536,0.293052,-0.717194
0.050000,-0.141667,-0.058333,0.289876,-0.821353,2.158623,0.351437,-0.995424,2.786730
0.050000,-0.141667,-0.041667,-0.276508,0.783380,-2.916621,-0.238125,0.674404,-2.668135
0.050000,-0.141667,-0.025000,0.219433,-0.621464,4.008147,-0.090956,0.257717,-1.524265
0.050000,-0.141667,-0.008333,0.066093,-0.187082,3.497136,0.049626,-0.140437,2.790183
0.050000,-0.141667,0.008333,-0.065979,0.187178,3.497361,-0.049553,0.140505,2.789976
0.050000,-0.141667,0.025000,-0.219302,0.621538,4.007966,0.090936,-0.257880,-1.525116
0.050000,-0.141667,0.041667,0.276487,-0.783709,-2.917645,0.237972,-0.674258,-2.667319
0.050000,-0.141667,0.058333,-0.289955,0.821901,2.160019,-0.351242,0.995207,2.785970
0.050000,-0.141667,0.075000,0.498235,-1.411960,-2.978172,0.103262,-0.292331,-0.715618
0.050000,-0.141667,0.091667,-0.181658,0.514473,0.973907,0.498241,-1.412006,-2.423449
0.050000,-0.141667,0.108333,-0.521503,1.477750,2.183461,0.082321,-0.233602,-0.269611
0.050000,-0.141667,0.125000,-0.478978,1.357405,1.706610,-0.174141,0.493155,0.689119
0.050000,-0.141667,0.141667,-0.447974,1.269554,1.405712,-0.177643,0.503086,0.617802
0.050000,-0.141667,0.158333,-0.449500,1.273757,1.280336,-0.000995,0.002502,0.051734
0.050000,-0.141667,0.175000,-0.313721,0.888797,0.836484,0.272614,-0.772744,-0.670252
0.050000,-0.141667,0.191667,0.058024,-0.164714,-0.099418,0.377825,-1.070608,-0.894544
0.050000,-0.141667,0.208333,0.345833,-0.980047,-0.742978,0.057281,-0.162042,-0.156598
0.050000,-0.141667,0.225000,0.085816,-0.242922,-0.200174,-0.309387,0.876798,0.611981
0.050000,-0.141667,0.241667,-0.288347,0.817155,0.532614,-0.057621,0.163032,0.133058
0.050000,-0.141667,0.258333,0.008242,-0.023601,0.008972,0.269369,-0.763321,-0.470554
0.050000,-0.125000,-0.258333,-0.255418,0.638336,-0.368625,0.132882,-0.332342,0.164575
0.050000,-0.125000,-0.241667,-0.010126,0.025542,0.011915,-0.316320,0.790665,-0.474245
0.050000,-0.125000,-0.225000,0.334906,-0.837204,0.529981,0.096524,-0.241041,0.184556
0.050000,-0.125000,-0.208333,-0.161800,0.404210,-0.312478,0.348625,-0.871543,0.590871
0.050000,-0.125000,-0.191667,-0.390358,0.975863,-0.721595,-0.165490,0.413420,-0.348951
0.050000,-0.125000,-0.175000,0.067399,-0.168194,0.184452,-0.462365,1.155798,-0.949780
0.050000,-0.125000,-0.158333,0.477213,-1.192769,1.110530,-0.189123,0.473022,-0.383523
0.050000,-0.125000,-0.141667,0.525906,-1.314707,1.323055,0.193573,-0.483580,0.552106
0.050000,-0.125000,-0.125000,0.463015,-1.157602,1.295510,0.389564,-0.973543,1.183148
0.050000,-0.125000,-0.108333,0.534963,-1.337421,1.742499,0.354371,-0.885545,1.254177
0.050000,-0.125000,-0.091667,0.659074,-1.647448,2.612389,-0.054886,0.137520,-0.120048
0.050000,-0.125000,-0.075000,0.103182,-0.257617,0.609562,-0.643779,1.609273,-3.091631
0.050000,-0.125000,-0.058333,-0.557245,1.392789,-3.508198,0.221189,-0.553139,1.253987
0.050000,-0.125000,-0.041667,0.477328,-1.193023,4.185146,-0.119244,0.298258,-0.897023
0.050000,-0.125000,-0.025000,-0.140172,0.350192,-2.172325,0.294618,-0.736365,4.201994
0.050000,-0.125000,-0.008333,-0.114628,0.286295,-4.976236,-0.003215,0.007992,-0.303095
0.050000,-0.125000,0.008333,0.114466,-0.286449,-4.976314,0.003221,-0.007990,-0.302724
0.050000,-0.125000,0.025000,0.140059,-0.350115,-2.171461,-0.294504,0.736589,4.202618
0.050000,-0.125000,0.041667,-0.477160,1.193109,4.185053,0.119364,-0.298723,-0.898590
0.050000,-0.125000,0.058333,0.557040,-1.392736,-3.507855,-0.221400,0.553890,1.255802
0.050000,-0.125000,0.075000,-0.102803,0.256704,0.607758,0.643748,-1.609679,-3.092304
0.050000,-0.125000,0.091667,-0.658968,1.647631,2.612620,0.055318,-0.138681,-0.121895
0.050000,-0.125000,0.108333,-0.535184,1.338352,1.743732,-0.353942,0.884671,1.252985
0.050000,-0.125000,0.125000,-0.463304,1.158656,1.296736,-0.389161,0.972757,1.182228
0.050000,-0.125000,0.141667,-0.526050,1.315429,1.323805,-0.193103,0.482492,0.550990
0.050000,-0.125000,0.158333,-0.477021,1.192593,1.110382,0.189557,-0.474275,-0.384681
0.050000,-0.125000,0.175000,-0.066951,0.167079,0.183526,0.462418,-1.156256,-0.950180
0.050000,-0.125000,0.191667,0.390517,-0.976555,-0.722138,0.165097,-0.412517,-0.348273
0.050000,-0.125000,0.208333,0.161440,-0.403393,-0.311916,-0.348788,0.872225,0.591365
0.050000,-0.125000,0.225000,-0.335007,0.837723,0.530336,-0.096171,0.240195,0.184015
0.050000,-0.125000,0.241667,0.010467,-0.026437,0.011376,0.316310,-0.790891,-0.474400
0.050000,-0.125000,0.258333,0.255274,-0.638173,-0.368549,-0.133162,0.333185,0.165058
0.050000,-0.108333,-0.258333,0.299659,-0.649182,0.324239,0.060959,-0.131833,0.091284
0.050000,-0.108333,-0.241667,-0.255732,0.553832,-0.318719,0.221800,-0.480658,0.239422
0.050000,-0.108333,-0.225000,-0.064941,0.140928,-0.050744,-0.370246,0.802019,-0.472749
0.050000,-0.108333,-0.208333,0.407432,-0.882688,0.547212,0.095859,-0.207404,0.165907
0.050000,-0.108333,-0.191667,-0.212878,0.460915,-0.352574,0.415721,-0.900719,0.597291
0.050000,-0.108333,-0.175000,-0.452792,0.981054,-0.711363,-0.259230,0.561324,-0.462771
0.050000,-0.108333,-0.158333,0.188689,-0.408471,0.391941,-0.551085,1.193953,-0.971121
0.050000,-0.108333,-0.141667,0.640978,-1.388551,1.296167,-0.096181,0.208694,-0.127621
0.050000,-0.108333,-0.125000,0.595166,-1.289555,1.310418,0.397577,-0.861013,0.969543
0.050000,-0.108333,-0.108333,0.489829,-1.061445,1.213460,0.605878,-1.312341,1.649165
0.050000,-0.108333,-0.091667,0.655581,-1.420469,1.966525,0.504491,-1.092632,1.653458
0.050000,-0.108333,-0.075000,0.818713,-1.773555,3.136494,-0.198878,0.431194,-0.626166
0.050000,-0.108333,-0.058333,-0.284140,0.615852,-1.241057,-0.749146,1.622787,-3.708546
0.050000,-0.108333,-0.041667,-0.087480,0.189236,-0.773389,0.672853,-1.457605,4.571523
0.050000,-0.108333,-0.025000,-0.214752,0.465313,-2.269952,-0.408281,0.884264,-4.737813
0.050000,-0.108333,-0.008333,0.119641,-0.258961,4.225643,-0.112762,0.244141,-3.697101
0.050000,-0.108333,0.008333,-0.119505,0.259101,4.225379,0.112620,-0.244291,-3.697504
0.050000,-0.108333,0.025000,0.214748,-0.465624,-2.271219,0.408079,-0.884355,-4.737412
0.050000,-0.108333,0.041667,0.087214,-0.188698,-0.771585,-0.672731,1.457934,4.572107
0.050000,-0.108333,0.058333,0.284475,-0.616818,-1.243171,0.748885,-1.622730,-3.708180
0.050000,-0.108333,0.075000,-0.818495,1.773583,3.136413,0.199367,-0.432424,-0.628307
0.050000,-0.108333,0.091667,-0.655890,1.421557,1.968041,-0.503973,1.091769,1.652173
0.050000,-0.108333,0.108333,-0.490286,1.062758,1.215043,-0.605444,1.311721,1.648388
0.050000,-0.108333,0.125000,-0.595484,1.290620,1.311537,-0.397038,0.860037,0.968509
0.050000,-0.108333,0.141667,-0.640866,1.388685,1.296298,0.096773,-0.210082,-0.128913
0.050000,-0.108333,0.158333,-0.188148,0.407370,0.391030,0.551255,-1.194678,-0.971737
0.050000,-0.108333,0.175000,0.453047,-0.981920,-0.712029,0.258768,-0.560450,-0.462122
0.050000,-0.108333,0.191667,0.212443,-0.460077,-0.352006,-0.415940,0.901490,0.597836
0.050000,-0.108333,0.208333,-0.407535,0.883202,0.547555,-0.095424,0.206487,0.165332
0.050000,-0.108333,0.225000,0.065345,-0.141889,-0.051309,0.370177,-0.802133,-0.472832
0.050000,-0.108333,0.241667,0.255489,-0.553475,-0.318537,-0.222085,0.481474,0.239878
0.050000,-0.108333,0.258333,-0.299732,0.649586,0.324460,-0.060623,0.131118,0.090923
0.050000,-0.091667,-0.258333,-0.296026,0.542685,-0.238692,-0.128263,0.234888,-0.131128
0.050000,-0.091667,-0.241667,0.341795,-0.626418,0.316108,-0.111380,0.204384,-0.072788
0.050000,-0.091667,-0.225000,-0.170425,0.312153,-0.194215,0.364394,-0.668034,0.338059
0.050000,-0.091667,-0.208333,-0.214253,0.392965,-0.190517,-0.398073,0.729536,-0.433125
0.050000,-0.091667,-0.191667,0.510010,-0.934859,0.578194,0.004885,-0.008662,0.048930
0.050000,-0.091667,-0.175000,-0.196374,0.359666,-0.291705,0.542938,-0.995329,0.657615
0.050000,-0.091667,-0.158333,-0.580783,1.064759,-0.770500,-0.302846,0.554834,-0.469081
0.050000,-0.091667,-0.141667,0.262709,-0.481228,0.470041,-0.695168,1.274415,-1.042830
0.050000,-0.091667,-0.125000,0.837890,-1.535889,1.465543,-0.062688,0.115293,-0.023998
0.050000,-0.091667,-0.108333,0.742970,-1.362177,1.429667,0.577420,-1.058143,1.242313
0.050000,-0.091667,-0.091667,0.650678,-1.193079,1.447588,0.802614,-1.471001,1.986382
0.050000,-0.091667,-0.075000,0.972132,-1.782195,2.752353,0.501188,-0.918346,1.592757
0.050000,-0.091667,-0.058333,0.795692,-1.458282,3.098424,-0.736890,1.351060,-2.614460
0.050000,-0.091667,-0.041667,-0.943284,1.729100,-4.894540,-0.160968,0.294722,-1.060050
0.050000,-0.091667,-0.025000,0.668435,-1.225103,5.854393,-0.079122,0.145243,-0.439073
0.050000,-0.091667,-0.008333,0.051004,-0.093504,1.068154,0.239234,-0.438235,6.308773
0.050000,-0.091667,0.008333,-0.050948,0.093585,1.068779,-0.239004,0.438508,6.308748
0.050000,-0.091667,0.025000,-0.668203,1.225369,5.854486,0.079255,-0.145607,-0.440757
0.050000,-0.091667,0.041667,0.943176,-1.729566,-4.895329,0.160543,-0.294011,-1.057885
0.050000,-0.091667,0.058333,-0.795172,1.457753,3.097118,0.737250,-1.352178,-2.616562
0.050000,-0.091667,0.075000,-0.972390,1.783203,2.753827,-0.500470,0.917246,1.590934
0.050000,-0.091667,0.091667,-0.651270,1.194537,1.449438,-0.802047,1.470335,1.985457
0.050000,-0.091667,0.108333,-0.743437,1.363446,1.431037,-0.576746,1.057160,1.241211
0.050000,-0.091667,0.125000,-0.837803,1.536166,1.465796,0.063468,-0.116809,-0.025439
0.050000,-0.091667,0.141667,-0.262020,0.480059,0.469061,0.695411,-1.275257,-1.043539
0.050000,-0.091667,0.158333,0.581086,-1.065668,-0.771190,0.302248,-0.553866,-0.468359
0.050000,-0.091667,0.175000,0.195800,-0.358686,-0.291044,-0.543143,0.996046,0.658112
0.050000,-0.091667,0.191667,-0.510017,0.935192,0.578413,-0.004333,0.007607,0.048277
0.050000,-0.091667,0.208333,0.214694,-0.393955,-0.191087,0.397840,-0.729350,-0.433032
0.050000,-0.091667,0.225000,0.170019,-0.311488,-0.193871,-0.364591,0.668664,0.338404
0.050000,-0.091667,0.241667,-0.341674,0.626434,0.316129,0.111771,-0.205220,-0.073202
0.050000,-0.091667,0.258333,0.296180,-0.543210,-0.238944,0.127926,-0.234333,-0.130879
0.050000,-0.075000,-0.258333,0.335627,-0.503334,0.206950,0.038478,-0.057470,0.049837
0.050000,-0.075000,-0.241667,-0.342555,0.513600,-0.241665,0.161303,-0.242117,0.081295
0.050000,-0.075000,-0.225000,0.205155,-0.307430,0.176918,-0.374105,0.561152,-0.252770
0.050000,-0.075000,-0.208333,0.104464,-0.156936,0.043369,0.472082,-0.707906,0.375029
0.050000,-0.075000,-0.191667,-0.477206,0.715812,-0.380569,-0.275571,0.413011,-0.271709
0.050000,-0.075000,-0.175000,0.571141,-0.856409,0.551130,-0.269632,0.404663,-0.201736
0.050000,-0.075000,-0.158333,0.002784,-0.004526,-0.059978,0.727565,-1.091151,0.744732
0.050000,-0.075000,-0.141667,-0.820982,1.231349,-0.922707,-0.183943,0.275498,-0.284236
0.050000,-0.075000,-0.125000,0.167104,-0.250213,0.307619,-0.959645,1.439313,-1.228828
0.050000,-0.075000,-0.108333,1.094615,-1.641580,1.664351,-0.253827,0.381115,-0.268864
0.050000,-0.075000,-0.091667,1.134022,-1.701011,1.940575,0.593384,-0.889532,1.176457
0.050000,-0.075000,-0.075000,1.180074,-1.770133,2.453381,0.782853,-1.173706,1.843389
0.050000,-0.075000,-0.058333,1.468856,-2.202907,4.110495,-0.159413,0.239565,-0.218524
0.050000,-0.075000,-0.041667,-0.362041,0.543382,-1.140750,-1.326417,1.989168,-5.239957
0.050000,-0.075000,-0.025000,0.157509,-0.236501,0.696781,1.001028,-1.501113,6.549984
0.050000,-0.075000,-0.008333,-0.378589,0.567472,-7.380783,0.009131,-0.013787,-0.184326
0.050000,-0.075000,0.008333,0.378306,-0.567878,-7.380898,-0.009126,0.013836,-0.183500
0.050000,-0.075000,0.025000,-0.157754,0.237035,0.698950,-1.000736,1.501463,6.550008
0.050000,-0.075000,0.041667,0.362629,-0.544509,-1.143535,1.326052,-1.989333,-5.239709
0.050000,-0.075000,0.058333,-1.468612,2.203221,4.110728,0.160339,-0.241084,-0.221321
0.050000,-0.075000,0.075000,-1.180593,1.771466,2.455157,-0.781897,1.172568,1.841642
0.050000,-0.075000,0.091667,-1.134480,1.702225,1.941924,-0.592380,0.888233,1.174879
0.050000,-0.075000,0.108333,-1.094343,1.641655,1.664379,0.254842,-0.382812,-0.270546
0.050000,-0.075000,0.125000,-0.166149,0.248802,0.306397,0.959793,-1.439999,-1.229398
0.050000,-0.075000,0.141667,0.821165,-1.232047,-0.923228,0.183091,-0.274257,-0.283290
0.050000,-0.075000,0.158333,-0.003563,0.005749,-0.059146,-0.727562,1.091531,0.744989
0.050000,-0.075000,0.175000,-0.570849,0.856269,0.551048,0.270261,-0.405803,-0.202438
0.050000,-0.075000,0.191667,0.477521,-0.716592,-0.381011,0.275040,-0.412336,-0.271334
0.050000,-0.075000,0.208333,-0.105003,0.157855,0.043843,-0.471971,0.708027,0.375099
0.050000,-0.075000,0.225000,-0.204729,0.306888,0.176663,0.374350,-0.561789,-0.253080
0.050000,-0.075000,0.241667,0.342377,-0.513555,-0.241652,-0.161706,0.242873,0.081633
0.050000,-0.075000,0.258333,-0.335683,0.503670,0.207096,-0.038084,0.056870,0.049590
0.050000,-0.058333,-0.258333,-0.265693,0.309717,-0.137676,0.229140,-0.267418,0.083918
0.050000,-0.058333,-0.241667,0.171190,-0.199432,0.110023,-0.356179,0.415518,-0.159771
0.050000,-0.058333,-0.225000,0.009124,-0.010909,-0.029542,0.447874,-0.522358,0.234172
0.050000,-0.058333,-0.208333,-0.270878,0.316179,-0.118973,-0.433666,0.505651,-0.265320
0.050000,-0.058333,-0.191667,0.543990,-0.634608,0.315753,0.223017,-0.259833,0.179498
0.050000,-0.058333,-0.175000,-0.642131,0.748861,-0.449452,0.227619,-0.265806,0.101262
0.050000,-0.058333,-0.158333,0.284933,-0.332009,0.272749,-0.742929,0.866688,-0.528186
0.050000,-0.058333,-0.141667,0.581247,-0.678294,0.420166,0.734092,-0.856019,0.658939
0.050000,-0.058333,-0.125000,-1.037981,1.210596,-1.011732,0.389613,-0.454869,0.274641
0.050000,-0.058333,-0.108333,-0.446307,0.521049,-0.368470,-1.238659,1.444687,-1.387955
0.050000,-0.058333,-0.091667,1.156365,-1.348522,1.591818,-1.042771,1.216755,-1.221720
0.050000,-0.058333,-0.075000,1.798580,-2.097959,2.845516,-0.180856,0.211525,-0.078357
0.050000,-0.058333,-0.058333,1.950482,-2.275074,4.000149,-0.446159,0.521002,-0.636606
0.050000,-0.058333,-0.041667,0.355872,-0.414576,1.353216,-1.958576,2.284700,-5.476426
0.050000,-0.058333,-0.025000,-1.081514,1.261162,-5.414393,1.128201,-1.316191,5.016026
0.050000,-0.058333,-0.008333,-0.234795,0.273877,-2.862619,-0.560824,0.653795,-8.122657
0.050000,-0.058333,0.008333,0.234697,-0.274169,-2.863720,0.560518,-0.654324,-8.122380
0.050000,-0.058333,0.025000,1.080938,-1.261102,-5.412696,-1.128372,1.317092,5.018265
0.050000,-0.058333,0.041667,-0.354745,0.413359,1.350078,1.958572,-2.285545,-5.477578
0.050000,-0.058333,0.058333,-1.950027,2.275273,4.000045,0.447535,-0.522840,-0.639686
0.050000,-0.058333,0.075000,-1.798346,2.098353,2.845799,0.182364,-0.213420,-0.080875
0.050000,-0.058333,0.091667,-1.155359,1.347749,1.590870,1.043820,-1.218431,-1.223463
0.050000,-0.058333,0.108333,0.447537,-0.522728,-0.369994,1.238194,-1.444625,-1.387822
0.050000,-0.058333,0.125000,1.037569,-1.210541,-1.011642,-0.390698,0.456364,0.275819
0.050000,-0.058333,0.141667,-0.582046,0.679542,0.421025,-0.733465,0.855590,0.658613
0.050000,-0.058333,0.158333,-0.284110,0.331136,0.272194,0.743255,-0.867457,-0.528651
0.050000,-0.058333,0.175000,0.641884,-0.748896,-0.449459,-0.228352,0.266833,0.101840
0.050000,-0.058333,0.191667,-0.544260,0.635250,0.316077,-0.222395,0.259187,0.179161
0.050000,-0.058333,0.208333,0.271391,-0.316982,-0.119351,0.433362,-0.505533,-0.265259
0.050000,-0.058333,0.225000,-0.009652,0.011575,-0.029250,-0.447877,0.522649,0.234296
0.050000,-0.058333,0.241667,-0.170773,0.199024,0.109856,0.356395,-0.416031,-0.159978
0.050000,-0.058333,0.258333,0.265429,-0.309574,-0.137621,-0.229467,0.267994,0.084136
0.050000,-0.041667,-0.258333,-0.180165,0.150272,-0.035301,-0.313024,0.260611,-0.114841
0.050000,-0.041667,-0.241667,0.298961,-0.249195,0.083068,0.278208,-0.231551,0.118793
0.050000,-0.041667,-0.225000,-0.427011,0.355802,-0.145519,-0.184353,0.153315,-0.100795
0.050000,-0.041667,-0.208333,0.533883,-0.444733,0.214808,0.007145,-0.005661,0.043278
0.050000,-0.041667,-0.191667,-0.557978,0.464679,-0.265242,0.266403,-0.222207,0.074181
0.050000,-0.041667,-0.175000,0.399434,-0.332466,0.238940,-0.602529,0.502129,-0.258761
0.050000,-0.041667,-0.158333,0.049505,-0.041614,-0.041197,0.852519,-0.710194,0.457448
0.050000,-0.041667,-0.141667,-0.756532,0.630542,-0.394551,-0.683840,0.569403,-0.468316
0.050000,-0.041667,-0.125000,1.201155,-1.000608,0.833084,-0.269900,0.225303,-0.081151
0.050000,-0.041667,-0.108333,-0.227439,0.188988,-0.307757,1.482950,-1.235582,1.135031
0.050000,-0.041667,-0.091667,-1.804431,1.503481,-1.629121,-0.346898,0.288465,-0.489355
0.050000,-0.041667,-0.075000,-0.551989,0.460509,-0.396425,-2.167379,1.805639,-2.497940
0.050000,-0.041667,-0.058333,0.498102,-0.414340,1.034220,-2.588423,2.156739,-3.688607
0.050000,-0.041667,-0.041667,-1.056373,0.880762,-1.736081,-2.629590,2.190636,-5.496568
0.050000,-0.041667,-0.025000,-1.619940,1.349193,-5.905880,1.786823,-1.488993,5.652288
0.050000,-0.041667,-0.008333,-0.093572,0.078133,-0.265271,-0.987355,0.822209,-10.079569
0.050000,-0.041667,0.008333,0.093630,-0.078316,-0.266827,0.987044,-0.823091,-10.079627
0.050000,-0.041667,0.025000,1.619037,-1.349131,-5.903589,-1.787293,1.490212,5.655056
0.050000,-0.041667,0.041667,1.057984,-0.882522,-1.739848,2.628747,-2.190801,-5.495730
0.050000,-0.041667,0.058333,-0.496001,0.412675,1.031228,2.588717,-2.157820,-3.689795
0.050000,-0.041667,0.075000,0.553968,-0.462412,-0.398862,2.166820,-1.805857,-2.497856
0.050000,-0.041667,0.091667,1.804760,-1.504390,-1.629874,0.345091,-0.287004,-0.487727
0.050000,-0.041667,0.108333,0.225873,-0.187696,-0.306554,-1.483191,1.236344,1.135574
0.050000,-0.041667,0.125000,-1.200871,1.000838,0.833162,0.271220,-0.226577,-0.082132
0.050000,-0.041667,0.141667,0.757315,-0.631567,-0.395204,0.682999,-0.568953,-0.467953
0.050000,-0.041667,0.158333,-0.050486,0.042514,-0.040645,-0.852482,0.710561,0.457618
0.050000,-0.041667,0.175000,-0.398742,0.332047,0.238683,0.603012,-0.502869,-0.259136
0.050000,-0.041667,0.191667,0.557682,-0.464715,-0.265228,-0.267070,0.222955,0.074544
0.050000,-0.041667,0.208333,-0.533911,0.445070,0.214936,-0.006510,0.005087,0.043011
0.050000,-0.041667,0.225000,0.427249,-0.356285,-0.145705,0.183849,-0.152967,-0.100638
0.050000,-0.041667,0.241667,-0.299309,0.249714,0.083260,-0.277859,0.231414,0.118726
0.050000,-0.041667,0.258333,0.180553,-0.150758,-0.035472,0.312820,-0.260641,-0.114838
0.050000,-0.025000,-0.258333,0.226618,-0.113030,0.075227,-0.290357,0.145209,-0.052640
0.050000,-0.025000,-0.241667,-0.178129,0.088767,-0.073178,0.377689,-0.188812,0.083278
0.050000,-0.025000,-0.225000,0.088318,-0.043860,0.058865,-0.468890,0.234332,-0.122133
0.050000,-0.025000,-0.208333,0.059366,-0.029956,-0.023058,0.546716,-0.273148,0.166627
0.050000,-0.025000,-0.191667,-0.279524,0.139964,-0.047029,-0.575751,0.287563,-0.206874
0.050000,-0.025000,-0.175000,0.569805,-0.284971,0.164322,0.492292,-0.245748,0.217532
0.050000,-0.025000,-0.158333,-0.873977,0.436851,-0.326782,-0.200960,0.100059,-0.146060
0.050000,-0.025000,-0.141667,1.010820,-0.505026,0.473256,-0.387187,0.193896,-0.090159
0.050000,-0.025000,-0.125000,-0.602525,0.300720,-0.394731,1.180749,-0.590340,0.538037
0.050000,-0.025000,-0.108333,-0.725744,0.363208,-0.292348,-1.479082,0.739030,-0.909451
0.050000,-0.025000,-0.091667,2.065842,-1.032517,1.418150,-0.186741,0.093933,0.056310
0.050000,-0.025000,-0.075000,0.340915,-0.171078,0.032188,2.603760,-1.301392,2.193142
0.050000,-0.025000,-0.058333,-2.314905,1.156584,-2.724835,2.313295,-1.156856,2.214450
0.050000,-0.025000,-0.041667,-2.584935,1.291510,-4.246020,2.778371,-1.389336,3.797342
0.050000,-0.025000,-0.025000,2.417624,-1.208894,5.487474,2.566257,-1.282203,6.901055
0.050000,-0.025000,-0.008333,-1.467882,0.733401,-10.680141,-0.495157,0.247087,-4.577095
0.050000,-0.025000,0.008333,1.467818,-0.734638,-10.681001,0.494922,-0.247381,-4.575214
0.050000,-0.025000,0.025000,-2.418748,1.210328,5.491001,-2.565009,1.282437,6.898446
0.050000,-0.025000,0.041667,2.582880,-1.291151,-4.243385,-2.780149,1.391049,3.800621
0.050000,-0.025000,0.058333,2.312844,-1.156129,-2.723014,-2.315294,1.158549,2.217054
0.050000,-0.025000,0.075000,-0.343473,0.172541,0.034415,-2.603420,1.301967,2.193314
0.050000,-0.025000,0.091667,-2.065663,1.033073,1.418381,0.188917,-0.095162,0.054771
0.050000,-0.025000,0.108333,0.727384,-0.364348,-0.293433,1.478309,-0.739123,-0.909248
0.050000,-0.025000,0.125000,0.601201,-0.300224,-0.394159,-1.181461,0.591178,0.538597
0.050000,-0.025000,0.141667,-1.010402,0.505215,0.473236,0.388369,-0.194710,-0.090754
0.050000,-0.025000,0.158333,0.874243,-0.437396,-0.327034,0.199940,-0.099580,-0.145683
0.050000,-0.025000,0.175000,-0.570412,0.285593,0.164637,-0.491635,0.245618,0.217374
0.050000,-0.025000,0.191667,0.280227,-0.140512,-0.047309,0.575441,-0.287691,-0.206865
0.050000,-0.025000,0.208333,-0.060029,0.030371,-0.022845,-0.546669,0.273433,0.166702
0.050000,-0.025000,0.225000,-0.087753,0.043585,0.058719,0.469020,-0.234693,-0.122247
0.050000,-0.025000,0.241667,0.177678,-0.088618,-0.073088,-0.377926,0.189196,0.083403
0.050000,-0.025000,0.258333,-0.226275,0.112983,0.075179,0.290649,-0.145583,-0.052760
0.050000,-0.008333,-0.258333,0.354023,-0.058787,0.077453,-0.114202,0.019215,0.003422
0.050000,-0.008333,-0.241667,-0.371662,0.061681,-0.092372,0.200543,-0.033573,0.014827
0.050000,-0.008333,-0.225000,0.368216,-0.061061,0.105814,-0.313103,0.052281,-0.043454
0.050000,-0.008333,-0.208333,-0.325690,0.053934,-0.112711,0.453363,-0.075583,0.086314
0.050000,-0.008333,-0.191667,0.216193,-0.035664,0.102941,-0.614412,0.102320,-0.146693
0.050000,-0.008333,-0.175000,-0.000934,-0.000193,-0.057973,0.768841,-0.127924,0.223282
0.050000,-0.008333,-0.158333,-0.361170,0.060454,-0.051833,-0.845627,0.140569,-0.299280
0.050000,-0.008333,-0.141667,0.872796,-0.145525,0.260135,0.695719,-0.115458,0.317668
0.050000,-0.008333,-0.125000,-1.375059,0.228912,-0.554685,-0.079994,0.012842,-0.141374
0.050000,-0.008333,-0.108333,1.295480,-0.215311,0.704076,-1.147024,0.191353,-0.434597
0.050000,-0.008333,-0.091667,0.392262,-0.065913,0.032010,2.177122,-0.362373,1.246790
0.050000,-0.008333,-0.075000,-2.864721,0.477020,-1.950392,-0.021255,0.002834,-0.278775
0.050000,-0.008333,-0.058333,-1.326287,0.221617,-0.804202,-3.447144,0.573752,-3.160198
0.050000,-0.008333,-0.041667,-0.321680,0.054451,0.180645,-4.488519,0.747415,-5.553241
0.050000,-0.008333,-0.025000,-4.201674,0.699882,-8.320005,-1.471785,0.244306,-3.820732
0.050000,-0.008333,-0.008333,2.052597,-0.341382,12.514950,0.177611,-0.029180,2.202424
0.050000,-0.008333,0.008333,-2.052899,0.342895,12.515317,-0.177293,0.029247,2.199986
0.050000,-0.008333,0.025000,4.202569,-0.701295,-8.321988,1.469631,-0.244340,-3.816262
0.050000,-0.008333,0.041667,0.325128,-0.055185,0.176332,4.488335,-0.748496,-5.553399
0.050000,-0.008333,0.058333,1.329489,-0.222570,-0.807168,3.445971,-0.574395,-3.159510
0.050000,-0.008333,0.075000,2.864802,-0.477818,-1.950753,0.018330,-0.002262,-0.276769
0.050000,-0.008333,0.091667,-0.394632,0.066511,0.033383,-2.176756,0.362955,1.246823
0.050000,-0.008333,0.108333,-1.294232,0.215484,0.703628,1.148520,-0.192046,-0.435433
0.050000,-0.008333,0.125000,1.375205,-0.229450,-0.554898,0.078410,-0.012534,-0.140733
0.050000,-0.008333,0.141667,-0.873651,0.146066,0.260542,-0.694723,0.115523,0.317386
0.050000,-0.008333,0.158333,0.362193,-0.060843,-0.052204,0.845237,-0.140857,-0.299249
0.050000,-0.008333,0.175000,0.000011,0.000405,-0.057704,-0.768880,0.128304,0.223380
0.050000,-0.008333,0.191667,-0.215461,0.035605,0.102770,0.614706,-0.102710,-0.146841
0.050000,-0.008333,0.208333,0.325156,-0.053989,-0.112618,-0.453784,0.075939,0.086468
0.050000,-0.008333,0.225000,-0.367855,0.061194,0.105774,0.313571,-0.052585,-0.043595
0.050000,-0.008333,0.241667,0.371438,-0.061863,-0.092367,-0.201011,0.033820,0.014947
0.050000,-0.008333,0.258333,-0.353904,0.058998,0.077470,0.114644,-0.019408,0.003322
0.050000,0.008333,-0.258333,0.354021,0.059223,0.077467,-0.114204,-0.018853,0.003434
0.050000,0.008333,-0.241667,-0.371659,-0.062209,-0.092390,0.200545,0.033277,0.014816
0.050000,0.008333,-0.225000,0.368211,0.061680,0.105837,-0.313105,-0.052089,-0.043447
0.050000,0.008333,-0.208333,-0.325683,-0.054631,-0.112739,0.453363,0.075542,0.086312
0.050000,0.008333,-0.191667,0.216186,0.036401,0.102972,-0.614410,-0.102489,-0.146700
0.050000,0.008333,-0.175000,-0.000926,-0.000503,-0.058005,0.768835,0.128363,0.223302
0.050000,0.008333,-0.158333,-0.361177,-0.059941,-0.051807,-0.845616,-0.141312,-0.299318
0.050000,0.008333,-0.141667,0.872798,0.145415,0.260129,0.695701,0.116451,0.317723
0.050000,0.008333,-0.125000,-1.375047,-0.229452,-0.554718,-0.079974,-0.013820,-0.141434
0.050000,0.008333,-0.108333,1.295445,0.216522,0.704158,-1.147031,-0.191001,-0.434572
0.050000,0.008333,-0.091667,0.392298,0.064852,0.031928,2.177084,0.363348,1.246863
0.050000,0.008333,-0.075000,-2.864673,-0.477905,-1.950464,-0.021191,-0.004239,-0.278899
0.050000,0.008333,-0.058333,-1.326349,-0.220503,-0.804083,-3.447034,-0.575308,-3.160343
0.050000,0.008333,-0.041667,-0.321812,-0.052804,0.180846,-4.488375,-0.748774,-5.553361
0.050000,0.008333,-0.025000,-4.201531,-0.700692,-8.320002,-1.471561,-0.246261,-3.820993
0.050000,0.008333,-0.008333,2.052351,0.342795,12.514916,0.177515,0.030008,2.202684
0.050000,0.008333,0.008333,-2.053113,-0.341459,12.515170,-0.177201,-0.029835,2.200253
0.050000,0.008333,0.025000,4.202747,0.699630,-8.321749,1.469490,0.245523,-3.816480
0.050000,0.008333,0.041667,0.325294,0.053225,0.176589,4.488389,0.747665,-5.553288
0.050000,0.008333,0.058333,1.329605,0.220626,-0.806950,3.445966,0.574292,-3.159490
0.050000,0.008333,0.075000,2.864824,0.477146,-1.950681,0.018259,0.003835,-0.276919
0.050000,0.008333,0.091667,-0.394681,-0.065046,0.033260,-2.176761,-0.362651,1.246791
0.050000,0.008333,0.108333,-1.294217,-0.215936,0.703656,1.148550,0.190810,-0.435339
0.050000,0.008333,0.125000,1.375212,0.228965,-0.554862,0.078388,0.013599,-0.140802
0.050000,0.008333,0.141667,-0.873665,-0.145162,0.260486,-0.694713,-0.116056,0.317415
0.050000,0.008333,0.158333,0.362205,0.059894,-0.052152,0.845235,0.140896,-0.299248
0.050000,0.008333,0.175000,0.000001,0.000406,-0.057743,-0.768883,-0.127997,0.223362
0.050000,0.008333,0.191667,-0.215455,-0.036216,0.102797,0.614711,0.102199,-0.146815
0.050000,0.008333,0.208333,0.325152,0.054399,-0.112634,-0.453789,-0.075327,0.086441
0.050000,0.008333,0.225000,-0.367853,-0.061428,0.105782,0.313575,0.051942,-0.043569
0.050000,0.008333,0.241667,0.371437,0.061953,-0.092369,-0.201014,-0.033187,0.014924
0.050000,0.008333,0.258333,-0.353904,-0.058973,0.077468,0.114647,0.018809,0.003343
0.050000,0.025000,-0.258333,0.226608,0.113589,0.075281,-0.290357,-0.145156,-0.052635
0.050000,0.025000,-0.241667,-0.178117,-0.089360,-0.073239,0.377688,0.188887,0.083286
0.050000,0.025000,-0.225000,0.088304,0.044453,0.058930,-0.468885,-0.234569,-0.122159
0.050000,0.025000,-0.208333,0.059379,0.029419,-0.023122,0.546704,0.273576,0.166677
0.050000,0.025000,-0.191667,-0.279536,-0.139574,-0.046979,-0.575731,-0.288193,-0.206954
0.050000,0.025000,-0.175000,0.569808,0.284852,0.164305,0.492263,0.246543,0.217642
0.050000,0.025000,-0.158333,-0.873962,-0.437142,-0.326825,-0.200924,-0.100888,-0.146186
0.050000,0.025000,-0.141667,1.010777,0.505800,0.473384,-0.387216,-0.193317,-0.090062
0.050000,0.025000,-0.125000,-0.602456,-0.301786,-0.394928,1.180739,0.590437,0.538053
0.050000,0.025000,-0.108333,-0.725791,-0.362582,-0.292217,-1.478994,-0.740048,-0.909659
0.050000,0.025000,-0.091667,2.065746,1.033334,1.418334,-0.186849,-0.092870,0.056562
0.050000,0.025000,-0.075000,0.341067,0.169926,0.031875,2.603606,1.302362,2.193387
0.050000,0.025000,-0.058333,-2.314580,-1.158218,-2.725318,2.313323,1.156521,2.214312
0.050000,0.025000,-0.041667,-2.584460,-1.293252,-4.246596,2.778358,1.389110,3.797164
0.050000,0.025000,-0.025000,2.417552,1.208766,5.487153,2.565659,1.283820,6.901616
0.050000,0.025000,-0.008333,-1.467394,-0.734278,-10.679901,-0.494837,-0.247919,-4.577697
0.050000,0.025000,0.008333,1.468338,0.733481,-10.680509,0.494854,0.247517,-4.575772
0.050000,0.025000,0.025000,-2.419263,-1.208749,5.490228,-2.564934,-1.282599,6.898657
0.050000,0.025000,0.041667,2.582714,1.291711,-4.243626,-2.780539,-1.389376,3.799939
0.050000,0.025000,0.058333,2.312716,1.156710,-2.723201,-2.315565,-1.156948,2.216496
0.050000,0.025000,0.075000,-0.343672,-0.171045,0.033978,-2.603455,-1.301542,2.193170
0.050000,0.025000,0.091667,-2.065690,-1.032660,1.418258,0.189051,0.093830,0.055107
0.050000,0.025000,0.108333,0.727477,0.363104,-0.293150,1.478292,0.739217,-0.909255
0.050000,0.025000,0.125000,0.601152,0.300968,-0.394299,-1.181506,-0.590338,0.538420
0.050000,0.025000,0.141667,-1.010397,-0.505212,0.473226,0.388418,0.193695,-0.090570
0.050000,0.025000,0.158333,0.874261,0.436880,-0.326942,0.199907,0.100348,-0.145804
0.050000,0.025000,0.175000,-0.570436,-0.284847,0.164521,-0.491619,-0.246021,0.217428
0.050000,0.025000,0.191667,0.280248,0.139734,-0.047201,0.575437,0.287763,-0.206869
0.050000,0.025000,0.208333,-0.060046,-0.029669,-0.022934,-0.546672,-0.273253,0.166674
0.050000,0.025000,0.225000,-0.087740,-0.044163,0.058785,0.469027,0.234344,-0.122201
0.050000,0.025000,0.241667,0.177669,0.089060,-0.073134,-0.377933,-0.188744,0.083349
0.050000,0.025000,0.258333,-0.226269,-0.113295,0.075209,0.290657,0.145078,-0.052705
0.050000,0.041667,-0.258333,-0.180172,-0.150018,-0.035259,-0.313010,-0.261098,-0.114920
0.050000,0.041667,-0.241667,0.298964,0.249089,0.083050,0.278189,0.232125,0.118892
0.050000,0.041667,-0.225000,-0.427007,-0.355900,-0.145537,-0.184330,-0.153929,-0.100909
0.050000,0.041667,-0.208333,0.533867,0.445082,0.214876,0.007121,0.006227,0.043390
0.050000,0.041667,-0.191667,-0.557947,-0.465284,-0.265371,0.266422,0.221827,0.074099
0.050000,0.041667,-0.175000,0.399387,0.333235,0.239119,-0.602528,-0.502113,-0.258757
0.050000,0.041667,-0.158333,0.049553,0.040937,-0.041370,0.852482,0.710679,0.457571
0.050000,0.041667,-0.141667,-0.756541,-0.630388,-0.394505,-0.683761,-0.570295,-0.468566
0.050000,0.041667,-0.125000,1.201075,1.001305,0.833298,-0.269971,-0.224604,-0.080930
0.050000,0.041667,-0.108333,-0.227308,-0.189976,-0.308104,1.482882,1.236013,1.135175
0.050000,0.041667,-0.091667,-1.804339,-1.503911,-1.629278,-0.346712,-0.289555,-0.489791
0.050000,0.041667,-0.075000,-0.552167,-0.459651,-0.396015,-2.167142,-1.806559,-2.498336
0.050000,0.041667,-0.058333,0.497743,0.415546,1.034874,-2.588210,-2.157241,-3.688808
0.050000,0.041667,-0.041667,-1.056578,-0.880086,-1.735541,-2.629074,-2.191700,-5.497123
0.050000,0.041667,-0.025000,-1.619316,-1.350253,-5.906585,1.786665,1.489000,5.651916
0.050000,0.041667,-0.008333,-0.093645,-0.077888,-0.264471,-0.986753,-0.822925,-10.079590
0.050000,0.041667,0.008333,0.093897,0.077964,-0.265961,0.987532,0.822433,-10.079384
0.050000,0.041667,0.025000,1.618956,1.349264,-5.903934,-1.787849,-1.489160,5.654138
0.050000,0.041667,0.041667,1.058478,0.881253,-1.738916,2.628792,2.190598,-5.495636
0.050000,0.041667,0.058333,-0.495679,-0.413741,1.031866,2.588922,2.156999,-3.689301
0.050000,0.041667,0.075000,0.554243,0.461127,-0.398213,2.166842,1.805626,-2.497721
0.050000,0.041667,0.091667,1.804853,1.503704,-1.629557,0.344919,0.288016,-0.488157
0.050000,0.041667,0.108333,0.225747,0.188661,-0.306913,-1.483252,-1.235760,1.135334
0.050000,0.041667,0.125000,-1.200877,-1.000672,0.833088,0.271321,0.225555,-0.081788
0.050000,0.041667,0.141667,0.757380,0.630714,-0.394937,0.682959,0.569376,-0.468068
0.050000,0.041667,0.158333,-0.050542,-0.041680,-0.040871,-0.852494,-0.710291,0.457531
0.050000,0.041667,0.175000,-0.398713,-0.332517,0.238792,0.603046,0.502208,-0.258963
0.050000,0.041667,0.191667,0.557676,0.464776,-0.265233,-0.267105,-0.222204,0.074370
0.050000,0.041667,0.208333,-0.533919,-0.444812,0.214872,-0.006483,-0.005740,0.043148
0.050000,0.041667,0.225000,0.427264,0.355829,-0.145608,0.183831,0.153440,-0.100727
0.050000,0.041667,0.241667,-0.299325,-0.249162,0.083154,-0.277849,-0.231689,0.118771
0.050000,0.041667,0.258333,0.180568,0.150185,-0.035371,0.312816,0.260737,-0.114849
0.050000,0.058333,-0.258333,-0.265672,-0.310226,-0.137792,0.229146,0.267264,0.083882
0.050000,0.058333,-0.241667,0.171164,0.199991,0.110159,-0.356175,-0.415584,-0.159787
0.050000,0.058333,-0.225000,0.009149,0.010411,-0.029672,0.447856,0.522688,0.234257
0.050000,0.058333,-0.208333,-0.270893,-0.315905,-0.118895,-0.433631,-0.506223,-0.265479
0.050000,0.058333,-0.191667,0.543980,0.634726,0.315788,0.222970,0.260498,0.179699
0.050000,0.058333,-0.175000,-0.642082,-0.749428,-0.449637,0.227654,0.265361,0.101114
0.050000,0.058333,-0.158333,0.284859,0.332765,0.273022,-0.742910,-0.866839,-0.528238
0.050000,0.058333,-0.141667,0.581275,0.678021,0.420054,0.733996,0.856797,0.659247
0.050000,0.058333,-0.125000,-1.037871,-1.211297,-1.012038,0.389685,0.454338,0.274400
0.050000,0.058333,-0.108333,-0.446403,-0.520477,-0.368174,-1.238511,-1.445423,-1.388314
0.050000,0.058333,-0.091667,1.156131,1.349461,1.592346,-1.042811,-1.216494,-1.221549
0.050000,0.058333,-0.075000,1.798351,2.098576,2.845885,-0.181077,-0.210748,-0.077819
0.050000,0.058333,-0.058333,1.950135,2.275768,4.000620,-0.446389,-0.520340,-0.636030
0.050000,0.058333,-0.041667,0.355476,0.415345,1.354000,-1.958257,-2.285065,-5.476581
0.050000,0.058333,-0.025000,-1.080988,-1.261821,-5.415072,1.128051,1.316179,5.015599
0.050000,0.058333,-0.008333,-0.234683,-0.273865,-2.861851,-0.560328,-0.654250,-8.122909
0.050000,0.058333,0.008333,0.235023,0.273856,-2.862831,0.560864,0.653989,-8.122432
0.050000,0.058333,0.025000,1.080922,1.261131,-5.413033,-1.128856,-1.316417,5.017350
0.050000,0.058333,0.041667,-0.354403,-0.413995,1.350846,1.958872,2.284934,-5.476984
0.050000,0.058333,0.058333,-1.950103,-2.275001,3.999828,0.447907,0.521878,-0.638828
0.050000,0.058333,0.075000,-1.798424,-2.097993,2.845529,0.182649,0.212446,-0.080160
0.050000,0.058333,0.091667,-1.155272,-1.348059,1.591049,1.044025,1.217457,-1.222845
0.050000,0.058333,0.108333,0.447703,0.521750,-0.369460,1.238188,1.444565,-1.387770
0.050000,0.058333,0.125000,1.037561,1.210508,-1.011607,-0.390823,-0.455439,0.275372
0.050000,0.058333,0.141667,-0.582135,-0.678708,0.420660,-0.733429,-0.855833,0.658701
0.050000,0.058333,0.158333,-0.284051,-0.331734,0.272416,0.743299,0.866905,-0.528423
0.050000,0.058333,0.175000,0.641880,0.748870,-0.449436,-0.228410,-0.266071,0.101569
0.050000,0.058333,0.191667,-0.544289,-0.634759,0.315908,-0.222358,-0.259705,0.179321
0.050000,0.058333,0.208333,0.271427,0.316324,-0.119150,0.433351,0.505660,-0.265287
0.050000,0.058333,0.225000,-0.009681,-0.010981,-0.029413,-0.447885,-0.522436,0.234227
0.050000,0.058333,0.241667,-0.170754,-0.199435,0.109957,0.356411,0.415599,-0.159859
0.050000,0.058333,0.258333,0.265420,0.309768,-0.137661,-0.229485,-0.267465,0.084003
0.050000,0.075000,-0.258333,0.335615,0.503558,0.207015,0.038454,0.057930,0.049973
0.050000,0.075000,-0.241667,-0.342528,-0.514054,-0.241807,0.161319,0.241830,0.081204
0.050000,0.075000,-0.225000,0.205117,0.307995,0.177108,-0.374101,-0.561188,-0.252781
0.050000,0.075000,-0.208333,0.104495,0.156513,0.043214,0.472048,0.708327,0.375180
0.050000,0.075000,-0.191667,-0.477201,-0.715839,-0.380577,-0.275515,-0.413640,-0.271956
0.050000,0.075000,-0.175000,0.571080,0.856970,0.551368,-0.269666,-0.404307,-0.201581
0.050000,0.075000,-0.158333,0.002856,0.003936,-0.060257,0.727514,1.091527,0.744903
0.050000,0.075000,-0.141667,-0.820937,-1.231596,-0.922827,-0.183840,-0.276189,-0.284597
0.050000,0.075000,-0.125000,0.166976,0.250918,0.308033,-0.959579,-1.439604,-1.228986
0.050000,0.075000,-0.108333,1.094470,1.642137,1.664704,-0.253944,-0.380565,-0.268488
0.050000,0.075000,-0.091667,1.133973,1.701076,1.940590,0.593150,0.890314,1.177050
0.050000,0.075000,-0.075000,1.180029,1.770121,2.453310,0.782553,1.174463,1.844055
0.050000,0.075000,-0.058333,1.468565,2.203344,4.110867,-0.159641,-0.239035,-0.217896
0.050000,0.075000,-0.041667,-0.362204,-0.543021,-1.140126,-1.326029,-1.989608,-5.240382
0.050000,0.075000,-0.025000,0.157642,0.236242,0.696070,1.000618,1.501438,6.550216
0.050000,0.075000,-0.008333,-0.378191,-0.567730,-7.380735,0.009176,0.013676,-0.185082
0.050000,0.075000,0.008333,0.378664,0.567608,-7.380665,-0.009255,-0.013739,-0.184288
0.050000,0.075000,0.025000,-0.158051,-0.236691,0.698088,-1.000985,-1.501200,6.549766
0.050000,0.075000,0.041667,0.362985,0.543948,-1.142637,1.326180,1.989122,-5.239524
0.050000,0.075000,0.058333,-1.468735,-2.202919,4.110415,0.160654,0.240423,-0.220505
0.050000,0.075000,0.075000,-1.180828,-1.770765,2.454470,-0.781743,-1.172953,1.842033
0.050000,0.075000,0.091667,-1.134647,-1.701560,1.941365,-0.592231,-0.888728,1.175287
0.050000,0.075000,0.108333,-1.094362,-1.641492,1.664248,0.255017,0.382001,-0.269964
0.050000,0.075000,0.125000,-0.166028,-0.249475,0.306815,0.959857,1.439556,-1.229103
0.050000,0.075000,0.141667,0.821219,1.231597,-0.922960,0.182998,0.274889,-0.283636
0.050000,0.075000,0.158333,-0.003644,-0.005064,-0.059488,-0.727587,-1.091253,0.744832
0.050000,0.075000,0.175000,-0.570839,-0.856310,0.551051,0.270327,0.405102,-0.202113
0.050000,0.075000,0.191667,0.477561,0.716070,-0.380781,0.275003,0.412750,-0.271498
0.050000,0.075000,0.208333,-0.105048,-0.157231,0.043601,-0.471974,-0.707930,0.375047
0.050000,0.075000,0.225000,-0.204702,-0.307274,0.176794,0.374376,0.561331,-0.252906
0.050000,0.075000,0.241667,0.342372,0.513596,-0.241655,-0.161736,-0.242305,0.081440
0.050000,0.075000,0.258333,-0.335693,-0.503421,0.207008,-0.038061,-0.057350,0.049738
0.050000,0.091667,-0.258333,-0.296020,-0.542762,-0.238719,-0.128234,-0.235368,-0.131303
0.050000,0.091667,-0.241667,0.341766,0.626810,0.316259,-0.111402,-0.204061,-0.072661
0.050000,0.091667,-0.225000,-0.170383,-0.312679,-0.194434,0.364387,0.668102,0.338085
0.050000,0.091667,-0.208333,-0.214276,-0.392694,-0.190393,-0.398026,-0.730020,-0.433340
0.050000,0.091667,-0.191667,0.509974,0.935164,0.578338,0.004833,0.009154,0.049171
0.050000,0.091667,-0.175000,-0.196300,-0.360254,-0.292017,0.542917,0.995459,0.657678
0.050000,0.091667,-0.158333,-0.580768,-1.064811,-0.770522,-0.302752,-0.555456,-0.469444
0.050000,0.091667,-0.141667,0.262596,0.481855,0.470449,-0.695135,-1.274544,-1.042902
0.050000,0.091667,-0.125000,0.837791,1.536276,1.465809,-0.062797,-0.114772,-0.023608
0.050000,0.091667,-0.108333,0.742965,1.362114,1.429588,0.577237,1.058784,1.242840
0.050000,0.091667,-0.091667,0.650717,1.192880,1.447356,0.802393,1.471590,1.986930
0.050000,0.091667,-0.075000,0.972054,1.782246,2.752339,0.500929,0.918916,1.593405
0.050000,0.091667,-0.058333,0.795380,1.458760,3.099044,-0.736885,-1.350938,-2.614175
0.050000,0.091667,-0.041667,-0.943045,-1.729265,-4.894622,-0.160731,-0.295072,-1.060734
0.050000,0.091667,-0.025000,0.668116,1.225307,5.854554,-0.079221,-0.145063,-0.438411
0.050000,0.091667,-0.008333,0.050973,0.093461,1.067466,0.238923,0.438411,6.308853
0.050000,0.091667,0.008333,-0.051092,-0.093495,1.068040,-0.239267,-0.438345,6.308689
0.050000,0.091667,0.025000,-0.668423,-1.225179,5.854258,0.079466,0.145392,-0.439988
0.050000,0.091667,0.041667,0.943405,1.729261,-4.894841,0.160342,0.294291,-1.058561
0.050000,0.091667,0.058333,-0.795113,-1.457847,3.097342,0.737528,1.351659,-2.615773
0.050000,0.091667,0.075000,-0.972590,-1.782694,2.753203,-0.500320,-0.917583,1.591384
0.050000,0.091667,0.091667,-0.651471,-1.193890,1.448757,-0.801988,-1.470472,1.985608
0.050000,0.091667,0.108333,-0.743583,-1.362834,1.430479,-0.576656,-1.057466,1.241484
0.050000,0.091667,0.125000,-0.837839,-1.535929,1.465597,0.063602,0.116162,-0.024932
0.050000,0.091667,0.141667,-0.261933,-0.480545,0.469392,0.695482,1.274784,-1.043195
0.050000,0.091667,0.158333,0.581150,1.065158,-0.770858,0.302184,0.554286,-0.468612
0.050000,0.091667,0.175000,0.195741,0.359157,-0.291304,-0.543188,-0.995616,0.657854
0.050000,0.091667,0.191667,-0.510035,-0.934956,0.578276,-0.004275,-0.008173,0.048568
0.050000,0.091667,0.208333,0.214743,0.393371,-0.190803,0.397830,0.729417,-0.433051
0.050000,0.091667,0.225000,0.169988,0.311874,-0.194034,-0.364618,-0.668255,0.338212
0.050000,0.091667,0.241667,-0.341673,-0.626403,0.316104,0.111806,0.204682,-0.072978
0.050000,0.091667,0.258333,0.296199,0.542848,-0.238795,0.127903,0.234699,-0.131014
0.050000,0.108333,-0.258333,0.299645,0.649346,0.324308,0.060928,0.132261,0.091469
0.050000,0.108333,-0.241667,-0.255694,-0.554288,-0.318928,0.221809,0.480522,0.239357
0.050000,0.108333,-0.225000,-0.064974,-0.140564,-0.050561,-0.370213,-0.802352,-0.472911
0.050000,0.108333,-0.208333,0.407411,0.882855,0.547297,0.095808,0.207886,0.166166
0.050000,0.108333,-0.191667,-0.212812,-0.461439,-0.352879,0.415711,0.900768,0.597312
0.050000,0.108333,-0.175000,-0.452783,-0.981078,-0.711370,-0.259150,-0.561863,-0.463113
0.050000,0.108333,-0.158333,0.188597,0.409004,0.392318,-0.551055,-1.194081,-0.971199
0.050000,0.108333,-0.141667,0.640893,1.388912,1.296435,-0.096262,-0.208277,-0.127285
0.050000,0.108333,-0.125000,0.595153,1.289540,1.310381,0.397435,0.861558,0.970020
0.050000,0.108333,-0.108333,0.489860,1.061275,1.213256,0.605710,1.312838,1.649653
0.050000,0.108333,-0.091667,0.655563,1.420423,1.966418,0.504290,1.093118,1.654021
0.050000,0.108333,-0.075000,0.818513,1.773864,3.136868,-0.198996,-0.430892,-0.625687
0.050000,0.108333,-0.058333,-0.284223,-0.615637,-1.240588,-0.748903,-1.623073,-3.708958
0.050000,0.108333,-0.041667,-0.087309,-0.189479,-0.774008,0.672647,1.457727,4.571598
0.050000,0.108333,-0.025000,-0.214723,-0.465244,-2.269434,-0.408021,-0.884437,-4.738148
0.050000,0.108333,-0.008333,0.119448,0.259078,4.226026,-0.112609,-0.244175,-3.696604
0.050000,0.108333,0.008333,-0.119629,-0.259037,4.225689,0.112823,0.244183,-3.696914
0.050000,0.108333,0.025000,0.214960,0.465439,-2.270508,0.408194,0.884282,-4.737483
0.050000,0.108333,0.041667,0.087058,0.188899,-0.772214,-0.672918,-1.457720,4.571702
0.050000,0.108333,0.058333,0.284704,0.616441,-1.242424,0.748939,1.622642,-3.708104
0.050000,0.108333,0.075000,-0.818550,-1.773446,3.136247,0.199575,0.431978,-0.627602
0.050000,0.108333,0.091667,-0.656058,-1.421078,1.967431,-0.503886,-1.091982,1.652467
0.050000,0.108333,0.108333,-0.490440,-1.062209,1.214439,-0.605398,-1.311841,1.648523
0.050000,0.108333,0.125000,-0.595594,-1.290122,1.311056,-0.396959,-0.860335,0.968790
0.050000,0.108333,0.141667,-0.640888,-1.388524,1.296151,0.096882,0.209517,-0.128437
0.050000,0.108333,0.158333,-0.188075,-0.407800,0.391347,0.551312,1.194283,-0.971427
0.050000,0.108333,0.175000,0.453104,0.981463,-0.711706,0.258717,0.560796,-0.462348
0.050000,0.108333,0.191667,0.212398,0.460437,-0.352222,-0.415985,-0.901064,0.597559
0.050000,0.108333,0.208333,-0.407562,-0.882888,0.547362,-0.095378,-0.206928,0.165579
0.050000,0.108333,0.225000,0.065390,0.141377,-0.051038,0.370183,0.802024,-0.472761
0.050000,0.108333,0.241667,0.255473,0.553641,-0.318608,-0.222120,-0.480997,0.239636
0.050000,0.108333,0.258333,-0.299747,-0.649321,0.324327,-0.060594,-0.131526,0.091107
0.050000,0.125000,-0.258333,-0.255386,-0.638708,-0.368810,0.132898,0.332127,0.164464
0.050000,0.125000,-0.241667,-0.010160,-0.025176,0.012114,-0.316294,-0.790914,-0.474376
0.050000,0.125000,-0.225000,0.334890,0.837332,0.530050,0.096478,0.241477,0.184810
0.050000,0.125000,-0.208333,-0.161744,-0.404671,-0.312767,0.348614,0.871604,0.590902
0.050000,0.125000,-0.191667,-0.390342,-0.975941,-0.721639,-0.165424,-0.413887,-0.349269
0.050000,0.125000,-0.175000,0.067328,0.168631,0.184782,-0.462326,-1.155993,-0.949915
0.050000,0.125000,-0.158333,0.477131,1.193155,1.110839,-0.189171,-0.472740,-0.383279
0.050000,0.125000,-0.141667,0.525870,1.314805,1.323124,0.193465,0.484040,0.552533
0.050000,0.125000,-0.125000,0.463015,1.157539,1.295415,0.389430,0.973993,1.183612
0.050000,0.125000,-0.108333,0.534940,1.337409,1.742444,0.354217,0.885971,1.254684
0.050000,0.125000,-0.091667,0.658940,1.647677,2.612662,-0.055002,-0.137211,-0.119580
0.050000,0.125000,-0.075000,0.103028,0.257922,0.610107,-0.643655,-1.609399,-3.091763
0.050000,0.125000,-0.058333,-0.557042,-1.393002,-3.508564,0.221245,0.552980,1.253553
0.050000,0.125000,-0.041667,0.477122,1.193167,4.185396,-0.119301,-0.298123,-0.896518
0.050000,0.125000,-0.025000,-0.140027,-0.350321,-2.172845,0.294469,0.736396,4.201787
0.050000,0.125000,-0.008333,-0.114432,-0.286370,-4.976160,-0.003196,-0.008035,-0.303660
0.050000,0.125000,0.008333,0.114652,0.286363,-4.976145,0.003179,0.008010,-0.303300
0.050000,0.125000,0.025000,0.140040,0.350150,-2.171903,-0.294696,-0.736452,4.202155
0.050000,0.125000,0.041667,-0.477264,-1.193015,4.184932,0.119530,0.298531,-0.897929
0.050000,0.125000,0.058333,0.557092,1.392669,-3.507802,-0.221586,-0.553607,1.255121
0.050000,0.125000,0.075000,-0.102664,-0.256975,0.608303,0.643866,1.609444,-3.091911
0.050000,0.125000,0.091667,-0.659031,-1.647457,2.612380,0.055471,0.138303,-0.121299
0.050000,0.125000,0.108333,-0.535307,-1.337950,1.743211,-0.353864,-0.884891,1.253284
0.050000,0.125000,0.125000,-0.463416,-1.158209,1.296230,-0.389102,-0.972952,1.182450
0.050000,0.125000,0.141667,-0.526120,-1.315070,1.323442,-0.193022,-0.482845,0.551338
0.050000,0.125000,0.158333,-0.477018,-1.192568,1.110350,0.189648,0.473765,-0.384226
0.050000,0.125000,0.175000,-0.066882,-0.167510,0.183868,0.462453,1.155986,-0.949951
0.050000,0.125000,0.191667,0.390560,0.976191,-0.721862,0.165048,0.412865,-0.348520
0.050000,0.125000,0.208333,0.161399,0.403725,-0.312131,-0.348826,-0.871859,0.591110
0.050000,0.125000,0.225000,-0.335033,-0.837422,0.530138,-0.096131,-0.240573,0.184243
0.050000,0.125000,0.241667,0.010506,0.025996,0.011627,0.316320,0.790728,-0.474294
0.050000,0.125000,0.258333,0.255268,0.638217,-0.368562,-0.133196,-0.332731,0.164811
0.050000,0.141667,-0.258333,-0.007986,-0.022419,0.009693,-0.269355,-0.763337,-0.470531
0.050000,0.141667,-0.241667,0.288270,0.816887,0.532405,0.057883,0.164251,0.133845
0.050000,0.141667,-0.225000,-0.086085,-0.244180,-0.201046,0.309286,0.876420,0.611680
0.050000,0.141667,-0.208333,-0.345756,-0.979790,-0.742743,-0.057573,-0.163394,-0.157618
0.050000,0.141667,-0.191667,-0.057711,-0.163292,-0.098237,-0.377842,-1.070789,-0.894651
0.050000,0.141667,-0.175000,0.313905,0.889734,0.837301,-0.272351,-0.771600,-0.669185
0.050000,0.141667,-0.158333,0.449463,1.273705,1.280238,0.001317,0.004008,0.053246
0.050000,0.141667,-0.141667,0.447822,1.268947,1.404989,0.177921,0.504464,0.619337
0.050000,0.141667,-0.125000,0.478837,1.356846,1.705859,0.174406,0.494509,0.690839
0.050000,0.141667,-0.108333,0.521501,1.477896,2.183649,-0.082052,-0.232237,-0.267585
0.050000,0.141667,-0.091667,0.181846,0.515591,0.975868,-0.498125,-1.411519,-2.422582
0.050000,0.141667,-0.075000,-0.498160,-1.411681,-2.977585,-0.103405,-0.293294,-0.717703
0.050000,0.141667,-0.058333,0.289862,0.821285,2.158335,0.351264,0.995614,2.787160
0.050000,0.141667,-0.041667,-0.276443,-0.783357,-2.916363,-0.237964,-0.674549,-2.668577
0.050000,0.141667,-0.025000,0.219266,0.621549,4.008363,-0.090939,-0.257668,-1.523803
0.050000,0.141667,-0.008333,0.065970,0.187107,3.496782,0.049524,0.140495,2.790563
0.050000,0.141667,0.008333,-0.066122,-0.187119,3.496939,-0.049616,-0.140480,2.790319
0.050000,0.141667,0.025000,-0.219401,-0.621489,4.007993,0.091059,0.257788,-1.524540
0.050000,0.141667,0.041667,0.276647,0.783550,-2.917100,0.237971,0.674282,-2.667581
0.050000,0.141667,0.058333,-0.290115,-0.821679,2.159418,-0.351244,-0.995221,2.786121
0.050000,0.141667,0.075000,0.498345,1.411763,-2.977791,0.103154,0.292531,-0.716104
0.050000,0.141667,0.091667,-0.181565,-0.514684,0.974319,0.498350,1.411749,-2.423011
0.050000,0.141667,0.108333,-0.521542,-1.477623,2.183287,0.082445,0.233248,-0.269066
0.050000,0.141667,0.125000,-0.479058,-1.357105,1.706220,-0.174057,-0.493431,0.689489
0.050000,0.141667,0.141667,-0.448044,-1.269235,1.405343,-0.177570,-0.503375,0.618136
0.050000,0.141667,0.158333,-0.449531,-1.273567,1.280134,-0.000913,-0.002903,0.052144
0.050000,0.141667,0.175000,-0.313694,-0.888925,0.836594,0.272685,0.772312,-0.669848
0.050000,0.141667,0.191667,0.058088,0.164278,-0.099052,0.377837,1.070490,-0.894433
0.050000,0.141667,0.208333,0.345860,0.979804,-0.742780,0.057232,0.162419,-0.156884
0.050000,0.141667,0.225000,0.085776,0.243269,-0.200415,-0.309414,-0.876522,0.611775
0.050000,0.141667,0.241667,-0.288367,-0.816912,0.532443,-0.057585,-0.163393,0.133290
0.050000,0.141667,0.258333,0.008277,0.023203,0.009214,0.269379,0.763171,-0.470451
0.050000,0.158333,-0.258333,0.250939,0.794796,0.534581,0.003199,0.010339,0.029669
0.050000,0.158333,-0.241667,-0.003507,-0.011322,-0.033421,0.271736,0.860661,0.618914
0.050000,0.158333,-0.225000,-0.290444,-0.919947,-0.715514,0.046677,0.147617,0.086211
0.050000,0.158333,-0.208333,-0.160860,-0.509283,-0.397852,-0.274315,-0.868942,-0.741467
0.050000,0.158333,-0.191667,0.145888,0.462280,0.451830,-0.310248,-0.982526,-0.876537
0.050000,0.158333,-0.175000,0.334766,1.060384,1.070877,-0.152656,-0.483270,-0.443771
0.050000,0.158333,-0.158333,0.391823,1.240999,1.365280,-0.013312,-0.041906,-0.000435
0.050000,0.158333,-0.141667,0.413303,1.309021,1.607864,0.000080,0.000514,0.052411
0.050000,0.158333,-0.125000,0.397822,1.260089,1.776269,-0.160434,-0.507886,-0.652599
0.050000,0.158333,-0.108333,0.137095,0.434457,0.761069,-0.413149,-1.308459,-2.081116
0.050000,0.158333,-0.091667,-0.381878,-1.209398,-2.262593,-0.192740,-0.610678,-1.226354
0.050000,0.158333,-0.075000,0.008402,0.026388,-0.022283,0.401239,1.270855,2.951165
0.050000,0.158333,-0.058333,0.119034,0.377208,1.212145,-0.330834,-1.047824,-3.095610
0.050000,0.158333,-0.041667,0.022673,0.071675,0.200360,0.275429,0.872461,3.653125
0.050000,0.158333,-0.025000,-0.173820,-0.550656,-3.813512,-0.035129,-0.111376,-0.878489
0.050000,0.158333,-0.008333,-0.025580,-0.081083,-1.595678,-0.055549,-0.176127,-3.724507
0.050000,0.158333,0.008333,0.025653,0.081099,-1.595886,0.055675,0.176127,-3.724392
0.050000,0.158333,0.025000,0.173966,0.550675,-3.813599,0.035116,0.111276,-0.877812
0.050000,0.158333,0.041667,-0.022774,-0.071927,0.201392,-0.275555,-0.872424,3.652963
0.050000,0.158333,0.058333,-0.118936,-0.376785,1.210897,0.331001,1.047940,-3.095955
0.050000,0.158333,0.075000,-0.008611,-0.027007,-0.020859,-0.401347,-1.270789,2.951024
0.050000,0.158333,0.091667,0.382084,1.209684,-2.263148,0.192556,0.609951,-1.224995
0.050000,0.158333,0.108333,-0.136844,-0.433579,0.759678,0.413327,1.308659,-2.081453
0.050000,0.158333,0.125000,-0.397777,-1.259632,1.775658,0.160759,0.508751,-0.653801
0.050000,0.158333,0.141667,-0.413374,-1.308911,1.607752,0.000252,0.000500,0.051177
0.050000,0.158333,0.158333,-0.391875,-1.240847,1.365135,0.013649,0.042924,-0.001546
0.050000,0.158333,0.175000,-0.334680,-1.059852,1.070373,0.152980,0.484138,-0.444635
0.050000,0.158333,0.191667,-0.145618,-0.461338,0.450992,0.310430,0.982829,-0.876828
0.050000,0.158333,0.208333,0.161149,0.510031,-0.398481,0.274197,0.868354,-0.740998
0.050000,0.158333,0.225000,0.290436,0.919676,-0.715325,-0.046973,-0.148482,0.086876
0.050000,0.158333,0.241667,0.003229,0.010472,-0.032815,-0.271775,-0.860543,0.618847
0.050000,0.158333,0.258333,-0.250974,-0.794677,0.534518,-0.002937,-0.009537,0.029136
0.050000,0.175000,-0.258333,0.073364,0.256633,0.167029,0.220863,0.773228,0.572727
0.050000,0.175000,-0.241667,-0.212936,-0.745522,-0.595973,0.131197,0.459099,0.338535
0.050000,0.175000,-0.225000,-0.221743,-0.776121,-0.637074,-0.151249,-0.529644,-0.467373
0.050000,0.175000,-0.208333,-0.010554,-0.036727,-0.003324,-0.287150,-1.005214,-0.913580
0.050000,0.175000,-0.191667,0.185955,0.651138,0.669218,-0.243509,-0.852294,-0.820654
0.050000,0.175000,-0.175000,0.283066,0.991018,1.089605,-0.159200,-0.557093,-0.569362
0.050000,0.175000,-0.158333,0.310185,1.085935,1.315032,-0.142331,-0.498028,-0.556667
0.050000,0.175000,-0.141667,0.266437,0.932851,1.276975,-0.233521,-0.817285,-1.055813
0.050000,0.175000,-0.125000,0.049251,0.172645,0.313895,-0.358209,-1.253921,-1.890709
0.050000,0.175000,-0.108333,-0.314772,-1.101791,-1.895497,-0.175517,-0.614624,-1.125260
0.050000,0.175000,-0.091667,-0.113435,-0.397303,-0.882333,0.328594,1.150233,2.352903
0.050000,0.175000,-0.075000,0.287016,1.004856,2.567418,-0.141867,-0.496467,-1.187757
0.050000,0.175000,-0.058333,-0.257836,-0.902705,-2.956288,0.097576,0.341451,1.034204
0.050000,0.175000,-0.041667,0.113702,0.398185,1.879562,-0.180721,-0.632657,-2.828753
0.050000,0.175000,-0.025000,0.104806,0.366949,2.722059,0.085927,0.300940,2.346095
0.050000,0.175000,-0.008333,0.001190,0.004156,0.004399,0.046451,0.162792,3.699406
0.050000,0.175000,0.008333,-0.001205,-0.004168,0.004597,-0.046571,-0.162800,3.699387
0.050000,0.175000,0.025000,-0.104916,-0.367001,2.722388,-0.085977,-0.300881,2.345626
0.050000,0.175000,0.041667,-0.113707,-0.398012,1.878777,0.180851,0.632756,-2.829169
0.050000,0.175000,0.058333,0.257896,0.902560,-2.955813,-0.097715,-0.341770,1.035220
0.050000,0.175000,0.075000,-0.287035,-1.004597,2.566770,0.142048,0.496904,-1.188847
0.050000,0.175000,0.091667,0.113280,0.396672,-0.881043,-0.328742,-1.150394,2.353236
0.050000,0.175000,0.108333,0.314953,1.102105,-1.896048,0.175357,0.613921,-1.124048
0.050000,0.175000,0.125000,-0.049010,-0.171789,0.312613,0.358315,1.253958,-1.890775
0.050000,0.175000,0.141667,-0.266309,-0.932185,1.276102,0.233766,0.817908,-1.056646
0.050000,0.175000,0.158333,-0.310122,-1.085455,1.314476,0.142607,0.498837,-0.557631
0.050000,0.175000,0.175000,-0.282975,-0.990465,1.089025,0.159468,0.557862,-0.570192
0.050000,0.175000,0.191667,-0.185765,-0.650333,0.668439,0.243713,0.852771,-0.821132
0.050000,0.175000,0.208333,0.010824,0.037628,-0.004135,0.287183,1.005068,-0.913462
0.050000,0.175000,0.225000,0.221920,0.776519,-0.637416,0.151056,0.528857,-0.466725
0.050000,0.175000,0.241667,0.212835,0.744984,-0.595567,-0.131426,-0.459751,0.339047
0.050000,0.175000,0.258333,-0.073598,-0.257353,0.167554,-0.220817,-0.772867,0.572476
0.050000,0.191667,-0.258333,-0.116366,-0.446311,-0.370972,0.180871,0.693364,0.537473
0.050000,0.191667,-0.241667,-0.228074,-0.874420,-0.737498,-0.024650,-0.094703,-0.103194
0.050000,0.191667,-0.225000,-0.129459,-0.496174,-0.429317,-0.206977,-0.793660,-0.735064
0.050000,0.191667,-0.208333,0.029924,0.114937,0.141058,-0.257163,-0.985940,-0.964780
0.050000,0.191667,-0.191667,0.138221,0.530124,0.593012,-0.235630,-0.903297,-0.948182
0.050000,0.191667,-0.175000,0.173238,0.664365,0.804591,-0.227825,-0.873349,-0.999825
0.050000,0.191667,-0.158333,0.125185,0.480159,0.655808,-0.269263,-1.032262,-1.317530
0.050000,0.191667,-0.141667,-0.047973,-0.183712,-0.222624,-0.300190,-1.150966,-1.669272
0.050000,0.191667,-0.125000,-0.282579,-1.083332,-1.755213,-0.116549,-0.447049,-0.776192
0.050000,0.191667,-0.108333,-0.133325,-0.511357,-1.013394,0.268710,1.030159,1.922483
0.050000,0.191667,-0.091667,0.284800,1.091952,2.438252,-0.001727,-0.006431,0.043693
0.050000,0.191667,-0.075000,-0.226054,-0.866652,-2.334435,-0.125011,-0.479464,-1.363588
0.050000,0.191667,-0.058333,0.204657,0.784674,2.728773,0.078880,0.302581,1.124853
0.050000,0.191667,-0.041667,-0.149770,-0.574355,-2.853742,0.075864,0.290817,1.364615
0.050000,0.191667,-0.025000,-0.048513,-0.186009,-1.456669,-0.093867,-0.360033,-2.981886
0.050000,0.191667,-0.008333,0.011087,0.042569,1.117963,-0.034316,-0.131727,-3.212164
0.050000,0.191667,0.008333,-0.011109,-0.042563,1.117800,0.034415,0.131740,-3.212204
0.050000,0.191667,0.025000,0.048579,0.186067,-1.457083,0.093945,0.360009,-2.981632
0.050000,0.191667,0.041667,0.149834,0.574280,-2.853348,-0.075950,-0.290957,1.365268
0.050000,0.191667,0.058333,-0.204771,-0.784762,2.729055,-0.078837,-0.302312,1.123916
0.050000,0.191667,0.075000,0.226185,0.866829,-2.334902,0.124951,0.479086,-1.362564
0.050000,0.191667,0.091667,-0.284877,-1.091908,2.438150,0.001877,0.006974,0.042491
0.050000,0.191667,0.108333,0.133196,0.510747,-1.012251,-0.268855,-1.030403,1.922938
0.050000,0.191667,0.125000,0.282717,1.083557,-1.755579,0.116387,0.446338,-0.775038
0.050000,0.191667,0.141667,0.048198,0.184497,-0.223749,0.300215,1.150766,-1.668990
0.050000,0.191667,0.158333,-0.125000,-0.479357,0.654782,0.269409,1.032545,-1.317897
0.050000,0.191667,0.175000,-0.173080,-0.663621,0.803734,0.228006,0.873803,-1.000357
0.050000,0.191667,0.191667,-0.138041,-0.529326,0.592172,0.235787,0.903656,-0.948568
0.050000,0.191667,0.208333,-0.029698,-0.114072,0.140217,0.257230,0.985942,-0.964790
0.050000,0.191667,0.225000,0.129671,0.496833,-0.429914,0.206887,0.793129,-0.734592
0.050000,0.191667,0.241667,0.228130,0.874405,-0.737493,0.024434,0.093883,-0.102507
0.050000,0.191667,0.258333,0.116204,0.445596,-0.370416,-0.181011,-0.693700,0.537743
0.050000,0.208333,-0.258333,-0.180790,-0.753502,-0.650342,0.081230,0.338352,0.269936
0.050000,0.208333,-0.241667,-0.188640,-0.786057,-0.706395,-0.091964,-0.383421,-0.369173
0.050000,0.208333,-0.225000,-0.097526,-0.406253,-0.375705,-0.198906,-0.829004,-0.821933
0.050000,0.208333,-0.208333,-0.008271,-0.034270,-0.009454,-0.232683,-0.969685,-1.025841
0.050000,0.208333,-0.191667,0.027677,0.115541,0.162087,-0.241677,-1.007139,-1.153769
0.050000,0.208333,-0.175000,-0.010227,-0.042417,-0.020834,-0.251915,-1.049836,-1.322476
0.050000,0.208333,-0.158333,-0.132127,-0.550451,-0.734809,-0.222225,-0.926200,-1.306696
0.050000,0.208333,-0.141667,-0.258199,-1.075990,-1.666719,-0.040755,-0.170042,-0.303417
0.050000,0.208333,-0.125000,-0.106585,-0.444361,-0.822576,0.236499,0.985512,1.718775
0.050000,0.208333,-0.108333,0.245254,1.022050,2.067936,0.054162,0.225898,0.505603
0.050000,0.208333,-0.091667,-0.114887,-0.478647,-1.105356,-0.205344,-0.855858,-2.081837
0.050000,0.208333,-0.075000,0.049394,0.205712,0.550435,0.204839,0.853729,2.520575
0.050000,0.208333,-0.058333,-0.096845,-0.403529,-1.474686,-0.148000,-0.616901,-2.361995
0.050000,0.208333,-0.041667,0.134104,0.558963,2.955993,-0.001286,-0.005274,0.033928
0.050000,0.208333,-0.025000,0.011073,0.046115,0.343007,0.083099,0.346439,3.061375
0.050000,0.208333,-0.008333,-0.016050,-0.066985,-1.824687,0.023562,0.098319,2.562733
0.050000,0.208333,0.008333,0.016092,0.066984,-1.824563,-0.023638,-0.098332,2.562805
0.050000,0.208333,0.025000,-0.011103,-0.046166,0.343416,-0.083181,-0.346439,3.061290
0.050000,0.208333,0.041667,-0.134186,-0.558962,2.955937,0.001324,0.005402,0.033269
0.050000,0.208333,0.058333,0.096939,0.403717,-1.475367,0.148033,0.616768,-2.361473
0.050000,0.208333,0.075000,-0.049498,-0.206042,0.551388,-0.204891,-0.853629,2.520266
0.050000,0.208333,0.091667,0.115022,0.479031,-1.106263,0.205348,0.855608,-2.081232
0.050000,0.208333,0.108333,-0.245348,-1.022131,2.068090,-0.054038,-0.225342,0.504482
0.050000,0.208333,0.125000,0.106461,0.443750,-0.821507,-0.236620,-0.985731,1.719153
0.050000,0.208333,0.141667,0.258281,1.076041,-1.666796,0.040588,0.169327,-0.302314
0.050000,0.208333,0.158333,0.132316,0.551071,-0.735665,0.222170,0.925752,-1.306077
0.050000,0.208333,0.175000,0.010426,0.043205,-0.021818,0.251953,1.049728,-1.322344
0.050000,0.208333,0.191667,-0.027483,-0.114731,0.161164,0.241741,1.007150,-1.153785
0.050000,0.208333,0.208333,0.008473,0.035075,-0.010297,0.232713,0.969571,-1.025725
0.050000,0.208333,0.225000,0.097719,0.406932,-0.376364,0.198849,0.828572,-0.821518
0.050000,0.208333,0.241667,0.188754,0.786318,-0.706634,0.091803,0.382677,-0.368504
0.050000,0.208333,0.258333,0.180739,0.753105,-0.650011,-0.081415,-0.339008,0.270491
0.050000,0.225000,-0.258333,-0.180642,-0.813053,-0.745104,0.024250,0.108971,0.080413
0.050000,0.225000,-0.241667,-0.166748,-0.750409,-0.722276,-0.094420,-0.425121,-0.433388
0.050000,0.225000,-0.225000,-0.118477,-0.533092,-0.540482,-0.162012,-0.729289,-0.778433
0.050000,0.225000,-0.208333,-0.092388,-0.415651,-0.448191,-0.187657,-0.844686,-0.967936
0.050000,0.225000,-0.191667,-0.115448,-0.519445,-0.616223,-0.183184,-0.824570,-1.030027
0.050000,0.225000,-0.175000,-0.184233,-0.829086,-1.101236,-0.124221,-0.559249,-0.779322
0.050000,0.225000,-0.158333,-0.222318,-1.000639,-1.497153,0.037434,0.168297,0.218239
0.050000,0.225000,-0.141667,-0.058332,-0.262716,-0.472633,0.217732,0.979923,1.623363
0.050000,0.225000,-0.125000,0.213209,0.959571,1.801634,0.058654,0.264160,0.536746
0.050000,0.225000,-0.108333,-0.039580,-0.177983,-0.346017,-0.207890,-0.935722,-2.046917
0.050000,0.225000,-0.091667,-0.080044,-0.360409,-0.969947,0.178924,0.805270,2.055113
0.050000,0.225000,-0.075000,0.080597,0.362889,1.185511,-0.153831,-0.692345,-2.156612
0.050000,0.225000,-0.058333,0.005962,0.026732,0.056670,0.144279,0.649445,2.630501
0.050000,0.225000,-0.041667,-0.100695,-0.453268,-2.548036,-0.040809,-0.183778,-1.091163
0.050000,0.225000,-0.025000,0.010931,0.049259,0.519847,-0.066657,-0.300123,-2.825274
0.050000,0.225000,-0.008333,0.017085,0.077013,2.219356,-0.015254,-0.068751,-1.905911
0.050000,0.225000,0.008333,-0.017136,-0.077016,2.219268,0.015309,0.068762,-1.905997
0.050000,0.225000,0.025000,-0.010929,-0.049219,0.519486,0.066732,0.300136,-2.825306
0.050000,0.225000,0.041667,0.100772,0.453309,-2.548213,0.040810,0.183682,-1.090614
0.050000,0.225000,0.058333,-0.006012,-0.026921,0.057422,-0.144346,-0.649432,2.630413
0.050000,0.225000,0.075000,-0.080566,-0.362629,1.184690,0.153921,0.692466,-2.156966
0.050000,0.225000,0.091667,0.079985,0.360047,-0.969017,-0.179018,-0.805407,2.055445
0.050000,0.225000,0.108333,0.039701,0.178449,-0.347020,0.207926,0.935600,-2.046642
0.050000,0.225000,0.125000,-0.213295,-0.959680,1.801830,-0.058541,-0.263606,0.535707
0.050000,0.225000,0.141667,0.058203,0.262094,-0.471603,-0.217818,-0.980038,1.623547
0.050000,0.225000,0.158333,0.222337,1.000469,-1.496897,-0.037597,-0.168961,0.219221
0.050000,0.225000,0.175000,0.184361,0.829435,-1.101701,0.124107,0.558616,-0.778474
0.050000,0.225000,0.191667,0.115613,0.520037,-0.616944,0.183125,0.824115,-1.029471
0.050000,0.225000,0.208333,0.092560,0.416294,-0.448912,0.187613,0.844286,-0.967487
0.050000,0.225000,0.225000,0.118637,0.533654,-0.541067,0.161936,0.728781,-0.777906
0.050000,0.225000,0.241667,0.166859,0.750705,-0.722564,0.094286,0.424432,-0.432721
0.050000,0.225000,0.258333,0.180646,0.812873,-0.744942,-0.024421,-0.109686,0.081059
0.050000,0.241667,-0.258333,-0.166384,-0.804348,-0.786108,0.017871,0.086223,0.065753
0.050000,0.241667,-0.241667,-0.165895,-0.801910,-0.829450,-0.054917,-0.265639,-0.295850
0.050000,0.241667,-0.225000,-0.158234,-0.764844,-0.845508,-0.089294,-0.431813,-0.502372
0.050000,0.241667,-0.208333,-0.169099,-0.817374,-0.977956,-0.081798,-0.395581,-0.499650
0.050000,0.241667,-0.191667,-0.191779,-0.927076,-1.215816,-0.019796,-0.095874,-0.151697
0.050000,0.241667,-0.175000,-0.166226,-0.803659,-1.171817,0.103953,0.502379,0.699385
0.050000,0.241667,-0.158333,-0.000838,-0.004221,-0.037237,0.197020,0.952434,1.515360
0.050000,0.241667,-0.141667,0.191623,0.926317,1.641248,0.036342,0.175849,0.345227
0.050000,0.241667,-0.125000,-0.008515,-0.041003,-0.046987,-0.189213,-0.914713,-1.845355
0.050000,0.241667,-0.108333,-0.133773,-0.646800,-1.529912,0.119606,0.578102,1.315986
0.050000,0.241667,-0.091667,0.155603,0.752293,2.081251,-0.053672,-0.259346,-0.674198
0.050000,0.241667,-0.075000,-0.129562,-0.626422,-2.123820,0.064049,0.309545,1.001130
0.050000,0.241667,-0.058333,0.049414,0.238990,1.073769,-0.108510,-0.524585,-2.247227
0.050000,0.241667,-0.041667,0.066582,0.321895,1.915348,0.059274,0.286653,1.768872
0.050000,0.241667,-0.025000,-0.022381,-0.108272,-1.135629,0.050429,0.243876,2.438560
0.050000,0.241667,-0.008333,-0.016213,-0.078500,-2.398181,0.009245,0.044757,1.310880
0.050000,0.241667,0.008333,0.016266,0.078506,-2.398121,-0.009282,-0.044767,1.310970
0.050000,0.241667,0.025000,0.022396,0.108244,-1.135330,-0.050493,-0.243896,2.438667
0.050000,0.241667,0.041667,-0.066644,-0.321955,1.915657,-0.059299,-0.286591,1.768469
0.050000,0.241667,0.058333,-0.049405,-0.238846,1.073138,0.108581,0.524648,-2.247459
0.050000,0.241667,0.075000,0.129589,0.626306,-2.123411,-0.064124,-0.309756,1.001819
0.050000,0.241667,0.091667,-0.155632,-0.752169,2.080895,0.053759,0.259651,-0.675019
0.050000,0.241667,0.108333,0.133751,0.646505,-1.529222,-0.119708,-0.578393,1.316645
0.050000,0.241667,0.125000,0.008624,0.041492,-0.047962,0.189257,0.914658,-1.845231
0.050000,0.241667,0.141667,-0.191690,-0.926380,1.641349,-0.036232,-0.175293,0.344247
0.050000,0.241667,0.158333,0.000706,0.003610,-0.036272,-0.197063,-0.952388,1.515280
0.050000,0.241667,0.175000,0.166185,0.803267,-1.171252,-0.104093,-0.502903,0.700130
0.050000,0.241667,0.191667,0.191831,0.927086,-1.215825,0.019654,0.095190,-0.150806
0.050000,0.241667,0.208333,0.169194,0.817620,-0.978247,0.081677,0.394924,-0.498861
0.050000,0.241667,0.225000,0.158336,0.765131,-0.845825,0.089177,0.431164,-0.501652
0.050000,0.241667,0.241667,0.165970,0.802064,-0.829607,0.054782,0.264946,-0.295134
0.050000,0.241667,0.258333,0.166395,0.804199,-0.785963,-0.018023,-0.086910,0.066416
0.050000,0.258333,-0.258333,-0.145718,-0.753058,-0.786328,0.048180,0.248820,0.241324
0.050000,0.258333,-0.241667,-0.158306,-0.818073,-0.908839,0.017216,0.088801,0.079538
0.050000,0.258333,-0.225000,-0.162897,-0.841801,-1.005059,0.022328,0.115218,0.116788
0.050000,0.258333,-0.208333,-0.153608,-0.793844,-1.030060,0.069818,0.360639,0.443465
0.050000,0.258333,-0.191667,-0.092095,-0.476045,-0.685803,0.145053,0.749484,1.034718
0.050000,0.258333,-0.175000,0.055900,0.288715,0.417333,0.164011,0.847592,1.306107
0.050000,0.258333,-0.158333,0.172631,0.892089,1.509563,0.000536,0.002929,0.033117
0.050000,0.258333,-0.141667,-0.006977,-0.035903,-0.037626,-0.169243,-0.874593,-1.655478
0.050000,0.258333,-0.125000,-0.143595,-0.742120,-1.606265,0.077206,0.398851,0.826395
0.050000,0.258333,-0.108333,0.150498,0.777714,1.917345,0.028192,0.145819,0.394765
0.050000,0.258333,-0.091667,-0.128742,-0.665275,-1.930829,-0.053152,-0.274789,-0.837288
0.050000,0.258333,-0.075000,0.120820,0.624391,2.227338,0.011530,0.059689,0.251789
0.050000,0.258333,-0.058333,-0.073979,-0.382400,-1.783767,0.066488,0.343568,1.548345
0.050000,0.258333,-0.041667,-0.038278,-0.197802,-1.236514,-0.063300,-0.327215,-2.126179
0.050000,0.258333,-0.025000,0.027252,0.140916,1.544829,-0.036579,-0.189094,-2.001554
0.050000,0.258333,-0.008333,0.014545,0.075286,2.435469,-0.005060,-0.026189,-0.801513
0.050000,0.258333,0.008333,-0.014597,-0.075293,2.435431,0.005084,0.026197,-0.801600
0.050000,0.258333,0.025000,-0.027278,-0.140898,1.544593,0.036630,0.189116,-2.001704
0.050000,0.258333,0.041667,0.038322,0.197866,-1.236881,0.063338,0.327181,-2.125919
0.050000,0.258333,0.058333,0.073999,0.382311,-1.783335,-0.066546,-0.343666,1.548760
0.050000,0.258333,0.075000,-0.120876,-0.624403,2.227352,-0.011492,-0.059485,0.251069
0.050000,0.258333,0.091667,0.128810,0.665370,-1.931081,0.053116,0.274524,-0.836515
0.050000,0.258333,0.108333,-0.150558,-0.777759,1.917438,-0.028128,-0.145464,0.393894
0.050000,0.258333,0.125000,0.143592,0.741893,-1.605770,-0.077304,-0.399215,0.827161
0.050000,0.258333,0.141667,0.007079,0.036393,-0.038545,0.169281,0.874538,-1.655363
0.050000,0.258333,0.158333,-0.172671,-0.892050,1.509488,-0.000426,-0.002382,0.032201
0.050000,0.258333,0.175000,-0.056025,-0.289258,0.418154,-0.164007,-0.847357,1.305744
0.050000,0.258333,0.191667,0.092007,0.475491,-0.685033,-0.145149,-0.749774,1.035113
0.050000,0.258333,0.208333,0.153583,0.793526,-1.029649,-0.069949,-0.361203,0.444181
0.050000,0.258333,0.225000,0.162908,0.841652,-1.004878,-0.022463,-0.115862,0.117548
0.050000,0.258333,0.241667,0.158319,0.817938,-0.908687,-0.017351,-0.089454,0.080255
0.050000,0.258333,0.258333,0.145701,0.752786,-0.786045,-0.048314,-0.249429,0.241949
