far field @z=0.005000
freq=27000000000.000000
sampling point=961
x,y,z,realEx,realEy,realEz,imgEx,imgEy,imgEz
-0.000000,0.000000,-0.005000,0.000000,-0.003178,-108.450635,0.000000,0.018738,24.894854
-0.000523,0.000000,-0.004973,-20.212661,-0.003140,-105.133674,-11.686654,0.018602,27.498495
-0.001040,0.000000,-0.004891,-38.382961,-0.002991,-95.772432,-21.253125,0.018249,34.575844
-0.001545,0.000000,-0.004755,-53.125161,-0.002663,-81.810437,-27.464350,0.017787,44.376204
-0.002034,0.000000,-0.004568,-63.876715,-0.002124,-64.906713,-30.173514,0.017290,55.012536
-0.002500,0.000000,-0.004330,-70.657373,-0.001400,-46.498340,-29.956555,0.016765,65.056456
-0.002939,0.000000,-0.004045,-73.766057,-0.000554,-27.684254,-27.660263,0.016182,73.676306
-0.003346,0.000000,-0.003716,-73.592027,0.000343,-9.278833,-24.114988,0.015499,80.528269
-0.003716,0.000000,-0.003346,-70.535882,0.001227,8.103520,-20.010192,0.014685,85.597315
-0.004045,0.000000,-0.002939,-64.987837,0.002048,23.985449,-15.860898,0.013725,89.066331
-0.004330,0.000000,-0.002500,-57.326248,0.002775,37.989483,-12.012307,0.012617,91.223436
-0.004568,0.000000,-0.002034,-47.920072,0.003391,49.817652,-8.657585,0.011368,92.397687
-0.004755,0.000000,-0.001545,-37.130531,0.003894,59.239685,-5.859813,0.009995,92.913125
-0.004891,0.000000,-0.001040,-25.311819,0.004297,66.085060,-3.575642,0.008519,93.054878
-0.004973,0.000000,-0.000523,-12.811761,0.004619,70.236892,-1.680289,0.006966,93.044137
-0.005000,0.000000,0.000000,0.026854,0.004891,71.627240,0.006203,0.005362,93.020673
-0.004973,0.000000,0.000523,12.864066,0.005146,70.234038,1.691668,0.003740,93.032419
-0.004891,0.000000,0.001040,25.359983,0.005421,66.080028,3.583942,0.002131,93.032011
-0.004755,0.000000,0.001545,37.172006,0.005751,59.233800,5.863002,0.000570,92.880269
-0.004568,0.000000,0.002034,47.952623,0.006169,49.812831,8.653686,-0.000906,92.356636
-0.004330,0.000000,0.002500,57.348065,0.006699,37.988162,11.999463,-0.002260,91.176677
-0.004045,0.000000,0.002939,64.997641,0.007356,23.990493,15.837495,-0.003456,89.017106
-0.003716,0.000000,0.003346,70.533040,0.008142,8.118124,19.975050,-0.004463,85.549672
-0.003346,0.000000,0.003716,73.576691,0.009043,-9.251258,24.067666,-0.005257,80.487071
-0.002939,0.000000,0.004045,73.739359,0.010026,-27.640239,27.601495,-0.005829,73.647116
-0.002500,0.000000,0.004330,70.621695,0.011039,-46.434637,29.888848,-0.006192,65.045176
-0.002034,0.000000,0.004568,63.835987,0.012008,-64.820813,30.101799,-0.006384,55.024577
-0.001545,0.000000,0.004755,53.085002,0.012847,-81.701471,27.396373,-0.006466,44.414991
-0.001040,0.000000,0.004891,38.350263,0.013481,-95.642408,21.198902,-0.006500,34.640716
-0.000523,0.000000,0.004973,20.194160,0.013865,-104.988501,11.656271,-0.006521,27.582908
-0.000000,0.000000,0.005000,0.000000,0.013991,-108.299897,0.000000,-0.006531,24.986585
-0.000000,-0.000000,-0.005000,0.000000,-0.003178,-108.450635,0.000000,0.018738,24.894854
-0.000511,-0.000109,-0.004973,-19.771209,-4.205506,-105.134615,-11.431538,-2.410998,27.497338
-0.001017,-0.000216,-0.004891,-37.545048,-7.983212,-95.774005,-20.789598,-4.400282,34.573910
-0.001511,-0.000321,-0.004755,-51.965792,-11.048076,-81.812208,-26.865768,-5.692177,44.374017
-0.001989,-0.000423,-0.004568,-62.482993,-13.283051,-64.908346,-29.516204,-6.256019,55.010475
-0.002445,-0.000520,-0.004330,-69.115907,-14.692236,-46.499655,-29.304205,-6.211505,65.054688
-0.002875,-0.000611,-0.004045,-72.156938,-15.337828,-27.685182,-27.058103,-5.734711,73.674844
-0.003273,-0.000696,-0.003716,-71.986875,-15.300828,-9.279361,-23.590175,-4.998318,80.527059
-0.003635,-0.000773,-0.003346,-68.997585,-14.664589,8.103384,-19.574874,-4.145710,85.596281
-0.003957,-0.000841,-0.002939,-63.570771,-13.510292,23.985691,-15.516006,-3.283986,89.065403
-0.004236,-0.000900,-0.002500,-56.076527,-11.916635,37.990086,-11.751253,-2.484926,91.222555
-0.004468,-0.000950,-0.002034,-46.875752,-9.960347,49.818596,-8.469576,-1.788686,92.396809
-0.004651,-0.000989,-0.001545,-36.321778,-7.716535,59.240949,-5.732683,-1.208367,92.912223
-0.004784,-0.001017,-0.001040,-24.761068,-5.258831,66.086617,-3.498180,-0.734937,93.053935
-0.004864,-0.001034,-0.000523,-12.533852,-2.659534,70.238713,-1.644010,-0.342427,93.043150
-0.004891,-0.001040,0.000000,0.024560,0.010111,71.629288,0.005850,0.006606,93.019651
-0.004864,-0.001034,0.000523,12.581627,2.679454,70.236275,1.654697,0.355404,93.031378
-0.004784,-0.001017,0.001040,24.804872,5.277860,66.082411,3.505829,0.747213,93.030973
-0.004651,-0.000989,0.001545,36.359172,7.734129,59.236281,5.735295,1.219488,92.879258
-0.004468,-0.000950,0.002034,46.904599,9.976039,49.815359,8.465208,1.798220,92.355673
-0.004236,-0.000900,0.002500,56.095105,11.930058,37.990676,11.738091,2.492485,91.175776
-0.003957,-0.000841,0.002939,63.577872,13.521205,23.992924,15.492477,3.289254,89.016266
-0.003635,-0.000773,0.003346,68.992626,14.672904,8.120389,19.539839,4.148485,85.548875
-0.003273,-0.000696,0.003716,71.970031,15.306634,-9.249253,23.543224,4.998581,80.486275
-0.002875,-0.000611,0.004045,72.129331,15.341433,-27.638600,26.999983,5.732711,73.646256
-0.002445,-0.000520,0.004330,69.079866,14.694215,-46.433463,29.237401,6.207879,65.044179
-0.001989,-0.000423,0.004568,62.442350,13.284296,-64.820166,29.445579,6.251914,55.023404
-0.001511,-0.000321,0.004755,51.926013,11.049806,-81.701318,26.798936,5.689293,44.413701
-0.001017,-0.000216,0.004891,37.512824,7.986854,-95.642569,20.736376,4.400720,34.639534
-0.000511,-0.000109,0.004973,19.753048,4.212371,-104.988690,11.401767,2.416750,27.582186
-0.000000,-0.000000,0.005000,0.000000,0.013991,-108.299897,0.000000,-0.006531,24.986585
-0.000000,-0.000000,-0.005000,0.000000,-0.003178,-108.450635,0.000000,0.018738,24.894854
-0.000477,-0.000213,-0.004973,-18.465636,-8.224309,-105.135559,-10.676785,-4.734522,27.496172
-0.000950,-0.000423,-0.004891,-35.066171,-15.615016,-95.775656,-19.417412,-8.626090,34.571871
-0.001412,-0.000628,-0.004755,-48.535178,-21.611413,-81.814149,-25.092973,-11.153285,44.371618
-0.001858,-0.000827,-0.004568,-58.358362,-25.984465,-64.910222,-27.568878,-12.256082,55.008136
-0.002284,-0.001017,-0.004330,-64.553632,-28.742131,-46.501259,-27.371145,-12.168616,65.052621
-0.002685,-0.001195,-0.004045,-67.394092,-30.006031,-27.686429,-25.273436,-11.235329,73.673102
-0.003056,-0.001361,-0.003716,-67.235411,-29.934573,-9.280228,-22.034446,-9.794028,80.525606
-0.003394,-0.001511,-0.003346,-64.443605,-28.690771,8.102893,-18.284140,-8.125209,85.595054
-0.003695,-0.001645,-0.002939,-59.375180,-26.433398,23.985563,-14.493093,-6.438395,89.064333
-0.003956,-0.001761,-0.002500,-52.375800,-23.316387,37.990304,-10.976710,-4.874015,91.221581
-0.004173,-0.001858,-0.002034,-43.782529,-19.489827,49.819144,-7.911487,-3.510643,92.395884
-0.004344,-0.001934,-0.001545,-33.925373,-15.100649,59.241803,-5.355069,-2.373928,92.911309
-0.004468,-0.001989,-0.001040,-23.127917,-10.292916,66.087753,-3.267866,-1.446224,93.053010
-0.004543,-0.002023,-0.000523,-11.707930,-5.208089,70.240100,-1.535886,-0.676752,93.042200
-0.004568,-0.002034,0.000000,0.021414,0.014425,71.630893,0.005270,0.007709,93.018672
-0.004543,-0.002023,0.000523,11.749525,5.236373,70.238061,1.545470,0.691725,93.030375
-0.004468,-0.001989,0.001040,23.165875,10.319533,66.084335,3.274591,1.459868,93.029957
-0.004344,-0.001934,0.001545,33.957461,15.124582,59.238300,5.357055,2.385377,92.878241
-0.004173,-0.001858,0.002034,43.806799,19.510192,49.817420,7.906914,3.519069,92.354665
-0.003956,-0.001761,0.002500,52.390684,23.332488,37.992723,10.963882,4.878660,91.174782
-0.003695,-0.001645,0.002939,59.379590,26.444766,23.994888,14.470549,6.438626,89.015280
-0.003394,-0.001511,0.003346,64.437027,28.697211,8.122194,18.250828,8.120600,85.547875
-0.003056,-0.001361,0.003716,67.218033,29.936222,-9.247699,21.990003,9.784483,80.485218
-0.002685,-0.001195,0.004045,67.366974,30.003431,-27.637392,25.218585,11.221262,73.645088
-0.002284,-0.001017,0.004330,64.518951,28.736329,-46.432688,27.308238,12.151182,65.042851
-0.001858,-0.000827,0.004568,58.319682,25.977129,-64.819861,27.502491,12.237431,55.021913
-0.001412,-0.000628,0.004755,48.497581,21.604860,-81.701418,25.030251,11.136683,44.412160
-0.000950,-0.000423,0.004891,35.035860,15.612012,-95.642870,19.367540,8.615637,34.638215
-0.000477,-0.000213,0.004973,18.448617,8.227457,-104.988915,10.648933,4.734203,27.581438
-0.000000,-0.000000,0.005000,0.000000,0.013991,-108.299897,0.000000,-0.006531,24.986585
-0.000000,-0.000000,-0.005000,0.000000,-0.003178,-108.450635,0.000000,0.018738,24.894854
-0.000423,-0.000307,-0.004973,-16.352971,-11.883890,-105.136457,-9.455347,-6.850406,27.495061
-0.000841,-0.000611,-0.004891,-31.054556,-22.564811,-95.777284,-17.196409,-12.474446,34.569854
-0.001250,-0.000908,-0.004755,-42.983032,-31.230937,-81.816127,-22.223198,-16.126810,44.369172
-0.001645,-0.001195,-0.004568,-51.682769,-37.551167,-64.912197,-24.416297,-17.720622,55.005691
-0.002023,-0.001469,-0.004330,-57.169555,-41.536938,-46.503016,-24.241455,-17.594183,65.050420
-0.002378,-0.001727,-0.004045,-59.685248,-43.363983,-27.687871,-22.383834,-16.245256,73.671222
-0.002707,-0.001967,-0.003716,-59.544849,-43.261208,-9.281327,-19.515374,-14.162036,80.524033
-0.003006,-0.002184,-0.003346,-57.072520,-41.464178,8.102138,-16.194013,-11.749899,85.593733
-0.003273,-0.002378,-0.002939,-52.583992,-38.202333,23.985140,-12.836517,-9.311654,89.063203
-0.003503,-0.002545,-0.002500,-46.385386,-33.698113,37.990199,-9.722229,-7.050252,91.220583
-0.003695,-0.002685,-0.002034,-38.775207,-28.168416,49.819339,-7.007464,-5.079260,92.394968
-0.003847,-0.002795,-0.001545,-30.045705,-21.825580,59.242279,-4.743283,-3.435758,92.910435
-0.003957,-0.002875,-0.001040,-20.483447,-14.877800,66.088486,-2.894630,-2.094257,93.052147
-0.004023,-0.002923,-0.000523,-10.369850,-7.529521,70.241063,-1.360562,-0.981392,93.041329
-0.004045,-0.002939,0.000000,0.017734,0.017775,71.632054,0.004511,0.008639,93.017780
-0.004023,-0.002923,0.000523,10.404247,7.564276,70.239386,1.368730,0.998032,93.029457
-0.003957,-0.002875,0.001040,20.514679,14.910209,66.085787,2.900249,2.108989,93.029012
-0.003847,-0.002795,0.001545,30.071834,21.854210,59.239836,4.744677,3.447335,92.877272
-0.003695,-0.002685,0.002034,38.794544,28.192026,49.818994,7.003017,5.086491,92.353674
-0.003503,-0.002545,0.002500,46.396578,33.715719,37.994282,9.710437,7.052042,91.173766
-0.003273,-0.002378,0.002939,52.586105,38.213272,23.996372,12.816093,9.307084,89.014227
-0.003006,-0.002184,0.003346,57.065126,41.468175,8.123530,16.164036,11.738343,85.546760
-0.002707,-0.001967,0.003716,59.528132,43.258448,-9.246592,19.475538,14.143336,80.484005
-0.002378,-0.001727,0.004045,59.660157,43.355227,-27.636598,22.334799,16.219984,73.643733
-0.002023,-0.001469,0.004330,57.138019,41.523665,-46.432277,24.185330,17.563980,65.041323
-0.001645,-0.001195,0.004568,51.647934,37.535743,-64.819850,24.357161,17.688565,55.020242
-0.001250,-0.000908,0.004755,42.949378,31.216672,-81.701719,22.167407,16.097599,44.410496
-0.000841,-0.000611,0.004891,31.027540,22.555674,-95.643269,17.152111,12.454013,34.636855
-0.000423,-0.000307,0.004973,16.337854,11.883633,-104.989158,9.430644,6.844540,27.580707
-0.000000,-0.000000,0.005000,0.000000,0.013991,-108.299897,0.000000,-0.006531,24.986585
-0.000000,-0.000000,-0.005000,0.000000,-0.003178,-108.450635,0.000000,0.018738,24.894854
-0.000350,-0.000388,-0.004973,-13.525529,-15.024283,-105.137257,-7.820583,-8.666146,27.494070
-0.000696,-0.000773,-0.004891,-25.685444,-28.528763,-95.778777,-14.223556,-15.777059,34.568002
-0.001034,-0.001148,-0.004755,-35.551835,-39.486057,-81.817984,-18.381658,-20.395214,44.366875
-0.001361,-0.001511,-0.004568,-42.747715,-47.477402,-64.914095,-20.195941,-22.410595,55.003355
-0.001673,-0.001858,-0.004330,-47.286079,-52.517184,-46.504748,-20.051553,-22.250844,65.048289
-0.001967,-0.002184,-0.004045,-49.366968,-54.827568,-27.689341,-18.515196,-20.545295,73.669387
-0.002239,-0.002486,-0.003716,-49.250937,-54.697967,-9.282503,-16.142669,-17.911216,80.522492
-0.002486,-0.002761,-0.003346,-47.206118,-52.426216,8.101256,-13.395476,-14.861165,85.592446
-0.002707,-0.003006,-0.002939,-43.493663,-48.302399,23.984545,-10.618350,-11.778013,89.062115
-0.002897,-0.003218,-0.002500,-38.366769,-42.607753,37.989878,-8.042352,-8.918380,91.219642
-0.003056,-0.003394,-0.002034,-32.072332,-35.616505,49.819276,-5.796783,-6.425863,92.394126
-0.003182,-0.003534,-0.001545,-24.852075,-27.597121,59.242458,-3.923882,-4.347356,92.909653
-0.003273,-0.003635,-0.001040,-16.943019,-18.812834,66.088886,-2.394660,-2.650646,93.051393
-0.003327,-0.003695,-0.000523,-8.577929,-9.522139,70.241660,-1.125630,-1.242987,93.040577
-0.003346,-0.003716,0.000000,0.013796,0.020212,71.632822,0.003620,0.009382,93.017013
-0.003327,-0.003695,0.000523,8.604647,9.561578,70.240295,1.132160,1.260944,93.028664
-0.003273,-0.003635,0.001040,16.967161,18.849363,66.086803,2.399067,2.666191,93.028186
-0.003182,-0.003534,0.001545,24.872063,27.628966,59.240924,3.924776,4.358913,92.876408
-0.003056,-0.003394,0.002034,32.086796,35.642129,49.820115,5.792822,6.431925,92.352768
-0.002897,-0.003218,0.002500,38.374614,42.625940,37.995389,8.032293,8.917566,91.172810
-0.002707,-0.003006,0.002939,43.494138,48.312331,23.997412,10.601131,11.769159,89.013206
-0.002486,-0.002761,0.003346,47.198888,52.427555,8.124442,13.370344,14.843476,85.545650
-0.002239,-0.002486,0.003716,49.236168,54.690950,-9.245876,16.109382,17.884490,80.482774
-0.001967,-0.002184,0.004045,49.345452,54.813145,-27.636150,18.474314,20.510245,73.642347
-0.001673,-0.001858,0.004330,47.259411,52.497206,-46.432149,20.004836,22.209535,65.039769
-0.001361,-0.001511,0.004568,42.718491,47.454831,-64.820043,20.146786,22.366911,55.018570
-0.001034,-0.001148,0.004755,35.523745,39.465046,-81.702138,18.335339,20.355096,44.408871
-0.000696,-0.000773,0.004891,25.662976,28.514302,-95.643706,14.186823,15.748014,34.635565
-0.000350,-0.000388,0.004973,13.512993,15.021086,-104.989395,7.800124,8.655506,27.580042
-0.000000,-0.000000,0.005000,0.000000,0.013991,-108.299897,0.000000,-0.006531,24.986585
-0.000000,-0.000000,-0.005000,0.000000,-0.003178,-108.450635,0.000000,0.018738,24.894854
-0.000261,-0.000453,-0.004973,-10.106874,-17.508202,-105.137908,-5.843931,-10.102346,27.493261
-0.000520,-0.000900,-0.004891,-19.193454,-33.246092,-95.780019,-10.628733,-18.389448,34.566457
-0.000773,-0.001338,-0.004755,-26.566284,-46.015746,-81.819558,-13.736136,-23.771686,44.364928
-0.001017,-0.001761,-0.004568,-31.943576,-55.329008,-64.915729,-15.092091,-26.120671,55.001351
-0.001250,-0.002165,-0.004330,-35.335000,-61.202567,-46.506266,-14.984346,-25.934673,65.046445
-0.001469,-0.002545,-0.004045,-36.890033,-63.895314,-27.690656,-13.836369,-23.947094,73.667789
-0.001673,-0.002897,-0.003716,-36.803386,-63.744528,-9.283587,-12.063498,-20.877304,80.521149
-0.001858,-0.003218,-0.003346,-35.275430,-61.097303,8.100406,-10.010613,-17.322651,85.591326
-0.002023,-0.003503,-0.002939,-32.501316,-56.291697,23.983922,-7.935330,-13.729348,89.061177
-0.002165,-0.003750,-0.002500,-28.670249,-49.655454,37.989472,-6.010319,-10.396466,91.218842
-0.002284,-0.003956,-0.002034,-23.966723,-41.508147,49.819076,-4.332208,-7.491363,92.393424
-0.002378,-0.004118,-0.001545,-18.571364,-32.162639,59.242450,-2.932563,-5.068699,92.909013
-0.002445,-0.004236,-0.001040,-12.661288,-21.925699,66.089053,-1.789728,-3.090945,93.050786
-0.002486,-0.004306,-0.000523,-6.410429,-11.098573,70.241983,-0.841319,-1.450024,93.039980
-0.002500,-0.004330,0.000000,0.009793,0.021853,71.633280,0.002639,0.009933,93.016407
-0.002486,-0.004306,0.000523,6.429370,11.141146,70.240864,0.846064,1.468948,93.028035
-0.002445,-0.004236,0.001040,12.678328,21.964931,66.087458,1.792880,3.107053,93.027524
-0.002378,-0.004118,0.001545,18.585341,32.196494,59.241635,2.933078,5.080155,92.875704
-0.002284,-0.003956,0.002034,23.976627,41.534861,49.820850,4.329081,7.496408,92.352015
-0.002165,-0.003750,0.002500,28.675276,49.673635,37.996114,6.002622,10.393491,91.171998
-0.002023,-0.003503,0.002939,32.500919,56.300414,23.998084,7.922271,13.716998,89.012320
-0.001858,-0.003218,0.003346,35.269369,61.096174,8.125012,9.991633,17.300000,85.544671
-0.001673,-0.002897,0.003716,36.791793,63.733834,-9.245463,12.038424,20.844116,80.481676
-0.001469,-0.002545,0.004045,36.873504,63.876159,-27.635947,13.805627,23.904202,73.641106
-0.001250,-0.002165,0.004330,35.314727,61.177094,-46.432195,14.949263,25.884483,65.038383
-0.001017,-0.001761,0.004568,31.921495,55.300648,-64.820329,15.055216,26.067710,55.017092
-0.000773,-0.001338,0.004755,26.545144,45.989316,-81.702573,13.701422,23.722884,44.407455
-0.000520,-0.000900,0.004891,19.176592,33.227379,-95.644114,10.601228,18.353561,34.634466
-0.000261,-0.000453,0.004973,10.097488,17.502670,-104.989602,5.828627,10.087922,27.579491
-0.000000,-0.000000,0.005000,0.000000,0.013991,-108.299897,0.000000,-0.006531,24.986585
-0.000000,-0.000000,-0.005000,0.000000,-0.003178,-108.450635,0.000000,0.018738,24.894854
-0.000162,-0.000497,-0.004973,-6.246427,-19.227054,-105.138369,-3.611788,-11.096199,27.492689
-0.000321,-0.000989,-0.004891,-11.862342,-36.510497,-95.780911,-6.569071,-20.197287,34.565346
-0.000477,-0.001469,-0.004755,-16.419128,-50.534366,-81.820701,-8.489692,-26.108368,44.363513
-0.000628,-0.001934,-0.004568,-19.742591,-60.762458,-64.916929,-9.327834,-28.688295,54.999884
-0.000773,-0.002378,-0.004330,-21.838688,-67.213041,-46.507392,-9.261312,-28.484193,65.045086
-0.000908,-0.002795,-0.004045,-22.799802,-70.170414,-27.691645,-8.551846,-26.301476,73.666608
-0.001034,-0.003182,-0.003716,-22.746275,-70.004985,-9.284417,-7.456140,-22.930175,80.520154
-0.001148,-0.003534,-0.003346,-21.801950,-67.097940,8.099739,-6.187353,-19.026323,85.590500
-0.001250,-0.003847,-0.002939,-20.087442,-61.820537,23.983412,-4.904709,-15.079966,89.060488
-0.001338,-0.004118,-0.002500,-17.719686,-54.532703,37.989114,-3.714930,-11.419560,91.218260
-0.001412,-0.004344,-0.002034,-14.812709,-45.585393,49.818860,-2.677738,-8.228904,92.392919
-0.001469,-0.004523,-0.001545,-11.478146,-35.322194,59.242366,-1.812646,-5.568037,92.908559
-0.001511,-0.004651,-0.001040,-7.825461,-24.079998,66.089091,-1.106270,-3.395750,93.050361
-0.001537,-0.004729,-0.000523,-3.962153,-12.189639,70.242129,-0.520056,-1.593362,93.039565
-0.001545,-0.004755,0.000000,0.005832,0.022840,71.633520,0.001603,0.010296,93.015987
-0.001537,-0.004729,0.000523,3.973422,12.234086,70.241180,0.522931,1.612917,93.027598
-0.001511,-0.004651,0.001040,7.835566,24.120814,66.087833,1.108157,3.412208,93.027060
-0.001469,-0.004523,0.001545,11.486374,35.357163,59.242050,1.812898,5.579379,92.875206
-0.001412,-0.004344,0.002034,14.818444,45.612601,49.821282,2.675734,8.233198,92.351475
-0.001338,-0.004118,0.002500,17.722437,54.550641,37.996537,3.710095,11.415037,91.171407
-0.001250,-0.003847,0.002939,20.086875,61.828196,23.998469,4.896556,15.065142,89.011668
-0.001148,-0.003534,0.003346,21.797923,67.094914,8.125327,6.175537,19.000181,85.543941
-0.001034,-0.003182,0.003716,22.738872,69.991587,-9.245256,7.440557,22.892459,80.480851
-0.000908,-0.002795,0.004045,22.789393,70.147853,-27.635886,8.532763,26.253102,73.640172
-0.000773,-0.002378,0.004330,21.826011,67.183665,-46.432302,9.239554,28.427807,65.037341
-0.000628,-0.001934,0.004568,19.728839,60.730023,-64.820595,9.304981,28.628872,55.015988
-0.000477,-0.001469,0.004755,16.405998,50.504143,-81.702928,8.468193,26.053526,44.406409
-0.000321,-0.000989,0.004891,11.851890,36.488821,-95.644428,6.552049,20.156650,34.633664
-0.000162,-0.000497,0.004973,6.240618,19.219900,-104.989755,3.602323,11.079152,27.579097
-0.000000,-0.000000,0.005000,0.000000,0.013991,-108.299897,0.000000,-0.006531,24.986585
-0.000000,-0.000000,-0.005000,0.000000,-0.003178,-108.450635,0.000000,0.018738,24.894854
-0.000055,-0.000520,-0.004973,-2.112930,-20.105688,-105.138607,-1.221735,-11.604237,27.492392
-0.000109,-0.001034,-0.004891,-4.012594,-38.179195,-95.781378,-2.222089,-21.121438,34.564765
-0.000162,-0.001537,-0.004755,-5.554000,-52.844214,-81.821302,-2.871785,-27.302884,44.362769
-0.000213,-0.002023,-0.004568,-6.678219,-63.539970,-64.917564,-3.155317,-30.000893,54.999108
-0.000261,-0.002486,-0.004330,-7.387262,-70.285530,-46.507991,-3.132827,-29.787557,65.044366
-0.000307,-0.002923,-0.004045,-7.712378,-73.378185,-27.692175,-2.892847,-27.505099,73.665981
-0.000350,-0.003327,-0.003716,-7.694277,-73.205277,-9.284866,-2.522210,-23.979674,80.519626
-0.000388,-0.003695,-0.003346,-7.374849,-70.165420,8.099373,-2.093023,-19.897312,85.590060
-0.000423,-0.004023,-0.002939,-6.794895,-64.646843,23.983127,-1.659146,-15.770473,89.060123
-0.000453,-0.004306,-0.002500,-5.993970,-57.025928,37.988906,-1.256679,-11.942630,91.217953
-0.000477,-0.004543,-0.002034,-5.010646,-47.669671,49.818725,-0.905826,-8.605991,92.392655
-0.000497,-0.004729,-0.001545,-3.882684,-36.937361,59.242299,-0.613188,-5.823345,92.908324
-0.000511,-0.004864,-0.001040,-2.647112,-25.181294,66.089085,-0.374236,-3.551600,93.050142
-0.000520,-0.004945,-0.000523,-1.340293,-12.747424,70.242180,-0.175931,-1.666657,93.039352
-0.000523,-0.004973,0.000000,0.001935,0.023297,71.633618,0.000537,0.010475,93.015772
-0.000520,-0.004945,0.000523,1.344030,12.792737,70.241318,0.176894,1.686522,93.027374
-0.000511,-0.004864,0.001040,2.650456,25.222828,66.088001,0.374864,3.568224,93.026821
-0.000497,-0.004729,0.001545,3.885396,36.972813,59.242237,0.613262,5.834614,92.874948
-0.000477,-0.004543,0.002034,5.012519,47.697049,49.821477,0.905136,8.609886,92.351193
-0.000453,-0.004306,0.002500,5.994839,57.043666,37.996728,1.255030,11.937300,91.171096
-0.000423,-0.004023,0.002939,6.794647,64.653894,23.998642,1.656373,15.754366,89.011322
-0.000388,-0.003695,0.003346,7.373438,70.161363,8.125463,2.089011,19.869368,85.543552
-0.000350,-0.003327,0.003716,7.691731,73.190445,-9.245176,2.516924,23.939624,80.480409
-0.000307,-0.002923,0.004045,7.708824,73.353843,-27.635879,2.886378,27.453905,73.639670
-0.000261,-0.002486,0.004330,7.382948,70.254128,-46.432381,3.125455,29.727987,65.036783
-0.000213,-0.002023,0.004568,6.673549,63.505428,-64.820753,3.147576,29.938154,55.015399
-0.000162,-0.001537,0.004755,5.549548,52.812039,-81.703126,2.864505,27.244946,44.405853
-0.000109,-0.001034,0.004891,4.009053,38.155998,-95.644599,2.216327,21.078368,34.633241
-0.000055,-0.000520,0.004973,2.110964,20.097703,-104.989836,1.218532,11.585847,27.578892
-0.000000,-0.000000,0.005000,0.000000,0.013991,-108.299897,0.000000,-0.006531,24.986585
0.000000,-0.000000,-0.005000,0.000000,-0.003178,-108.450635,0.000000,0.018738,24.894854
0.000055,-0.000520,-0.004973,2.112930,-20.105688,-105.138607,1.221735,-11.604237,27.492392
0.000109,-0.001034,-0.004891,4.012594,-38.179195,-95.781378,2.222089,-21.121438,34.564765
0.000162,-0.001537,-0.004755,5.554000,-52.844214,-81.821302,2.871785,-27.302884,44.362769
0.000213,-0.002023,-0.004568,6.678219,-63.539970,-64.917564,3.155317,-30.000893,54.999108
0.000261,-0.002486,-0.004330,7.387262,-70.285530,-46.507991,3.132827,-29.787557,65.044366
0.000307,-0.002923,-0.004045,7.712378,-73.378185,-27.692175,2.892847,-27.505099,73.665981
0.000350,-0.003327,-0.003716,7.694277,-73.205277,-9.284866,2.522210,-23.979674,80.519626
0.000388,-0.003695,-0.003346,7.374849,-70.165420,8.099373,2.093023,-19.897312,85.590060
0.000423,-0.004023,-0.002939,6.794895,-64.646843,23.983127,1.659146,-15.770473,89.060123
0.000453,-0.004306,-0.002500,5.993970,-57.025928,37.988906,1.256679,-11.942630,91.217953
0.000477,-0.004543,-0.002034,5.010646,-47.669671,49.818725,0.905826,-8.605991,92.392655
0.000497,-0.004729,-0.001545,3.882684,-36.937361,59.242299,0.613188,-5.823345,92.908324
0.000511,-0.004864,-0.001040,2.647112,-25.181294,66.089085,0.374236,-3.551600,93.050142
0.000520,-0.004945,-0.000523,1.340293,-12.747424,70.242180,0.175931,-1.666657,93.039352
0.000523,-0.004973,0.000000,-0.001935,0.023297,71.633618,-0.000537,0.010475,93.015772
0.000520,-0.004945,0.000523,-1.344030,12.792737,70.241318,-0.176894,1.686522,93.027374
0.000511,-0.004864,0.001040,-2.650456,25.222828,66.088001,-0.374864,3.568224,93.026821
0.000497,-0.004729,0.001545,-3.885396,36.972813,59.242237,-0.613262,5.834614,92.874948
0.000477,-0.004543,0.002034,-5.012519,47.697049,49.821477,-0.905136,8.609886,92.351193
0.000453,-0.004306,0.002500,-5.994839,57.043666,37.996728,-1.255030,11.937300,91.171096
0.000423,-0.004023,0.002939,-6.794647,64.653894,23.998642,-1.656373,15.754366,89.011322
0.000388,-0.003695,0.003346,-7.373438,70.161363,8.125463,-2.089011,19.869368,85.543552
0.000350,-0.003327,0.003716,-7.691731,73.190445,-9.245176,-2.516924,23.939624,80.480409
0.000307,-0.002923,0.004045,-7.708824,73.353843,-27.635879,-2.886378,27.453905,73.639670
0.000261,-0.002486,0.004330,-7.382948,70.254128,-46.432381,-3.125455,29.727987,65.036783
0.000213,-0.002023,0.004568,-6.673549,63.505428,-64.820753,-3.147576,29.938154,55.015399
0.000162,-0.001537,0.004755,-5.549548,52.812039,-81.703126,-2.864505,27.244946,44.405853
0.000109,-0.001034,0.004891,-4.009053,38.155998,-95.644599,-2.216327,21.078368,34.633241
0.000055,-0.000520,0.004973,-2.110964,20.097703,-104.989836,-1.218532,11.585847,27.578892
0.000000,-0.000000,0.005000,0.000000,0.013991,-108.299897,0.000000,-0.006531,24.986585
0.000000,-0.000000,-0.005000,0.000000,-0.003178,-108.450635,0.000000,0.018738,24.894854
0.000162,-0.000497,-0.004973,6.246427,-19.227054,-105.138369,3.611788,-11.096199,27.492689
0.000321,-0.000989,-0.004891,11.862342,-36.510497,-95.780911,6.569071,-20.197287,34.565346
0.000477,-0.001469,-0.004755,16.419128,-50.534366,-81.820701,8.489692,-26.108368,44.363513
0.000628,-0.001934,-0.004568,19.742591,-60.762458,-64.916929,9.327834,-28.688295,54.999884
0.000773,-0.002378,-0.004330,21.838688,-67.213041,-46.507392,9.261312,-28.484193,65.045086
0.000908,-0.002795,-0.004045,22.799802,-70.170414,-27.691645,8.551846,-26.301476,73.666608
0.001034,-0.003182,-0.003716,22.746275,-70.004985,-9.284417,7.456140,-22.930175,80.520154
0.001148,-0.003534,-0.003346,21.801950,-67.097940,8.099739,6.187353,-19.026323,85.590500
0.001250,-0.003847,-0.002939,20.087442,-61.820537,23.983412,4.904709,-15.079966,89.060488
0.001338,-0.004118,-0.002500,17.719686,-54.532703,37.989114,3.714930,-11.419560,91.218260
0.001412,-0.004344,-0.002034,14.812709,-45.585393,49.818860,2.677738,-8.228904,92.392919
0.001469,-0.004523,-0.001545,11.478146,-35.322194,59.242366,1.812646,-5.568037,92.908559
0.001511,-0.004651,-0.001040,7.825461,-24.079998,66.089091,1.106270,-3.395750,93.050361
0.001537,-0.004729,-0.000523,3.962153,-12.189639,70.242129,0.520056,-1.593362,93.039565
0.001545,-0.004755,0.000000,-0.005832,0.022840,71.633520,-0.001603,0.010296,93.015987
0.001537,-0.004729,0.000523,-3.973422,12.234086,70.241180,-0.522931,1.612917,93.027598
0.001511,-0.004651,0.001040,-7.835566,24.120814,66.087833,-1.108157,3.412208,93.027060
0.001469,-0.004523,0.001545,-11.486374,35.357163,59.242050,-1.812898,5.579379,92.875206
0.001412,-0.004344,0.002034,-14.818444,45.612601,49.821282,-2.675734,8.233198,92.351475
0.001338,-0.004118,0.002500,-17.722437,54.550641,37.996537,-3.710095,11.415037,91.171407
0.001250,-0.003847,0.002939,-20.086875,61.828196,23.998469,-4.896556,15.065142,89.011668
0.001148,-0.003534,0.003346,-21.797923,67.094914,8.125327,-6.175537,19.000181,85.543941
0.001034,-0.003182,0.003716,-22.738872,69.991587,-9.245256,-7.440557,22.892459,80.480851
0.000908,-0.002795,0.004045,-22.789393,70.147853,-27.635886,-8.532763,26.253102,73.640172
0.000773,-0.002378,0.004330,-21.826011,67.183665,-46.432302,-9.239554,28.427807,65.037341
0.000628,-0.001934,0.004568,-19.728839,60.730023,-64.820595,-9.304981,28.628872,55.015988
0.000477,-0.001469,0.004755,-16.405998,50.504143,-81.702928,-8.468193,26.053526,44.406409
0.000321,-0.000989,0.004891,-11.851890,36.488821,-95.644428,-6.552049,20.156650,34.633664
0.000162,-0.000497,0.004973,-6.240618,19.219900,-104.989755,-3.602323,11.079152,27.579097
0.000000,-0.000000,0.005000,0.000000,0.013991,-108.299897,0.000000,-0.006531,24.986585
0.000000,-0.000000,-0.005000,0.000000,-0.003178,-108.450635,0.000000,0.018738,24.894854
0.000261,-0.000453,-0.004973,10.106874,-17.508202,-105.137908,5.843931,-10.102346,27.493261
0.000520,-0.000900,-0.004891,19.193454,-33.246092,-95.780019,10.628733,-18.389448,34.566457
0.000773,-0.001338,-0.004755,26.566284,-46.015746,-81.819558,13.736136,-23.771686,44.364928
0.001017,-0.001761,-0.004568,31.943576,-55.329008,-64.915729,15.092091,-26.120671,55.001351
0.001250,-0.002165,-0.004330,35.335000,-61.202567,-46.506266,14.984346,-25.934673,65.046445
0.001469,-0.002545,-0.004045,36.890033,-63.895314,-27.690656,13.836369,-23.947094,73.667789
0.001673,-0.002897,-0.003716,36.803386,-63.744528,-9.283587,12.063498,-20.877304,80.521149
0.001858,-0.003218,-0.003346,35.275430,-61.097303,8.100406,10.010613,-17.322651,85.591326
0.002023,-0.003503,-0.002939,32.501316,-56.291697,23.983922,7.935330,-13.729348,89.061177
0.002165,-0.003750,-0.002500,28.670249,-49.655454,37.989472,6.010319,-10.396466,91.218842
0.002284,-0.003956,-0.002034,23.966723,-41.508147,49.819076,4.332208,-7.491363,92.393424
0.002378,-0.004118,-0.001545,18.571364,-32.162639,59.242450,2.932563,-5.068699,92.909013
0.002445,-0.004236,-0.001040,12.661288,-21.925699,66.089053,1.789728,-3.090945,93.050786
0.002486,-0.004306,-0.000523,6.410429,-11.098573,70.241983,0.841319,-1.450024,93.039980
0.002500,-0.004330,0.000000,-0.009793,0.021853,71.633280,-0.002639,0.009933,93.016407
0.002486,-0.004306,0.000523,-6.429370,11.141146,70.240864,-0.846064,1.468948,93.028035
0.002445,-0.004236,0.001040,-12.678328,21.964931,66.087458,-1.792880,3.107053,93.027524
0.002378,-0.004118,0.001545,-18.585341,32.196494,59.241635,-2.933078,5.080155,92.875704
0.002284,-0.003956,0.002034,-23.976627,41.534861,49.820850,-4.329081,7.496408,92.352015
0.002165,-0.003750,0.002500,-28.675276,49.673635,37.996114,-6.002622,10.393491,91.171998
0.002023,-0.003503,0.002939,-32.500919,56.300414,23.998084,-7.922271,13.716998,89.012320
0.001858,-0.003218,0.003346,-35.269369,61.096174,8.125012,-9.991633,17.300000,85.544671
0.001673,-0.002897,0.003716,-36.791793,63.733834,-9.245463,-12.038424,20.844116,80.481676
0.001469,-0.002545,0.004045,-36.873504,63.876159,-27.635947,-13.805627,23.904202,73.641106
0.001250,-0.002165,0.004330,-35.314727,61.177094,-46.432195,-14.949263,25.884483,65.038383
0.001017,-0.001761,0.004568,-31.921495,55.300648,-64.820329,-15.055216,26.067710,55.017092
0.000773,-0.001338,0.004755,-26.545144,45.989316,-81.702573,-13.701422,23.722884,44.407455
0.000520,-0.000900,0.004891,-19.176592,33.227379,-95.644114,-10.601228,18.353561,34.634466
0.000261,-0.000453,0.004973,-10.097488,17.502670,-104.989602,-5.828627,10.087922,27.579491
0.000000,-0.000000,0.005000,0.000000,0.013991,-108.299897,0.000000,-0.006531,24.986585
0.000000,-0.000000,-0.005000,0.000000,-0.003178,-108.450635,0.000000,0.018738,24.894854
0.000350,-0.000388,-0.004973,13.525529,-15.024283,-105.137257,7.820583,-8.666146,27.494070
0.000696,-0.000773,-0.004891,25.685444,-28.528763,-95.778777,14.223556,-15.777059,34.568002
0.001034,-0.001148,-0.004755,35.551835,-39.486057,-81.817984,18.381658,-20.395214,44.366875
0.001361,-0.001511,-0.004568,42.747715,-47.477402,-64.914095,20.195941,-22.410595,55.003355
0.001673,-0.001858,-0.004330,47.286079,-52.517184,-46.504748,20.051553,-22.250844,65.048289
0.001967,-0.002184,-0.004045,49.366968,-54.827568,-27.689341,18.515196,-20.545295,73.669387
0.002239,-0.002486,-0.003716,49.250937,-54.697967,-9.282503,16.142669,-17.911216,80.522492
0.002486,-0.002761,-0.003346,47.206118,-52.426216,8.101256,13.395476,-14.861165,85.592446
0.002707,-0.003006,-0.002939,43.493663,-48.302399,23.984545,10.618350,-11.778013,89.062115
0.002897,-0.003218,-0.002500,38.366769,-42.607753,37.989878,8.042352,-8.918380,91.219642
0.003056,-0.003394,-0.002034,32.072332,-35.616505,49.819276,5.796783,-6.425863,92.394126
0.003182,-0.003534,-0.001545,24.852075,-27.597121,59.242458,3.923882,-4.347356,92.909653
0.003273,-0.003635,-0.001040,16.943019,-18.812834,66.088886,2.394660,-2.650646,93.051393
0.003327,-0.003695,-0.000523,8.577929,-9.522139,70.241660,1.125630,-1.242987,93.040577
0.003346,-0.003716,0.000000,-0.013796,0.020212,71.632822,-0.003620,0.009382,93.017013
0.003327,-0.003695,0.000523,-8.604647,9.561578,70.240295,-1.132160,1.260944,93.028664
0.003273,-0.003635,0.001040,-16.967161,18.849363,66.086803,-2.399067,2.666191,93.028186
0.003182,-0.003534,0.001545,-24.872063,27.628966,59.240924,-3.924776,4.358913,92.876408
0.003056,-0.003394,0.002034,-32.086796,35.642129,49.820115,-5.792822,6.431925,92.352768
0.002897,-0.003218,0.002500,-38.374614,42.625940,37.995389,-8.032293,8.917566,91.172810
0.002707,-0.003006,0.002939,-43.494138,48.312331,23.997412,-10.601131,11.769159,89.013206
0.002486,-0.002761,0.003346,-47.198888,52.427555,8.124442,-13.370344,14.843476,85.545650
0.002239,-0.002486,0.003716,-49.236168,54.690950,-9.245876,-16.109382,17.884490,80.482774
0.001967,-0.002184,0.004045,-49.345452,54.813145,-27.636150,-18.474314,20.510245,73.642347
0.001673,-0.001858,0.004330,-47.259411,52.497206,-46.432149,-20.004836,22.209535,65.039769
0.001361,-0.001511,0.004568,-42.718491,47.454831,-64.820043,-20.146786,22.366911,55.018570
0.001034,-0.001148,0.004755,-35.523745,39.465046,-81.702138,-18.335339,20.355096,44.408871
0.000696,-0.000773,0.004891,-25.662976,28.514302,-95.643706,-14.186823,15.748014,34.635565
0.000350,-0.000388,0.004973,-13.512993,15.021086,-104.989395,-7.800124,8.655506,27.580042
0.000000,-0.000000,0.005000,0.000000,0.013991,-108.299897,0.000000,-0.006531,24.986585
0.000000,-0.000000,-0.005000,0.000000,-0.003178,-108.450635,0.000000,0.018738,24.894854
0.000423,-0.000307,-0.004973,16.352971,-11.883890,-105.136457,9.455347,-6.850406,27.495061
0.000841,-0.000611,-0.004891,31.054556,-22.564811,-95.777284,17.196409,-12.474446,34.569854
0.001250,-0.000908,-0.004755,42.983032,-31.230937,-81.816127,22.223198,-16.126810,44.369172
0.001645,-0.001195,-0.004568,51.682769,-37.551167,-64.912197,24.416297,-17.720622,55.005691
0.002023,-0.001469,-0.004330,57.169555,-41.536938,-46.503016,24.241455,-17.594183,65.050420
0.002378,-0.001727,-0.004045,59.685248,-43.363983,-27.687871,22.383834,-16.245256,73.671222
0.002707,-0.001967,-0.003716,59.544849,-43.261208,-9.281327,19.515374,-14.162036,80.524033
0.003006,-0.002184,-0.003346,57.072520,-41.464178,8.102138,16.194013,-11.749899,85.593733
0.003273,-0.002378,-0.002939,52.583992,-38.202333,23.985140,12.836517,-9.311654,89.063203
0.003503,-0.002545,-0.002500,46.385386,-33.698113,37.990199,9.722229,-7.050252,91.220583
0.003695,-0.002685,-0.002034,38.775207,-28.168416,49.819339,7.007464,-5.079260,92.394968
0.003847,-0.002795,-0.001545,30.045705,-21.825580,59.242279,4.743283,-3.435758,92.910435
0.003957,-0.002875,-0.001040,20.483447,-14.877800,66.088486,2.894630,-2.094257,93.052147
0.004023,-0.002923,-0.000523,10.369850,-7.529521,70.241063,1.360562,-0.981392,93.041329
0.004045,-0.002939,0.000000,-0.017734,0.017775,71.632054,-0.004511,0.008639,93.017780
0.004023,-0.002923,0.000523,-10.404247,7.564276,70.239386,-1.368730,0.998032,93.029457
0.003957,-0.002875,0.001040,-20.514679,14.910209,66.085787,-2.900249,2.108989,93.029012
0.003847,-0.002795,0.001545,-30.071834,21.854210,59.239836,-4.744677,3.447335,92.877272
0.003695,-0.002685,0.002034,-38.794544,28.192026,49.818994,-7.003017,5.086491,92.353674
0.003503,-0.002545,0.002500,-46.396578,33.715719,37.994282,-9.710437,7.052042,91.173766
0.003273,-0.002378,0.002939,-52.586105,38.213272,23.996372,-12.816093,9.307084,89.014227
0.003006,-0.002184,0.003346,-57.065126,41.468175,8.123530,-16.164036,11.738343,85.546760
0.002707,-0.001967,0.003716,-59.528132,43.258448,-9.246592,-19.475538,14.143336,80.484005
0.002378,-0.001727,0.004045,-59.660157,43.355227,-27.636598,-22.334799,16.219984,73.643733
0.002023,-0.001469,0.004330,-57.138019,41.523665,-46.432277,-24.185330,17.563980,65.041323
0.001645,-0.001195,0.004568,-51.647934,37.535743,-64.819850,-24.357161,17.688565,55.020242
0.001250,-0.000908,0.004755,-42.949378,31.216672,-81.701719,-22.167407,16.097599,44.410496
0.000841,-0.000611,0.004891,-31.027540,22.555674,-95.643269,-17.152111,12.454013,34.636855
0.000423,-0.000307,0.004973,-16.337854,11.883633,-104.989158,-9.430644,6.844540,27.580707
0.000000,-0.000000,0.005000,0.000000,0.013991,-108.299897,0.000000,-0.006531,24.986585
0.000000,-0.000000,-0.005000,0.000000,-0.003178,-108.450635,0.000000,0.018738,24.894854
0.000477,-0.000213,-0.004973,18.465636,-8.224309,-105.135559,10.676785,-4.734522,27.496172
0.000950,-0.000423,-0.004891,35.066171,-15.615016,-95.775656,19.417412,-8.626090,34.571871
0.001412,-0.000628,-0.004755,48.535178,-21.611413,-81.814149,25.092973,-11.153285,44.371618
0.001858,-0.000827,-0.004568,58.358362,-25.984465,-64.910222,27.568878,-12.256082,55.008136
0.002284,-0.001017,-0.004330,64.553632,-28.742131,-46.501259,27.371145,-12.168616,65.052621
0.002685,-0.001195,-0.004045,67.394092,-30.006031,-27.686429,25.273436,-11.235329,73.673102
0.003056,-0.001361,-0.003716,67.235411,-29.934573,-9.280228,22.034446,-9.794028,80.525606
0.003394,-0.001511,-0.003346,64.443605,-28.690771,8.102893,18.284140,-8.125209,85.595054
0.003695,-0.001645,-0.002939,59.375180,-26.433398,23.985563,14.493093,-6.438395,89.064333
0.003956,-0.001761,-0.002500,52.375800,-23.316387,37.990304,10.976710,-4.874015,91.221581
0.004173,-0.001858,-0.002034,43.782529,-19.489827,49.819144,7.911487,-3.510643,92.395884
0.004344,-0.001934,-0.001545,33.925373,-15.100649,59.241803,5.355069,-2.373928,92.911309
0.004468,-0.001989,-0.001040,23.127917,-10.292916,66.087753,3.267866,-1.446224,93.053010
0.004543,-0.002023,-0.000523,11.707930,-5.208089,70.240100,1.535886,-0.676752,93.042200
0.004568,-0.002034,0.000000,-0.021414,0.014425,71.630893,-0.005270,0.007709,93.018672
0.004543,-0.002023,0.000523,-11.749525,5.236373,70.238061,-1.545470,0.691725,93.030375
0.004468,-0.001989,0.001040,-23.165875,10.319533,66.084335,-3.274591,1.459868,93.029957
0.004344,-0.001934,0.001545,-33.957461,15.124582,59.238300,-5.357055,2.385377,92.878241
0.004173,-0.001858,0.002034,-43.806799,19.510192,49.817420,-7.906914,3.519069,92.354665
0.003956,-0.001761,0.002500,-52.390684,23.332488,37.992723,-10.963882,4.878660,91.174782
0.003695,-0.001645,0.002939,-59.379590,26.444766,23.994888,-14.470549,6.438626,89.015280
0.003394,-0.001511,0.003346,-64.437027,28.697211,8.122194,-18.250828,8.120600,85.547875
0.003056,-0.001361,0.003716,-67.218033,29.936222,-9.247699,-21.990003,9.784483,80.485218
0.002685,-0.001195,0.004045,-67.366974,30.003431,-27.637392,-25.218585,11.221262,73.645088
0.002284,-0.001017,0.004330,-64.518951,28.736329,-46.432688,-27.308238,12.151182,65.042851
0.001858,-0.000827,0.004568,-58.319682,25.977129,-64.819861,-27.502491,12.237431,55.021913
0.001412,-0.000628,0.004755,-48.497581,21.604860,-81.701418,-25.030251,11.136683,44.412160
0.000950,-0.000423,0.004891,-35.035860,15.612012,-95.642870,-19.367540,8.615637,34.638215
0.000477,-0.000213,0.004973,-18.448617,8.227457,-104.988915,-10.648933,4.734203,27.581438
0.000000,-0.000000,0.005000,0.000000,0.013991,-108.299897,0.000000,-0.006531,24.986585
0.000000,-0.000000,-0.005000,0.000000,-0.003178,-108.450635,0.000000,0.018738,24.894854
0.000511,-0.000109,-0.004973,19.771209,-4.205506,-105.134615,11.431538,-2.410998,27.497338
0.001017,-0.000216,-0.004891,37.545048,-7.983212,-95.774005,20.789598,-4.400282,34.573910
0.001511,-0.000321,-0.004755,51.965792,-11.048076,-81.812208,26.865768,-5.692177,44.374017
0.001989,-0.000423,-0.004568,62.482993,-13.283051,-64.908346,29.516204,-6.256019,55.010475
0.002445,-0.000520,-0.004330,69.115907,-14.692236,-46.499655,29.304205,-6.211505,65.054688
0.002875,-0.000611,-0.004045,72.156938,-15.337828,-27.685182,27.058103,-5.734711,73.674844
0.003273,-0.000696,-0.003716,71.986875,-15.300828,-9.279361,23.590175,-4.998318,80.527059
0.003635,-0.000773,-0.003346,68.997585,-14.664589,8.103384,19.574874,-4.145710,85.596281
0.003957,-0.000841,-0.002939,63.570771,-13.510292,23.985691,15.516006,-3.283986,89.065403
0.004236,-0.000900,-0.002500,56.076527,-11.916635,37.990086,11.751253,-2.484926,91.222555
0.004468,-0.000950,-0.002034,46.875752,-9.960347,49.818596,8.469576,-1.788686,92.396809
0.004651,-0.000989,-0.001545,36.321778,-7.716535,59.240949,5.732683,-1.208367,92.912223
0.004784,-0.001017,-0.001040,24.761068,-5.258831,66.086617,3.498180,-0.734937,93.053935
0.004864,-0.001034,-0.000523,12.533852,-2.659534,70.238713,1.644010,-0.342427,93.043150
0.004891,-0.001040,0.000000,-0.024560,0.010111,71.629288,-0.005850,0.006606,93.019651
0.004864,-0.001034,0.000523,-12.581627,2.679454,70.236275,-1.654697,0.355404,93.031378
0.004784,-0.001017,0.001040,-24.804872,5.277860,66.082411,-3.505829,0.747213,93.030973
0.004651,-0.000989,0.001545,-36.359172,7.734129,59.236281,-5.735295,1.219488,92.879258
0.004468,-0.000950,0.002034,-46.904599,9.976039,49.815359,-8.465208,1.798220,92.355673
0.004236,-0.000900,0.002500,-56.095105,11.930058,37.990676,-11.738091,2.492485,91.175776
0.003957,-0.000841,0.002939,-63.577872,13.521205,23.992924,-15.492477,3.289254,89.016266
0.003635,-0.000773,0.003346,-68.992626,14.672904,8.120389,-19.539839,4.148485,85.548875
0.003273,-0.000696,0.003716,-71.970031,15.306634,-9.249253,-23.543224,4.998581,80.486275
0.002875,-0.000611,0.004045,-72.129331,15.341433,-27.638600,-26.999983,5.732711,73.646256
0.002445,-0.000520,0.004330,-69.079866,14.694215,-46.433463,-29.237401,6.207879,65.044179
0.001989,-0.000423,0.004568,-62.442350,13.284296,-64.820166,-29.445579,6.251914,55.023404
0.001511,-0.000321,0.004755,-51.926013,11.049806,-81.701318,-26.798936,5.689293,44.413701
0.001017,-0.000216,0.004891,-37.512824,7.986854,-95.642569,-20.736376,4.400720,34.639534
0.000511,-0.000109,0.004973,-19.753048,4.212371,-104.988690,-11.401767,2.416750,27.582186
0.000000,-0.000000,0.005000,0.000000,0.013991,-108.299897,0.000000,-0.006531,24.986585
0.000000,0.000000,-0.005000,0.000000,-0.003178,-108.450635,0.000000,0.018738,24.894854
0.000523,0.000000,-0.004973,20.212661,-0.003140,-105.133674,11.686654,0.018602,27.498495
0.001040,0.000000,-0.004891,38.382961,-0.002991,-95.772432,21.253125,0.018249,34.575844
0.001545,0.000000,-0.004755,53.125161,-0.002663,-81.810437,27.464350,0.017787,44.376204
0.002034,0.000000,-0.004568,63.876715,-0.002124,-64.906713,30.173514,0.017290,55.012536
0.002500,0.000000,-0.004330,70.657373,-0.001400,-46.498340,29.956555,0.016765,65.056456
0.002939,0.000000,-0.004045,73.766057,-0.000554,-27.684254,27.660263,0.016182,73.676306
0.003346,0.000000,-0.003716,73.592027,0.000343,-9.278833,24.114988,0.015499,80.528269
0.003716,0.000000,-0.003346,70.535882,0.001227,8.103520,20.010192,0.014685,85.597315
0.004045,0.000000,-0.002939,64.987837,0.002048,23.985449,15.860898,0.013725,89.066331
0.004330,0.000000,-0.002500,57.326248,0.002775,37.989483,12.012307,0.012617,91.223436
0.004568,0.000000,-0.002034,47.920072,0.003391,49.817652,8.657585,0.011368,92.397687
0.004755,0.000000,-0.001545,37.130531,0.003894,59.239685,5.859813,0.009995,92.913125
0.004891,0.000000,-0.001040,25.311819,0.004297,66.085060,3.575642,0.008519,93.054878
0.004973,0.000000,-0.000523,12.811761,0.004619,70.236892,1.680289,0.006966,93.044137
0.005000,0.000000,0.000000,-0.026854,0.004891,71.627240,-0.006203,0.005362,93.020673
0.004973,0.000000,0.000523,-12.864066,0.005146,70.234038,-1.691668,0.003740,93.032419
0.004891,0.000000,0.001040,-25.359983,0.005421,66.080028,-3.583942,0.002131,93.032011
0.004755,0.000000,0.001545,-37.172006,0.005751,59.233800,-5.863002,0.000570,92.880269
0.004568,0.000000,0.002034,-47.952623,0.006169,49.812831,-8.653686,-0.000906,92.356636
0.004330,0.000000,0.002500,-57.348065,0.006699,37.988162,-11.999463,-0.002260,91.176677
0.004045,0.000000,0.002939,-64.997641,0.007356,23.990493,-15.837495,-0.003456,89.017106
0.003716,0.000000,0.003346,-70.533040,0.008142,8.118124,-19.975050,-0.004463,85.549672
0.003346,0.000000,0.003716,-73.576691,0.009043,-9.251258,-24.067666,-0.005257,80.487071
0.002939,0.000000,0.004045,-73.739359,0.010026,-27.640239,-27.601495,-0.005829,73.647116
0.002500,0.000000,0.004330,-70.621695,0.011039,-46.434637,-29.888848,-0.006192,65.045176
0.002034,0.000000,0.004568,-63.835987,0.012008,-64.820813,-30.101799,-0.006384,55.024577
0.001545,0.000000,0.004755,-53.085002,0.012847,-81.701471,-27.396373,-0.006466,44.414991
0.001040,0.000000,0.004891,-38.350263,0.013481,-95.642408,-21.198902,-0.006500,34.640716
0.000523,0.000000,0.004973,-20.194160,0.013865,-104.988501,-11.656271,-0.006521,27.582908
0.000000,0.000000,0.005000,0.000000,0.013991,-108.299897,0.000000,-0.006531,24.986585
0.000000,0.000000,-0.005000,0.000000,-0.003178,-108.450635,0.000000,0.018738,24.894854
0.000511,0.000109,-0.004973,19.770731,4.199124,-105.132782,11.431018,2.448091,27.499590
0.001017,0.000216,-0.004891,37.543405,7.976882,-95.771016,20.787861,4.436411,34.577577
0.001511,0.000321,-0.004755,51.962828,11.042121,-81.808930,26.862786,5.727118,44.378063
0.001989,0.000423,-0.004568,62.478915,13.277937,-64.905416,29.512382,6.289786,55.014202
0.002445,0.000520,-0.004330,69.111024,14.688398,-46.497397,29.300026,6.244147,65.057824
0.002875,0.000611,-0.004045,72.151524,15.335570,-27.683712,27.053945,5.766191,73.677400
0.003273,0.000696,-0.003716,71.981141,15.300296,-9.278693,23.586278,5.028487,80.529164
0.003635,0.000773,-0.003346,68.991698,14.665791,8.103269,19.571372,4.174336,85.598093
0.003957,0.000841,-0.002939,63.564875,13.513135,23.984824,15.512963,3.310790,89.067064
0.004236,0.000900,-0.002500,56.070759,11.920958,37.988498,11.748689,2.509615,91.224177
0.004468,0.000950,-0.002034,46.870239,9.965957,49.816326,8.467485,1.810978,92.398472
0.004651,0.000989,-0.001545,36.316643,7.723232,59.238041,5.731047,1.228010,92.913975
0.004784,0.001017,-0.001040,24.756420,5.266437,66.083123,3.496971,0.751719,93.055797
0.004864,0.001034,-0.000523,12.529784,2.667908,70.234694,1.643201,0.356187,93.045117
0.004891,0.001040,0.000000,-0.027974,-0.001055,71.624814,-0.006285,0.004026,93.021694
0.004864,0.001034,0.000523,-12.584333,-2.669738,70.231423,-1.654775,-0.347941,93.033453
0.004784,0.001017,0.001040,-24.806838,-5.267436,66.077266,-3.505559,-0.742894,93.033025
0.004651,0.000989,0.001545,-36.360388,-7.722885,59.230938,-5.734674,-1.218215,92.881227
0.004468,0.000950,0.002034,-46.905072,-9.963801,49.809922,-8.464224,-1.799822,92.357507
0.004236,0.000900,0.002500,-56.094861,-11.916608,37.985266,-11.736724,-2.496715,91.177439
0.003957,0.000841,0.002939,-63.576953,-13.506298,23.987679,-15.490708,-3.295791,89.017751
0.003635,0.000773,0.003346,-68.991096,-14.656295,8.115473,-19.537658,-4.156948,85.550214
0.003273,0.000696,0.003716,-71.967982,-15.288113,-9.253650,-23.540652,-5.008548,80.487553
0.002875,0.000611,0.004045,-72.126903,-15.320865,-27.642263,-26.997097,-5.743755,73.647610
0.002445,0.000520,0.004330,-69.077269,-14.671585,-46.436182,-29.234374,-6.219620,65.045772
0.001989,0.000423,0.004568,-62.439882,-13.259757,-64.821795,-29.442710,-6.264073,55.025357
0.001511,0.000321,0.004755,-51.924045,-11.023693,-81.701888,-26.796635,-5.701737,44.415954
0.001017,0.000216,0.004891,-37.511663,-7.959645,-95.642403,-20.735008,-4.413429,34.641697
0.000511,0.000109,0.004973,-19.752698,-4.184567,-104.988361,-11.401351,-2.429705,27.583567
0.000000,0.000000,0.005000,0.000000,0.013991,-108.299897,0.000000,-0.006531,24.986585
0.000000,0.000000,-0.005000,0.000000,-0.003178,-108.450635,0.000000,0.018738,24.894854
0.000477,0.000213,-0.004973,18.464762,8.217639,-105.131973,10.675834,4.771302,27.500578
0.000950,0.000423,-0.004891,35.063170,15.607699,-95.769808,19.414239,8.661176,34.579046
0.001412,0.000628,-0.004755,48.529762,21.603677,-81.807736,25.087525,11.186434,44.379534
0.001858,0.000827,-0.004568,58.350910,25.976900,-64.904489,27.561894,12.287552,55.015426
0.002284,0.001017,-0.004330,64.544710,28.735359,-46.496843,27.363509,12.198747,65.058757
0.002685,0.001195,-0.004045,67.384200,30.000520,-27.683553,25.265838,11.264310,73.678101
0.003056,0.001361,-0.003716,67.224935,29.930595,-9.278922,22.027325,9.821855,80.529725
0.003394,0.001511,-0.003346,64.432849,28.688435,8.102668,18.277741,8.151730,85.598599
0.003695,0.001645,-0.002939,59.364409,26.432698,23.983865,14.487532,6.463370,89.067582
0.003956,0.001761,-0.002500,52.365261,23.317244,37.987199,10.972024,4.897163,91.224754
0.004173,0.001858,-0.002034,43.772458,19.492124,49.814702,7.907668,3.531679,92.399136
0.004344,0.001934,-0.001545,33.915991,15.104261,59.236114,5.352080,2.392587,92.914738
0.004468,0.001989,-0.001040,23.119424,10.297728,66.080917,3.265657,1.462279,93.056653
0.004543,0.002023,-0.000523,11.700497,5.214018,70.232238,1.534407,0.690025,93.046047
0.004568,0.002034,0.000000,-0.027650,-0.007420,71.622140,-0.006065,0.002662,93.022669
0.004543,0.002023,0.000523,-11.754469,-5.228283,70.228569,-1.545614,-0.684309,93.034436
0.004468,0.001989,0.001040,-23.169467,-10.310291,66.074271,-3.274098,-1.455386,93.033971
0.004344,0.001934,0.001545,-33.959683,-15.114068,59.227847,-5.355921,-2.383732,92.882094
0.004173,0.001858,0.002034,-43.807663,-19.498238,49.806785,-7.905116,-3.520080,92.358254
0.003956,0.001761,0.002500,-52.390238,-23.318891,37.982139,-10.961384,-4.882069,91.178036
0.003695,0.001645,0.002939,-59.377912,-26.429306,23.984628,-14.467316,-6.444100,89.018184
0.003394,0.001511,0.003346,-64.434232,-28.679683,8.112576,-18.246844,-8.127752,85.550494
0.003056,0.001361,0.003716,-67.214291,-29.916470,-9.256300,-21.985304,-9.792905,80.487719
0.002685,0.001195,0.004045,-67.362538,-29.981403,-27.644558,-25.213313,-11.230572,73.647737
0.002284,0.001017,0.004330,-64.514205,-28.712138,-46.438006,-27.302707,-12.161104,65.045968
0.001858,0.000827,0.004568,-58.315174,-25.951107,-64.823048,-27.497250,-12.247867,55.025734
0.001412,0.000628,0.004755,-48.493985,-21.577565,-81.702534,-25.026046,-11.147743,44.416568
0.000950,0.000423,0.004891,-35.033739,-15.584106,-95.642545,-19.365041,-8.627524,34.642446
0.000477,0.000213,0.004973,-18.447977,-8.199442,-104.988271,-10.648174,-4.746908,27.584138
0.000000,0.000000,0.005000,0.000000,0.013991,-108.299897,0.000000,-0.006531,24.986585
0.000000,0.000000,-0.005000,0.000000,-0.003178,-108.450635,0.000000,0.018738,24.894854
0.000423,0.000307,-0.004973,16.351854,11.876798,-105.131275,9.454130,6.886726,27.501428
0.000841,0.000611,-0.004891,31.050715,22.556039,-95.768834,17.192349,12.507994,34.580222
0.001250,0.000908,-0.004755,42.976101,31.220576,-81.806858,22.216226,16.157319,44.380612
0.001645,0.001195,-0.004568,51.673232,37.539991,-64.903912,24.407359,17.748708,55.016226
0.002023,0.001469,-0.004330,57.158137,41.525843,-46.496634,24.231683,17.620613,65.059287
0.002378,0.001727,-0.004045,59.672589,43.353678,-27.683715,22.374110,16.270554,73.678447
0.002707,0.001967,-0.003716,59.531442,43.252153,-9.279439,19.506261,14.186413,80.529985
0.003006,0.002184,-0.003346,57.058755,41.456630,8.101814,16.185824,11.773320,85.598856
0.003273,0.002378,-0.002939,52.570208,38.196413,23.982687,12.829401,9.333934,89.067898
0.003503,0.002545,-0.002500,46.371898,33.693863,37.985711,9.716232,7.071130,91.225168
0.003695,0.002685,-0.002034,38.762318,28.165833,49.812921,7.002577,5.098445,92.399668
0.003847,0.002795,-0.001545,30.033698,21.824645,59.234057,4.739458,3.452969,92.915390
0.003957,0.002875,-0.001040,20.472578,14.878496,66.078607,2.891804,2.109242,93.057412
0.004023,0.002923,-0.000523,10.360338,7.531848,70.229701,1.358669,0.993949,93.046889
0.004045,0.002939,0.000000,-0.025716,-0.013793,71.619406,-0.005528,0.001346,93.023556
0.004023,0.002923,0.000523,-10.410574,-7.558582,70.225669,-1.368914,-0.990686,93.035324
0.003957,0.002875,0.001040,-20.519277,-14.902708,66.071243,-2.899617,-2.104268,93.034813
0.003847,0.002795,0.001545,-30.074677,-21.844772,59.224731,-4.743225,-3.445140,92.882840
0.003695,0.002685,0.002034,-38.795650,-28.180491,49.803625,-7.000715,-5.086630,92.358860
0.003503,0.002545,0.002500,-46.396007,-33.701905,37.978987,-9.707241,-7.054240,91.178468
0.003273,0.002378,0.002939,-52.583957,-38.196999,23.981544,-12.811956,-9.310991,89.018423
0.003006,0.002184,0.003346,-57.061549,-41.449292,8.109631,-16.158937,-11.743564,85.550546
0.002707,0.001967,0.003716,-59.523343,-43.236883,-9.259021,-19.469524,-14.149481,80.487620
0.002378,0.001727,0.004045,-59.654480,-43.331050,-27.646954,-22.328052,-16.226740,73.647561
0.002023,0.001469,0.004330,-57.131944,-41.497174,-46.439963,-24.178251,-17.571222,65.045828
0.001645,0.001195,0.004568,-51.642165,-37.507537,-64.824455,-24.350454,-17.696461,55.025765
0.001250,0.000908,0.004755,-42.944775,-31.187634,-81.703332,-22.162026,-16.106622,44.416867
0.000841,0.000611,0.004891,-31.024825,-22.526740,-95.642799,-17.148912,-12.464689,34.642969
0.000423,0.000307,0.004973,-16.337035,-11.855308,-104.988227,-9.429673,-6.856877,27.584609
0.000000,0.000000,0.005000,0.000000,0.013991,-108.299897,0.000000,-0.006531,24.986585
0.000000,0.000000,-0.005000,0.000000,-0.003178,-108.450635,0.000000,0.018738,24.894854
0.000350,0.000388,-0.004973,13.524360,15.016705,-105.130704,7.819311,8.701936,27.502119
0.000696,0.000773,-0.004891,25.681428,28.518321,-95.768093,14.219310,15.808841,34.581110
0.001034,0.001148,-0.004755,35.544587,39.472682,-81.806266,18.374367,20.422691,44.381339
0.001361,0.001511,-0.004568,42.737741,47.462079,-64.903620,20.186595,22.434795,55.016675
0.001673,0.001858,-0.004330,47.274139,52.501124,-46.496679,20.041334,22.273025,65.059499
0.001967,0.002184,-0.004045,49.353730,54.811758,-27.684086,18.505028,20.566365,73.678521
0.002239,0.002486,-0.003716,49.236917,54.683081,-9.280117,16.133140,17.931630,80.530017
0.002486,0.002761,-0.003346,47.191723,52.412682,8.100846,13.386912,14.881024,85.598923
0.002707,0.003006,-0.002939,43.479248,48.290485,23.981444,10.610908,11.797199,89.068051
0.002897,0.003218,-0.002500,38.352665,42.597638,37.984204,8.036082,8.936650,91.225439
0.003056,0.003394,-0.002034,32.058854,35.608317,49.811162,5.791672,6.442922,92.400069
0.003182,0.003534,-0.001545,24.839519,27.590964,59.232062,3.919882,4.362904,92.915917
0.003273,0.003635,-0.001040,16.931653,18.808804,66.076396,2.391705,2.664403,93.058049
0.003327,0.003695,-0.000523,8.567982,9.520330,70.227295,1.123651,1.254720,93.047606
0.003346,0.003716,0.000000,-0.022142,-0.019701,71.616830,-0.004684,0.000161,93.024317
0.003327,0.003695,0.000523,-8.611263,-9.558634,70.222952,-1.132352,-1.253677,93.036083
0.003273,0.003635,0.001040,-16.971969,-18.843862,66.068415,-2.398407,-2.661196,93.035520
0.003182,0.003534,0.001545,-24.875036,-27.620764,59.221827,-3.923257,-4.356087,92.883448
0.003056,0.003394,0.002034,-32.087953,-35.631075,49.800683,-5.790415,-6.431064,92.359325
0.002897,0.003218,0.002500,-38.374016,-42.611878,37.976051,-8.028951,-8.918374,91.178754
0.002707,0.003006,0.002939,-43.491892,-48.295124,23.978665,-10.596805,-11.771267,89.018511
0.002486,0.002761,0.003346,-47.195148,-52.407117,8.106870,-13.365011,-14.846480,85.550436
0.002239,0.002486,0.003716,-49.231160,-54.667302,-9.261590,-16.103092,-17.888019,80.487344
0.001967,0.002184,0.004045,-49.339515,-54.786500,-27.649243,-18.467258,-20.514067,73.647187
0.001673,0.001858,0.004330,-47.253059,-52.468074,-46.441866,-19.997435,-22.213699,65.045466
0.001361,0.001511,0.004568,-42.712458,-47.424116,-64.825865,-20.139771,-22.371890,55.025553
0.001034,0.001148,0.004755,-35.518932,-39.434007,-81.704176,-18.329712,-20.361779,44.416925
0.000696,0.000773,0.004891,-25.660137,-28.484187,-95.643112,-14.183478,-15.757300,34.643296
0.000350,0.000388,0.004973,-13.512137,-14.992406,-104.988219,-7.799109,-8.667421,27.584975
0.000000,0.000000,0.005000,0.000000,0.013991,-108.299897,0.000000,-0.006531,24.986585
0.000000,0.000000,-0.005000,0.000000,-0.003178,-108.450635,0.000000,0.018738,24.894854
0.000261,0.000453,-0.004973,10.105857,17.500159,-105.130272,5.842823,10.137631,27.502642
0.000520,0.000900,-0.004891,19.189957,33.234054,-95.767569,10.625035,18.419542,34.581733
0.000773,0.001338,-0.004755,26.559972,45.999489,-81.805901,13.729787,23.796265,44.381784
0.001017,0.001761,-0.004568,31.934891,55.309719,-64.903522,15.083952,26.141154,55.016874
0.001250,0.002165,-0.004330,35.324603,61.181759,-46.496862,14.975447,25.952790,65.059509
0.001469,0.002545,-0.004045,36.878505,63.874241,-27.684532,13.827514,23.964120,73.678434
0.001673,0.002897,-0.003716,36.791177,63.724067,-9.280806,12.055200,20.893928,80.529918
0.001858,0.003218,-0.003346,35.262895,61.078045,8.099929,10.003155,17.339105,85.598874
0.002023,0.003503,-0.002939,32.488764,56.274051,23.980309,7.928849,13.745574,89.068095
0.002165,0.003750,-0.002500,28.657967,49.639729,37.982860,6.004859,10.412243,91.225597
0.002284,0.003956,-0.002034,23.954986,41.494599,49.809620,4.327757,7.506390,92.400349
0.002378,0.004118,-0.001545,18.560430,32.151490,59.230335,2.929080,5.082656,92.916313
0.002445,0.004236,-0.001040,12.651391,21.917149,66.074497,1.787154,3.103526,93.058543
0.002486,0.004306,-0.000523,6.401767,11.092808,70.225243,0.839595,1.460970,93.048171
0.002500,0.004330,0.000000,-0.017061,-0.024660,71.614644,-0.003566,-0.000813,93.024918
0.002486,0.004306,0.000523,-6.435132,-11.140833,70.220654,-0.846232,-1.461757,93.036679
0.002445,0.004236,0.001040,-12.682515,-21.961341,66.066029,-1.792305,-3.101796,93.036070
0.002378,0.004118,0.001545,-18.587929,-32.189474,59.219380,-2.931756,-5.076725,92.883908
0.002284,0.003956,0.002034,-23.977634,-41.524266,49.798206,-4.326985,-7.494590,92.359656
0.002165,0.003750,0.002500,-28.674756,-49.659336,37.973578,-5.999711,-10.392970,91.178924
0.002023,0.003503,0.002939,-32.498963,-56.282314,23.976236,-7.918503,-13.717385,89.018502
0.001858,0.003218,0.003346,-35.266111,-61.074248,8.104534,-9.986989,-17.300884,85.550248
0.001673,0.002897,0.003716,-36.787431,-63.708195,-9.263775,-12.032947,-20.845144,80.487001
0.001469,0.002545,0.004045,-36.868334,-63.847152,-27.651205,-13.799482,-23.905218,73.646746
0.001250,0.002165,0.004330,-35.309195,-61.145436,-46.443518,-14.942817,-25.885704,65.045022
0.001017,0.001761,0.004568,-31.916241,-55.267534,-64.827113,-15.049107,-26.069899,55.025230
0.000773,0.001338,0.004755,-26.540952,-45.956363,-81.704948,-13.696521,-23.727329,44.416842
0.000520,0.000900,0.004891,-19.174120,-33.196136,-95.643421,-10.598316,-18.361517,34.643475
0.000261,0.000453,0.004973,-10.096742,-17.473649,-104.988231,-5.827743,-10.099434,27.585240
0.000000,0.000000,0.005000,0.000000,0.013991,-108.299897,0.000000,-0.006531,24.986585
0.000000,0.000000,-0.005000,0.000000,-0.003178,-108.450635,0.000000,0.018738,24.894854
0.000162,0.000497,-0.004973,6.245736,19.218647,-105.129983,3.611036,11.131088,27.502990
0.000321,0.000989,-0.004891,11.859968,36.497210,-95.767238,6.566562,20.226062,34.582122
0.000477,0.001469,-0.004755,16.414844,50.515857,-81.805703,8.485383,26.130681,44.382024
0.000628,0.001934,-0.004568,19.736696,60.740070,-64.903522,9.322309,28.705873,55.016931
0.000773,0.002378,-0.004330,21.831632,67.188523,-46.497064,9.255271,28.499134,65.059434
0.000908,0.002795,-0.004045,22.791978,70.145227,-27.684920,8.545835,26.315342,73.678298
0.001034,0.003182,-0.003716,22.737989,69.980168,-9.281362,7.450508,22.943838,80.529785
0.001148,0.003534,-0.003346,21.793442,67.074209,8.099215,6.182291,19.040116,85.598789
0.001250,0.003847,-0.002939,20.078922,61.798411,23.979444,4.900311,15.093880,89.068085
0.001338,0.004118,-0.002500,17.711350,54.512596,37.981852,3.711224,11.433387,91.225678
0.001412,0.004344,-0.002034,14.804743,45.567657,49.808475,2.674717,8.242343,92.400524
0.001469,0.004523,-0.001545,11.470725,35.307143,59.229062,1.810282,5.580751,92.916576
0.001511,0.004651,-0.001040,7.818744,24.067917,66.073106,1.104523,3.407413,93.058880
0.001537,0.004729,-0.000523,3.956274,12.180783,70.223745,0.518886,1.603693,93.048561
0.001545,0.004755,0.000000,-0.010765,-0.028241,71.613054,-0.002232,-0.001506,93.025333
0.001537,0.004729,0.000523,-3.977333,-12.235829,70.218986,-0.523045,-1.605787,93.037091
0.001511,0.004651,0.001040,-7.838407,-24.118718,66.064300,-1.107767,-3.406746,93.036446
0.001469,0.004523,0.001545,-11.488131,-35.351067,59.217609,-1.812001,-5.575477,92.884216
0.001412,0.004344,0.002034,-14.819127,-45.602367,49.796413,-2.674312,-8.230631,92.359866
0.001338,0.004118,0.002500,-17.722084,-54.536156,37.971788,-3.708120,-11.413477,91.179014
0.001250,0.003847,0.002939,-20.085547,-61.809398,23.974477,-4.893998,-15.064184,89.018457
0.001148,0.003534,0.003346,-21.795712,-67.071826,8.102838,-6.172385,-18.999407,85.550066
0.001034,0.003182,0.003716,-22.735912,-69.964390,-9.265367,-7.436840,-22.891533,80.486699
0.000908,0.002795,0.004045,-22.785884,-70.117002,-27.652641,-8.528593,-26.251925,73.646366
0.000773,0.002378,0.004330,-21.822257,-67.150032,-46.444738,-9.235179,-28.426727,65.044632
0.000628,0.001934,0.004568,-19.725273,-60.695034,-64.828045,-9.300835,-28.628882,55.024926
0.000477,0.001469,0.004755,-16.403153,-50.469695,-81.705536,-8.464867,-26.056223,44.416717
0.000321,0.000989,0.004891,-11.850211,-36.456695,-95.643667,-6.550072,-20.163566,34.643557
0.000162,0.000497,0.004973,-6.240112,-19.190612,-104.988249,-3.601723,-11.090348,27.585410
0.000000,0.000000,0.005000,0.000000,0.013991,-108.299897,0.000000,-0.006531,24.986585
0.000000,0.000000,-0.005000,0.000000,-0.003178,-108.450635,0.000000,0.018738,24.894854
0.000055,0.000520,-0.004973,2.112686,20.097082,-105.129839,1.221469,11.638909,27.503164
0.000109,0.001034,-0.004891,4.011754,38.165226,-95.767079,2.221201,21.149491,34.582308
0.000162,0.001537,-0.004755,5.552485,52.824473,-81.805619,2.870261,27.323957,44.382126
0.000213,0.002023,-0.004568,6.676134,63.515885,-64.903544,3.153363,30.016882,55.016935
0.000261,0.002486,-0.004330,7.384766,70.258981,-46.497192,3.130691,29.800760,65.059369
0.000307,0.002923,-0.004045,7.709611,73.350746,-27.685143,2.890721,27.517236,73.678205
0.000350,0.003327,-0.003716,7.691345,73.178075,-9.281672,2.520218,23.991715,80.529696
0.000388,0.003695,-0.003346,7.371839,70.139240,8.098825,2.091232,19.909649,85.598729
0.000423,0.004023,-0.002939,6.791881,64.622266,23.978978,1.657590,15.783121,89.068067
0.000453,0.004306,-0.002500,5.991022,57.003422,37.981312,1.255368,11.955391,91.225710
0.000477,0.004543,-0.002034,5.007828,47.649642,49.807866,0.904758,8.618561,92.400608
0.000497,0.004729,-0.001545,3.880059,36.920175,59.228386,0.612351,5.835378,92.916707
0.000511,0.004864,-0.001040,2.644736,25.167280,66.072371,0.373618,3.562760,93.059050
0.000520,0.004945,-0.000523,1.338214,12.736877,70.222955,0.175517,1.676651,93.048759
0.000523,0.004973,0.000000,-0.003680,-0.030118,71.612216,-0.000760,-0.001866,93.025546
0.000520,0.004945,0.000523,-1.345413,-12.795606,70.218109,-0.176934,-1.679424,93.037301
0.000511,0.004864,0.001040,-2.651461,-25.221550,66.063392,-0.374726,-3.562650,93.036636
0.000497,0.004729,0.001545,-3.886018,-36.967223,59.216679,-0.612944,-5.830454,92.884369
0.000477,0.004543,0.002034,-5.012761,-47.687011,49.795473,-0.904633,-8.606910,92.359967
0.000453,0.004306,0.002500,-5.994714,-57.029079,37.970849,-1.254332,-11.935171,91.179051
0.000423,0.004023,0.002939,-6.794178,-64.634714,23.973553,-1.655469,-15.752672,89.018421
0.000388,0.003695,0.003346,-7.372656,-70.137639,8.101946,-2.087896,-19.867687,85.549957
0.000350,0.003327,0.003716,-7.690684,-73.162397,-9.266206,-2.515609,-23.937628,80.486525
0.000307,0.002923,0.004045,-7.707583,-73.321982,-27.653401,-2.884902,-27.451527,73.646148
0.000261,0.002486,0.004330,-7.381620,-70.219415,-46.445385,-3.123907,-29.725648,65.044407
0.000213,0.002023,0.004568,-6.672288,-63.469413,-64.828544,-3.146109,-29.936971,55.024745
0.000162,0.001537,0.004755,-5.548541,-52.776772,-81.705854,-2.863329,-27.246686,44.416632
0.000109,0.001034,0.004891,-4.008459,-38.123389,-95.643803,-2.215627,-21.084715,34.643587
0.000055,0.000520,0.004973,-2.110785,-20.068270,-104.988262,-1.218320,-11.596871,27.585494
0.000000,0.000000,0.005000,0.000000,0.013991,-108.299897,0.000000,-0.006531,24.986585
-0.000000,0.000000,-0.005000,0.000000,-0.003178,-108.450635,0.000000,0.018738,24.894854
-0.000055,0.000520,-0.004973,-2.112686,20.097082,-105.129839,-1.221469,11.638909,27.503164
-0.000109,0.001034,-0.004891,-4.011754,38.165226,-95.767079,-2.221201,21.149491,34.582308
-0.000162,0.001537,-0.004755,-5.552485,52.824473,-81.805619,-2.870261,27.323957,44.382126
-0.000213,0.002023,-0.004568,-6.676134,63.515885,-64.903544,-3.153363,30.016882,55.016935
-0.000261,0.002486,-0.004330,-7.384766,70.258981,-46.497192,-3.130691,29.800760,65.059369
-0.000307,0.002923,-0.004045,-7.709611,73.350746,-27.685143,-2.890721,27.517236,73.678205
-0.000350,0.003327,-0.003716,-7.691345,73.178075,-9.281672,-2.520218,23.991715,80.529696
-0.000388,0.003695,-0.003346,-7.371839,70.139240,8.098825,-2.091232,19.909649,85.598729
-0.000423,0.004023,-0.002939,-6.791881,64.622266,23.978978,-1.657590,15.783121,89.068067
-0.000453,0.004306,-0.002500,-5.991022,57.003422,37.981312,-1.255368,11.955391,91.225710
-0.000477,0.004543,-0.002034,-5.007828,47.649642,49.807866,-0.904758,8.618561,92.400608
-0.000497,0.004729,-0.001545,-3.880059,36.920175,59.228386,-0.612351,5.835378,92.916707
-0.000511,0.004864,-0.001040,-2.644736,25.167280,66.072371,-0.373618,3.562760,93.059050
-0.000520,0.004945,-0.000523,-1.338214,12.736877,70.222955,-0.175517,1.676651,93.048759
-0.000523,0.004973,0.000000,0.003680,-0.030118,71.612216,0.000760,-0.001866,93.025546
-0.000520,0.004945,0.000523,1.345413,-12.795606,70.218109,0.176934,-1.679424,93.037301
-0.000511,0.004864,0.001040,2.651461,-25.221550,66.063392,0.374726,-3.562650,93.036636
-0.000497,0.004729,0.001545,3.886018,-36.967223,59.216679,0.612944,-5.830454,92.884369
-0.000477,0.004543,0.002034,5.012761,-47.687011,49.795473,0.904633,-8.606910,92.359967
-0.000453,0.004306,0.002500,5.994714,-57.029079,37.970849,1.254332,-11.935171,91.179051
-0.000423,0.004023,0.002939,6.794178,-64.634714,23.973553,1.655469,-15.752672,89.018421
-0.000388,0.003695,0.003346,7.372656,-70.137639,8.101946,2.087896,-19.867687,85.549957
-0.000350,0.003327,0.003716,7.690684,-73.162397,-9.266206,2.515609,-23.937628,80.486525
-0.000307,0.002923,0.004045,7.707583,-73.321982,-27.653401,2.884902,-27.451527,73.646148
-0.000261,0.002486,0.004330,7.381620,-70.219415,-46.445385,3.123907,-29.725648,65.044407
-0.000213,0.002023,0.004568,6.672288,-63.469413,-64.828544,3.146109,-29.936971,55.024745
-0.000162,0.001537,0.004755,5.548541,-52.776772,-81.705854,2.863329,-27.246686,44.416632
-0.000109,0.001034,0.004891,4.008459,-38.123389,-95.643803,2.215627,-21.084715,34.643587
-0.000055,0.000520,0.004973,2.110785,-20.068270,-104.988262,1.218320,-11.596871,27.585494
-0.000000,0.000000,0.005000,0.000000,0.013991,-108.299897,0.000000,-0.006531,24.986585
-0.000000,0.000000,-0.005000,0.000000,-0.003178,-108.450635,0.000000,0.018738,24.894854
-0.000162,0.000497,-0.004973,-6.245736,19.218647,-105.129983,-3.611036,11.131088,27.502990
-0.000321,0.000989,-0.004891,-11.859968,36.497210,-95.767238,-6.566562,20.226062,34.582122
-0.000477,0.001469,-0.004755,-16.414844,50.515857,-81.805703,-8.485383,26.130681,44.382024
-0.000628,0.001934,-0.004568,-19.736696,60.740070,-64.903522,-9.322309,28.705873,55.016931
-0.000773,0.002378,-0.004330,-21.831632,67.188523,-46.497064,-9.255271,28.499134,65.059434
-0.000908,0.002795,-0.004045,-22.791978,70.145227,-27.684920,-8.545835,26.315342,73.678298
-0.001034,0.003182,-0.003716,-22.737989,69.980168,-9.281362,-7.450508,22.943838,80.529785
-0.001148,0.003534,-0.003346,-21.793442,67.074209,8.099215,-6.182291,19.040116,85.598789
-0.001250,0.003847,-0.002939,-20.078922,61.798411,23.979444,-4.900311,15.093880,89.068085
-0.001338,0.004118,-0.002500,-17.711350,54.512596,37.981852,-3.711224,11.433387,91.225678
-0.001412,0.004344,-0.002034,-14.804743,45.567657,49.808475,-2.674717,8.242343,92.400524
-0.001469,0.004523,-0.001545,-11.470725,35.307143,59.229062,-1.810282,5.580751,92.916576
-0.001511,0.004651,-0.001040,-7.818744,24.067917,66.073106,-1.104523,3.407413,93.058880
-0.001537,0.004729,-0.000523,-3.956274,12.180783,70.223745,-0.518886,1.603693,93.048561
-0.001545,0.004755,0.000000,0.010765,-0.028241,71.613054,0.002232,-0.001506,93.025333
-0.001537,0.004729,0.000523,3.977333,-12.235829,70.218986,0.523045,-1.605787,93.037091
-0.001511,0.004651,0.001040,7.838407,-24.118718,66.064300,1.107767,-3.406746,93.036446
-0.001469,0.004523,0.001545,11.488131,-35.351067,59.217609,1.812001,-5.575477,92.884216
-0.001412,0.004344,0.002034,14.819127,-45.602367,49.796413,2.674312,-8.230631,92.359866
-0.001338,0.004118,0.002500,17.722084,-54.536156,37.971788,3.708120,-11.413477,91.179014
-0.001250,0.003847,0.002939,20.085547,-61.809398,23.974477,4.893998,-15.064184,89.018457
-0.001148,0.003534,0.003346,21.795712,-67.071826,8.102838,6.172385,-18.999407,85.550066
-0.001034,0.003182,0.003716,22.735912,-69.964390,-9.265367,7.436840,-22.891533,80.486699
-0.000908,0.002795,0.004045,22.785884,-70.117002,-27.652641,8.528593,-26.251925,73.646366
-0.000773,0.002378,0.004330,21.822257,-67.150032,-46.444738,9.235179,-28.426727,65.044632
-0.000628,0.001934,0.004568,19.725273,-60.695034,-64.828045,9.300835,-28.628882,55.024926
-0.000477,0.001469,0.004755,16.403153,-50.469695,-81.705536,8.464867,-26.056223,44.416717
-0.000321,0.000989,0.004891,11.850211,-36.456695,-95.643667,6.550072,-20.163566,34.643557
-0.000162,0.000497,0.004973,6.240112,-19.190612,-104.988249,3.601723,-11.090348,27.585410
-0.000000,0.000000,0.005000,0.000000,0.013991,-108.299897,0.000000,-0.006531,24.986585
-0.000000,0.000000,-0.005000,0.000000,-0.003178,-108.450635,0.000000,0.018738,24.894854
-0.000261,0.000453,-0.004973,-10.105857,17.500159,-105.130272,-5.842823,10.137631,27.502642
-0.000520,0.000900,-0.004891,-19.189957,33.234054,-95.767569,-10.625035,18.419542,34.581733
-0.000773,0.001338,-0.004755,-26.559972,45.999489,-81.805901,-13.729787,23.796265,44.381784
-0.001017,0.001761,-0.004568,-31.934891,55.309719,-64.903522,-15.083952,26.141154,55.016874
-0.001250,0.002165,-0.004330,-35.324603,61.181759,-46.496862,-14.975447,25.952790,65.059509
-0.001469,0.002545,-0.004045,-36.878505,63.874241,-27.684532,-13.827514,23.964120,73.678434
-0.001673,0.002897,-0.003716,-36.791177,63.724067,-9.280806,-12.055200,20.893928,80.529918
-0.001858,0.003218,-0.003346,-35.262895,61.078045,8.099929,-10.003155,17.339105,85.598874
-0.002023,0.003503,-0.002939,-32.488764,56.274051,23.980309,-7.928849,13.745574,89.068095
-0.002165,0.003750,-0.002500,-28.657967,49.639729,37.982860,-6.004859,10.412243,91.225597
-0.002284,0.003956,-0.002034,-23.954986,41.494599,49.809620,-4.327757,7.506390,92.400349
-0.002378,0.004118,-0.001545,-18.560430,32.151490,59.230335,-2.929080,5.082656,92.916313
-0.002445,0.004236,-0.001040,-12.651391,21.917149,66.074497,-1.787154,3.103526,93.058543
-0.002486,0.004306,-0.000523,-6.401767,11.092808,70.225243,-0.839595,1.460970,93.048171
-0.002500,0.004330,0.000000,0.017061,-0.024660,71.614644,0.003566,-0.000813,93.024918
-0.002486,0.004306,0.000523,6.435132,-11.140833,70.220654,0.846232,-1.461757,93.036679
-0.002445,0.004236,0.001040,12.682515,-21.961341,66.066029,1.792305,-3.101796,93.036070
-0.002378,0.004118,0.001545,18.587929,-32.189474,59.219380,2.931756,-5.076725,92.883908
-0.002284,0.003956,0.002034,23.977634,-41.524266,49.798206,4.326985,-7.494590,92.359656
-0.002165,0.003750,0.002500,28.674756,-49.659336,37.973578,5.999711,-10.392970,91.178924
-0.002023,0.003503,0.002939,32.498963,-56.282314,23.976236,7.918503,-13.717385,89.018502
-0.001858,0.003218,0.003346,35.266111,-61.074248,8.104534,9.986989,-17.300884,85.550248
-0.001673,0.002897,0.003716,36.787431,-63.708195,-9.263775,12.032947,-20.845144,80.487001
-0.001469,0.002545,0.004045,36.868334,-63.847152,-27.651205,13.799482,-23.905218,73.646746
-0.001250,0.002165,0.004330,35.309195,-61.145436,-46.443518,14.942817,-25.885704,65.045022
-0.001017,0.001761,0.004568,31.916241,-55.267534,-64.827113,15.049107,-26.069899,55.025230
-0.000773,0.001338,0.004755,26.540952,-45.956363,-81.704948,13.696521,-23.727329,44.416842
-0.000520,0.000900,0.004891,19.174120,-33.196136,-95.643421,10.598316,-18.361517,34.643475
-0.000261,0.000453,0.004973,10.096742,-17.473649,-104.988231,5.827743,-10.099434,27.585240
-0.000000,0.000000,0.005000,0.000000,0.013991,-108.299897,0.000000,-0.006531,24.986585
-0.000000,0.000000,-0.005000,0.000000,-0.003178,-108.450635,0.000000,0.018738,24.894854
-0.000350,0.000388,-0.004973,-13.524360,15.016705,-105.130704,-7.819311,8.701936,27.502119
-0.000696,0.000773,-0.004891,-25.681428,28.518321,-95.768093,-14.219310,15.808841,34.581110
-0.001034,0.001148,-0.004755,-35.544587,39.472682,-81.806266,-18.374367,20.422691,44.381339
-0.001361,0.001511,-0.004568,-42.737741,47.462079,-64.903620,-20.186595,22.434795,55.016675
-0.001673,0.001858,-0.004330,-47.274139,52.501124,-46.496679,-20.041334,22.273025,65.059499
-0.001967,0.002184,-0.004045,-49.353730,54.811758,-27.684086,-18.505028,20.566365,73.678521
-0.002239,0.002486,-0.003716,-49.236917,54.683081,-9.280117,-16.133140,17.931630,80.530017
-0.002486,0.002761,-0.003346,-47.191723,52.412682,8.100846,-13.386912,14.881024,85.598923
-0.002707,0.003006,-0.002939,-43.479248,48.290485,23.981444,-10.610908,11.797199,89.068051
-0.002897,0.003218,-0.002500,-38.352665,42.597638,37.984204,-8.036082,8.936650,91.225439
-0.003056,0.003394,-0.002034,-32.058854,35.608317,49.811162,-5.791672,6.442922,92.400069
-0.003182,0.003534,-0.001545,-24.839519,27.590964,59.232062,-3.919882,4.362904,92.915917
-0.003273,0.003635,-0.001040,-16.931653,18.808804,66.076396,-2.391705,2.664403,93.058049
-0.003327,0.003695,-0.000523,-8.567982,9.520330,70.227295,-1.123651,1.254720,93.047606
-0.003346,0.003716,0.000000,0.022142,-0.019701,71.616830,0.004684,0.000161,93.024317
-0.003327,0.003695,0.000523,8.611263,-9.558634,70.222952,1.132352,-1.253677,93.036083
-0.003273,0.003635,0.001040,16.971969,-18.843862,66.068415,2.398407,-2.661196,93.035520
-0.003182,0.003534,0.001545,24.875036,-27.620764,59.221827,3.923257,-4.356087,92.883448
-0.003056,0.003394,0.002034,32.087953,-35.631075,49.800683,5.790415,-6.431064,92.359325
-0.002897,0.003218,0.002500,38.374016,-42.611878,37.976051,8.028951,-8.918374,91.178754
-0.002707,0.003006,0.002939,43.491892,-48.295124,23.978665,10.596805,-11.771267,89.018511
-0.002486,0.002761,0.003346,47.195148,-52.407117,8.106870,13.365011,-14.846480,85.550436
-0.002239,0.002486,0.003716,49.231160,-54.667302,-9.261590,16.103092,-17.888019,80.487344
-0.001967,0.002184,0.004045,49.339515,-54.786500,-27.649243,18.467258,-20.514067,73.647187
-0.001673,0.001858,0.004330,47.253059,-52.468074,-46.441866,19.997435,-22.213699,65.045466
-0.001361,0.001511,0.004568,42.712458,-47.424116,-64.825865,20.139771,-22.371890,55.025553
-0.001034,0.001148,0.004755,35.518932,-39.434007,-81.704176,18.329712,-20.361779,44.416925
-0.000696,0.000773,0.004891,25.660137,-28.484187,-95.643112,14.183478,-15.757300,34.643296
-0.000350,0.000388,0.004973,13.512137,-14.992406,-104.988219,7.799109,-8.667421,27.584975
-0.000000,0.000000,0.005000,0.000000,0.013991,-108.299897,0.000000,-0.006531,24.986585
-0.000000,0.000000,-0.005000,0.000000,-0.003178,-108.450635,0.000000,0.018738,24.894854
-0.000423,0.000307,-0.004973,-16.351854,11.876798,-105.131275,-9.454130,6.886726,27.501428
-0.000841,0.000611,-0.004891,-31.050715,22.556039,-95.768834,-17.192349,12.507994,34.580222
-0.001250,0.000908,-0.004755,-42.976101,31.220576,-81.806858,-22.216226,16.157319,44.380612
-0.001645,0.001195,-0.004568,-51.673232,37.539991,-64.903912,-24.407359,17.748708,55.016226
-0.002023,0.001469,-0.004330,-57.158137,41.525843,-46.496634,-24.231683,17.620613,65.059287
-0.002378,0.001727,-0.004045,-59.672589,43.353678,-27.683715,-22.374110,16.270554,73.678447
-0.002707,0.001967,-0.003716,-59.531442,43.252153,-9.279439,-19.506261,14.186413,80.529985
-0.003006,0.002184,-0.003346,-57.058755,41.456630,8.101814,-16.185824,11.773320,85.598856
-0.003273,0.002378,-0.002939,-52.570208,38.196413,23.982687,-12.829401,9.333934,89.067898
-0.003503,0.002545,-0.002500,-46.371898,33.693863,37.985711,-9.716232,7.071130,91.225168
-0.003695,0.002685,-0.002034,-38.762318,28.165833,49.812921,-7.002577,5.098445,92.399668
-0.003847,0.002795,-0.001545,-30.033698,21.824645,59.234057,-4.739458,3.452969,92.915390
-0.003957,0.002875,-0.001040,-20.472578,14.878496,66.078607,-2.891804,2.109242,93.057412
-0.004023,0.002923,-0.000523,-10.360338,7.531848,70.229701,-1.358669,0.993949,93.046889
-0.004045,0.002939,0.000000,0.025716,-0.013793,71.619406,0.005528,0.001346,93.023556
-0.004023,0.002923,0.000523,10.410574,-7.558582,70.225669,1.368914,-0.990686,93.035324
-0.003957,0.002875,0.001040,20.519277,-14.902708,66.071243,2.899617,-2.104268,93.034813
-0.003847,0.002795,0.001545,30.074677,-21.844772,59.224731,4.743225,-3.445140,92.882840
-0.003695,0.002685,0.002034,38.795650,-28.180491,49.803625,7.000715,-5.086630,92.358860
-0.003503,0.002545,0.002500,46.396007,-33.701905,37.978987,9.707241,-7.054240,91.178468
-0.003273,0.002378,0.002939,52.583957,-38.196999,23.981544,12.811956,-9.310991,89.018423
-0.003006,0.002184,0.003346,57.061549,-41.449292,8.109631,16.158937,-11.743564,85.550546
-0.002707,0.001967,0.003716,59.523343,-43.236883,-9.259021,19.469524,-14.149481,80.487620
-0.002378,0.001727,0.004045,59.654480,-43.331050,-27.646954,22.328052,-16.226740,73.647561
-0.002023,0.001469,0.004330,57.131944,-41.497174,-46.439963,24.178251,-17.571222,65.045828
-0.001645,0.001195,0.004568,51.642165,-37.507537,-64.824455,24.350454,-17.696461,55.025765
-0.001250,0.000908,0.004755,42.944775,-31.187634,-81.703332,22.162026,-16.106622,44.416867
-0.000841,0.000611,0.004891,31.024825,-22.526740,-95.642799,17.148912,-12.464689,34.642969
-0.000423,0.000307,0.004973,16.337035,-11.855308,-104.988227,9.429673,-6.856877,27.584609
-0.000000,0.000000,0.005000,0.000000,0.013991,-108.299897,0.000000,-0.006531,24.986585
-0.000000,0.000000,-0.005000,0.000000,-0.003178,-108.450635,0.000000,0.018738,24.894854
-0.000477,0.000213,-0.004973,-18.464762,8.217639,-105.131973,-10.675834,4.771302,27.500578
-0.000950,0.000423,-0.004891,-35.063170,15.607699,-95.769808,-19.414239,8.661176,34.579046
-0.001412,0.000628,-0.004755,-48.529762,21.603677,-81.807736,-25.087525,11.186434,44.379534
-0.001858,0.000827,-0.004568,-58.350910,25.976900,-64.904489,-27.561894,12.287552,55.015426
-0.002284,0.001017,-0.004330,-64.544710,28.735359,-46.496843,-27.363509,12.198747,65.058757
-0.002685,0.001195,-0.004045,-67.384200,30.000520,-27.683553,-25.265838,11.264310,73.678101
-0.003056,0.001361,-0.003716,-67.224935,29.930595,-9.278922,-22.027325,9.821855,80.529725
-0.003394,0.001511,-0.003346,-64.432849,28.688435,8.102668,-18.277741,8.151730,85.598599
-0.003695,0.001645,-0.002939,-59.364409,26.432698,23.983865,-14.487532,6.463370,89.067582
-0.003956,0.001761,-0.002500,-52.365261,23.317244,37.987199,-10.972024,4.897163,91.224754
-0.004173,0.001858,-0.002034,-43.772458,19.492124,49.814702,-7.907668,3.531679,92.399136
-0.004344,0.001934,-0.001545,-33.915991,15.104261,59.236114,-5.352080,2.392587,92.914738
-0.004468,0.001989,-0.001040,-23.119424,10.297728,66.080917,-3.265657,1.462279,93.056653
-0.004543,0.002023,-0.000523,-11.700497,5.214018,70.232238,-1.534407,0.690025,93.046047
-0.004568,0.002034,0.000000,0.027650,-0.007420,71.622140,0.006065,0.002662,93.022669
-0.004543,0.002023,0.000523,11.754469,-5.228283,70.228569,1.545614,-0.684309,93.034436
-0.004468,0.001989,0.001040,23.169467,-10.310291,66.074271,3.274098,-1.455386,93.033971
-0.004344,0.001934,0.001545,33.959683,-15.114068,59.227847,5.355921,-2.383732,92.882094
-0.004173,0.001858,0.002034,43.807663,-19.498238,49.806785,7.905116,-3.520080,92.358254
-0.003956,0.001761,0.002500,52.390238,-23.318891,37.982139,10.961384,-4.882069,91.178036
-0.003695,0.001645,0.002939,59.377912,-26.429306,23.984628,14.467316,-6.444100,89.018184
-0.003394,0.001511,0.003346,64.434232,-28.679683,8.112576,18.246844,-8.127752,85.550494
-0.003056,0.001361,0.003716,67.214291,-29.916470,-9.256300,21.985304,-9.792905,80.487719
-0.002685,0.001195,0.004045,67.362538,-29.981403,-27.644558,25.213313,-11.230572,73.647737
-0.002284,0.001017,0.004330,64.514205,-28.712138,-46.438006,27.302707,-12.161104,65.045968
-0.001858,0.000827,0.004568,58.315174,-25.951107,-64.823048,27.497250,-12.247867,55.025734
-0.001412,0.000628,0.004755,48.493985,-21.577565,-81.702534,25.026046,-11.147743,44.416568
-0.000950,0.000423,0.004891,35.033739,-15.584106,-95.642545,19.365041,-8.627524,34.642446
-0.000477,0.000213,0.004973,18.447977,-8.199442,-104.988271,10.648174,-4.746908,27.584138
-0.000000,0.000000,0.005000,0.000000,0.013991,-108.299897,0.000000,-0.006531,24.986585
-0.000000,0.000000,-0.005000,0.000000,-0.003178,-108.450635,0.000000,0.018738,24.894854
-0.000511,0.000109,-0.004973,-19.770731,4.199124,-105.132782,-11.431018,2.448091,27.499590
-0.001017,0.000216,-0.004891,-37.543405,7.976882,-95.771016,-20.787861,4.436411,34.577577
-0.001511,0.000321,-0.004755,-51.962828,11.042121,-81.808930,-26.862786,5.727118,44.378063
-0.001989,0.000423,-0.004568,-62.478915,13.277937,-64.905416,-29.512382,6.289786,55.014202
-0.002445,0.000520,-0.004330,-69.111024,14.688398,-46.497397,-29.300026,6.244147,65.057824
-0.002875,0.000611,-0.004045,-72.151524,15.335570,-27.683712,-27.053945,5.766191,73.677400
-0.003273,0.000696,-0.003716,-71.981141,15.300296,-9.278693,-23.586278,5.028487,80.529164
-0.003635,0.000773,-0.003346,-68.991698,14.665791,8.103269,-19.571372,4.174336,85.598093
-0.003957,0.000841,-0.002939,-63.564875,13.513135,23.984824,-15.512963,3.310790,89.067064
-0.004236,0.000900,-0.002500,-56.070759,11.920958,37.988498,-11.748689,2.509615,91.224177
-0.004468,0.000950,-0.002034,-46.870239,9.965957,49.816326,-8.467485,1.810978,92.398472
-0.004651,0.000989,-0.001545,-36.316643,7.723232,59.238041,-5.731047,1.228010,92.913975
-0.004784,0.001017,-0.001040,-24.756420,5.266437,66.083123,-3.496971,0.751719,93.055797
-0.004864,0.001034,-0.000523,-12.529784,2.667908,70.234694,-1.643201,0.356187,93.045117
-0.004891,0.001040,0.000000,0.027974,-0.001055,71.624814,0.006285,0.004026,93.021694
-0.004864,0.001034,0.000523,12.584333,-2.669738,70.231423,1.654775,-0.347941,93.033453
-0.004784,0.001017,0.001040,24.806838,-5.267436,66.077266,3.505559,-0.742894,93.033025
-0.004651,0.000989,0.001545,36.360388,-7.722885,59.230938,5.734674,-1.218215,92.881227
-0.004468,0.000950,0.002034,46.905072,-9.963801,49.809922,8.464224,-1.799822,92.357507
-0.004236,0.000900,0.002500,56.094861,-11.916608,37.985266,11.736724,-2.496715,91.177439
-0.003957,0.000841,0.002939,63.576953,-13.506298,23.987679,15.490708,-3.295791,89.017751
-0.003635,0.000773,0.003346,68.991096,-14.656295,8.115473,19.537658,-4.156948,85.550214
-0.003273,0.000696,0.003716,71.967982,-15.288113,-9.253650,23.540652,-5.008548,80.487553
-0.002875,0.000611,0.004045,72.126903,-15.320865,-27.642263,26.997097,-5.743755,73.647610
-0.002445,0.000520,0.004330,69.077269,-14.671585,-46.436182,29.234374,-6.219620,65.045772
-0.001989,0.000423,0.004568,62.439882,-13.259757,-64.821795,29.442710,-6.264073,55.025357
-0.001511,0.000321,0.004755,51.924045,-11.023693,-81.701888,26.796635,-5.701737,44.415954
-0.001017,0.000216,0.004891,37.511663,-7.959645,-95.642403,20.735008,-4.413429,34.641697
-0.000511,0.000109,0.004973,19.752698,-4.184567,-104.988361,11.401351,-2.429705,27.583567
-0.000000,0.000000,0.005000,0.000000,0.013991,-108.299897,0.000000,-0.006531,24.986585
-0.000000,0.000000,-0.005000,0.000000,-0.003178,-108.450635,0.000000,0.018738,24.894854
-0.000523,0.000000,-0.004973,-20.212661,-0.003140,-105.133674,-11.686654,0.018602,27.498495
-0.001040,0.000000,-0.004891,-38.382961,-0.002991,-95.772432,-21.253125,0.018249,34.575844
-0.001545,0.000000,-0.004755,-53.125161,-0.002663,-81.810437,-27.464350,0.017787,44.376204
-0.002034,0.000000,-0.004568,-63.876715,-0.002124,-64.906713,-30.173514,0.017290,55.012536
-0.002500,0.000000,-0.004330,-70.657373,-0.001400,-46.498340,-29.956555,0.016765,65.056456
-0.002939,0.000000,-0.004045,-73.766057,-0.000554,-27.684254,-27.660263,0.016182,73.676306
-0.003346,0.000000,-0.003716,-73.592027,0.000343,-9.278833,-24.114988,0.015499,80.528269
-0.003716,0.000000,-0.003346,-70.535882,0.001227,8.103520,-20.010192,0.014685,85.597315
-0.004045,0.000000,-0.002939,-64.987837,0.002048,23.985449,-15.860898,0.013725,89.066331
-0.004330,0.000000,-0.002500,-57.326248,0.002775,37.989483,-12.012307,0.012617,91.223436
-0.004568,0.000000,-0.002034,-47.920072,0.003391,49.817652,-8.657585,0.011368,92.397687
-0.004755,0.000000,-0.001545,-37.130531,0.003894,59.239685,-5.859813,0.009995,92.913125
-0.004891,0.000000,-0.001040,-25.311819,0.004297,66.085060,-3.575642,0.008519,93.054878
-0.004973,0.000000,-0.000523,-12.811761,0.004619,70.236892,-1.680289,0.006966,93.044137
-0.005000,0.000000,0.000000,0.026854,0.004891,71.627240,0.006203,0.005362,93.020673
-0.004973,0.000000,0.000523,12.864066,0.005146,70.234038,1.691668,0.003740,93.032419
-0.004891,0.000000,0.001040,25.359983,0.005421,66.080028,3.583942,0.002131,93.032011
-0.004755,0.000000,0.001545,37.172006,0.005751,59.233800,5.863002,0.000570,92.880269
-0.004568,0.000000,0.002034,47.952623,0.006169,49.812831,8.653686,-0.000906,92.356636
-0.004330,0.000000,0.002500,57.348065,0.006699,37.988162,11.999463,-0.002260,91.176677
-0.004045,0.000000,0.002939,64.997641,0.007356,23.990493,15.837495,-0.003456,89.017106
-0.003716,0.000000,0.003346,70.533040,0.008142,8.118124,19.975050,-0.004463,85.549672
-0.003346,0.000000,0.003716,73.576691,0.009043,-9.251258,24.067666,-0.005257,80.487071
-0.002939,0.000000,0.004045,73.739359,0.010026,-27.640239,27.601495,-0.005829,73.647116
-0.002500,0.000000,0.004330,70.621695,0.011039,-46.434637,29.888848,-0.006192,65.045176
-0.002034,0.000000,0.004568,63.835987,0.012008,-64.820813,30.101799,-0.006384,55.024577
-0.001545,0.000000,0.004755,53.085002,0.012847,-81.701471,27.396373,-0.006466,44.414991
-0.001040,0.000000,0.004891,38.350263,0.013481,-95.642408,21.198902,-0.006500,34.640716
-0.000523,0.000000,0.004973,20.194160,0.013865,-104.988501,11.656271,-0.006521,27.582908
-0.000000,0.000000,0.005000,0.000000,0.013991,-108.299897,0.000000,-0.006531,24.986585
