far field @z=0.150000
freq=27000000000.000000
sampling point=1024
x,y,z,realEx,realEy,realEz,imgEx,imgEy,imgEz
0.030000,-0.155000,-0.155000,-0.029309,0.151678,-0.108841,-0.254174,1.313047,-1.366719
0.030000,-0.155000,-0.145000,-0.158359,0.817875,-0.948685,0.213058,-1.100834,1.188480
0.030000,-0.155000,-0.135000,0.260096,-1.343589,1.617368,-0.086491,0.447079,-0.477996
0.030000,-0.155000,-0.125000,-0.278837,1.440527,-1.843889,-0.037023,0.190985,-0.306847
0.030000,-0.155000,-0.115000,0.262451,-1.355948,1.868171,0.114731,-0.592453,0.889307
0.030000,-0.155000,-0.105000,-0.253111,1.307713,-1.966856,-0.139192,0.718830,-1.163736
0.030000,-0.155000,-0.095000,0.266567,-1.377192,2.300663,0.108453,-0.560023,1.019852
0.030000,-0.155000,-0.085000,-0.282095,1.457311,-2.752109,-0.012550,0.064574,-0.206071
0.030000,-0.155000,-0.075000,0.232809,-1.202552,2.623881,-0.140239,0.724674,-1.475999
0.030000,-0.155000,-0.065000,-0.045180,0.233172,-0.671245,0.251222,-1.297819,3.192616
0.030000,-0.155000,-0.055000,-0.189675,0.979933,-2.805411,-0.133933,0.691703,-2.104974
0.030000,-0.155000,-0.045000,0.137946,-0.712447,2.623651,-0.148030,0.764780,-2.659028
0.030000,-0.155000,-0.035000,0.139880,-0.722600,3.258986,0.089086,-0.460045,2.207529
0.030000,-0.155000,-0.025000,-0.006292,0.032398,-0.323902,0.123197,-0.636295,4.085983
0.030000,-0.155000,-0.015000,-0.052482,0.270958,-2.989986,0.055105,-0.284581,2.968635
0.030000,-0.155000,-0.005000,-0.023154,0.119414,-3.892987,0.011265,-0.058104,1.760902
0.030000,-0.155000,0.005000,0.023088,-0.119485,-3.892943,-0.011224,0.058129,1.761063
0.030000,-0.155000,0.015000,0.052429,-0.270991,-2.989699,-0.055050,0.284659,2.969035
0.030000,-0.155000,0.025000,0.006273,-0.032296,-0.323132,-0.123124,0.636389,4.086171
0.030000,-0.155000,0.035000,-0.139840,0.722800,3.259712,-0.089019,0.459921,2.206762
0.030000,-0.155000,0.045000,-0.137858,0.712282,2.622904,0.148022,-0.765094,-2.660057
0.030000,-0.155000,0.055000,0.189674,-0.980314,-2.806451,0.133830,-0.691398,-2.103983
0.030000,-0.155000,0.065000,0.045062,-0.232607,-0.669802,-0.251187,1.298076,3.193185
0.030000,-0.155000,0.075000,-0.232698,1.202322,2.623339,0.140328,-0.725384,-1.477525
0.030000,-0.155000,0.085000,0.282058,-1.457534,-2.752515,0.012393,-0.063745,-0.204477
0.030000,-0.155000,0.095000,-0.266596,1.377730,2.301582,-0.108278,0.559233,1.018497
0.030000,-0.155000,0.105000,0.253172,-1.308388,-1.967909,0.139010,-0.718046,-1.162527
0.030000,-0.155000,0.115000,-0.262504,1.356582,1.869084,-0.114536,0.591562,0.888056
0.030000,-0.155000,0.125000,0.278839,-1.440904,-1.844405,0.036813,-0.189914,-0.305458
0.030000,-0.155000,0.135000,-0.260009,1.343457,1.617239,0.086686,-0.448235,-0.479395
0.030000,-0.155000,0.145000,0.158175,-0.817097,-0.947834,-0.213171,1.101717,1.189495
0.030000,-0.155000,0.155000,0.029521,-0.152852,-0.110073,0.254133,-1.313160,-1.366874
0.030000,-0.145000,-0.155000,-0.166802,0.805887,-0.826393,0.223616,-1.080852,1.022869
0.030000,-0.145000,-0.145000,0.291007,-1.406356,1.467891,-0.013562,0.065828,-0.013091
0.030000,-0.145000,-0.135000,-0.232223,1.122470,-1.217425,-0.194468,0.939596,-1.097924
0.030000,-0.145000,-0.125000,0.087863,-0.424908,0.450448,0.300573,-1.452516,1.774256
0.030000,-0.145000,-0.115000,0.042977,-0.207402,0.343533,-0.318524,1.539390,-2.013155
0.030000,-0.145000,-0.105000,-0.116401,0.562261,-0.882047,0.305405,-1.476055,2.096594
0.030000,-0.145000,-0.095000,0.123821,-0.598123,1.029902,-0.304213,1.470292,-2.307012
0.030000,-0.145000,-0.085000,-0.058513,0.282499,-0.592511,0.319829,-1.545695,2.731786
0.030000,-0.145000,-0.075000,-0.085434,0.413135,-0.737238,-0.303966,1.468897,-2.986896
0.030000,-0.145000,-0.065000,0.251756,-1.216774,2.771948,0.161571,-0.780600,1.904630
0.030000,-0.145000,-0.055000,-0.247212,1.194560,-3.332136,0.119080,-0.575658,1.479776
0.030000,-0.145000,-0.045000,-0.050717,0.245271,-0.706380,-0.235547,1.138211,-3.848566
0.030000,-0.145000,-0.035000,0.189339,-0.914868,3.989605,-0.060555,0.292758,-1.144281
0.030000,-0.145000,-0.025000,0.102259,-0.494165,2.893009,0.107884,-0.521186,3.241462
0.030000,-0.145000,-0.015000,0.000238,-0.001213,-0.122109,0.092036,-0.444594,4.481043
0.030000,-0.145000,-0.005000,-0.011511,0.055531,-1.805925,0.028998,-0.139925,4.181100
0.030000,-0.145000,0.005000,0.011486,-0.055572,-1.805764,-0.028913,0.140001,4.181201
0.030000,-0.145000,0.015000,-0.000239,0.001252,-0.121560,-0.091951,0.444686,4.481145
0.030000,-0.145000,0.025000,-0.102216,0.494329,2.893762,-0.107810,0.521171,3.240978
0.030000,-0.145000,0.035000,-0.189251,0.914903,3.989463,0.060575,-0.293035,-1.145456
0.030000,-0.145000,0.045000,0.050775,-0.245688,-0.707794,0.235460,-1.138260,-3.848538
0.030000,-0.145000,0.055000,0.247106,-1.194461,-3.331739,-0.119147,0.576220,1.481308
0.030000,-0.145000,0.065000,-0.251780,1.217298,2.773124,-0.161424,0.780107,1.903415
0.030000,-0.145000,0.075000,0.085578,-0.413989,-0.738978,0.303871,-1.468857,-2.986771
0.030000,-0.145000,0.085000,0.058319,-0.281601,-0.590888,-0.319817,1.546072,2.732449
0.030000,-0.145000,0.095000,-0.123612,0.597238,1.028476,0.304254,-1.470894,-2.307984
0.030000,-0.145000,0.105000,0.116179,-0.561298,-0.880650,-0.305452,1.476676,2.097511
0.030000,-0.145000,0.115000,-0.042740,0.206272,0.342035,0.318525,-1.539792,-2.013713
0.030000,-0.145000,0.125000,-0.088088,0.426138,0.451959,-0.300480,1.452422,1.774170
0.030000,-0.145000,0.135000,0.232364,-1.123454,-1.218565,0.194267,-0.938825,-1.097075
0.030000,-0.145000,0.145000,-0.290978,1.406562,1.468146,0.013806,-0.067065,-0.014394
0.030000,-0.145000,0.155000,0.166598,-0.805070,-0.825612,-0.223750,1.081792,1.023826
0.030000,-0.135000,-0.155000,0.288673,-1.298779,1.202476,-0.094844,0.427028,-0.339022
0.030000,-0.135000,-0.145000,-0.244535,1.100473,-1.036484,-0.205571,0.924727,-0.947317
0.030000,-0.135000,-0.135000,-0.003325,0.014652,-0.079297,0.334593,-1.505496,1.577761
0.030000,-0.135000,-0.125000,0.235490,-1.059348,1.251216,-0.257178,1.157378,-1.263324
0.030000,-0.135000,-0.115000,-0.348348,1.567300,-1.949355,0.094642,-0.426147,0.450574
0.030000,-0.135000,-0.105000,0.368084,-1.656218,2.223590,0.041598,-0.186855,0.335356
0.030000,-0.135000,-0.095000,-0.360849,1.623713,-2.394105,-0.105083,0.472513,-0.792351
0.030000,-0.135000,-0.085000,0.366312,-1.648266,2.723162,0.083784,-0.376682,0.725161
0.030000,-0.135000,-0.075000,-0.367243,1.652349,-3.128904,0.031962,-0.144104,0.163413
0.030000,-0.135000,-0.065000,0.275101,-1.237602,2.769936,-0.220854,0.993917,-2.073124
0.030000,-0.135000,-0.055000,-0.000494,0.001969,-0.132029,0.326759,-1.470180,3.784958
0.030000,-0.135000,-0.045000,-0.271814,1.223009,-3.802029,-0.099675,0.448247,-1.537714
0.030000,-0.135000,-0.035000,0.082570,-0.371310,1.636674,-0.226140,1.017454,-4.067694
0.030000,-0.135000,-0.025000,0.181114,-0.814751,4.618858,-0.004240,0.019204,0.040378
0.030000,-0.135000,-0.015000,0.079713,-0.358574,3.276965,0.079626,-0.358077,3.489590
0.030000,-0.135000,-0.005000,0.014156,-0.063615,1.657171,0.035564,-0.159784,4.584552
0.030000,-0.135000,0.005000,-0.014110,0.063642,1.657384,-0.035476,0.159881,4.584510
0.030000,-0.135000,0.015000,-0.079647,0.358684,3.277492,-0.079555,0.358118,3.489230
0.030000,-0.135000,0.025000,-0.181021,0.814866,4.619024,0.004266,-0.019366,0.039375
0.030000,-0.135000,0.035000,-0.082483,0.371069,1.635529,0.226079,-1.017687,-4.068379
0.030000,-0.135000,0.045000,0.271772,-1.223320,-3.802846,0.099556,-0.447856,-1.536363
0.030000,-0.135000,0.055000,0.000358,-0.001321,-0.130317,-0.326687,1.470359,3.785300
0.030000,-0.135000,0.065000,-0.274943,1.237249,2.769090,0.220947,-0.994675,-2.074762
0.030000,-0.135000,0.075000,0.367169,-1.652484,-3.129124,-0.032160,0.145077,0.165278
0.030000,-0.135000,0.085000,-0.366315,1.648737,2.723946,-0.083549,0.375683,0.723470
0.030000,-0.135000,0.095000,0.360879,-1.624281,-2.394970,0.104830,-0.471457,-0.790760
0.030000,-0.135000,0.105000,-0.368078,1.656618,2.224156,-0.041330,0.185653,0.333719
0.030000,-0.135000,0.115000,0.348246,-1.567225,-1.949292,-0.094900,0.427456,0.452210
0.030000,-0.135000,0.125000,-0.235266,1.058574,1.250354,0.257348,-1.158463,-1.264592
0.030000,-0.135000,0.135000,0.003044,-0.013346,-0.077915,-0.334575,1.505791,1.578113
0.030000,-0.135000,0.145000,0.244702,-1.101525,-1.037553,0.205346,-0.923916,-0.946545
0.030000,-0.135000,0.155000,-0.288574,1.298650,1.202397,0.095100,-0.428330,-0.340235
0.030000,-0.125000,-0.155000,-0.327307,1.363655,-1.153902,-0.045336,0.188570,-0.216065
0.030000,-0.125000,-0.145000,0.096823,-0.403687,0.308601,0.336212,-1.400627,1.292480
0.030000,-0.125000,-0.135000,0.249993,-1.041272,1.068277,-0.271851,1.132800,-1.062401
0.030000,-0.125000,-0.125000,-0.387639,1.614989,-1.702457,-0.020164,0.083675,-0.162662
0.030000,-0.125000,-0.115000,0.291531,-1.214807,1.338251,0.281914,-1.174261,1.407590
0.030000,-0.125000,-0.105000,-0.111346,0.464218,-0.496815,-0.405304,1.688479,-2.148059
0.030000,-0.125000,-0.095000,-0.026322,0.109320,-0.251484,0.430204,-1.792324,2.486182
0.030000,-0.125000,-0.085000,0.069877,-0.290783,0.560210,-0.430129,1.792041,-2.767630
0.030000,-0.125000,-0.075000,-0.002278,0.009164,-0.136515,0.432440,-1.801603,3.172978
0.030000,-0.125000,-0.065000,-0.176173,0.734234,-1.373172,-0.379830,1.582279,-3.271566
0.030000,-0.125000,-0.055000,0.363656,-1.515112,3.586362,0.147006,-0.612168,1.602923
0.030000,-0.125000,-0.045000,-0.266381,1.109562,-3.358087,0.228967,-0.954050,2.685023
0.030000,-0.125000,-0.035000,-0.167216,0.696751,-2.496047,-0.242861,1.011586,-3.911777
0.030000,-0.125000,-0.025000,0.140636,-0.585692,3.229157,-0.173837,0.724201,-3.720150
0.030000,-0.125000,-0.015000,0.139786,-0.582154,5.132903,-0.003175,0.013309,0.060075
0.030000,-0.125000,-0.005000,0.043591,-0.181370,4.721828,0.019205,-0.079888,2.277199
0.030000,-0.125000,0.005000,-0.043484,0.181473,4.721970,-0.019170,0.079946,2.276991
0.030000,-0.125000,0.015000,-0.139676,0.582279,5.133021,0.003179,-0.013373,0.059350
0.030000,-0.125000,0.025000,-0.140540,0.585628,3.228404,0.173780,-0.724433,-3.721036
0.030000,-0.125000,0.035000,0.167228,-0.697149,-2.497432,0.242736,-1.011506,-3.911169
0.030000,-0.125000,0.045000,0.266231,-1.109328,-3.357212,-0.229006,0.954602,2.686559
0.030000,-0.125000,0.055000,-0.363649,1.515591,3.587421,-0.146814,0.611532,1.601309
0.030000,-0.125000,0.065000,0.176341,-0.735192,-1.375126,0.379676,-1.582086,-3.271102
0.030000,-0.125000,0.075000,0.002024,-0.008062,-0.134543,-0.432381,1.801858,3.173402
0.030000,-0.125000,0.085000,-0.069589,0.289618,0.558374,0.430124,-1.792500,-2.768349
0.030000,-0.125000,0.095000,0.026016,-0.108029,-0.249668,-0.430179,1.792684,2.486704
0.030000,-0.125000,0.105000,0.111642,-0.465613,-0.498596,0.405185,-1.688397,-2.147982
0.030000,-0.125000,0.115000,-0.291735,1.215991,1.339652,-0.281660,1.173465,1.406691
0.030000,-0.125000,0.125000,0.387631,-1.615364,-1.702899,0.019838,-0.082290,-0.161187
0.030000,-0.125000,0.135000,-0.249741,1.040455,1.067500,0.272055,-1.133966,-1.063585
0.030000,-0.125000,0.145000,-0.097123,0.405084,0.309898,-0.336109,1.400542,1.292446
0.030000,-0.125000,0.155000,0.327337,-1.364137,-1.154363,0.045028,-0.187293,-0.214974
0.030000,-0.115000,-0.155000,0.327409,-1.255037,0.969202,0.146195,-0.560051,0.496454
0.030000,-0.115000,-0.145000,0.053526,-0.204829,0.237019,-0.378696,1.451535,-1.218828
0.030000,-0.115000,-0.135000,-0.393251,1.507191,-1.387860,0.104944,-0.402568,0.297028
0.030000,-0.115000,-0.125000,0.309563,-1.186762,1.109794,0.300798,-1.152670,1.187831
0.030000,-0.115000,-0.115000,0.034521,-0.131953,0.228043,-0.454131,1.740658,-1.850461
0.030000,-0.115000,-0.105000,-0.333647,1.278568,-1.563669,0.341118,-1.307723,1.460211
0.030000,-0.115000,-0.095000,0.473100,-1.813229,2.374029,-0.145762,0.559042,-0.618805
0.030000,-0.115000,-0.085000,-0.506596,1.941708,-2.806885,0.014506,-0.055970,-0.039239
0.030000,-0.115000,-0.075000,0.509522,-1.952919,3.197799,-0.007626,0.029594,0.084657
0.030000,-0.115000,-0.065000,-0.479248,1.836775,-3.510322,0.142766,-0.547532,0.893129
0.030000,-0.115000,-0.055000,0.300415,-1.151175,2.693858,-0.367643,1.409298,-3.043293
0.030000,-0.115000,-0.045000,0.113505,-0.435307,1.018628,0.415390,-1.591986,4.388803
0.030000,-0.115000,-0.035000,-0.365391,1.400371,-4.918516,0.013414,-0.051648,-0.006634
0.030000,-0.115000,-0.025000,-0.062731,0.240575,-0.987581,-0.272783,1.045340,-5.177736
0.030000,-0.115000,-0.015000,0.114925,-0.440267,3.760228,-0.133578,0.511883,-4.054722
0.030000,-0.115000,-0.005000,0.055777,-0.213514,5.323489,-0.022751,0.087118,-1.943965
0.030000,-0.115000,0.005000,-0.055663,0.213648,5.323429,0.022692,-0.087159,-1.944252
0.030000,-0.115000,0.015000,-0.114835,0.440305,3.759692,0.133490,-0.512048,-4.055388
0.030000,-0.115000,0.025000,0.062758,-0.240851,-0.988923,0.272656,-1.045447,-5.177681
0.030000,-0.115000,0.035000,0.365278,-1.400543,-4.918776,-0.013520,0.052115,-0.004929
0.030000,-0.115000,0.045000,-0.113644,0.436032,1.020610,-0.415251,1.592010,4.388655
0.030000,-0.115000,0.055000,-0.300184,1.150617,2.692502,0.367721,-1.410064,-3.044942
0.030000,-0.115000,0.065000,0.479097,-1.836710,-3.510133,-0.143012,0.548674,0.895305
0.030000,-0.115000,0.075000,-0.509454,1.953185,3.198215,0.007945,-0.030868,0.082541
0.030000,-0.115000,0.085000,0.506533,-1.941970,-2.807271,-0.014853,0.057363,-0.037202
0.030000,-0.115000,0.095000,-0.472950,1.813099,2.373881,0.146100,-0.560529,-0.620755
0.030000,-0.115000,0.105000,0.333351,-1.277721,-1.562694,-0.341357,1.309002,1.461747
0.030000,-0.115000,0.115000,-0.034139,0.130473,0.226451,0.454131,-1.741099,-1.850978
0.030000,-0.115000,0.125000,-0.309809,1.188042,1.111095,-0.300511,1.151827,1.187028
0.030000,-0.115000,0.135000,0.393138,-1.507131,-1.387852,-0.105297,0.404071,0.298419
0.030000,-0.115000,0.145000,-0.053168,0.203463,0.235861,0.378732,-1.452058,-1.219323
0.030000,-0.115000,0.155000,-0.327540,1.255892,0.969930,-0.145874,0.558926,0.495576
0.030000,-0.105000,-0.155000,-0.338071,1.183255,-0.835570,-0.190429,0.666122,-0.540161
0.030000,-0.105000,-0.145000,-0.151929,0.531359,-0.478201,0.388332,-1.359111,1.038191
0.030000,-0.105000,-0.135000,0.444316,-1.554954,1.297167,0.053414,-0.186570,0.231017
0.030000,-0.105000,-0.125000,-0.124548,0.436224,-0.315217,-0.462604,1.618819,-1.490393
0.030000,-0.105000,-0.115000,-0.358197,1.253266,-1.302548,0.364204,-1.274829,1.191948
0.030000,-0.105000,-0.105000,0.539868,-1.889345,2.033106,0.041449,-0.144663,0.260434
0.030000,-0.105000,-0.095000,-0.415432,1.454114,-1.656374,-0.388798,1.360341,-1.710020
0.030000,-0.105000,-0.085000,0.211364,-0.740062,0.865038,0.551551,-1.930056,2.623232
0.030000,-0.105000,-0.075000,-0.101141,0.354346,-0.390836,-0.594256,2.079573,-3.170835
0.030000,-0.105000,-0.065000,0.155547,-0.544722,0.792034,0.580331,-2.030797,3.587847
0.030000,-0.105000,-0.055000,-0.366264,1.282031,-2.503695,-0.449075,1.571311,-3.357482
0.030000,-0.105000,-0.045000,0.531290,-1.859252,4.669835,0.050757,-0.177293,0.647025
0.030000,-0.105000,-0.035000,-0.206334,0.721784,-2.535334,0.410635,-1.437073,4.562056
0.030000,-0.105000,-0.025000,-0.329287,1.152286,-5.142891,-0.135170,0.472779,-2.361856
0.030000,-0.105000,-0.015000,-0.037130,0.130026,-0.743291,-0.222923,0.779883,-5.941514
0.030000,-0.105000,-0.005000,0.026550,-0.092778,2.341556,-0.072914,0.254890,-5.702008
0.030000,-0.105000,0.005000,-0.026512,0.092849,2.341256,0.072770,-0.255045,-5.702183
0.030000,-0.105000,0.015000,0.037126,-0.130157,-0.744297,0.222778,-0.780044,-5.941531
0.030000,-0.105000,0.025000,0.329192,-1.152589,-5.143740,0.135046,-0.472568,-2.360543
0.030000,-0.105000,0.035000,0.206143,-0.721374,-2.533764,-0.410594,1.437532,4.563260
0.030000,-0.105000,0.045000,-0.531204,1.859586,4.670471,-0.050518,0.176474,0.644877
0.030000,-0.105000,0.055000,0.366438,-1.283060,-2.505783,0.448812,-1.570835,-3.356380
0.030000,-0.105000,0.065000,-0.155874,0.546063,0.794398,-0.580161,2.030755,3.587713
0.030000,-0.105000,0.075000,0.101527,-0.355840,-0.393126,0.594123,-2.079649,-3.170936
0.030000,-0.105000,0.085000,-0.211747,0.741643,0.867178,-0.551346,1.929815,2.622919
0.030000,-0.105000,0.095000,0.415705,-1.455474,-1.658039,0.388442,-1.359400,-1.708907
0.030000,-0.105000,0.105000,-0.539867,1.889825,2.033673,-0.040997,0.143063,0.258692
0.030000,-0.105000,0.115000,0.357859,-1.252364,-1.301685,-0.364498,1.276219,1.193367
0.030000,-0.105000,0.125000,0.124965,-0.437845,-0.316714,0.462470,-1.618753,-1.490383
0.030000,-0.105000,0.135000,-0.444350,1.555489,1.297673,-0.052993,0.185092,0.229770
0.030000,-0.105000,0.145000,0.151546,-0.530116,-0.477240,-0.388468,1.359972,1.038920
0.030000,-0.105000,0.155000,0.338254,-1.184243,-0.836344,0.190087,-0.665065,-0.539407
0.030000,-0.095000,-0.155000,0.385542,-1.220845,0.796516,0.162587,-0.514468,0.404149
0.030000,-0.095000,-0.145000,0.175609,-0.555688,0.464298,-0.417691,1.322647,-0.923788
0.030000,-0.095000,-0.135000,-0.469528,1.486751,-1.125683,-0.141809,0.448644,-0.421652
0.030000,-0.095000,-0.125000,-0.036667,0.115708,-0.184340,0.528942,-1.674797,1.391228
0.030000,-0.095000,-0.115000,0.547260,-1.732658,1.600129,-0.165096,0.523128,-0.379610
0.030000,-0.095000,-0.105000,-0.446557,1.414214,-1.328283,-0.420612,1.331471,-1.404297
0.030000,-0.095000,-0.095000,-0.030868,0.097303,-0.233485,0.652933,-2.067395,2.264455
0.030000,-0.095000,-0.085000,0.440607,-1.394749,1.822687,-0.529814,1.677827,-1.967669
0.030000,-0.095000,-0.075000,-0.633878,2.006831,-2.867753,0.331131,-1.048850,1.314754
0.030000,-0.095000,-0.065000,0.675002,-2.137078,3.499005,-0.266509,0.844248,-1.183788
0.030000,-0.095000,-0.055000,-0.586606,1.857099,-3.642266,0.405481,-1.284194,2.265973
0.030000,-0.095000,-0.045000,0.233159,-0.737869,1.928809,-0.627065,1.985542,-4.524646
0.030000,-0.095000,-0.035000,0.370135,-1.172136,3.297879,0.454432,-1.438569,4.451560
0.030000,-0.095000,-0.025000,-0.372754,1.179959,-5.089142,0.270729,-0.857305,3.356541
0.030000,-0.095000,-0.015000,-0.262054,0.829586,-5.638740,-0.136942,0.433346,-3.274345
0.030000,-0.095000,-0.005000,-0.051296,0.162284,-3.129623,-0.088281,0.279214,-5.981905
0.030000,-0.095000,0.005000,0.051196,-0.162377,-3.130015,0.088140,-0.279401,-5.981763
0.030000,-0.095000,0.015000,0.261921,-0.829845,-5.639476,0.136837,-0.433327,-3.273399
0.030000,-0.095000,0.025000,0.372562,-1.179921,-5.088352,-0.270731,0.857773,3.358199
0.030000,-0.095000,0.035000,-0.370214,1.172868,3.299886,-0.454189,1.438325,4.450474
0.030000,-0.095000,0.045000,-0.232823,0.736998,1.926653,0.627062,-1.986190,-4.525967
0.030000,-0.095000,0.055000,0.586294,-1.856622,-3.641242,-0.405752,1.285467,2.268368
0.030000,-0.095000,0.065000,-0.674752,2.136847,3.498581,0.266912,-0.845802,-1.186304
0.030000,-0.095000,0.075000,0.633580,-2.006387,-2.867124,-0.331552,1.050505,1.317084
0.030000,-0.095000,0.085000,-0.440161,1.393651,1.821338,0.530114,-1.679242,-1.969444
0.030000,-0.095000,0.095000,0.030324,-0.095550,-0.231542,-0.652915,2.067870,2.265022
0.030000,-0.095000,0.105000,0.446901,-1.415705,-1.329816,0.420198,-1.330461,-1.403318
0.030000,-0.095000,0.115000,-0.547084,1.732538,1.600072,0.165590,-0.524883,-0.381232
0.030000,-0.095000,0.125000,0.036163,-0.114086,-0.182979,-0.528958,1.675296,1.391706
0.030000,-0.095000,0.135000,0.469654,-1.487571,-1.126377,0.141344,-0.447243,-0.420577
0.030000,-0.095000,0.145000,-0.175184,0.554449,0.463422,0.417859,-1.323570,-0.924509
0.030000,-0.095000,0.155000,-0.385704,1.221729,0.797165,-0.162187,0.513302,0.403379
0.030000,-0.085000,-0.155000,-0.448503,1.270585,-0.777499,-0.026815,0.075609,-0.111710
0.030000,-0.085000,-0.145000,-0.095089,0.269012,-0.248513,0.480935,-1.362523,0.881748
0.030000,-0.085000,-0.135000,0.520235,-1.473883,1.021804,0.126113,-0.356890,0.331787
0.030000,-0.085000,-0.125000,0.100267,-0.283649,0.307590,-0.575788,1.631250,-1.228815
0.030000,-0.085000,-0.115000,-0.637206,1.805175,-1.499448,0.012285,-0.035234,-0.075679
0.030000,-0.085000,-0.105000,0.243532,-0.690341,0.515379,0.648750,-1.837737,1.711892
0.030000,-0.085000,-0.095000,0.481360,-1.363329,1.474212,-0.574413,1.627604,-1.547033
0.030000,-0.085000,-0.085000,-0.803258,2.275613,-2.558527,0.017989,-0.051443,-0.099128
0.030000,-0.085000,-0.075000,0.708042,-2.006149,2.453374,0.469722,-1.330309,1.843336
0.030000,-0.085000,-0.065000,-0.541782,1.535247,-2.091297,-0.693661,1.964828,-3.013121
0.030000,-0.085000,-0.055000,0.553775,-1.569198,2.538860,0.689117,-1.951946,3.536756
0.030000,-0.085000,-0.045000,-0.748731,2.121311,-4.374265,-0.398448,1.128381,-2.631798
0.030000,-0.085000,-0.035000,0.709090,-2.008611,5.587354,-0.271114,0.768389,-1.814648
0.030000,-0.085000,-0.025000,0.094499,-0.267986,0.696821,0.600629,-1.701358,6.549920
0.030000,-0.085000,-0.015000,-0.346065,0.980078,-6.411150,0.191968,-0.543882,3.153468
0.030000,-0.085000,-0.005000,-0.136781,0.387142,-7.354101,-0.015731,0.044469,-1.213390
0.030000,-0.085000,0.005000,0.136578,-0.387400,-7.354247,0.015725,-0.044513,-1.212903
0.030000,-0.085000,0.015000,0.345871,-0.980230,-6.410683,-0.191920,0.544177,3.154838
0.030000,-0.085000,0.025000,-0.094639,0.268550,0.699000,-0.600427,1.701575,6.549975
0.030000,-0.085000,0.035000,-0.708834,2.008594,5.586887,0.271346,-0.769366,-1.817252
0.030000,-0.085000,0.045000,0.748819,-2.122237,-4.376068,0.398000,-1.127415,-2.629587
0.030000,-0.085000,0.055000,-0.554127,1.570678,2.541403,-0.688694,1.951260,3.535454
0.030000,-0.085000,0.065000,0.542208,-1.536908,-2.093748,0.693216,-1.964054,-3.011939
0.030000,-0.085000,0.075000,-0.708343,2.007554,2.455191,-0.469142,1.328963,1.841607
0.030000,-0.085000,0.085000,0.803189,-2.276004,-2.559005,-0.018650,0.053390,-0.096918
0.030000,-0.085000,0.095000,-0.480830,1.362136,1.473034,0.574803,-1.629172,-1.548661
0.030000,-0.085000,0.105000,-0.244118,0.692242,0.517141,-0.648497,1.837485,1.711715
0.030000,-0.085000,0.115000,0.637172,-1.805565,-1.499836,-0.012896,0.037032,-0.074174
0.030000,-0.085000,0.125000,-0.099694,0.282046,0.306369,0.575872,-1.631951,-1.229414
0.030000,-0.085000,0.135000,-0.520352,1.474653,1.022411,-0.125581,0.355429,0.330761
0.030000,-0.085000,0.145000,0.094586,-0.267613,-0.247598,-0.481028,1.363199,0.882254
0.030000,-0.085000,0.155000,0.448527,-1.271048,-0.777841,0.026338,-0.074227,-0.110857
0.030000,-0.075000,-0.155000,0.415557,-1.038536,0.614614,-0.240305,0.600979,-0.277809
0.030000,-0.075000,-0.145000,-0.134053,0.335451,-0.127472,-0.510359,1.275595,-0.782084
0.030000,-0.075000,-0.135000,-0.579676,1.448941,-0.936977,0.041032,-0.102968,-0.018976
0.030000,-0.075000,-0.125000,-0.012888,0.031788,-0.118921,0.640701,-1.601528,1.109607
0.030000,-0.075000,-0.115000,0.706939,-1.767100,1.333603,-0.001290,0.003676,0.107857
0.030000,-0.075000,-0.105000,-0.122311,0.306206,-0.127581,-0.769414,1.923205,-1.609667
0.030000,-0.075000,-0.095000,-0.761796,1.904019,-1.806789,0.390133,-0.975652,0.760785
0.030000,-0.075000,-0.085000,0.776267,-1.940717,1.887366,0.520030,-1.299478,1.469103
0.030000,-0.075000,-0.075000,-0.148114,0.370775,-0.232441,-0.997907,2.494382,-2.917245
0.030000,-0.075000,-0.065000,-0.425182,1.062320,-1.632750,0.981647,-2.454035,3.186479
0.030000,-0.075000,-0.055000,0.651469,-1.628024,2.789860,-0.889375,2.223479,-3.351154
0.030000,-0.075000,-0.045000,-0.481512,1.203148,-2.604306,0.974205,-2.435410,4.562072
0.030000,-0.075000,-0.035000,-0.180241,0.450988,-0.766039,-0.982726,2.456342,-6.161908
0.030000,-0.075000,-0.025000,0.801968,-2.004586,6.883340,0.169902,-0.424304,1.867773
0.030000,-0.075000,-0.015000,0.004997,-0.012728,-0.362255,0.543518,-1.358351,7.872618
0.030000,-0.075000,-0.005000,-0.120403,0.300662,-5.579842,0.148288,-0.370409,6.151634
0.030000,-0.075000,0.005000,0.120267,-0.300883,-5.579427,-0.148092,0.370661,6.152110
0.030000,-0.075000,0.015000,-0.005083,0.012985,-0.360504,-0.543291,1.358700,7.872910
0.030000,-0.075000,0.025000,-0.801822,2.005100,6.884330,-0.169604,0.423702,1.865356
0.030000,-0.075000,0.035000,0.180653,-0.452220,-0.769114,0.982472,-2.456533,-6.161927
0.030000,-0.075000,0.045000,0.480896,-1.201914,-2.601765,-0.974347,2.436511,4.564028
0.030000,-0.075000,0.055000,-0.650809,1.626772,2.787791,0.889713,-2.224971,-3.353464
0.030000,-0.075000,0.065000,0.424412,-1.060618,-1.630437,-0.981881,2.455295,3.188161
0.030000,-0.075000,0.075000,0.148919,-0.372950,-0.234989,0.997717,-2.494552,-2.917464
0.030000,-0.075000,0.085000,-0.776679,1.942297,1.889034,-0.519321,1.297994,1.467600
0.030000,-0.075000,0.095000,0.761402,-1.903515,-1.806378,-0.390820,0.977691,0.762691
0.030000,-0.075000,0.105000,0.123050,-0.308202,-0.129254,0.769269,-1.923365,-1.609864
0.030000,-0.075000,0.115000,-0.706919,1.767555,1.334015,0.001997,-0.005509,0.106464
0.030000,-0.075000,0.125000,0.012228,-0.030085,-0.117733,-0.640702,1.602006,1.110006
0.030000,-0.075000,0.135000,0.579626,-1.449255,-0.937242,-0.041642,0.104587,-0.017924
0.030000,-0.075000,0.145000,0.134601,-0.336985,-0.128410,0.510211,-1.275619,-0.782156
0.030000,-0.075000,0.155000,-0.415294,1.038194,0.614470,0.240760,-0.602363,-0.278616
0.030000,-0.065000,-0.155000,-0.100499,0.217339,-0.177958,0.499865,-1.082911,0.534722
0.030000,-0.065000,-0.145000,0.468824,-1.015825,0.506606,0.314315,-0.680566,0.433320
0.030000,-0.065000,-0.135000,0.496278,-1.074831,0.679326,-0.382834,0.829664,-0.412640
0.030000,-0.065000,-0.125000,-0.281920,0.611134,-0.291743,-0.638453,1.382912,-0.909920
0.030000,-0.065000,-0.115000,-0.750105,1.624853,-1.141510,0.209495,-0.454292,0.198651
0.030000,-0.065000,-0.105000,0.212273,-0.460344,0.214242,0.843728,-1.827691,1.400972
0.030000,-0.065000,-0.095000,0.908009,-1.966894,1.683462,-0.344939,0.747762,-0.472140
0.030000,-0.065000,-0.085000,-0.656935,1.423618,-1.170486,-0.858239,1.858929,-1.831910
0.030000,-0.065000,-0.075000,-0.480369,1.040125,-1.290775,1.092535,-2.367094,2.394378
0.030000,-0.065000,-0.065000,1.219816,-2.642391,3.287314,-0.446798,0.968517,-0.928005
0.030000,-0.065000,-0.055000,-1.367226,2.962028,-4.196529,-0.180904,0.391290,-0.866917
0.030000,-0.065000,-0.045000,1.371128,-2.970511,5.114679,0.304061,-0.658113,1.509965
0.030000,-0.065000,-0.035000,-1.314739,2.848074,-6.479430,0.233566,-0.506537,0.713993
0.030000,-0.065000,-0.025000,0.469606,-1.016867,3.651578,-1.028421,2.228012,-6.808769
0.030000,-0.065000,-0.015000,0.716397,-1.551843,7.945273,0.278131,-0.602154,3.670574
0.030000,-0.065000,-0.005000,0.112475,-0.243574,3.307998,0.249663,-0.540423,8.747867
0.030000,-0.065000,0.005000,-0.112343,0.243746,3.308773,-0.249414,0.540830,8.747664
0.030000,-0.065000,0.015000,-0.716205,1.552398,7.946412,-0.277896,0.601985,3.668678
0.030000,-0.065000,0.025000,-0.469135,1.016216,3.648985,1.028378,-2.228839,-6.810567
0.030000,-0.065000,0.035000,1.314427,-2.848311,-6.479474,-0.234196,0.508118,0.717565
0.030000,-0.065000,0.045000,-1.371163,2.971458,5.116131,-0.303169,0.656312,1.506702
0.030000,-0.065000,0.055000,1.367235,-2.962866,-4.197652,0.179898,-0.389149,-0.863799
0.030000,-0.065000,0.065000,-1.219369,2.642108,3.286957,0.447750,-0.970907,-0.930924
0.030000,-0.065000,0.075000,0.479387,-1.038213,-1.288764,-1.092893,2.368539,2.395936
0.030000,-0.065000,0.085000,0.657703,-1.425733,-1.172491,0.857590,-1.857994,-1.831082
0.030000,-0.065000,0.095000,-0.907642,1.966634,1.683307,0.345812,-0.749933,-0.473972
0.030000,-0.065000,0.105000,-0.213121,0.462385,0.215796,-0.843492,1.827703,1.401049
0.030000,-0.065000,0.115000,0.749874,-1.624835,-1.141563,-0.210274,0.456183,0.199969
0.030000,-0.065000,0.125000,0.282599,-0.612862,-0.292860,0.638145,-1.382664,-0.909824
0.030000,-0.065000,0.135000,-0.495859,1.074245,0.679033,0.383373,-0.831161,-0.413553
0.030000,-0.065000,0.145000,-0.469173,1.016971,0.507278,-0.313796,0.679630,0.432844
0.030000,-0.065000,0.155000,0.099938,-0.216146,-0.177362,-0.499981,1.083571,0.535111
0.030000,-0.055000,-0.155000,-0.432191,0.792405,-0.320432,-0.320294,0.586771,-0.325519
0.030000,-0.055000,-0.145000,-0.545844,1.000340,-0.522720,0.247725,-0.454437,0.149427
0.030000,-0.055000,-0.135000,-0.016166,0.029202,-0.106562,0.670612,-1.229226,0.644235
0.030000,-0.055000,-0.125000,0.692495,-1.269522,0.679945,0.297915,-0.545656,0.406146
0.030000,-0.055000,-0.115000,0.552110,-1.011654,0.717047,-0.646997,1.186275,-0.654295
0.030000,-0.055000,-0.105000,-0.593427,1.088185,-0.625278,-0.758242,1.389561,-1.027563
0.030000,-0.055000,-0.095000,-0.909810,1.667419,-1.339861,0.604564,-1.108666,0.690965
0.030000,-0.055000,-0.085000,0.761086,-1.395598,1.011117,0.978185,-1.792710,1.621398
0.030000,-0.055000,-0.075000,0.841589,-1.542187,1.652989,-1.120424,2.054215,-1.805041
0.030000,-0.055000,-0.065000,-1.554218,2.849117,-3.078480,-0.216560,0.396301,-0.719889
0.030000,-0.055000,-0.055000,1.072701,-1.966917,2.268848,1.348285,-2.471091,3.416507
0.030000,-0.055000,-0.045000,-0.535523,0.982344,-1.142081,-1.743115,3.195074,-5.179653
0.030000,-0.055000,-0.035000,0.721227,-1.322680,2.211950,1.657586,-3.038193,6.386999
0.030000,-0.055000,-0.025000,-1.438155,2.636397,-7.240973,-0.688676,1.261823,-4.150077
0.030000,-0.055000,-0.015000,0.617201,-1.130896,5.954294,-0.936087,1.715911,-7.758525
0.030000,-0.055000,-0.005000,0.405160,-0.742191,10.650532,-0.042338,0.077694,-0.357252
0.030000,-0.055000,0.005000,-0.404835,0.742786,10.650591,0.042290,-0.077752,-0.358290
0.030000,-0.055000,0.015000,-0.616813,1.130802,5.952240,0.935976,-1.716700,-7.760433
0.030000,-0.055000,0.025000,1.438201,-2.637504,-7.243207,0.687960,-1.260950,-4.146962
0.030000,-0.055000,0.035000,-0.722081,1.324714,2.215971,-1.656976,3.038003,6.386095
0.030000,-0.055000,0.045000,0.536678,-0.984809,-1.145972,1.742583,-3.194994,-5.179291
0.030000,-0.055000,0.055000,-1.073689,1.969333,2.271958,-1.347339,2.469997,3.415010
0.030000,-0.055000,0.065000,1.554318,-2.850106,-3.079571,0.215196,-0.393833,-0.717165
0.030000,-0.055000,0.075000,-0.840506,1.540581,1.651480,1.121160,-2.056199,-1.806968
0.030000,-0.055000,0.085000,-0.762023,1.397791,1.012998,-0.977404,1.791763,1.620650
0.030000,-0.055000,0.095000,0.909169,-1.666720,-1.339393,-0.605481,1.110755,0.692571
0.030000,-0.055000,0.105000,0.594218,-1.090050,-0.626586,0.757603,-1.388797,-1.027098
0.030000,-0.055000,0.115000,-0.551405,1.010653,0.716471,0.647590,-1.187814,-0.655299
0.030000,-0.055000,0.125000,-0.692822,1.270607,0.680621,-0.297150,0.544386,0.405448
0.030000,-0.055000,0.135000,0.015413,-0.027767,-0.105808,-0.670632,1.229730,0.644560
0.030000,-0.055000,0.145000,0.545566,-1.000203,-0.522704,-0.248348,0.455818,0.150126
0.030000,-0.055000,0.155000,0.432565,-0.793458,-0.320955,0.319801,-0.586063,-0.325226
0.030000,-0.045000,-0.155000,0.394323,-0.591052,0.297511,-0.402288,0.603545,-0.200422
0.030000,-0.045000,-0.145000,-0.117131,0.176059,0.002231,-0.620426,0.930332,-0.429110
0.030000,-0.045000,-0.135000,-0.661519,0.992210,-0.439895,-0.261995,0.392492,-0.274706
0.030000,-0.045000,-0.125000,-0.624748,0.936619,-0.552040,0.509763,-0.764843,0.311548
0.030000,-0.045000,-0.115000,0.219651,-0.329899,0.063549,0.892405,-1.338214,0.781743
0.030000,-0.045000,-0.105000,1.045811,-1.568483,0.947793,0.126221,-0.188755,0.262486
0.030000,-0.045000,-0.095000,0.449944,-0.674250,0.621568,-1.127055,1.690500,-1.085593
0.030000,-0.045000,-0.085000,-1.223978,1.835975,-1.293914,-0.686532,1.029072,-0.966947
0.030000,-0.045000,-0.075000,-0.748049,1.121286,-1.195620,1.442419,-2.163611,1.748107
0.030000,-0.045000,-0.065000,1.823547,-2.735094,2.649832,0.433466,-0.649378,0.955889
0.030000,-0.045000,-0.055000,-0.608809,0.913850,-0.694511,-2.046191,3.068630,-3.725413
0.030000,-0.045000,-0.045000,-0.906538,1.358850,-2.418143,2.180830,-3.271110,4.514802
0.030000,-0.045000,-0.035000,1.385578,-2.077382,4.365370,-2.036735,3.055120,-5.299250
0.030000,-0.045000,-0.025000,-0.408050,0.611246,-2.348911,2.254785,-3.381727,8.624613
0.030000,-0.045000,-0.015000,-1.437976,2.156694,-8.835514,-0.883997,1.325210,-6.506008
0.030000,-0.045000,-0.005000,-0.001898,0.003038,0.967813,-0.630562,0.945160,-12.255401
0.030000,-0.045000,0.005000,0.001897,-0.003050,0.966443,0.630193,-0.945994,-12.255606
0.030000,-0.045000,0.015000,1.437932,-2.157782,-8.837865,0.883411,-1.325012,-6.503274
0.030000,-0.045000,0.025000,0.406913,-0.609718,-2.344545,-2.254689,3.382828,8.626216
0.030000,-0.045000,0.035000,-1.384142,2.075822,4.362075,2.037427,-3.057146,-5.302567
0.030000,-0.045000,0.045000,0.904803,-1.356577,-2.414730,-2.181361,3.272901,4.517171
0.030000,-0.045000,0.055000,0.610536,-0.916790,-0.697974,2.045550,-3.068545,-3.725229
0.030000,-0.045000,0.065000,-1.823873,2.736430,2.651165,-0.431742,0.646904,0.953412
0.030000,-0.045000,0.075000,0.746594,-1.119381,-1.193989,-1.443115,2.165378,1.749668
0.030000,-0.045000,0.085000,1.224662,-1.837654,-1.295240,0.685248,-1.027415,-0.965712
0.030000,-0.045000,0.095000,-0.448731,0.672593,0.620463,1.127521,-1.691826,-1.086552
0.030000,-0.045000,0.105000,-1.045943,1.569277,0.948342,-0.125072,0.187024,0.261430
0.030000,-0.045000,0.115000,-0.220650,0.331603,0.064517,-0.892160,1.338358,0.781881
0.030000,-0.045000,0.125000,0.624171,-0.936102,-0.551817,-0.510478,0.766291,0.312328
0.030000,-0.045000,0.135000,0.661829,-0.993139,-0.440385,0.261236,-0.391463,-0.274235
0.030000,-0.045000,0.145000,0.117856,-0.177293,0.001677,0.620300,-0.930566,-0.429261
0.030000,-0.045000,0.155000,-0.393858,0.590601,0.297356,0.402759,-0.604594,-0.200887
0.030000,-0.035000,-0.155000,0.484731,-0.565550,0.177897,0.327614,-0.381762,0.208747
0.030000,-0.035000,-0.145000,0.633028,-0.738183,0.329067,-0.183224,0.214097,-0.008518
0.030000,-0.035000,-0.135000,0.276003,-0.321492,0.232022,-0.694219,0.809849,-0.325336
0.030000,-0.035000,-0.125000,-0.463180,0.540631,-0.167405,-0.716012,0.834856,-0.461831
0.030000,-0.035000,-0.115000,-0.980585,1.143718,-0.599660,0.007384,-0.009130,-0.124287
0.030000,-0.035000,-0.105000,-0.539800,0.629124,-0.495097,1.000005,-1.166662,0.596796
0.030000,-0.035000,-0.095000,0.807827,-0.942742,0.453135,1.053222,-1.228118,0.890202
0.030000,-0.035000,-0.085000,1.474449,-1.719622,1.293087,-0.515939,0.602436,-0.217840
0.030000,-0.035000,-0.075000,-0.284235,0.332268,0.003774,-1.827831,2.131959,-1.756817
0.030000,-0.035000,-0.065000,-2.171683,2.533071,-2.403751,0.331483,-0.387459,0.018577
0.030000,-0.035000,-0.055000,0.989854,-1.155458,0.859361,2.402183,-2.801758,3.243714
0.030000,-0.035000,-0.045000,1.725519,-2.012014,3.172360,-2.473523,2.885875,-3.543355
0.030000,-0.035000,-0.035000,-3.048953,3.556157,-6.444982,1.357026,-1.583852,2.043371
0.030000,-0.035000,-0.025000,2.908384,-3.392075,8.670707,-1.597935,1.864748,-3.647885
0.030000,-0.035000,-0.015000,-0.390443,0.454705,-3.034271,2.573908,-3.002264,11.914741
0.030000,-0.035000,-0.005000,-0.983215,1.146241,-14.188685,0.240154,-0.280259,2.050085
0.030000,-0.035000,0.005000,0.982845,-1.147392,-14.188494,-0.240103,0.280573,2.051960
0.030000,-0.035000,0.015000,0.389516,-0.453843,-3.029812,-2.573686,3.003540,11.916118
0.030000,-0.035000,0.025000,-2.907222,3.391944,8.668887,1.599397,-1.867182,-3.653140
0.030000,-0.035000,0.035000,3.047754,-3.555892,-6.443841,-1.359122,1.586883,2.048379
0.030000,-0.035000,0.045000,-1.723337,2.010042,3.169512,2.474836,-2.888386,-3.546484
0.030000,-0.035000,0.055000,-0.992051,1.158493,0.862650,-2.401157,2.801452,3.243261
0.030000,-0.035000,0.065000,2.171285,-2.533475,-2.404092,-0.333641,0.390208,0.021120
0.030000,-0.035000,0.075000,0.286144,-0.334713,0.001816,1.827496,-2.132344,-1.757135
0.030000,-0.035000,0.085000,-1.473873,1.719602,1.293100,0.517533,-0.604621,-0.219388
0.030000,-0.035000,0.095000,-0.808998,0.944577,0.454311,-1.052319,1.227533,0.889865
0.030000,-0.035000,0.105000,0.538667,-0.628014,-0.494487,-1.000622,1.167951,0.597563
0.030000,-0.035000,0.115000,0.980586,-1.144274,-0.599987,-0.008514,0.010532,-0.123563
0.030000,-0.035000,0.125000,0.464023,-0.541957,-0.168054,0.715482,-0.834629,-0.461756
0.030000,-0.035000,0.135000,-0.275190,0.320654,0.231670,0.694558,-0.810716,-0.325749
0.030000,-0.035000,0.145000,-0.632825,0.738358,0.329172,0.183981,-0.215169,-0.008963
0.030000,-0.035000,0.155000,-0.485136,0.566408,0.178248,-0.327043,0.381278,0.208582
0.030000,-0.025000,-0.155000,-0.048067,0.039641,-0.089496,0.600358,-0.500095,0.187795
0.030000,-0.025000,-0.145000,0.453637,-0.378180,0.093640,0.507976,-0.422845,0.231658
0.030000,-0.025000,-0.135000,0.775671,-0.646129,0.287267,0.005539,-0.004161,0.098990
0.030000,-0.025000,-0.125000,0.581596,-0.484108,0.318473,-0.674386,0.562091,-0.197273
0.030000,-0.025000,-0.115000,-0.198519,0.165891,0.042501,-1.012072,0.842992,-0.467196
0.030000,-0.025000,-0.105000,-1.099775,0.916414,-0.462217,-0.494738,0.411624,-0.379218
0.030000,-0.025000,-0.095000,-1.180518,0.983118,-0.730183,0.797603,-0.664988,0.266329
0.030000,-0.025000,-0.085000,0.206378,-0.172619,-0.106485,1.689039,-1.407061,1.027860
0.030000,-0.025000,-0.075000,1.993996,-1.661430,1.269414,0.494824,-0.411507,0.611416
0.030000,-0.025000,-0.065000,1.115942,-0.928976,1.193837,-2.241634,1.867982,-1.573788
0.030000,-0.025000,-0.055000,-2.723996,2.269963,-2.275591,-1.409741,1.173692,-1.719143
0.030000,-0.025000,-0.045000,-0.758523,0.630940,-1.482294,3.655544,-3.045914,3.965778
0.030000,-0.025000,-0.035000,3.888233,-3.239052,6.019134,-2.057595,1.715362,-2.184251
0.030000,-0.025000,-0.025000,-4.615073,3.844887,-9.580252,1.019952,-0.850922,0.872684
0.030000,-0.025000,-0.015000,2.740861,-2.282766,10.398906,-2.938206,2.448512,-8.795967
0.030000,-0.025000,-0.005000,1.403541,-1.169023,13.174910,0.868495,-0.722909,10.387627
0.030000,-0.025000,0.005000,-1.403399,1.170508,13.176517,-0.868254,0.723758,10.385607
0.030000,-0.025000,0.015000,-2.739469,2.282832,10.395126,2.939095,-2.450565,-8.800584
0.030000,-0.025000,0.025000,4.614136,-3.845660,-9.579900,-1.022822,0.853710,0.879098
0.030000,-0.025000,0.035000,-3.886381,3.238702,6.017603,2.060607,-1.718602,-2.189400
0.030000,-0.025000,0.045000,0.755136,-0.628263,-1.478603,-3.656093,3.047579,3.967517
0.030000,-0.025000,0.055000,2.725327,-2.272058,-2.277647,1.406979,-1.171780,-1.716944
0.030000,-0.025000,0.065000,-1.113555,0.927306,1.192247,2.242772,-1.869809,-1.575342
0.030000,-0.025000,0.075000,-1.994522,1.662695,1.270344,-0.492632,0.409781,0.610036
0.030000,-0.025000,0.085000,-0.208281,0.174391,-0.105260,-1.688806,1.407591,1.028191
0.030000,-0.025000,0.095000,1.179609,-0.982865,-0.730013,-0.798965,0.666575,0.267299
0.030000,-0.025000,0.105000,1.100367,-0.917501,-0.462815,0.493462,-0.410733,-0.378720
0.030000,-0.025000,0.115000,0.199717,-0.167078,0.041902,1.011857,-0.843350,-0.467377
0.030000,-0.025000,0.125000,-0.580807,0.483732,0.318303,0.675095,-0.563127,-0.197755
0.030000,-0.025000,0.135000,-0.775699,0.646637,0.287490,-0.004609,0.003316,0.098631
0.030000,-0.025000,0.145000,-0.454264,0.379055,0.093991,-0.507445,0.422693,0.231604
0.030000,-0.025000,0.155000,0.047341,-0.039004,-0.089263,-0.600437,0.500589,0.187985
0.030000,-0.015000,-0.155000,-0.436766,0.217929,-0.155970,0.431861,-0.216044,0.048991
0.030000,-0.015000,-0.145000,-0.019814,0.009473,-0.090229,0.696132,-0.347820,0.173927
0.030000,-0.015000,-0.135000,0.544636,-0.272463,0.076962,0.580199,-0.289586,0.225135
0.030000,-0.015000,-0.125000,0.917202,-0.458312,0.269022,0.009777,-0.004393,0.116610
0.030000,-0.015000,-0.115000,0.723939,-0.361362,0.330281,-0.784679,0.392467,-0.161015
0.030000,-0.015000,-0.105000,-0.161557,0.081310,0.100850,-1.245815,0.622492,-0.458394
0.030000,-0.015000,-0.095000,-1.299184,0.649582,-0.409964,-0.742311,0.370416,-0.455546
0.030000,-0.015000,-0.085000,-1.612587,0.805608,-0.808202,0.813926,-0.407407,0.142946
0.030000,-0.015000,-0.075000,-0.068942,0.033670,-0.331464,2.211479,-1.105308,1.082117
0.030000,-0.015000,-0.065000,2.520815,-1.260295,1.282905,1.100355,-0.549161,0.979055
0.030000,-0.015000,-0.055000,2.023925,-1.010808,1.778541,-2.810844,1.405542,-1.595973
0.030000,-0.015000,-0.045000,-3.644023,1.822101,-2.612796,-2.440389,1.218873,-2.595245
0.030000,-0.015000,-0.035000,-0.995506,0.496343,-2.037827,5.373966,-2.686466,5.516775
0.030000,-0.015000,-0.025000,4.411110,-2.203951,7.591498,-4.545158,2.272897,-5.743003
0.030000,-0.015000,-0.015000,-2.675986,1.336456,-8.446695,5.231013,-2.615150,12.026032
0.030000,-0.015000,-0.005000,-2.291776,1.145153,-15.867441,-1.178962,0.588485,-11.031023
0.030000,-0.015000,0.005000,2.292072,-1.147233,-15.869265,1.178767,-0.589491,-11.028126
0.030000,-0.015000,0.015000,2.673492,-1.336154,-8.440616,-5.232200,2.617551,12.030042
0.030000,-0.015000,0.025000,-4.407733,2.203452,7.587247,4.548158,-2.275705,-5.748577
0.030000,-0.015000,0.035000,0.990772,-0.494152,-2.032888,-5.374672,2.688310,5.518730
0.030000,-0.015000,0.045000,3.646335,-1.824379,-2.615561,2.436755,-1.217670,-2.592717
0.030000,-0.015000,0.055000,-2.020940,1.009860,1.776931,2.812936,-1.407545,-1.598044
0.030000,-0.015000,0.065000,-2.522015,1.261815,1.284167,-1.097576,0.548050,0.977679
0.030000,-0.015000,0.075000,0.066435,-0.032335,-0.330212,-2.211567,1.106198,1.082654
0.030000,-0.015000,0.085000,1.611663,-0.805773,-0.808149,-0.815802,0.408775,0.143964
0.030000,-0.015000,0.095000,1.300079,-0.650668,-0.410611,0.740797,-0.369914,-0.455107
0.030000,-0.015000,0.105000,0.163042,-0.082221,0.100278,1.245651,-0.623013,-0.458612
0.030000,-0.015000,0.115000,-0.723018,0.361225,0.330138,0.785569,-0.393387,-0.161483
0.030000,-0.015000,0.125000,-0.917243,0.458858,0.269238,-0.008669,0.003766,0.116276
0.030000,-0.015000,0.135000,-0.545359,0.273212,0.077286,-0.579558,0.289570,0.225084
0.030000,-0.015000,0.145000,0.018966,-0.008992,-0.090012,-0.696183,0.348302,0.174094
0.030000,-0.015000,0.155000,0.436255,-0.217930,-0.155943,-0.432414,0.216668,0.049221
0.030000,-0.005000,-0.155000,-0.565902,0.093926,-0.140367,0.254111,-0.042616,-0.019341
0.030000,-0.005000,-0.145000,-0.280566,0.046263,-0.136742,0.646012,-0.107596,0.099839
0.030000,-0.005000,-0.135000,0.273175,-0.045865,-0.031739,0.758438,-0.125984,0.202580
0.030000,-0.005000,-0.125000,0.838628,-0.139712,0.152630,0.404549,-0.066847,0.200709
0.030000,-0.005000,-0.115000,1.020176,-0.169536,0.314257,-0.373887,0.062704,0.028146
0.030000,-0.005000,-0.105000,0.483995,-0.079990,0.287938,-1.187882,0.197870,-0.281643
0.030000,-0.005000,-0.095000,-0.717738,0.120008,-0.057096,-1.356094,0.225370,-0.523110
0.030000,-0.005000,-0.085000,-1.840095,0.306367,-0.618963,-0.289621,0.047500,-0.340133
0.030000,-0.005000,-0.075000,-1.525935,0.253407,-0.843841,1.719870,-0.286814,0.494923
0.030000,-0.005000,-0.065000,1.064931,-0.178127,0.132400,2.685666,-0.446775,1.399735
0.030000,-0.005000,-0.055000,3.688846,-0.614131,2.068698,-0.209748,0.035954,0.410080
0.030000,-0.005000,-0.045000,0.212794,-0.034243,0.877460,-4.781446,0.796244,-3.199791
0.030000,-0.005000,-0.035000,-6.054166,1.007935,-5.472933,1.196433,-0.200587,-0.005987
0.030000,-0.005000,-0.025000,6.247170,-1.041204,6.723129,4.177147,-0.694384,6.420771
0.030000,-0.005000,-0.015000,-6.538144,1.089333,-12.166939,-3.512846,0.583702,-9.223379
0.030000,-0.005000,-0.005000,2.029586,-0.336989,14.858644,-2.761055,0.459571,-15.018551
0.030000,-0.005000,0.005000,-2.029746,0.338574,14.855470,2.762156,-0.461641,-15.021109
0.030000,-0.005000,0.015000,6.540289,-1.091618,-12.171292,3.509645,-0.584240,-9.216526
0.030000,-0.005000,0.025000,-6.250379,1.043327,6.727798,-4.172392,0.694579,6.415299
0.030000,-0.005000,0.035000,6.053027,-1.009251,-5.472787,-1.202000,0.201922,-0.000896
0.030000,-0.005000,0.045000,-0.207917,0.033367,0.874153,4.781648,-0.797589,-3.200672
0.030000,-0.005000,0.055000,-3.688632,0.615202,2.069174,0.213746,-0.036806,0.407813
0.030000,-0.005000,0.065000,-1.067966,0.179099,0.134006,-2.684496,0.447436,1.399627
0.030000,-0.005000,0.075000,1.523976,-0.253563,-0.843297,-1.721662,0.287824,0.495940
0.030000,-0.005000,0.085000,1.840479,-0.307198,-0.619410,0.287466,-0.047156,-0.339409
0.030000,-0.005000,0.095000,0.719372,-0.120686,-0.057741,1.355279,-0.225794,-0.523078
0.030000,-0.005000,0.105000,-0.482584,0.079906,0.287612,1.188503,-0.198584,-0.282024
0.030000,-0.005000,0.115000,-1.019761,0.169974,0.314321,0.375135,-0.063189,0.027753
0.030000,-0.005000,0.125000,-0.839155,0.140309,0.152901,-0.403545,0.066837,0.200535
0.030000,-0.005000,0.135000,-0.274114,0.046258,-0.031482,-0.758138,0.126369,0.202642
0.030000,-0.005000,0.145000,0.279787,-0.046250,-0.136629,-0.646386,0.108105,0.100027
0.030000,-0.005000,0.155000,0.565617,-0.094241,-0.140409,-0.254820,0.042970,-0.019160
0.030000,0.005000,-0.155000,-0.565897,-0.094713,-0.140393,0.254114,0.042091,-0.019357
0.030000,0.005000,-0.145000,-0.280560,-0.047260,-0.136776,0.646011,0.107747,0.099845
0.030000,0.005000,-0.135000,0.273180,0.045197,-0.031763,0.758432,0.126834,0.202611
0.030000,0.005000,-0.125000,0.838627,0.139838,0.152636,0.404539,0.068004,0.200754
0.030000,0.005000,-0.115000,1.020165,0.170530,0.314299,-0.373894,-0.061930,0.028178
0.030000,0.005000,-0.105000,0.483979,0.081343,0.288000,-1.187878,-0.198101,-0.281654
0.030000,0.005000,-0.095000,-0.717748,-0.119247,-0.057058,-1.356074,-0.226670,-0.523175
0.030000,0.005000,-0.085000,-1.840082,-0.307013,-0.618999,-0.289594,-0.049038,-0.340218
0.030000,0.005000,-0.075000,-1.525894,-0.255244,-0.843953,1.719874,0.286493,0.494903
0.030000,0.005000,-0.065000,1.064963,0.176866,0.132314,2.685615,0.448462,1.399850
0.030000,0.005000,-0.055000,3.688788,0.615508,2.068801,-0.209816,-0.033978,0.410231
0.030000,0.005000,-0.045000,0.212684,0.036668,0.877671,-4.781366,-0.797602,-3.199904
0.030000,0.005000,-0.035000,-6.053996,-1.010146,-5.473135,1.196566,0.198264,-0.006223
0.030000,0.005000,-0.025000,6.247106,1.041237,6.723078,4.176819,0.697973,6.421152
0.030000,0.005000,-0.015000,-6.537949,-1.090079,-12.166852,-3.512434,-0.587200,-9.223793
0.030000,0.005000,-0.005000,2.029228,0.339494,14.858958,-2.760778,-0.460762,-15.018248
0.030000,0.005000,0.005000,-2.029802,-0.338031,14.855697,2.762528,0.459168,-15.020640
0.030000,0.005000,0.015000,6.540600,1.088593,-12.170826,3.509457,0.585633,-9.216809
0.030000,0.005000,0.025000,-6.250608,-1.040232,6.727385,-4.172226,-0.696221,6.415517
0.030000,0.005000,0.035000,6.053045,1.008481,-5.472689,-1.202190,-0.198794,-0.001246
0.030000,0.005000,0.045000,-0.207800,-0.035917,0.874396,4.781686,0.796343,-3.200541
0.030000,0.005000,0.055000,-3.688648,-0.614378,2.069095,0.213825,0.034461,0.408008
0.030000,0.005000,0.065000,-1.068021,-0.176910,0.133843,-2.684489,-0.447419,1.399617
0.030000,0.005000,0.075000,1.523954,0.254438,-0.843350,-1.721694,-0.286086,0.495821
0.030000,0.005000,0.085000,1.840490,0.306314,-0.619353,0.287440,0.048663,-0.339496
0.030000,0.005000,0.095000,0.719393,0.119115,-0.057654,1.355274,0.225977,-0.523084
0.030000,0.005000,0.105000,-0.482572,-0.080957,0.287662,1.188513,0.197596,-0.281972
0.030000,0.005000,0.115000,-1.019760,-0.169955,0.314317,0.375148,0.061862,0.027814
0.030000,0.005000,0.125000,-0.839161,-0.139418,0.152861,-0.403538,-0.067680,0.200569
0.030000,0.005000,0.135000,-0.274122,-0.045118,-0.031527,-0.758137,-0.126350,0.202639
0.030000,0.005000,0.145000,0.279782,0.047014,-0.136655,-0.646390,-0.107364,0.099998
0.030000,0.005000,0.155000,0.565616,0.094303,-0.140409,-0.254825,-0.041973,-0.019195
0.030000,0.015000,-0.155000,-0.436750,-0.218840,-0.156059,0.431864,0.215831,0.048970
0.030000,0.015000,-0.145000,-0.019797,-0.010332,-0.090317,0.696121,0.348325,0.173979
0.030000,0.015000,-0.135000,0.544641,0.272191,0.076932,0.580175,0.290616,0.225249
0.030000,0.015000,-0.125000,0.917186,0.458908,0.269093,0.009751,0.005370,0.116725
0.030000,0.015000,-0.115000,0.723901,0.362576,0.330436,-0.784684,-0.392237,-0.160986
0.030000,0.015000,-0.105000,-0.161593,-0.080271,0.100993,-1.245782,-0.623341,-0.458512
0.030000,0.015000,-0.095000,-1.299178,-0.649635,-0.409973,-0.742247,-0.371881,-0.455768
0.030000,0.015000,-0.085000,-1.612511,-0.806983,-0.808431,0.813966,0.406564,0.142806
0.030000,0.015000,-0.075000,-0.068843,-0.035220,-0.331749,2.211413,1.106198,1.082281
0.030000,0.015000,-0.065000,2.520777,1.260573,1.282960,1.100191,0.551137,0.979461
0.030000,0.015000,-0.055000,2.023680,1.013043,1.779057,-2.810837,-1.405379,-1.595930
0.030000,0.015000,-0.045000,-3.643990,-1.822011,-2.612755,-2.440023,-1.221390,-2.595903
0.030000,0.015000,-0.035000,-0.995029,-0.498936,-2.038615,5.373680,2.687505,5.517034
0.030000,0.015000,-0.025000,4.410297,2.206856,7.592432,-4.545132,-2.272386,-5.742678
0.030000,0.015000,-0.015000,-2.675071,-1.339123,-8.447723,5.230528,2.615771,12.025805
0.030000,0.015000,-0.005000,-2.291031,-1.146316,-15.866822,-1.178299,-0.590167,-11.031907
0.030000,0.015000,0.005000,2.292921,1.145330,-15.868242,1.178789,0.589309,-11.028877
0.030000,0.015000,0.015000,2.673084,1.337185,-8.441349,-5.232928,-2.615164,12.028907
0.030000,0.015000,0.025000,-4.407456,-2.204246,7.587605,4.548789,2.272906,-5.747421
0.030000,0.015000,0.035000,0.990341,0.496416,-2.033664,-5.374905,-2.686627,5.518132
0.030000,0.015000,0.045000,3.646590,1.822189,-2.614899,2.436541,1.219036,-2.593101
0.030000,0.015000,0.055000,-2.020798,-1.011057,1.777219,2.813112,1.405560,-1.597521
0.030000,0.015000,0.065000,-2.522113,-1.260320,1.283814,-1.097454,-0.549490,0.977990
0.030000,0.015000,0.075000,0.066328,0.034044,-0.330549,-2.211598,-1.105445,1.082486
0.030000,0.015000,0.085000,1.611646,0.805924,-0.808161,-0.815882,-0.407092,0.143658
0.030000,0.015000,0.095000,1.300122,0.649469,-0.410405,0.740753,0.370880,-0.455255
0.030000,0.015000,0.105000,0.163088,0.080850,0.100481,1.245657,0.622675,-0.458550
0.030000,0.015000,0.115000,-0.722998,-0.361801,0.330209,0.785600,0.392220,-0.161317
0.030000,0.015000,0.125000,-0.917251,-0.458415,0.269174,-0.008641,-0.004888,0.116417
0.030000,0.015000,0.135000,-0.545380,-0.272173,0.077159,-0.579547,-0.289998,0.225128
0.030000,0.015000,0.145000,0.018947,0.009965,-0.090118,-0.696188,-0.347902,0.174044
0.030000,0.015000,0.155000,0.436248,0.218333,-0.155979,-0.432427,-0.215765,0.049125
0.030000,0.025000,-0.155000,-0.048044,-0.040453,-0.089627,0.600345,0.500519,0.187864
0.030000,0.025000,-0.145000,0.453644,0.377909,0.093594,0.507945,0.423779,0.231819
0.030000,0.025000,-0.135000,0.775649,0.646673,0.287367,0.005507,0.005043,0.099153
0.030000,0.025000,-0.125000,0.581548,0.485204,0.318691,-0.674392,-0.561922,-0.197240
0.030000,0.025000,-0.115000,-0.198561,-0.165020,0.042687,-1.012029,-0.843804,-0.467370
0.030000,0.025000,-0.105000,-1.099761,-0.916584,-0.462257,-0.494662,-0.412896,-0.379513
0.030000,0.025000,-0.095000,-1.180423,-0.984385,-0.730504,0.797638,0.664419,0.266185
0.030000,0.025000,-0.085000,0.206476,0.171440,-0.106815,1.688948,1.408005,1.028124
0.030000,0.025000,-0.075000,1.993927,1.661931,1.269568,0.494657,0.413077,0.611904
0.030000,0.025000,-0.065000,1.115697,0.930767,1.194460,-2.241588,-1.868142,-1.573838
0.030000,0.025000,-0.055000,-2.723930,-2.270105,-2.275634,-1.409396,-1.175643,-1.719911
0.030000,0.025000,-0.045000,-0.758081,-0.632917,-1.483193,3.655307,3.046630,3.966066
0.030000,0.025000,-0.035000,3.887564,3.240945,6.020063,-2.057829,-1.714269,-2.183609
0.030000,0.025000,-0.025000,-4.614249,-3.846417,-9.580987,1.020421,0.849459,0.871647
0.030000,0.025000,-0.015000,2.739794,2.284552,10.400023,-2.937930,-2.448415,-8.795293
0.030000,0.025000,-0.005000,1.402800,1.169663,13.174057,0.867779,0.724016,10.388655
0.030000,0.025000,0.005000,-1.404297,-1.169307,13.175246,-0.868394,-0.723480,10.386458
0.030000,0.025000,0.015000,-2.739335,-2.282945,10.395633,2.939990,2.448821,-8.799005
0.030000,0.025000,0.025000,4.614319,3.844922,-9.579460,-1.023607,-0.851718,0.877593
0.030000,0.025000,0.035000,-3.886296,-3.238695,6.017612,2.061226,1.716370,-2.188054
0.030000,0.025000,0.045000,0.754742,0.629988,-1.479470,-3.656315,-3.046264,3.966834
0.030000,0.025000,0.055000,2.725550,2.270468,-2.276934,1.406747,1.173046,-1.717478
0.030000,0.025000,0.065000,-1.113384,-0.928520,1.192692,2.242928,1.868380,-1.574777
0.030000,0.025000,0.075000,-1.994605,-1.661670,1.269976,-0.492485,-0.411167,0.610492
0.030000,0.025000,0.085000,-0.208406,-0.172862,-0.105721,-1.688824,-1.407177,1.028044
0.030000,0.025000,0.095000,1.179578,0.983176,-0.730079,-0.799056,-0.665148,0.266901
0.030000,0.025000,0.105000,1.100414,0.916534,-0.462560,0.493404,0.411676,-0.378946
0.030000,0.025000,0.115000,0.199775,0.165843,0.042185,1.011861,0.843128,-0.467311
0.030000,0.025000,0.125000,-0.580781,-0.484283,0.318409,0.675133,0.562095,-0.197527
0.030000,0.025000,0.135000,-0.775709,-0.646238,0.287400,-0.004573,-0.004335,0.098829
0.030000,0.025000,0.145000,-0.454291,-0.378095,0.093808,-0.507431,-0.423059,0.231663
0.030000,0.025000,0.155000,0.047317,0.039879,-0.089411,-0.600446,-0.500174,0.187904
0.030000,0.035000,-0.155000,0.484731,0.565521,0.177890,0.327578,0.382649,0.208949
0.030000,0.035000,-0.145000,0.632994,0.738883,0.329237,-0.183252,-0.213472,-0.008367
0.030000,0.035000,-0.135000,0.275952,0.322471,0.232276,-0.694208,-0.810028,-0.325382
0.030000,0.035000,-0.125000,-0.463204,-0.540182,-0.167280,-0.715952,-0.835813,-0.462098
0.030000,0.035000,-0.115000,-0.980538,-1.144321,-0.599841,0.007449,0.008178,-0.124574
0.030000,0.035000,-0.105000,-0.539700,-0.630325,-0.495491,0.999993,1.166735,0.596819
0.030000,0.035000,-0.095000,0.807865,0.942287,0.452970,1.053098,1.229321,0.890633
0.030000,0.035000,-0.085000,1.474311,1.720690,1.293508,-0.516034,-0.601570,-0.217494
0.030000,0.035000,-0.075000,-0.284389,-0.331151,0.004271,-1.827672,-2.132910,-1.757233
0.030000,0.035000,-0.065000,-2.171468,-2.534075,-2.404240,0.331687,0.386269,0.017979
0.030000,0.035000,-0.055000,0.990044,1.154497,0.858797,2.401830,2.803072,3.244441
0.030000,0.035000,-0.045000,1.724983,2.013668,3.173434,-2.473462,-2.885774,-3.543233
0.030000,0.035000,-0.035000,-3.048294,-3.557484,-6.445919,1.357284,1.582947,2.042578
0.030000,0.035000,-0.025000,2.907534,3.393337,8.671698,-1.598099,-1.864078,-3.647025
0.030000,0.035000,-0.015000,-0.389867,-0.455663,-3.035587,2.573174,3.002832,11.914753
0.030000,0.035000,-0.005000,-0.982356,-1.146986,-14.188819,0.240098,0.280057,2.048743
0.030000,0.035000,0.005000,0.983493,1.146729,-14.188269,-0.240539,-0.280198,2.050468
0.030000,0.035000,0.015000,0.389037,0.454475,-3.031134,-2.574306,-3.002616,11.915137
0.030000,0.035000,0.025000,-2.907235,-3.391764,8.668892,1.600137,1.865729,-3.651512
0.030000,0.035000,0.035000,3.047744,3.555707,-6.443742,-1.359744,-1.585231,2.046903
0.030000,0.035000,0.045000,-1.723056,-2.010847,3.170114,2.475232,2.886859,-3.545360
0.030000,0.035000,0.055000,-0.992417,-1.156794,0.861581,-2.401128,-2.801362,3.243189
0.030000,0.035000,0.065000,2.171324,2.533039,-2.403831,-0.333913,-0.388637,0.020265
0.030000,0.035000,0.075000,0.286350,0.333222,0.002531,1.827522,2.131959,-1.756924
0.030000,0.035000,0.085000,-1.473863,-1.719516,1.293038,0.517691,0.603178,-0.218765
0.030000,0.035000,0.095000,-0.809111,-0.943271,0.453794,-1.052273,-1.227889,0.889981
0.030000,0.035000,0.105000,0.538597,0.628825,-0.494759,-1.000688,-1.166976,0.597202
0.030000,0.035000,0.115000,0.980605,1.143844,-0.599829,-0.008588,-0.009424,-0.123918
0.030000,0.035000,0.125000,0.464081,0.540863,-0.167720,0.715463,0.834851,-0.461806
0.030000,0.035000,0.135000,-0.275149,-0.321424,0.231875,0.694588,0.810000,-0.325537
0.030000,0.035000,0.145000,-0.632824,-0.738272,0.329135,0.184022,0.214181,-0.008706
0.030000,0.035000,0.155000,-0.485162,-0.565639,0.178052,-0.327020,-0.381816,0.208704
0.030000,0.045000,-0.155000,0.394280,0.591884,0.297756,-0.402295,-0.603364,-0.200368
0.030000,0.045000,-0.145000,-0.117168,-0.175402,0.002438,-0.620389,-0.930941,-0.429301
0.030000,0.045000,-0.135000,-0.661504,-0.992381,-0.439952,-0.261933,-0.393420,-0.275018
0.030000,0.045000,-0.125000,-0.624673,-0.937562,-0.552380,0.509784,0.764522,0.311431
0.030000,0.045000,-0.115000,0.219713,0.329167,0.063261,0.892333,1.338967,0.782037
0.030000,0.045000,-0.105000,1.045754,1.568950,0.947990,0.126118,0.189760,0.262916
0.030000,0.045000,-0.095000,0.449800,0.675399,0.622107,-1.127018,-1.690703,-1.085684
0.030000,0.045000,-0.085000,-1.223953,-1.836025,-1.293933,-0.686344,-1.030294,-0.967580
0.030000,0.045000,-0.075000,-0.747810,-1.122556,-1.196355,1.442376,2.163702,1.748147
0.030000,0.045000,-0.065000,1.823413,2.735498,2.650075,0.433183,0.650621,0.956709
0.030000,0.045000,-0.055000,-0.609029,-0.912969,-0.693820,-2.045852,-3.069600,-3.726113
0.030000,0.045000,-0.045000,-0.906057,-1.360102,-2.419248,2.180651,3.271296,4.514888
0.030000,0.045000,-0.035000,1.384965,2.078532,4.366553,-2.036599,-3.055058,-5.299031
0.030000,0.045000,-0.025000,-0.407524,-0.612132,-2.350142,2.254300,3.382089,8.624772
0.030000,0.045000,-0.015000,-1.437588,-2.156777,-8.834996,-0.883376,-1.325910,-6.507128
0.030000,0.045000,-0.005000,-0.001990,-0.002800,0.969067,-0.629893,-0.945575,-12.255228
0.030000,0.045000,0.005000,0.002093,0.002939,0.967745,0.630788,0.945528,-12.255125
0.030000,0.045000,0.015000,1.438552,2.157068,-8.836582,0.883302,1.325118,-6.504073
0.030000,0.045000,0.025000,0.406472,0.610375,-2.345752,-2.255121,-3.382075,8.625260
0.030000,0.045000,0.035000,-1.383870,-2.076296,4.362757,2.037909,3.056033,-5.301273
0.030000,0.045000,0.045000,0.904476,1.357402,-2.415581,-2.181686,-3.271855,4.516162
0.030000,0.045000,0.055000,0.610904,0.915432,-0.696837,2.045570,3.068298,-3.725028
0.030000,0.045000,0.065000,-1.824025,-2.735569,2.650534,-0.431495,-0.647978,0.954180
0.030000,0.045000,0.075000,0.746433,1.120213,-1.194501,-1.443274,-2.164326,1.748988
0.030000,0.045000,0.085000,1.224790,1.836627,-1.294646,0.685125,1.028196,-0.966135
0.030000,0.045000,0.095000,-0.448621,-0.673468,0.620893,1.127608,1.690962,-1.086095
0.030000,0.045000,0.105000,-1.045987,-1.568704,0.948057,-0.124969,-0.188043,0.261891
0.030000,0.045000,0.115000,-0.220741,-0.330505,0.064055,-0.892163,-1.338199,0.781793
0.030000,0.045000,0.125000,0.624142,0.936417,-0.551922,-0.510545,-0.765287,0.311929
0.030000,0.045000,0.135000,0.661865,0.992457,-0.440124,0.261187,0.392191,-0.274488
0.030000,0.045000,0.145000,0.117906,0.176362,0.001990,0.620304,0.930390,-0.429185
0.030000,0.045000,0.155000,-0.393837,-0.590973,0.297461,0.402796,0.603773,-0.200620
0.030000,0.055000,-0.155000,-0.432193,-0.792343,-0.320408,-0.320244,-0.587579,-0.325812
0.030000,0.055000,-0.145000,-0.545792,-1.001046,-0.522992,0.247755,0.453970,0.149245
0.030000,0.055000,-0.135000,-0.016106,-0.029964,-0.106878,0.670571,1.229677,0.644421
0.030000,0.055000,-0.125000,0.692476,1.269662,0.680005,0.297830,0.546571,0.406555
0.030000,0.055000,-0.115000,0.552005,1.012609,0.717509,-0.647006,-1.186131,-0.654221
0.030000,0.055000,-0.105000,-0.593462,-1.087840,-0.625090,-0.758117,-1.390504,-1.028059
0.030000,0.055000,-0.095000,-0.909659,-1.668363,-1.340406,0.604617,1.108232,0.690705
0.030000,0.055000,-0.085000,0.761136,1.395223,1.010863,0.977993,1.793710,1.622038
0.030000,0.055000,-0.075000,0.841342,1.543264,1.653766,-1.120417,-2.054110,-1.804946
0.030000,0.055000,-0.065000,-1.554055,-2.849542,-3.078799,-0.216300,-0.397289,-0.720714
0.030000,0.055000,-0.055000,1.072764,1.966551,2.268450,1.347911,2.472062,3.417409
0.030000,0.055000,-0.045000,-0.535739,-0.981700,-1.141292,-1.742712,-3.195780,-5.180377
0.030000,0.055000,-0.035000,0.721386,1.322194,2.211156,1.657083,3.038861,6.387797
0.030000,0.055000,-0.025000,-1.437869,-2.636463,-7.240765,-0.688182,-1.262473,-4.151194
0.030000,0.055000,-0.015000,0.616727,1.131359,5.955283,-0.935778,-1.715940,-7.757985
0.030000,0.055000,-0.005000,0.404634,0.742472,10.650490,-0.042342,-0.077559,-0.356096
0.030000,0.055000,0.005000,-0.405293,-0.742488,10.650311,0.042477,0.077661,-0.357072
0.030000,0.055000,0.015000,-0.616779,-1.130838,5.952948,0.936472,1.716221,-7.759281
0.030000,0.055000,0.025000,1.438648,2.636869,-7.242089,0.687742,1.261227,-4.147805
0.030000,0.055000,0.035000,-0.722545,-1.323851,2.214602,-1.657028,-3.037831,6.385992
0.030000,0.055000,0.045000,0.537085,0.983821,-1.144707,1.742639,3.194749,-5.179059
0.030000,0.055000,0.055000,-1.074020,-1.968248,2.270817,-1.347239,-2.470191,3.415243
0.030000,0.055000,0.065000,1.554450,2.849460,-3.078987,0.214945,0.394773,-0.718019
0.030000,0.055000,0.075000,-0.840376,-1.541115,1.651894,1.121349,2.055185,-1.806158
0.030000,0.055000,0.085000,-0.762197,-1.396693,1.012221,-0.977340,-1.792028,1.620819
0.030000,0.055000,0.095000,0.909126,1.666911,-1.339493,-0.605625,-1.109672,0.691883
0.030000,0.055000,0.105000,0.594332,1.089023,-0.625992,0.757558,1.389073,-1.027235
0.030000,0.055000,0.115000,-0.551350,-1.011116,0.716695,0.647674,1.186903,-0.654811
0.030000,0.055000,0.125000,-0.692875,-1.269908,0.680269,-0.297085,-0.545072,0.405765
0.030000,0.055000,0.135000,0.015347,0.028627,-0.106185,-0.670652,-1.229359,0.644376
0.030000,0.055000,0.145000,0.545558,1.000245,-0.522703,-0.248405,-0.454923,0.149751
0.030000,0.055000,0.155000,0.432604,0.792730,-0.320661,0.319771,0.586517,-0.325389
0.030000,0.065000,-0.155000,-0.100447,-0.218054,-0.178267,0.499843,1.083182,0.534837
0.030000,0.065000,-0.145000,0.468823,1.015801,0.506592,0.314249,0.681359,0.433686
0.030000,0.065000,-0.135000,0.496203,1.075602,0.679707,-0.382856,-0.829378,-0.412496
0.030000,0.065000,-0.125000,-0.281967,-0.610656,-0.291483,-0.638372,-1.383616,-0.910293
0.030000,0.065000,-0.115000,-0.750017,-1.625500,-1.141880,0.209564,0.453699,0.198303
0.030000,0.065000,-0.105000,0.212358,0.459718,0.213838,0.843623,1.828336,1.401375
0.030000,0.065000,-0.095000,0.907870,1.967619,1.683960,-0.345025,-0.747205,-0.471740
0.030000,0.065000,-0.085000,-0.656983,-1.423287,-1.170211,-0.858047,-1.859787,-1.832570
0.030000,0.065000,-0.075000,-0.480139,-1.041026,-1.291567,1.092469,2.367213,2.394453
0.030000,0.065000,-0.065000,1.219563,2.643072,3.287968,-0.446936,-0.967966,-0.927420
0.030000,0.065000,-0.055000,-1.367026,-2.962346,-4.196836,-0.180628,-0.392041,-0.867816
0.030000,0.065000,-0.045000,1.370907,2.970728,5.114876,0.303735,0.658803,1.510950
0.030000,0.065000,-0.035000,-1.314358,-2.848457,-6.479939,0.233775,0.506073,0.713097
0.030000,0.065000,-0.025000,0.469230,1.017325,3.652585,-1.028169,-2.228058,-6.808559
0.030000,0.065000,-0.015000,0.716070,1.551922,7.944956,0.277834,0.602464,3.671547
0.030000,0.065000,-0.005000,0.112339,0.243540,3.306991,0.249273,0.540632,8.748160
0.030000,0.065000,0.005000,-0.112592,-0.243630,3.307660,-0.249719,-0.540653,8.747793
0.030000,0.065000,0.015000,-0.716590,-1.552078,7.945562,-0.277809,-0.602070,3.669532
0.030000,0.065000,0.025000,-0.468978,-1.016407,3.649775,1.028745,2.228386,-6.809588
0.030000,0.065000,0.035000,1.314579,2.848022,-6.479097,-0.234551,-0.507538,0.716363
0.030000,0.065000,0.045000,-1.371391,-2.970906,5.115352,-0.302899,-0.656862,1.507631
0.030000,0.065000,0.055000,1.367398,2.962335,-4.197009,0.179633,0.389845,-0.864729
0.030000,0.065000,0.065000,-1.219376,-2.641982,3.286839,0.448015,0.969979,-0.929899
0.030000,0.065000,0.075000,0.479226,1.038834,-1.289361,-1.093047,-2.367796,2.395224
0.030000,0.065000,0.085000,0.657879,1.424777,-1.171678,0.857531,1.858200,-1.831248
0.030000,0.065000,0.095000,-0.907635,-1.966573,1.683246,0.345965,0.748964,-0.473236
0.030000,0.065000,0.105000,-0.213248,-0.461444,0.215152,-0.843500,-1.827544,1.400921
0.030000,0.065000,0.115000,0.749876,1.624712,-1.141466,-0.210380,-0.455261,0.199392
0.030000,0.065000,0.125000,0.282687,0.611960,-0.292339,0.638134,1.382681,-0.909814
0.030000,0.065000,0.135000,-0.495831,-1.074474,0.679137,0.383443,0.830320,-0.413098
0.030000,0.065000,0.145000,-0.469222,-1.016274,0.506921,-0.313755,-0.680100,0.433063
0.030000,0.065000,0.155000,0.099890,0.216823,-0.177668,-0.500006,-1.083127,0.534890
0.030000,0.075000,-0.155000,0.415502,1.039169,0.614930,-0.240330,-0.600645,-0.277638
0.030000,0.075000,-0.145000,-0.134098,-0.334946,-0.127198,-0.510305,-1.276133,-0.782370
0.030000,0.075000,-0.135000,-0.579623,-1.449387,-0.937229,0.041095,0.102356,-0.019332
0.030000,0.075000,-0.125000,-0.012809,-0.032454,-0.119340,0.640645,1.601925,1.109848
0.030000,0.075000,-0.115000,0.706870,1.767518,1.333877,-0.001381,-0.003006,0.108317
0.030000,0.075000,-0.105000,-0.122404,-0.305602,-0.127124,-0.769316,-1.923725,-1.610043
0.030000,0.075000,-0.095000,-0.761650,-1.904699,-1.807338,0.390200,0.975237,0.760429
0.030000,0.075000,-0.085000,0.776249,1.940683,1.887309,0.519840,1.300262,1.469820
0.030000,0.075000,-0.075000,-0.148261,-0.370190,-0.231812,-0.997737,-2.494864,-2.917715
0.030000,0.075000,-0.065000,-0.424935,-1.063025,-1.633594,0.981561,2.454123,3.186532
0.030000,0.075000,-0.055000,0.651173,1.628663,2.790740,-0.889329,-2.223409,-3.350980
0.030000,0.075000,-0.045000,-0.481204,-1.203701,-2.605232,0.974079,2.435438,4.562003
0.030000,0.075000,-0.035000,-0.180397,-0.450640,-0.765210,-0.982406,-2.456623,-6.162347
0.030000,0.075000,-0.025000,0.801695,2.004683,6.883321,0.169663,0.424625,1.868705
0.030000,0.075000,-0.015000,0.005106,0.012538,-0.363183,0.543185,1.358481,7.872657
0.030000,0.075000,-0.005000,-0.120178,-0.300807,-5.580491,0.148047,0.370449,6.150936
0.030000,0.075000,0.005000,0.120402,0.300806,-5.579996,-0.148379,-0.370535,6.151277
0.030000,0.075000,0.015000,-0.005249,-0.012849,-0.361503,-0.543562,-1.358507,7.872509
0.030000,0.075000,0.025000,-0.802095,-2.004803,6.883642,-0.169432,-0.423903,1.866250
0.030000,0.075000,0.035000,0.180938,0.451789,-0.768018,0.982612,2.456309,-6.161600
0.030000,0.075000,0.045000,0.480732,1.202212,-2.602431,-0.974598,-2.435989,4.563123
0.030000,0.075000,0.055000,-0.650683,-1.627040,2.788270,0.889956,2.224329,-3.352504
0.030000,0.075000,0.065000,0.424248,1.061085,-1.631077,-0.982057,-2.454687,3.187390
0.030000,0.075000,0.075000,0.149122,0.372181,-0.234113,0.997764,2.494287,-2.917178
0.030000,0.075000,0.085000,-0.776823,-1.941570,1.888307,-0.519216,-1.298414,1.468019
0.030000,0.075000,0.095000,0.761381,1.903543,-1.806394,-0.390970,-0.976841,0.761932
0.030000,0.075000,0.105000,0.123176,0.307384,-0.128598,0.769290,1.923139,-1.609668
0.030000,0.075000,0.115000,-0.706952,-1.767218,1.333752,0.002101,0.004740,0.107022
0.030000,0.075000,0.125000,0.012141,0.030835,-0.118231,-0.640731,-1.601665,1.109760
0.030000,0.075000,0.135000,0.579643,1.448995,-0.937063,-0.041719,-0.103825,-0.018394
0.030000,0.075000,0.145000,0.134668,0.336209,-0.127963,0.510213,1.275512,-0.782076
0.030000,0.075000,0.155000,-0.415280,-1.038297,0.614508,0.240816,0.601610,-0.278206
0.030000,0.085000,-0.155000,-0.448469,-1.270905,-0.777678,-0.026762,-0.076194,-0.112048
0.030000,0.085000,-0.145000,-0.095023,-0.269649,-0.248907,0.480905,1.362766,0.881891
0.030000,0.085000,-0.135000,0.520202,1.474101,1.021940,0.126035,0.357548,0.332225
0.030000,0.085000,-0.125000,0.100180,0.284299,0.308060,-0.575743,-1.631513,-1.228993
0.030000,0.085000,-0.115000,-0.637135,-1.805558,-1.499735,0.012374,0.034641,-0.076149
0.030000,0.085000,-0.105000,0.243601,0.689911,0.514996,0.648636,1.838292,1.712356
0.030000,0.085000,-0.095000,0.481206,1.364012,1.474855,-0.574415,-1.627502,-1.546912
0.030000,0.085000,-0.085000,-0.803139,-2.275971,-2.558879,0.018123,0.050880,-0.099742
0.030000,0.085000,-0.075000,0.708012,2.006118,2.453293,0.469518,1.330938,1.844091
0.030000,0.085000,-0.065000,-0.541814,-1.535031,-2.090943,-0.693429,-1.965364,-3.013843
0.030000,0.085000,-0.055000,0.553795,1.569009,2.538473,0.688858,1.952419,3.537497
0.030000,0.085000,-0.045000,-0.748624,-2.121313,-4.374151,-0.398188,-1.128810,-2.632644
0.030000,0.085000,-0.035000,0.708805,2.008866,5.587863,-0.271182,-0.768163,-1.813961
0.030000,0.085000,-0.025000,0.094589,0.267783,0.696014,0.600350,1.701508,6.550182
0.030000,0.085000,-0.015000,-0.345789,-0.980228,-6.411572,0.191908,0.543799,3.152733
0.030000,0.085000,-0.005000,-0.136516,-0.387222,-7.353884,-0.015686,-0.044546,-1.214231
0.030000,0.085000,0.005000,0.136836,0.387292,-7.353901,0.015696,0.044512,-1.213748
0.030000,0.085000,0.015000,0.346010,0.980151,-6.410813,-0.192139,-0.544022,3.153878
0.030000,0.085000,0.025000,-0.094841,-0.268332,0.698023,-0.600596,-1.701418,6.549701
0.030000,0.085000,0.035000,-0.708919,-2.008480,5.586788,0.271594,0.769013,-1.816218
0.030000,0.085000,0.045000,0.749041,2.121818,-4.375220,0.397878,1.127627,-2.630179
0.030000,0.085000,0.055000,-0.554360,-1.570125,2.540418,-0.688652,-1.951323,3.535656
0.030000,0.085000,0.065000,0.542417,1.536286,-2.092809,0.693169,1.964140,-3.012121
0.030000,0.085000,0.075000,-0.708502,-2.006953,2.454412,-0.469038,-1.329283,1.842051
0.030000,0.085000,0.085000,0.803247,2.275691,-2.558652,-0.018807,-0.052744,-0.097670
0.030000,0.085000,0.095000,-0.480759,-1.362437,1.473343,0.574929,1.628496,-1.547964
0.030000,0.085000,0.105000,-0.244244,-0.691493,0.516447,-0.648495,-1.837424,1.711651
0.030000,0.085000,0.115000,0.637204,1.805267,-1.499572,-0.012999,-0.036341,-0.074753
0.030000,0.085000,0.125000,-0.099612,-0.282667,0.306841,0.575915,1.631535,-1.229080
0.030000,0.085000,0.135000,-0.520394,-1.474209,1.022080,-0.125512,-0.356017,0.331173
0.030000,0.085000,0.145000,0.094525,0.268212,-0.247986,-0.481061,-1.362792,0.881969
0.030000,0.085000,0.155000,0.448548,1.270736,-0.777633,0.026281,0.074863,-0.111244
0.030000,0.095000,-0.155000,0.385527,1.220944,0.796573,0.162524,0.515077,0.404545
0.030000,0.095000,-0.145000,0.175538,0.556305,0.464728,-0.417673,-1.322747,-0.923849
0.030000,0.095000,-0.135000,-0.469499,-1.486916,-1.125796,-0.141730,-0.449253,-0.422111
0.030000,0.095000,-0.125000,-0.036586,-0.116266,-0.184799,0.528888,1.675092,1.391455
0.030000,0.095000,-0.115000,0.547169,1.733128,1.600533,-0.165160,-0.522713,-0.379229
0.030000,0.095000,-0.105000,-0.446566,-1.414088,-1.328138,-0.420485,-1.332074,-1.404878
0.030000,0.095000,-0.095000,-0.030752,-0.097826,-0.234064,0.652844,2.067680,2.264736
0.030000,0.095000,-0.085000,0.440441,1.395309,1.823359,-0.529809,-1.677740,-1.967526
0.030000,0.095000,-0.075000,-0.633701,-2.007276,-2.868340,0.331193,1.048572,1.314328
0.030000,0.095000,-0.065000,0.674812,2.137446,3.499552,-0.266590,-0.843952,-1.183265
0.030000,0.095000,-0.055000,-0.586383,-1.857465,-3.642916,0.405508,1.284011,2.265549
0.030000,0.095000,-0.045000,0.232958,0.738205,1.929593,-0.626940,-1.985584,-4.524623
0.030000,0.095000,-0.035000,0.370106,1.172026,3.297409,0.454191,1.438811,4.452185
0.030000,0.095000,-0.025000,-0.372518,-1.180131,-5.089677,0.270682,0.857214,3.355979
0.030000,0.095000,-0.015000,-0.261883,-0.829592,-5.638380,-0.136785,-0.433478,-3.275034
0.030000,0.095000,-0.005000,-0.051192,-0.162270,-3.128887,-0.088086,-0.279297,-5.982206
0.030000,0.095000,0.005000,0.051341,0.162331,-3.129213,0.088299,0.279335,-5.981981
0.030000,0.095000,0.015000,0.262136,0.829715,-5.638826,0.136841,0.433341,-3.273988
0.030000,0.095000,0.025000,0.372621,1.179888,-5.088547,-0.270941,-0.857570,3.357301
0.030000,0.095000,0.035000,-0.370432,-1.172579,3.298968,-0.454202,-1.438323,4.450694
0.030000,0.095000,0.045000,-0.232704,-0.737204,1.927300,0.627241,1.985880,-4.525272
0.030000,0.095000,0.055000,0.586281,1.856633,-3.641366,-0.405956,-1.285018,2.267440
0.030000,0.095000,0.065000,-0.674772,-2.136761,3.498494,0.267101,0.845293,-1.185404
0.030000,0.095000,0.075000,0.633572,2.006369,-2.867135,-0.331725,-1.049934,1.316224
0.030000,0.095000,0.085000,-0.440090,-1.393883,1.821662,0.530251,1.678675,-1.968703
0.030000,0.095000,0.095000,0.030199,0.096108,-0.232201,-0.652972,-2.067553,2.264656
0.030000,0.095000,0.105000,0.447009,1.415087,-1.329163,0.420145,1.330695,-1.403564
0.030000,0.095000,0.115000,-0.547089,-1.732440,1.599971,0.165695,0.524219,-0.380596
0.030000,0.095000,0.125000,0.036078,0.114679,-0.183494,-0.528994,-1.674975,1.391413
0.030000,0.095000,0.135000,0.469700,1.487131,-1.126011,0.141279,0.447752,-0.420980
0.030000,0.095000,0.145000,-0.175131,-0.554910,0.463756,0.417905,1.323088,-0.924137
0.030000,0.095000,0.155000,-0.385744,-1.221256,0.796823,-0.162140,-0.513759,0.403687
0.030000,0.105000,-0.155000,-0.338063,-1.183282,-0.835580,-0.190365,-0.666690,-0.540573
0.030000,0.105000,-0.145000,-0.151858,-0.531920,-0.478640,0.388312,1.359217,1.038262
0.030000,0.105000,-0.135000,0.444274,1.555196,1.297357,0.053343,0.187087,0.231456
0.030000,0.105000,-0.125000,-0.124605,-0.435837,-0.314853,-0.462528,-1.619232,-1.490756
0.030000,0.105000,-0.115000,-0.358090,-1.253807,-1.303081,0.364214,1.274705,1.191804
0.030000,0.105000,-0.105000,0.539797,1.889589,2.033350,0.041351,0.145142,0.260971
0.030000,0.105000,-0.095000,-0.415436,-1.454007,-1.656210,-0.388662,-1.360843,-1.710625
0.030000,0.105000,-0.085000,0.211431,0.739763,0.864595,0.551415,1.930432,2.623721
0.030000,0.105000,-0.075000,-0.101239,-0.354008,-0.390273,-0.594120,-2.079853,-3.171231
0.030000,0.105000,-0.065000,0.155633,0.544443,0.791479,0.580170,2.031068,3.588288
0.030000,0.105000,-0.055000,-0.366267,-1.281902,-2.503335,-0.448881,-1.571617,-3.358106
0.030000,0.105000,-0.045000,0.531139,1.859350,4.669982,0.050624,0.177546,0.647733
0.030000,0.105000,-0.035000,-0.206164,-0.721995,-2.536031,0.410524,1.437067,4.561879
0.030000,0.105000,-0.025000,-0.329146,-1.152292,-5.142694,-0.135028,-0.472934,-2.362542
0.030000,0.105000,-0.015000,-0.037144,-0.129943,-0.742583,-0.222731,-0.779948,-5.941623
0.030000,0.105000,-0.005000,0.026482,0.092836,2.342203,-0.072742,-0.254921,-5.701665
0.030000,0.105000,0.005000,-0.026538,-0.092831,2.341885,0.072949,0.254986,-5.701753
0.030000,0.105000,0.015000,0.037227,0.130087,-0.743509,0.222928,0.779970,-5.941392
0.030000,0.105000,0.025000,0.329370,1.152440,-5.143147,0.135003,0.472629,-2.361132
0.030000,0.105000,0.035000,0.206086,0.721464,-2.534298,-0.410769,-1.437321,4.562583
0.030000,0.105000,0.045000,-0.531330,-1.859385,4.670013,-0.050386,-0.176696,0.645620
0.030000,0.105000,0.055000,0.366614,1.282695,-2.504935,0.448794,1.570868,-3.356567
0.030000,0.105000,0.065000,-0.156035,-0.545654,0.793567,-0.580203,-2.030630,3.587537
0.030000,0.105000,0.075000,0.101675,0.355391,-0.392344,0.594168,2.079481,-3.170694
0.030000,0.105000,0.085000,-0.211888,-0.741124,0.866402,-0.551355,-1.929744,2.622841
0.030000,0.105000,0.095000,0.415821,1.454949,-1.657350,0.388390,1.359584,-1.709163
0.030000,0.105000,0.105000,-0.539917,-1.889526,2.033322,-0.040894,-0.143560,0.259284
0.030000,0.105000,0.115000,0.357816,1.252565,-1.301898,-0.364589,-1.275657,1.192762
0.030000,0.105000,0.125000,0.125054,0.437247,-0.316128,0.462477,1.618647,-1.490271
0.030000,0.105000,0.135000,-0.444385,-1.555171,1.297376,-0.052921,-0.185614,0.230237
0.030000,0.105000,0.145000,0.151492,0.530544,-0.477591,-0.388513,-1.359538,1.038546
0.030000,0.105000,0.155000,0.338299,1.183759,-0.835956,0.190045,0.665430,-0.539681
0.030000,0.115000,-0.155000,0.327394,1.255109,0.969249,0.146132,0.560568,0.496870
0.030000,0.115000,-0.145000,0.053463,0.205305,0.237435,-0.378660,-1.451746,-1.218997
0.030000,0.115000,-0.135000,-0.393186,-1.507566,-1.388198,0.104993,0.402216,0.296688
0.030000,0.115000,-0.125000,0.309571,1.186653,1.109664,0.300708,1.153164,1.188326
0.030000,0.115000,-0.115000,0.034437,0.132390,0.228537,-0.454072,-1.740882,-1.850686
0.030000,0.115000,-0.105000,-0.333534,-1.279026,-1.564220,0.341125,1.307616,1.460051
0.030000,0.115000,-0.095000,0.472992,1.813558,2.374451,-0.145826,-0.558745,-0.618373
0.030000,0.115000,-0.085000,-0.506498,-1.941925,-2.807177,0.014603,0.055622,-0.039797
0.030000,0.115000,-0.075000,0.509413,1.953105,3.198077,-0.007729,-0.029276,0.085244
0.030000,0.115000,-0.065000,-0.479103,-1.837003,-3.510739,0.142834,0.547304,0.892613
0.030000,0.115000,-0.055000,0.300252,1.151441,2.694488,-0.367607,-1.409241,-3.043067
0.030000,0.115000,-0.045000,0.113561,0.435140,1.018056,0.415227,1.592130,4.389147
0.030000,0.115000,-0.035000,-0.365237,-1.400446,-4.918666,0.013491,0.051494,-0.007280
0.030000,0.115000,-0.025000,-0.062756,-0.240474,-0.986954,-0.272616,-1.045413,-5.177942
0.030000,0.115000,-0.015000,0.114795,0.440349,3.760721,-0.133479,-0.511863,-4.054278
0.030000,0.115000,-0.005000,0.055631,0.213563,5.323657,-0.022695,-0.087098,-1.943308
0.030000,0.115000,0.005000,-0.055791,-0.213605,5.323532,0.022776,0.087139,-1.943557
0.030000,0.115000,0.015000,-0.114881,-0.440295,3.760067,0.133637,0.511968,-4.054757
0.030000,0.115000,0.025000,0.062871,0.240742,-0.988167,0.272762,1.045377,-5.177560
0.030000,0.115000,0.035000,0.365390,1.400429,-4.918477,-0.013631,-0.051969,-0.005661
0.030000,0.115000,0.045000,-0.113785,-0.435806,1.019819,-0.415317,-1.591920,4.388509
0.030000,0.115000,0.055000,-0.300144,-1.150700,2.692833,0.367869,1.409774,-3.044207
0.030000,0.115000,0.065000,0.479135,1.836611,-3.509992,-0.143154,-0.548331,0.894522
0.030000,0.115000,0.075000,-0.509518,-1.952981,3.197876,0.008067,0.030517,0.083237
0.030000,0.115000,0.085000,0.506586,1.941760,-2.806954,-0.014970,-0.056967,-0.037877
0.030000,0.115000,0.095000,-0.472965,-1.813005,2.373764,0.146217,0.560056,-0.620054
0.030000,0.115000,0.105000,0.333310,1.277882,-1.562915,-0.341455,-1.308518,1.461111
0.030000,0.115000,0.115000,-0.034052,-0.130929,0.226997,0.454173,1.740827,-1.850656
0.030000,0.115000,0.125000,-0.309888,-1.187531,1.110536,-0.300475,-1.152014,1.187229
0.030000,0.115000,0.135000,0.393144,1.507033,-1.387748,-0.105374,-0.403526,0.297873
0.030000,0.115000,0.145000,-0.053107,-0.203933,0.236292,0.378764,1.451757,-1.219036
0.030000,0.115000,0.155000,-0.327582,-1.255476,0.969562,-0.145829,-0.559299,0.495890
0.030000,0.125000,-0.155000,-0.327276,-1.363850,-1.154062,-0.045281,-0.189007,-0.216455
0.030000,0.125000,-0.145000,0.096864,0.403370,0.308289,0.336155,1.400978,1.292802
0.030000,0.125000,-0.135000,0.249914,1.041728,1.068740,-0.271856,-1.132713,-1.062292
0.030000,0.125000,-0.125000,-0.387587,-1.615205,-1.702677,-0.020094,-0.084071,-0.163115
0.030000,0.125000,-0.115000,0.291537,1.214711,1.338107,0.281818,1.174684,1.408100
0.030000,0.125000,-0.105000,-0.111403,-0.463934,-0.496407,-0.405215,-1.688776,-2.148437
0.030000,0.125000,-0.095000,-0.026233,-0.109661,-0.252017,0.430130,1.792498,2.486408
0.030000,0.125000,-0.085000,0.069775,0.291111,0.560786,-0.430056,-1.792165,-2.767793
0.030000,0.125000,-0.075000,-0.002187,-0.009438,-0.137078,0.432342,1.801753,3.173218
0.030000,0.125000,-0.065000,-0.176210,-0.734070,-1.372741,-0.379695,-1.582494,-3.272012
0.030000,0.125000,-0.055000,0.363581,1.515129,3.586321,0.146881,0.612394,1.603544
0.030000,0.125000,-0.045000,-0.266235,-1.109728,-3.358596,0.228946,0.953974,2.684668
0.030000,0.125000,-0.035000,-0.167196,-0.696675,-2.495607,-0.242716,-1.011705,-3.912207
0.030000,0.125000,-0.025000,0.140513,0.585790,3.229662,-0.173762,-0.724170,-3.719800
0.030000,0.125000,-0.015000,0.139648,0.582186,5.132897,-0.003198,-0.013246,0.060693
0.030000,0.125000,-0.005000,0.043468,0.181385,4.721497,0.019150,0.079928,2.277735
0.030000,0.125000,0.005000,-0.043612,-0.181437,4.721576,-0.019200,-0.079931,2.277510
0.030000,0.125000,0.015000,-0.139797,-0.582225,5.132827,0.003231,0.013336,0.060000
0.030000,0.125000,0.025000,-0.140556,-0.585638,3.228753,0.173913,0.724328,-3.720424
0.030000,0.125000,0.035000,0.167358,0.696998,-2.496717,0.242771,1.011491,-3.911306
0.030000,0.125000,0.045000,0.266235,1.109339,-3.357411,-0.229141,-0.954402,2.685843
0.030000,0.125000,0.055000,-0.363764,-1.515380,3.586863,-0.146747,-0.611669,1.601809
0.030000,0.125000,0.065000,0.176469,0.734895,-1.374381,0.379695,1.582043,-3.271080
0.030000,0.125000,0.075000,0.001917,0.008355,-0.135195,-0.432443,-1.801676,3.173069
0.030000,0.125000,0.085000,-0.069496,-0.289916,0.558949,0.430194,1.792256,-2.767931
0.030000,0.125000,0.095000,0.025922,0.108382,-0.250259,-0.430232,-1.792459,2.486359
0.030000,0.125000,0.105000,0.111740,0.465176,-0.497955,0.405200,1.688300,-2.147855
0.030000,0.125000,0.115000,-0.291818,-1.215546,1.339067,-0.281625,-1.173617,1.406899
0.030000,0.125000,0.125000,0.387665,1.615125,-1.702613,0.019763,0.082716,-0.161700
0.030000,0.125000,0.135000,-0.249708,-1.040640,1.067701,0.272122,1.133502,-1.063070
0.030000,0.125000,0.145000,-0.097190,-0.404582,0.309386,-0.336114,-1.400462,1.292358
0.030000,0.125000,0.155000,0.327365,1.363863,-1.154093,0.044974,0.187726,-0.215380
0.030000,0.135000,-0.155000,0.288621,1.299115,1.202788,-0.094878,-0.426748,-0.338740
0.030000,0.135000,-0.145000,-0.244537,-1.100412,-1.036402,-0.205503,-0.925152,-0.947754
0.030000,0.135000,-0.135000,-0.003267,-0.015009,-0.079710,0.334546,1.505712,1.577984
0.030000,0.135000,-0.125000,0.235407,1.059743,1.251693,-0.257181,-1.157301,-1.263204
0.030000,0.135000,-0.115000,-0.348273,-1.567577,-1.949705,0.094692,0.425882,0.450196
0.030000,0.135000,-0.105000,0.368026,1.656366,2.223776,0.041519,0.187183,0.335858
0.030000,0.135000,-0.095000,-0.360799,-1.623793,-2.394195,-0.104989,-0.472835,-0.792897
0.030000,0.135000,-0.085000,0.366250,1.648352,2.723274,0.083690,0.376970,0.725717
0.030000,0.135000,-0.075000,-0.367147,-1.652495,-3.129169,0.032033,0.143882,0.162901
0.030000,0.135000,-0.065000,0.274977,1.237811,2.770432,-0.220854,-0.993824,-2.072823
0.030000,0.135000,-0.055000,-0.000420,-0.002140,-0.132586,0.326655,1.470262,3.785127
0.030000,0.135000,-0.045000,-0.271733,-1.223018,-3.801960,-0.099575,-0.448400,-1.538288
0.030000,0.135000,-0.035000,0.082479,0.371428,1.637237,-0.226050,-1.017457,-4.067581
0.030000,0.135000,-0.025000,0.180995,0.814783,4.618906,-0.004277,-0.019124,0.040949
0.030000,0.135000,-0.015000,0.079644,0.358553,3.276542,0.079528,0.358132,3.489983
0.030000,0.135000,-0.005000,0.014113,0.063599,1.656600,0.035456,0.159816,4.584692
0.030000,0.135000,0.005000,-0.014171,-0.063630,1.656785,-0.035574,-0.159852,4.584601
0.030000,0.135000,0.015000,-0.079752,-0.358632,3.276934,-0.079602,-0.358108,3.489523
0.030000,0.135000,0.025000,-0.181119,-0.814806,4.618808,0.004327,0.019303,0.039991
0.030000,0.135000,0.035000,-0.082446,-0.371131,1.636021,0.226190,1.017578,-4.067919
0.030000,0.135000,0.045000,0.271879,1.223178,-3.802360,0.099506,0.447945,-1.536852
0.030000,0.135000,0.055000,0.000268,0.001493,-0.130945,-0.326761,-1.470236,3.784996
0.030000,0.135000,0.065000,-0.274936,-1.237271,2.769240,0.221061,0.994422,-2.074081
0.030000,0.135000,0.075000,0.367218,1.652349,-3.128869,-0.032258,-0.144815,0.164637
0.030000,0.135000,0.085000,-0.366385,-1.648507,2.723516,-0.083471,-0.375924,0.723990
0.030000,0.135000,0.095000,0.360946,1.624019,-2.394524,0.104758,0.471712,-0.791240
0.030000,0.135000,0.105000,-0.368126,-1.656392,2.223812,-0.041252,-0.185975,0.334248
0.030000,0.135000,0.115000,0.348259,1.567135,-1.949174,-0.094984,-0.427048,0.451617
0.030000,0.135000,0.125000,-0.235233,-1.058728,1.250562,0.257419,1.158055,-1.264055
0.030000,0.135000,0.135000,0.002978,0.013749,-0.078403,-0.334602,-1.505588,1.577868
0.030000,0.135000,0.145000,0.244758,1.101104,-1.037081,0.205315,0.924107,-0.946754
0.030000,0.135000,0.155000,-0.288576,-1.298594,1.202333,0.095159,0.427864,-0.339752
0.030000,0.145000,-0.155000,-0.166742,-0.806284,-0.826807,0.223614,1.080819,1.022816
0.030000,0.145000,-0.145000,0.290963,1.406576,1.468121,-0.013610,-0.065508,-0.012718
0.030000,0.145000,-0.135000,-0.232223,-1.122415,-1.217333,-0.194397,-0.939968,-1.098374
0.030000,0.145000,-0.125000,0.087905,0.424665,0.450104,0.300507,1.452781,1.774589
0.030000,0.145000,-0.115000,0.042907,0.207714,0.344002,-0.318476,-1.539524,-2.013320
0.030000,0.145000,-0.105000,-0.116318,-0.562573,-0.882559,0.305370,1.476108,2.096640
0.030000,0.145000,-0.095000,0.123732,0.598410,1.030429,-0.304175,-1.470331,-2.307037
0.030000,0.145000,-0.085000,-0.058431,-0.282745,-0.593035,0.319768,1.545778,2.731906
0.030000,0.145000,-0.075000,-0.085479,-0.412970,-0.736804,-0.303869,-1.469055,-2.987223
0.030000,0.145000,-0.065000,0.251719,1.216753,2.771818,0.161468,0.780794,1.905160
0.030000,0.145000,-0.055000,-0.247101,-1.194685,-3.332497,0.119095,0.575555,1.479369
0.030000,0.145000,-0.045000,-0.050750,-0.245164,-0.705887,-0.235440,-1.138285,-3.848788
0.030000,0.145000,-0.035000,0.189229,0.914930,3.989836,-0.060567,-0.292680,-1.143795
0.030000,0.145000,-0.025000,0.102211,0.494131,2.892637,0.107787,0.521251,3.241849
0.030000,0.145000,-0.015000,0.000254,0.001167,-0.122650,0.091933,0.444614,4.481020
0.030000,0.145000,-0.005000,-0.011473,-0.055560,-1.806405,0.028903,0.139935,4.180828
0.030000,0.145000,0.005000,0.011507,0.055563,-1.806233,-0.029012,-0.139978,4.180882
0.030000,0.145000,0.015000,-0.000273,-0.001227,-0.122123,-0.092045,-0.444650,4.480978
0.030000,0.145000,0.025000,-0.102313,-0.494257,2.893205,-0.107841,-0.521169,3.241220
0.030000,0.145000,0.035000,-0.189311,-0.914862,3.989412,0.060658,0.292938,-1.144831
0.030000,0.145000,0.045000,0.050860,0.245560,-0.707166,0.235518,1.138199,-3.848405
0.030000,0.145000,0.055000,0.247134,1.194430,-3.331744,-0.119246,-0.576043,1.480656
0.030000,0.145000,0.065000,-0.251874,-1.217098,2.772565,-0.161388,-0.780193,1.903755
0.030000,0.145000,0.075000,0.085672,0.413746,-0.738339,0.303901,1.468783,-2.986650
0.030000,0.145000,0.085000,0.058248,0.281817,-0.591400,-0.319879,-1.545880,2.732063
0.030000,0.145000,0.095000,-0.123555,-0.597434,1.028888,0.304323,1.470641,-2.307513
0.030000,0.145000,0.105000,0.116122,0.561521,-0.881060,-0.305514,-1.476410,2.097063
0.030000,0.145000,0.115000,-0.042674,-0.206572,0.342519,0.318568,1.539574,-2.013383
0.030000,0.145000,0.125000,-0.088160,-0.425754,0.451406,-0.300490,-1.452346,1.774071
0.030000,0.145000,0.135000,0.232424,1.123080,-1.218074,0.194236,0.938986,-1.097291
0.030000,0.145000,0.145000,-0.290998,-1.406395,1.467942,0.013864,0.066679,-0.013925
0.030000,0.145000,0.155000,0.166567,0.805271,-0.825835,-0.223798,-1.081412,1.023395
0.030000,0.155000,-0.155000,-0.029348,-0.151393,-0.108506,-0.254132,-1.313273,-1.366959
0.030000,0.155000,-0.145000,-0.158297,-0.818226,-0.949110,0.213054,1.100804,1.188420
0.030000,0.155000,-0.135000,0.260038,1.343847,1.617692,-0.086525,-0.446861,-0.477687
0.030000,0.155000,-0.125000,-0.278796,-1.440655,-1.844045,-0.036963,-0.191280,-0.307284
0.030000,0.155000,-0.115000,0.262425,1.355985,1.868194,0.114657,0.592751,0.889786
0.030000,0.155000,-0.105000,-0.253088,-1.307720,-1.966826,-0.139112,-0.719108,-1.164227
0.030000,0.155000,-0.095000,0.266531,1.377224,2.300680,0.108373,0.560274,1.020354
0.030000,0.155000,-0.085000,-0.282029,-1.457410,-2.752281,-0.012486,-0.064777,-0.206550
0.030000,0.155000,-0.075000,0.232715,1.202719,2.624281,-0.140252,-0.724570,-1.475679
0.030000,0.155000,-0.065000,-0.045109,-0.233334,-0.671754,0.251155,1.297864,3.192684
0.030000,0.155000,-0.055000,-0.189638,-0.979906,-2.805232,-0.133842,-0.691839,-2.105453
0.030000,0.155000,-0.045000,0.137853,0.712550,2.624083,-0.147998,-0.764739,-2.658759
0.030000,0.155000,-0.035000,0.139824,0.722581,3.258767,0.089007,0.460129,2.207985
0.030000,0.155000,-0.025000,-0.006261,-0.032459,-0.324408,0.123107,0.636312,4.085975
0.030000,0.155000,-0.015000,-0.052410,-0.270998,-2.990337,0.055049,0.284564,2.968265
0.030000,0.155000,-0.005000,-0.023074,-0.119437,-3.893148,0.011225,0.058093,1.760409
0.030000,0.155000,0.005000,0.023160,0.119466,-3.893068,-0.011275,-0.058119,1.760546
0.030000,0.155000,0.015000,0.052466,0.270985,-2.989975,-0.055130,-0.284623,2.968560
0.030000,0.155000,0.025000,0.006236,0.032337,-0.323657,-0.123205,-0.636344,4.085955
0.030000,0.155000,0.035000,-0.139929,-0.722714,3.259236,-0.089015,-0.459948,2.207103
0.030000,0.155000,0.045000,-0.137860,-0.712301,2.623142,0.148112,0.764975,-2.659506
0.030000,0.155000,0.055000,0.189763,0.980168,-2.805923,0.133811,0.691449,-2.104287
0.030000,0.155000,0.065000,0.045003,0.232741,-0.670300,-0.251255,-1.297945,3.192825
0.030000,0.155000,0.075000,-0.232704,-1.202315,2.623391,0.140416,0.725164,-1.476913
0.030000,0.155000,0.085000,0.282106,1.457393,-2.752220,0.012323,0.063952,-0.205008
0.030000,0.155000,0.095000,-0.266661,-1.377507,2.301133,-0.108227,-0.559403,1.018890
0.030000,0.155000,0.105000,0.253236,1.308126,-1.967429,0.138967,0.718207,-1.162858
0.030000,0.155000,0.115000,-0.262560,-1.356321,1.868650,-0.114489,-0.591764,0.888417
0.030000,0.155000,0.125000,0.278876,1.440701,-1.844099,0.036755,0.190199,-0.305910
0.030000,0.155000,0.135000,-0.260014,-1.343401,1.617166,0.086749,0.447871,-0.478876
0.030000,0.155000,0.145000,0.158145,0.817270,-0.948063,-0.213222,-1.101376,1.189049
0.030000,0.155000,0.155000,0.029574,0.152481,-0.109621,0.254148,1.313030,-1.366714
