far field @z=0.050000
freq=27000000000.000000
sampling point=1024
x,y,z,realEx,realEy,realEz,imgEx,imgEy,imgEz
0.150000,-0.775000,-0.775000,0.050210,-0.259397,0.268608,0.009830,-0.050731,0.054513
0.150000,-0.775000,-0.725000,0.035862,-0.185307,0.203868,0.039140,-0.202161,0.225523
0.150000,-0.775000,-0.675000,0.040170,-0.207560,0.245595,0.037294,-0.192621,0.231026
0.150000,-0.775000,-0.625000,0.055848,-0.288507,0.371327,-0.006725,0.034795,-0.042299
0.150000,-0.775000,-0.575000,-0.015904,0.082212,-0.112362,-0.055031,0.284277,-0.398143
0.150000,-0.775000,-0.525000,-0.010403,0.053690,-0.085047,0.056826,-0.293573,0.448984
0.150000,-0.775000,-0.475000,-0.021965,0.113522,-0.189243,-0.053202,0.274820,-0.466292
0.150000,-0.775000,-0.425000,0.048984,-0.253025,0.480282,-0.028113,0.145275,-0.271890
0.150000,-0.775000,-0.375000,0.051883,-0.268011,0.575649,-0.016230,0.083889,-0.176415
0.150000,-0.775000,-0.325000,0.008379,-0.043244,0.110755,-0.050366,0.260191,-0.643017
0.150000,-0.775000,-0.275000,-0.032899,0.169920,-0.499647,0.032789,-0.169409,0.492403
0.150000,-0.775000,-0.225000,-0.004012,0.020756,-0.069912,-0.040279,0.208062,-0.743906
0.150000,-0.775000,-0.175000,0.017707,-0.091442,0.423897,-0.028057,0.144940,-0.663531
0.150000,-0.775000,-0.125000,-0.010538,0.054444,-0.346025,-0.022317,0.115255,-0.743327
0.150000,-0.775000,-0.075000,0.000440,-0.002283,0.019756,0.015219,-0.078586,0.842637
0.150000,-0.775000,-0.025000,-0.005062,0.026107,-0.838834,-0.000961,0.004958,-0.164155
0.150000,-0.775000,0.025000,0.005045,-0.026113,-0.838846,0.000960,-0.004958,-0.164124
0.150000,-0.775000,0.075000,-0.000440,0.002292,0.019853,-0.015202,0.078593,0.842653
0.150000,-0.775000,0.125000,0.010534,-0.054469,-0.346179,0.022301,-0.115254,-0.743288
0.150000,-0.775000,0.175000,-0.017693,0.091411,0.423744,0.028048,-0.144975,-0.663676
0.150000,-0.775000,0.225000,0.004022,-0.020827,-0.070165,0.040264,-0.208073,-0.743931
0.150000,-0.775000,0.275000,0.032878,-0.169868,-0.499489,-0.032792,0.169492,0.492643
0.150000,-0.775000,0.325000,-0.008356,0.043127,0.110465,0.050358,-0.260237,-0.643129
0.150000,-0.775000,0.375000,-0.051865,0.267997,0.575617,0.016252,-0.084039,-0.176738
0.150000,-0.775000,0.425000,-0.048961,0.252971,0.480181,0.028135,-0.145439,-0.272203
0.150000,-0.775000,0.475000,0.021994,-0.113711,-0.189566,0.053181,-0.274785,-0.466233
0.150000,-0.775000,0.525000,0.010365,-0.053498,-0.084751,-0.056826,0.293652,0.449107
0.150000,-0.775000,0.575000,0.015940,-0.082431,-0.112671,0.055014,-0.284261,-0.398123
0.150000,-0.775000,0.625000,-0.055838,0.288528,0.371357,0.006765,-0.035022,-0.042593
0.150000,-0.775000,0.675000,-0.040196,0.207752,0.245827,-0.037260,0.192487,0.230868
0.150000,-0.775000,0.725000,-0.035892,0.185511,0.204098,-0.039108,0.202042,0.225393
0.150000,-0.775000,0.775000,-0.050215,0.259491,0.268710,-0.009787,0.050514,0.054287
0.150000,-0.725000,-0.775000,0.037648,-0.181983,0.175926,0.041164,-0.198897,0.195296
0.150000,-0.725000,-0.725000,-0.030054,0.145195,-0.153235,0.049902,-0.241196,0.250253
0.150000,-0.725000,-0.675000,-0.054712,0.264387,-0.297036,0.025984,-0.125628,0.138471
0.150000,-0.725000,-0.625000,-0.050608,0.244541,-0.297250,0.036883,-0.178293,0.213472
0.150000,-0.725000,-0.575000,0.006327,-0.030635,0.037423,0.063963,-0.309113,0.406592
0.150000,-0.725000,-0.525000,0.057066,-0.275756,0.398522,-0.031872,0.154080,-0.219114
0.150000,-0.725000,-0.475000,-0.060829,0.293948,-0.469042,0.024794,-0.119876,0.187633
0.150000,-0.725000,-0.425000,0.010766,-0.051975,0.096052,-0.064132,0.309941,-0.550658
0.150000,-0.725000,-0.375000,0.054585,-0.263764,0.533693,-0.031764,0.153548,-0.306114
0.150000,-0.725000,-0.325000,0.032020,-0.154697,0.363417,-0.050549,0.244309,-0.566004
0.150000,-0.725000,-0.275000,-0.053906,0.260511,-0.715305,-0.010347,0.049957,-0.141782
0.150000,-0.725000,-0.225000,0.047352,-0.228816,0.769727,-0.009008,0.043565,-0.141669
0.150000,-0.725000,-0.175000,0.024615,-0.118966,0.509998,0.031237,-0.150922,0.655120
0.150000,-0.725000,-0.125000,0.028922,-0.139746,0.844012,0.006928,-0.033455,0.207425
0.150000,-0.725000,-0.075000,-0.011756,0.056800,-0.568464,-0.014174,0.068461,-0.693561
0.150000,-0.725000,-0.025000,0.005847,-0.028213,0.855200,-0.002188,0.010560,-0.314303
0.150000,-0.725000,0.025000,-0.005829,0.028219,0.855194,0.002180,-0.010564,-0.314341
0.150000,-0.725000,0.075000,0.011745,-0.056814,-0.568562,0.014159,-0.068461,-0.693508
0.150000,-0.725000,0.125000,-0.028905,0.139764,0.844087,-0.006920,0.033430,0.207262
0.150000,-0.725000,0.175000,-0.024611,0.119018,0.510209,-0.031218,0.150902,0.655012
0.150000,-0.725000,0.225000,-0.047334,0.228821,0.769730,0.009019,-0.043649,-0.141952
0.150000,-0.725000,0.275000,0.053896,-0.260558,-0.715425,0.010323,-0.049852,-0.141489
0.150000,-0.725000,0.325000,-0.031990,0.154594,0.363174,0.050553,-0.244411,-0.566239
0.150000,-0.725000,0.375000,-0.054559,0.263711,0.533583,0.031786,-0.153712,-0.306445
0.150000,-0.725000,0.425000,-0.010727,0.051792,0.095726,0.064129,-0.310012,-0.550787
0.150000,-0.725000,0.475000,0.060806,-0.293910,-0.468982,-0.024830,0.120088,0.187973
0.150000,-0.725000,0.525000,-0.057038,0.275687,0.398425,0.031908,-0.154300,-0.219434
0.150000,-0.725000,0.575000,-0.006373,0.030875,0.037740,-0.063953,0.309140,0.406630
0.150000,-0.725000,0.625000,0.050575,-0.244441,-0.297130,-0.036919,0.178520,0.213750
0.150000,-0.725000,0.675000,0.054688,-0.264330,-0.296975,-0.026027,0.125873,0.138748
0.150000,-0.725000,0.725000,0.030010,-0.145012,-0.153045,-0.049925,0.241369,0.250439
0.150000,-0.725000,0.775000,-0.037682,0.182200,0.176141,-0.041129,0.198772,0.195177
0.150000,-0.675000,-0.775000,0.044447,-0.200027,0.181246,0.041421,-0.186331,0.171756
0.150000,-0.675000,-0.725000,-0.057728,0.259721,-0.254606,0.027346,-0.123098,0.118092
0.150000,-0.675000,-0.675000,-0.044992,0.202485,-0.210492,-0.049522,0.222779,-0.235383
0.150000,-0.675000,-0.625000,-0.014689,0.066154,-0.072212,-0.068164,0.306687,-0.348023
0.150000,-0.675000,-0.575000,-0.036063,0.162317,-0.197235,-0.062530,0.281323,-0.347964
0.150000,-0.675000,-0.525000,-0.072688,0.327044,-0.441766,0.014281,-0.064318,0.083465
0.150000,-0.675000,-0.475000,0.058842,-0.264794,0.392494,0.046767,-0.210375,0.316513
0.150000,-0.675000,-0.425000,-0.069489,0.312683,-0.519516,-0.028625,0.128740,-0.218226
0.150000,-0.675000,-0.375000,0.029741,-0.133763,0.256610,-0.067466,0.303578,-0.571587
0.150000,-0.675000,-0.325000,0.041031,-0.184571,0.406062,-0.057410,0.258338,-0.560244
0.150000,-0.675000,-0.275000,-0.041633,0.187355,-0.478640,-0.050390,0.226688,-0.587081
0.150000,-0.675000,-0.225000,0.027807,-0.125147,0.389224,0.050805,-0.228560,0.722107
0.150000,-0.675000,-0.175000,-0.042306,0.190316,-0.773042,0.023021,-0.103602,0.414320
0.150000,-0.675000,-0.125000,-0.025579,0.115052,-0.656184,0.025681,-0.115546,0.650562
0.150000,-0.675000,-0.075000,0.022388,-0.100694,0.950307,0.002649,-0.011902,0.118504
0.150000,-0.675000,-0.025000,-0.004236,0.019031,-0.544457,0.006382,-0.028676,0.809134
0.150000,-0.675000,0.025000,0.004225,-0.019034,-0.544426,-0.006363,0.028683,0.809164
0.150000,-0.675000,0.075000,-0.022366,0.100705,0.950346,-0.002646,0.011891,0.118382
0.150000,-0.675000,0.125000,0.025560,-0.115037,-0.656070,-0.025671,0.115580,0.650731
0.150000,-0.675000,0.175000,0.042283,-0.190302,-0.772963,-0.023023,0.103667,0.414575
0.150000,-0.675000,0.225000,-0.027816,0.125245,0.389526,-0.050781,0.228535,0.722013
0.150000,-0.675000,0.275000,0.041644,-0.187476,-0.478948,0.050361,-0.226628,-0.586916
0.150000,-0.675000,0.325000,-0.040996,0.184458,0.405811,0.057419,-0.258463,-0.560515
0.150000,-0.675000,0.375000,-0.029699,0.133602,0.256304,0.067471,-0.303694,-0.571806
0.150000,-0.675000,0.425000,0.069497,-0.312809,-0.519727,0.028579,-0.128556,-0.217919
0.150000,-0.675000,0.475000,-0.058866,0.264981,0.392775,-0.046722,0.210222,0.316284
0.150000,-0.675000,0.525000,0.072671,-0.327048,-0.441775,-0.014332,0.064573,0.083811
0.150000,-0.675000,0.575000,0.036108,-0.162568,-0.197547,0.062498,-0.281242,-0.347867
0.150000,-0.675000,0.625000,0.014743,-0.066422,-0.072518,0.068147,-0.306688,-0.348027
0.150000,-0.675000,0.675000,0.045031,-0.202719,-0.210741,0.049481,-0.222646,-0.235245
0.150000,-0.675000,0.725000,0.057702,-0.259662,-0.254552,-0.027395,0.123359,0.118350
0.150000,-0.675000,0.775000,-0.044483,0.200245,0.181449,-0.041380,0.186184,0.171623
0.150000,-0.625000,-0.775000,0.065616,-0.273359,0.233235,-0.007705,0.032159,-0.025189
0.150000,-0.625000,-0.725000,-0.056619,0.235849,-0.216329,0.041085,-0.171219,0.154018
0.150000,-0.625000,-0.675000,-0.015478,0.064547,-0.060537,-0.072205,0.300804,-0.294964
0.150000,-0.625000,-0.625000,0.067459,-0.281015,0.298526,-0.038382,0.159962,-0.166514
0.150000,-0.625000,-0.575000,0.080923,-0.337134,0.387611,-0.005238,0.021891,-0.021889
0.150000,-0.625000,-0.525000,0.072765,-0.303120,0.383320,-0.042067,0.175317,-0.217532
0.150000,-0.625000,-0.475000,-0.036428,0.151827,-0.207615,-0.078115,0.325413,-0.454395
0.150000,-0.625000,-0.425000,-0.006661,0.027685,-0.047416,0.086894,-0.362018,0.562587
0.150000,-0.625000,-0.375000,-0.054973,0.229075,-0.400003,-0.066772,0.278140,-0.493242
0.150000,-0.625000,-0.325000,0.022238,-0.092589,0.193351,-0.080740,0.336388,-0.682682
0.150000,-0.625000,-0.275000,-0.026014,0.108426,-0.255219,-0.074025,0.308370,-0.743037
0.150000,-0.625000,-0.225000,-0.032887,0.136964,-0.407767,0.062099,-0.258723,0.757164
0.150000,-0.625000,-0.175000,-0.030196,0.125824,-0.469643,-0.050678,0.211090,-0.800640
0.150000,-0.625000,-0.125000,-0.017230,0.071797,-0.373347,-0.041287,0.171969,-0.912015
0.150000,-0.625000,-0.075000,-0.020247,0.084309,-0.747959,0.019309,-0.080425,0.703708
0.150000,-0.625000,-0.025000,-0.001331,0.005541,-0.139371,-0.009439,0.039272,-1.039498
0.150000,-0.625000,0.025000,0.001326,-0.005543,-0.139422,0.009414,-0.039282,-1.039501
0.150000,-0.625000,0.075000,0.020228,-0.084307,-0.747880,-0.019292,0.080445,0.703832
0.150000,-0.625000,0.125000,0.017228,-0.071843,-0.373576,0.041263,-0.171968,-0.911968
0.150000,-0.625000,0.175000,0.030199,-0.125903,-0.469929,0.050651,-0.211070,-0.800538
0.150000,-0.625000,0.225000,0.032856,-0.136874,-0.407493,-0.062094,0.258803,0.757388
0.150000,-0.625000,0.275000,0.026041,-0.108586,-0.255602,0.073997,-0.308352,-0.742984
0.150000,-0.625000,0.325000,-0.022193,0.092415,0.192993,0.080738,-0.336480,-0.682865
0.150000,-0.625000,0.375000,0.055004,-0.229277,-0.400361,0.066730,-0.278036,-0.493055
0.150000,-0.625000,0.425000,0.006604,-0.027443,-0.047038,-0.086888,0.362090,0.562699
0.150000,-0.625000,0.475000,0.036480,-0.152090,-0.207983,0.078082,-0.325353,-0.454312
0.150000,-0.625000,0.525000,-0.072728,0.303034,0.383213,0.042118,-0.175584,-0.217872
0.150000,-0.625000,0.575000,-0.080913,0.337178,0.387664,0.005303,-0.022174,-0.022217
0.150000,-0.625000,0.625000,-0.067424,0.280931,0.298439,0.038436,-0.160238,-0.166809
0.150000,-0.625000,0.675000,0.015540,-0.064833,-0.060819,0.072188,-0.300807,-0.294971
0.150000,-0.625000,0.725000,0.056580,-0.235739,-0.216231,-0.041135,0.171478,0.154258
0.150000,-0.625000,0.775000,-0.065607,0.273391,0.233266,0.007766,-0.032432,-0.025423
0.150000,-0.575000,-0.775000,-0.019623,0.075274,-0.057354,-0.068950,0.264257,-0.209859
0.150000,-0.575000,-0.725000,0.007283,-0.027978,0.021122,0.076118,-0.291744,0.247186
0.150000,-0.575000,-0.675000,-0.040495,0.155272,-0.138711,-0.070585,0.270508,-0.247366
0.150000,-0.575000,-0.625000,0.086127,-0.330110,0.324385,-0.005472,0.021044,-0.017523
0.150000,-0.575000,-0.575000,0.034285,-0.131478,0.137120,0.084363,-0.323325,0.346479
0.150000,-0.575000,-0.525000,0.002154,-0.008328,0.005854,0.095386,-0.365600,0.427586
0.150000,-0.575000,-0.475000,0.060881,-0.233408,0.298272,0.078056,-0.299134,0.389283
0.150000,-0.575000,-0.425000,0.065562,-0.251234,0.366602,-0.077287,0.296277,-0.424910
0.150000,-0.575000,-0.375000,-0.072194,0.276659,-0.456743,0.071930,-0.275748,0.447732
0.150000,-0.575000,-0.325000,-0.053949,0.206835,-0.385844,-0.084219,0.322759,-0.612972
0.150000,-0.575000,-0.275000,-0.036386,0.139515,-0.305591,-0.087721,0.336192,-0.753176
0.150000,-0.575000,-0.225000,-0.078483,0.300779,-0.823801,0.035514,-0.136163,0.365261
0.150000,-0.575000,-0.175000,0.049266,-0.188782,0.668026,-0.054075,0.207276,-0.722321
0.150000,-0.575000,-0.125000,0.054927,-0.210489,1.035695,-0.010935,0.041937,-0.198247
0.150000,-0.575000,-0.075000,-0.007630,0.029252,-0.231471,-0.034425,0.131900,-1.081875
0.150000,-0.575000,-0.025000,0.010078,-0.038582,0.943280,0.006616,-0.025325,0.629234
0.150000,-0.575000,0.025000,-0.010052,0.038594,0.943321,-0.006602,0.025330,0.629192
0.150000,-0.575000,0.075000,0.007626,-0.029275,-0.231642,0.034397,-0.131910,-1.081871
0.150000,-0.575000,0.125000,-0.054899,0.210499,1.035694,0.010940,-0.041993,-0.198516
0.150000,-0.575000,0.175000,-0.049234,0.188729,0.667821,0.054072,-0.207361,-0.722598
0.150000,-0.575000,0.225000,0.078450,-0.300753,-0.823712,-0.035536,0.136307,0.365649
0.150000,-0.575000,0.275000,0.036421,-0.139704,-0.306011,0.087687,-0.336160,-0.753094
0.150000,-0.575000,0.325000,0.053988,-0.207051,-0.386252,0.084176,-0.322679,-0.612817
0.150000,-0.575000,0.375000,0.072140,-0.276518,-0.456508,-0.071966,0.275969,0.448094
0.150000,-0.575000,0.425000,-0.065502,0.251061,0.366350,0.077324,-0.296503,-0.425239
0.150000,-0.575000,0.475000,-0.060934,0.233679,0.298625,-0.078004,0.299004,0.389115
0.150000,-0.575000,0.525000,-0.002229,0.008631,0.006210,-0.095377,0.365660,0.427659
0.150000,-0.575000,0.575000,-0.034354,0.131784,0.137450,-0.084329,0.323274,0.346427
0.150000,-0.575000,0.625000,-0.086119,0.330160,0.324438,0.005547,-0.021348,-0.017824
0.150000,-0.575000,0.675000,0.040558,-0.155562,-0.138978,0.070545,-0.270421,-0.247289
0.150000,-0.575000,0.725000,-0.007354,0.028269,0.021370,-0.076110,0.291785,0.247224
0.150000,-0.575000,0.775000,0.019690,-0.075558,-0.057581,0.068930,-0.264246,-0.209854
0.150000,-0.525000,-0.775000,-0.014367,0.050214,-0.039141,0.076229,-0.266778,0.194821
0.150000,-0.525000,-0.725000,0.072962,-0.255300,0.201084,-0.040327,0.141187,-0.108130
0.150000,-0.525000,-0.675000,-0.087850,0.307421,-0.258987,0.016939,-0.059348,0.046953
0.150000,-0.525000,-0.625000,0.083039,-0.290563,0.265481,-0.047731,0.167100,-0.148831
0.150000,-0.525000,-0.575000,0.002171,-0.007673,0.003848,0.102107,-0.357331,0.352771
0.150000,-0.525000,-0.525000,-0.101000,0.353430,-0.383603,0.038970,-0.136450,0.143625
0.150000,-0.525000,-0.475000,-0.112997,0.395433,-0.473098,0.013218,-0.046337,0.050724
0.150000,-0.525000,-0.425000,-0.065891,0.230524,-0.312277,0.098021,-0.343078,0.455327
0.150000,-0.525000,-0.375000,0.120507,-0.421725,0.638313,0.003057,-0.010620,0.021964
0.150000,-0.525000,-0.325000,-0.109579,0.383445,-0.672558,0.049306,-0.172617,0.295558
0.150000,-0.525000,-0.275000,-0.093942,0.328793,-0.674579,-0.067898,0.237552,-0.496386
0.150000,-0.525000,-0.225000,-0.105202,0.368139,-0.930412,0.018200,-0.063753,0.152979
0.150000,-0.525000,-0.175000,0.091209,-0.319178,1.034566,0.011595,-0.040522,0.140132
0.150000,-0.525000,-0.125000,0.016933,-0.059289,0.260301,0.069181,-0.242060,1.101858
0.150000,-0.525000,-0.075000,0.044788,-0.156696,1.185103,0.006267,-0.021901,0.175486
0.150000,-0.525000,-0.025000,-0.014146,0.049446,-1.127414,0.006411,-0.022414,0.500097
0.150000,-0.525000,0.025000,0.014115,-0.049459,-1.127397,-0.006394,0.022423,0.500164
0.150000,-0.525000,0.075000,-0.044756,0.156718,1.185168,-0.006258,0.021878,0.175296
0.150000,-0.525000,0.125000,-0.016941,0.059361,0.260613,-0.069147,0.242069,1.101843
0.150000,-0.525000,0.175000,-0.091186,0.319227,1.034691,-0.011561,0.040409,0.139757
0.150000,-0.525000,0.225000,0.105171,-0.368152,-0.930424,-0.018241,0.063931,0.153427
0.150000,-0.525000,0.275000,0.093961,-0.328965,-0.674927,0.067838,-0.237401,-0.496066
0.150000,-0.525000,0.325000,0.109535,-0.383391,-0.672456,-0.049365,0.172883,0.296021
0.150000,-0.525000,0.375000,-0.120496,0.421798,0.638421,-0.002976,0.010327,0.021518
0.150000,-0.525000,0.425000,0.065813,-0.230302,-0.311978,-0.098061,0.343311,0.455640
0.150000,-0.525000,0.475000,0.112979,-0.395468,-0.473141,-0.013306,0.046668,0.051122
0.150000,-0.525000,0.525000,0.100962,-0.353382,-0.383552,-0.039051,0.136782,0.143987
0.150000,-0.525000,0.575000,-0.002260,0.007999,0.004172,-0.102101,0.357400,0.352841
0.150000,-0.525000,0.625000,-0.082993,0.290470,0.265398,0.047805,-0.167413,-0.149118
0.150000,-0.525000,0.675000,0.087831,-0.307436,-0.259003,-0.017021,0.059664,0.047220
0.150000,-0.525000,0.725000,-0.072921,0.255221,0.201025,0.040398,-0.141481,-0.108363
0.150000,-0.525000,0.775000,0.014291,-0.049951,-0.038948,-0.076243,0.266901,0.194914
0.150000,-0.475000,-0.775000,-0.031423,0.099555,-0.064682,-0.077518,0.245413,-0.166155
0.150000,-0.475000,-0.725000,-0.084071,0.266163,-0.192608,0.033710,-0.106799,0.074261
0.150000,-0.475000,-0.675000,0.076460,-0.242139,0.185246,0.061379,-0.194282,0.152654
0.150000,-0.475000,-0.625000,-0.044423,0.140725,-0.114328,-0.096235,0.304672,-0.255909
0.150000,-0.475000,-0.575000,0.070030,-0.221798,0.198229,0.090300,-0.285866,0.261949
0.150000,-0.475000,-0.525000,-0.121831,0.385740,-0.384101,0.014069,-0.044630,0.039937
0.150000,-0.475000,-0.475000,-0.062458,0.197835,-0.213011,-0.114793,0.363426,-0.401904
0.150000,-0.475000,-0.425000,-0.052302,0.165684,-0.198249,-0.127462,0.403547,-0.497999
0.150000,-0.475000,-0.375000,-0.142898,0.452457,-0.629838,-0.005414,0.017057,-0.030269
0.150000,-0.475000,-0.325000,0.120932,-0.382949,0.611299,0.080232,-0.253964,0.414258
0.150000,-0.475000,-0.275000,-0.122610,0.388172,-0.741478,0.072860,-0.230761,0.431127
0.150000,-0.475000,-0.225000,-0.122049,0.386401,-0.900803,0.054893,-0.173868,0.395165
0.150000,-0.475000,-0.175000,0.090912,-0.287875,0.852811,0.074058,-0.234425,0.707632
0.150000,-0.475000,-0.125000,-0.076461,0.242042,-1.017638,0.051493,-0.163063,0.672275
0.150000,-0.475000,-0.075000,-0.015015,0.047503,-0.342146,0.057235,-0.181182,1.259005
0.150000,-0.475000,-0.025000,-0.001291,0.004089,-0.073475,-0.020396,0.064512,-1.348915
0.150000,-0.475000,0.025000,0.001286,-0.004094,-0.073558,0.020355,-0.064532,-1.348926
0.150000,-0.475000,0.075000,0.014999,-0.047477,-0.341930,-0.057199,0.181214,1.259109
0.150000,-0.475000,0.125000,0.076418,-0.242021,-1.017495,-0.051493,0.163152,0.672614
0.150000,-0.475000,0.175000,-0.090915,0.288003,0.853163,-0.074005,0.234336,0.707340
0.150000,-0.475000,0.225000,0.121999,-0.386362,-0.900691,-0.054939,0.174084,0.395659
0.150000,-0.475000,0.275000,0.122551,-0.388089,-0.741308,-0.072918,0.231023,0.431620
0.150000,-0.475000,0.325000,-0.120969,0.383179,0.611663,-0.080145,0.253746,0.413900
0.150000,-0.475000,0.375000,0.142888,-0.452546,-0.629958,0.005312,-0.016723,-0.029802
0.150000,-0.475000,0.425000,0.052397,-0.166039,-0.198688,0.127412,-0.403487,-0.497924
0.150000,-0.475000,0.475000,0.062550,-0.198187,-0.213401,0.114735,-0.363328,-0.401796
0.150000,-0.475000,0.525000,0.121813,-0.385782,-0.384144,-0.014175,0.044990,0.040297
0.150000,-0.475000,0.575000,-0.070111,0.222121,0.198525,-0.090233,0.285721,0.261818
0.150000,-0.475000,0.625000,0.044513,-0.141060,-0.114610,0.096190,-0.304607,-0.255857
0.150000,-0.475000,0.675000,-0.076520,0.242400,0.185451,-0.061303,0.194086,0.152503
0.150000,-0.475000,0.725000,0.084037,-0.266124,-0.192582,-0.033794,0.107108,0.074485
0.150000,-0.475000,0.775000,0.031503,-0.099847,-0.064880,0.077486,-0.245377,-0.166133
0.150000,-0.425000,-0.775000,0.078235,-0.221597,0.137732,-0.044108,0.125014,-0.074704
0.150000,-0.425000,-0.725000,0.016902,-0.047809,0.034349,-0.096526,0.273464,-0.179531
0.150000,-0.425000,-0.675000,-0.098678,0.279577,-0.196461,-0.041374,0.117139,-0.085868
0.150000,-0.425000,-0.625000,-0.009556,0.026992,-0.024307,0.116434,-0.329857,0.251691
0.150000,-0.425000,-0.575000,0.082831,-0.234594,0.198018,-0.096790,0.274258,-0.225045
0.150000,-0.425000,-0.525000,-0.077633,0.219859,-0.203970,0.114717,-0.325041,0.293020
0.150000,-0.425000,-0.475000,-0.056640,0.160546,-0.156386,-0.138694,0.392882,-0.397156
0.150000,-0.425000,-0.425000,0.108906,-0.308460,0.351339,-0.118063,0.334535,-0.371780
0.150000,-0.425000,-0.375000,0.104993,-0.297369,0.384538,-0.133547,0.378395,-0.477639
0.150000,-0.425000,-0.325000,-0.131191,0.371726,-0.540986,-0.117312,0.332272,-0.494688
0.150000,-0.425000,-0.275000,0.136774,-0.387534,0.667385,0.112026,-0.317293,0.558687
0.150000,-0.425000,-0.225000,-0.043543,0.123272,-0.272234,0.163964,-0.464520,0.983845
0.150000,-0.425000,-0.175000,0.113530,-0.321662,0.870423,0.100884,-0.285733,0.789334
0.150000,-0.425000,-0.125000,-0.118625,0.336041,-1.281905,-0.027030,0.076512,-0.305450
0.150000,-0.425000,-0.075000,-0.079061,0.223928,-1.426190,-0.004748,0.013413,-0.099604
0.150000,-0.425000,-0.025000,0.027546,-0.077965,1.490261,0.000904,-0.002552,0.063437
0.150000,-0.425000,0.025000,-0.027496,0.077991,1.490283,-0.000906,0.002548,0.063338
0.150000,-0.425000,0.075000,0.079015,-0.223962,-1.426262,0.004734,-0.013371,-0.099323
0.150000,-0.425000,0.125000,0.118592,-0.336107,-1.282082,0.026987,-0.076413,-0.305051
0.150000,-0.425000,0.175000,-0.113544,0.321829,0.870846,-0.100814,0.285627,0.789014
0.150000,-0.425000,0.225000,0.043451,-0.123035,-0.271722,-0.163959,0.464651,0.984098
0.150000,-0.425000,0.275000,-0.136825,0.387796,0.667829,-0.111928,0.317093,0.558327
0.150000,-0.425000,0.325000,0.131259,-0.372028,-0.541425,0.117210,-0.332059,-0.494367
0.150000,-0.425000,0.375000,-0.104883,0.297123,0.384220,0.133617,-0.378701,-0.478027
0.150000,-0.425000,0.425000,-0.108803,0.308236,0.351084,0.118146,-0.334866,-0.372153
0.150000,-0.425000,0.475000,0.056759,-0.160938,-0.156782,0.138638,-0.392822,-0.397095
0.150000,-0.425000,0.525000,0.077525,-0.219600,-0.203733,-0.114785,0.325327,0.293282
0.150000,-0.425000,0.575000,-0.082737,0.234379,0.197840,0.096868,-0.274560,-0.225298
0.150000,-0.425000,0.625000,0.009441,-0.026659,-0.024051,-0.116442,0.329973,0.251781
0.150000,-0.425000,0.675000,0.098719,-0.279780,-0.196607,0.041274,-0.116876,-0.085682
0.150000,-0.425000,0.725000,-0.016801,0.047526,0.034163,0.096544,-0.273597,-0.179621
0.150000,-0.425000,0.775000,-0.078189,0.221528,0.137691,0.044191,-0.125299,-0.074881
0.150000,-0.375000,-0.775000,0.091824,-0.229499,0.129352,-0.027830,0.069633,-0.036432
0.150000,-0.375000,-0.725000,0.091597,-0.228917,0.138620,-0.052282,0.130749,-0.075693
0.150000,-0.375000,-0.675000,0.047670,-0.119084,0.079744,-0.105916,0.264783,-0.168990
0.150000,-0.375000,-0.625000,-0.080720,0.201835,-0.137295,-0.099444,0.248519,-0.175196
0.150000,-0.375000,-0.575000,-0.100690,0.251626,-0.193264,0.099123,-0.247835,0.184143
0.150000,-0.375000,-0.525000,0.155640,-0.389049,0.321919,0.004710,-0.011680,0.014750
0.150000,-0.375000,-0.475000,-0.170919,0.427247,-0.390745,-0.007082,0.017604,-0.021980
0.150000,-0.375000,-0.425000,0.115709,-0.289154,0.301146,-0.146596,0.366507,-0.370687
0.150000,-0.375000,-0.375000,0.199506,-0.498719,0.577096,0.029407,-0.073404,0.092988
0.150000,-0.375000,-0.325000,0.210135,-0.525251,0.704526,-0.039784,0.099553,-0.124062
0.150000,-0.375000,-0.275000,-0.126285,0.315758,-0.490458,-0.180680,0.451580,-0.720369
0.150000,-0.375000,-0.225000,0.215576,-0.538878,1.040076,0.027612,-0.068921,0.145706
0.150000,-0.375000,-0.175000,0.198889,-0.497153,1.234254,0.019794,-0.049390,0.137074
0.150000,-0.375000,-0.125000,-0.143267,0.358128,-1.238418,-0.079893,0.199631,-0.708758
0.150000,-0.375000,-0.075000,-0.057622,0.144045,-0.820678,-0.092278,0.230596,-1.346750
0.150000,-0.375000,-0.025000,0.008753,-0.021872,0.362890,0.037226,-0.092973,1.622173
0.150000,-0.375000,0.025000,-0.008736,0.021887,0.363016,-0.037168,0.093006,1.622168
0.150000,-0.375000,0.075000,0.057608,-0.144119,-0.821010,0.092221,-0.230600,-1.346621
0.150000,-0.375000,0.125000,0.143250,-0.358248,-1.238755,0.079824,-0.199530,-0.708357
0.150000,-0.375000,0.175000,-0.198859,0.497246,1.234433,-0.019701,0.049155,0.136484
0.150000,-0.375000,0.225000,-0.215561,0.539002,1.040283,-0.027486,0.068609,0.145098
0.150000,-0.375000,0.275000,0.126391,-0.316125,-0.491029,0.180577,-0.451437,-0.720126
0.150000,-0.375000,0.325000,-0.210088,0.525271,0.704542,0.039938,-0.099980,-0.124633
0.150000,-0.375000,0.375000,-0.199519,0.498883,0.577280,-0.029243,0.072996,0.092512
0.150000,-0.375000,0.425000,-0.115576,0.288885,0.300868,0.146691,-0.366851,-0.371038
0.150000,-0.375000,0.475000,0.170921,-0.427367,-0.390853,0.006924,-0.017198,-0.021607
0.150000,-0.375000,0.525000,-0.155641,0.389162,0.322012,-0.004560,0.011292,0.014428
0.150000,-0.375000,0.575000,0.100590,-0.251438,-0.193121,-0.099222,0.248165,0.184394
0.150000,-0.375000,0.625000,0.080822,-0.202161,-0.137523,0.099360,-0.248376,-0.175096
0.150000,-0.375000,0.675000,-0.047559,0.118830,0.079580,0.105967,-0.264997,-0.169129
0.150000,-0.375000,0.725000,-0.091542,0.228846,0.138578,0.052381,-0.131050,-0.075874
0.150000,-0.375000,0.775000,-0.091795,0.229499,0.129353,0.027931,-0.069920,-0.036594
0.150000,-0.325000,-0.775000,0.017738,-0.038352,0.022189,-0.100348,0.217393,-0.109834
0.150000,-0.325000,-0.725000,0.061284,-0.132692,0.074620,-0.094708,0.205206,-0.109652
0.150000,-0.325000,-0.675000,0.073767,-0.159734,0.095979,-0.101238,0.219359,-0.125796
0.150000,-0.325000,-0.625000,0.038183,-0.082632,0.055923,-0.134148,0.290631,-0.181925
0.150000,-0.325000,-0.575000,-0.082933,0.179738,-0.119138,-0.131700,0.285257,-0.197789
0.150000,-0.325000,-0.525000,-0.159030,0.344475,-0.260555,0.070264,-0.152307,0.109322
0.150000,-0.325000,-0.475000,0.161143,-0.349153,0.286017,0.108209,-0.234332,0.199520
0.150000,-0.325000,-0.425000,-0.160416,0.347595,-0.317247,-0.144628,0.313236,-0.295829
0.150000,-0.325000,-0.375000,0.234453,-0.507893,0.535241,-0.043844,0.095097,-0.091321
0.150000,-0.325000,-0.325000,0.193131,-0.418477,0.500447,0.173543,-0.375873,0.463487
0.150000,-0.325000,-0.275000,0.275486,-0.596814,0.854823,0.010865,-0.023417,0.045958
0.150000,-0.325000,-0.225000,-0.244784,0.530351,-0.921841,-0.137642,0.298080,-0.535017
0.150000,-0.325000,-0.175000,0.040949,-0.088603,0.216667,-0.263939,0.571797,-1.285319
0.150000,-0.325000,-0.125000,-0.225636,0.488791,-1.540079,-0.016308,0.035240,-0.130922
0.150000,-0.325000,-0.075000,-0.028546,0.061885,-0.303722,-0.151157,0.327399,-1.725064
0.150000,-0.325000,-0.025000,-0.029851,0.064610,-1.038474,0.045991,-0.099568,1.557761
0.150000,-0.325000,0.025000,0.029813,-0.064627,-1.038357,-0.045927,0.099614,1.557872
0.150000,-0.325000,0.075000,0.028563,-0.061978,-0.304166,0.151085,-0.327441,-1.725064
0.150000,-0.325000,0.125000,0.225585,-0.488879,-1.540242,0.016221,-0.035048,-0.130311
0.150000,-0.325000,0.175000,-0.040808,0.088309,0.215994,0.263916,-0.571935,-1.285563
0.150000,-0.325000,0.225000,0.244842,-0.530638,-0.922309,0.137473,-0.297783,-0.534477
0.150000,-0.325000,0.275000,-0.275471,0.596945,0.854986,-0.010665,0.022971,0.045316
0.150000,-0.325000,0.325000,-0.193260,0.418880,0.500925,-0.173377,0.375600,0.463145
0.150000,-0.325000,0.375000,-0.234405,0.507924,0.535263,0.044047,-0.095580,-0.091827
0.150000,-0.325000,0.425000,0.160546,-0.347984,-0.317604,0.144475,-0.312978,-0.295586
0.150000,-0.325000,0.475000,-0.161246,0.349485,0.286289,-0.108050,0.234042,0.199276
0.150000,-0.325000,0.525000,0.158958,-0.344414,-0.260507,-0.070425,0.152714,0.109627
0.150000,-0.325000,0.575000,0.083070,-0.180104,-0.119388,0.131614,-0.285150,-0.197714
0.150000,-0.325000,0.625000,-0.038040,0.082335,0.055735,0.134190,-0.290819,-0.182043
0.150000,-0.325000,0.675000,-0.073658,0.159540,0.095865,0.101319,-0.219618,-0.125947
0.150000,-0.325000,0.725000,-0.061180,0.132503,0.074517,0.094778,-0.205437,-0.109777
0.150000,-0.325000,0.775000,-0.017626,0.038110,0.022066,0.100371,-0.217523,-0.109900
0.150000,-0.275000,-0.775000,-0.076994,0.141071,-0.066725,0.075031,-0.137581,0.061111
0.150000,-0.275000,-0.725000,-0.117388,0.215182,-0.104971,-0.023866,0.043667,-0.024574
0.150000,-0.275000,-0.675000,-0.084282,0.154553,-0.078664,-0.104237,0.191009,-0.103023
0.150000,-0.275000,-0.625000,-0.048504,0.088993,-0.046737,-0.142614,0.261381,-0.150264
0.150000,-0.275000,-0.575000,-0.063618,0.116703,-0.067801,-0.157592,0.288831,-0.180733
0.150000,-0.275000,-0.525000,-0.154928,0.284050,-0.189420,-0.114049,0.208972,-0.146373
0.150000,-0.275000,-0.475000,-0.188478,0.345433,-0.262534,0.110038,-0.201800,0.145654
0.150000,-0.275000,-0.425000,0.190550,-0.349366,0.287968,0.158134,-0.289779,0.249160
0.150000,-0.275000,-0.375000,-0.159290,0.292095,-0.269879,-0.230241,0.421977,-0.406641
0.150000,-0.275000,-0.325000,0.313271,-0.574259,0.629635,0.013192,-0.024049,0.037948
0.150000,-0.275000,-0.275000,0.253548,-0.464870,0.593377,0.232956,-0.426928,0.564123
0.150000,-0.275000,-0.225000,0.323155,-0.592306,0.947043,-0.168653,0.309278,-0.475042
0.150000,-0.275000,-0.175000,-0.198210,0.363223,-0.757964,0.302317,-0.554237,1.118428
0.150000,-0.275000,-0.125000,-0.064961,0.118966,-0.363821,0.312355,-0.572570,1.629278
0.150000,-0.275000,-0.075000,-0.134083,0.245809,-1.146876,-0.180009,0.329884,-1.586309
0.150000,-0.275000,-0.025000,-0.050210,0.091963,-1.336645,0.064304,-0.117810,1.663188
0.150000,-0.275000,0.025000,0.050154,-0.091994,-1.336506,-0.064230,0.117875,1.663344
0.150000,-0.275000,0.075000,0.134077,-0.245953,-1.147380,0.179912,-0.329880,-1.586059
0.150000,-0.275000,0.125000,0.064817,-0.118727,-0.363110,-0.312318,0.572724,1.629571
0.150000,-0.275000,0.175000,0.198012,-0.362955,-0.757373,-0.302390,0.554555,1.119004
0.150000,-0.275000,0.225000,-0.323009,0.592199,0.946828,0.168862,-0.309768,-0.475793
0.150000,-0.275000,0.275000,-0.253717,0.465323,0.593940,-0.232742,0.426638,0.563725
0.150000,-0.275000,0.325000,-0.313271,0.574419,0.629788,-0.012919,0.023535,0.037384
0.150000,-0.275000,0.375000,0.159501,-0.292582,-0.270333,0.230087,-0.421804,-0.406465
0.150000,-0.275000,0.425000,-0.190704,0.349763,0.288293,-0.157946,0.289505,0.248923
0.150000,-0.275000,0.475000,0.188365,-0.345324,-0.262447,-0.110230,0.202231,0.145974
0.150000,-0.275000,0.525000,0.155050,-0.284375,-0.189636,0.113886,-0.208728,-0.146204
0.150000,-0.275000,0.575000,0.063790,-0.117072,-0.068028,0.157525,-0.288802,-0.180711
0.150000,-0.275000,0.625000,0.048662,-0.089330,-0.046928,0.142563,-0.261377,-0.150258
0.150000,-0.275000,0.675000,0.084401,-0.154841,-0.078814,0.104145,-0.190904,-0.102965
0.150000,-0.275000,0.725000,0.117419,-0.215327,-0.105040,0.023734,-0.043427,-0.024456
0.150000,-0.275000,0.775000,0.076910,-0.140967,-0.066676,-0.075122,0.137815,0.061217
0.150000,-0.225000,-0.775000,-0.009780,0.014743,-0.003272,-0.112146,0.168167,-0.070473
0.150000,-0.225000,-0.725000,0.124221,-0.186270,0.083763,-0.022074,0.033183,-0.011588
0.150000,-0.225000,-0.675000,0.066770,-0.100208,0.044782,0.125513,-0.188185,0.092074
0.150000,-0.225000,-0.625000,-0.077045,0.115460,-0.063664,0.141486,-0.212226,0.107985
0.150000,-0.225000,-0.575000,-0.168116,0.252082,-0.144163,0.073816,-0.110792,0.057876
0.150000,-0.225000,-0.525000,-0.207725,0.311509,-0.193402,0.033661,-0.050588,0.025429
0.150000,-0.225000,-0.475000,-0.222053,0.332972,-0.230267,0.097234,-0.145931,0.093259
0.150000,-0.225000,-0.425000,-0.074359,0.111399,-0.093219,0.270264,-0.405360,0.307336
0.150000,-0.225000,-0.375000,0.321582,-0.482315,0.416192,0.043663,-0.065350,0.066788
0.150000,-0.225000,-0.325000,-0.325267,0.487900,-0.481215,-0.185351,0.277858,-0.288712
0.150000,-0.225000,-0.275000,0.378691,-0.567884,0.678091,-0.196080,0.294216,-0.333360
0.150000,-0.225000,-0.225000,0.466782,-0.700049,1.013753,-0.069257,0.104030,-0.130329
0.150000,-0.225000,-0.175000,-0.292207,0.438373,-0.793582,-0.396358,0.594354,-1.118560
0.150000,-0.225000,-0.125000,0.213583,-0.320196,0.860049,-0.405573,0.608318,-1.566913
0.150000,-0.225000,-0.075000,-0.251103,0.376494,-1.656157,0.226148,-0.339207,1.442494
0.150000,-0.225000,-0.025000,0.040199,-0.060282,0.745460,0.119754,-0.179492,2.346771
0.150000,-0.225000,0.025000,-0.040164,0.060338,0.745735,-0.119644,0.179583,2.346729
0.150000,-0.225000,0.075000,0.250966,-0.376472,-1.655774,-0.226154,0.339412,1.443109
0.150000,-0.225000,0.125000,-0.213353,0.319947,0.859316,0.405612,-0.608609,-1.567490
0.150000,-0.225000,0.175000,0.292433,-0.438867,-0.794427,0.396132,-0.594186,-1.118158
0.150000,-0.225000,0.225000,-0.466700,0.700129,1.013798,0.069610,-0.104613,-0.131157
0.150000,-0.225000,0.275000,-0.378508,0.567765,0.677911,0.196399,-0.294801,-0.334027
0.150000,-0.225000,0.325000,0.325434,-0.488309,-0.481595,0.185043,-0.277461,-0.288301
0.150000,-0.225000,0.375000,-0.321623,0.482532,0.416357,-0.043344,0.064871,0.066372
0.150000,-0.225000,0.425000,0.074080,-0.110998,-0.092909,-0.270342,0.405618,0.307516
0.150000,-0.225000,0.475000,0.221951,-0.332930,-0.230226,-0.097473,0.146358,0.093544
0.150000,-0.225000,0.525000,0.207692,-0.311573,-0.193431,-0.033890,0.050968,0.025661
0.150000,-0.225000,0.575000,0.168038,-0.252057,-0.144142,-0.074006,0.111137,0.058066
0.150000,-0.225000,0.625000,0.076886,-0.115256,-0.063556,-0.141578,0.212460,0.108100
0.150000,-0.225000,0.675000,-0.066917,0.100486,0.044912,-0.125441,0.188152,0.092054
0.150000,-0.225000,0.725000,-0.124200,0.186323,0.083782,0.022219,-0.033430,-0.011697
0.150000,-0.225000,0.775000,0.009912,-0.014962,-0.003362,0.112139,-0.168238,-0.070499
0.150000,-0.175000,-0.775000,0.063695,-0.074220,0.031371,-0.098035,0.114378,-0.042937
0.150000,-0.175000,-0.725000,0.080133,-0.093524,0.036306,0.104487,-0.121812,0.052779
0.150000,-0.175000,-0.675000,-0.132028,0.153945,-0.070713,0.069624,-0.081282,0.033004
0.150000,-0.175000,-0.625000,-0.085303,0.099574,-0.044346,-0.147468,0.171949,-0.085416
0.150000,-0.175000,-0.575000,0.133756,-0.155933,0.085836,-0.143106,0.166983,-0.084341
0.150000,-0.175000,-0.525000,0.224790,-0.262206,0.150357,0.031424,-0.036542,0.027126
0.150000,-0.175000,-0.475000,0.203498,-0.237438,0.146716,0.169875,-0.198051,0.131909
0.150000,-0.175000,-0.425000,0.230802,-0.269301,0.186027,0.209830,-0.244654,0.181021
0.150000,-0.175000,-0.375000,0.367113,-0.428233,0.344971,0.040395,-0.046976,0.048905
0.150000,-0.175000,-0.325000,0.071134,-0.082820,0.090931,-0.432775,0.504840,-0.468803
0.150000,-0.175000,-0.275000,-0.287408,0.335110,-0.384407,0.431793,-0.503770,0.545847
0.150000,-0.175000,-0.225000,-0.355405,0.414722,-0.540591,-0.486156,0.566983,-0.778212
0.150000,-0.175000,-0.175000,-0.552727,0.644851,-1.101282,-0.372822,0.434733,-0.779045
0.150000,-0.175000,-0.125000,0.639735,-0.746272,1.801616,0.176122,-0.205270,0.536446
0.150000,-0.175000,-0.075000,0.241969,-0.282113,1.185226,-0.461604,0.538464,-2.156716
0.150000,-0.175000,-0.025000,0.032856,-0.038265,0.519552,-0.200155,0.233363,-2.825373
0.150000,-0.175000,0.025000,-0.032823,0.038255,0.519192,0.200019,-0.233528,-2.825494
0.150000,-0.175000,0.075000,-0.241758,0.281988,1.184479,0.461588,-0.538732,-2.157284
0.150000,-0.175000,0.125000,-0.639762,0.746584,1.802095,-0.175746,0.204880,0.535439
0.150000,-0.175000,0.175000,0.552960,-0.645350,-1.102004,0.372400,-0.434359,-0.778316
0.150000,-0.175000,0.225000,0.355803,-0.415341,-0.541358,0.485840,-0.566780,-0.777860
0.150000,-0.175000,0.275000,0.287001,-0.334725,-0.383950,-0.432055,0.504257,0.546322
0.150000,-0.175000,0.325000,-0.070702,0.082320,0.090463,0.432846,-0.505102,-0.468998
0.150000,-0.175000,0.375000,-0.367160,0.428448,0.345109,-0.040011,0.046523,0.048539
0.150000,-0.175000,0.425000,-0.231034,0.269694,0.186283,-0.209584,0.244448,0.180858
0.150000,-0.175000,0.475000,-0.203693,0.237779,0.146914,-0.169653,0.197860,0.131776
0.150000,-0.175000,0.525000,-0.224833,0.262378,0.150438,-0.031170,0.036244,0.026954
0.150000,-0.175000,0.575000,-0.133596,0.155809,0.085763,0.143266,-0.167262,-0.084475
0.150000,-0.175000,0.625000,0.085478,-0.099845,-0.044469,0.147374,-0.171921,-0.085393
0.150000,-0.175000,0.675000,0.131952,-0.153933,-0.070700,-0.069783,0.081526,0.033107
0.150000,-0.175000,0.725000,-0.080261,0.093740,0.036389,-0.104397,0.121769,0.052755
0.150000,-0.175000,0.775000,-0.063581,0.074121,0.031329,0.098116,-0.114550,-0.042997
0.150000,-0.125000,-0.775000,-0.049865,0.041606,-0.013526,-0.109528,0.091197,-0.036837
0.150000,-0.125000,-0.725000,0.131873,-0.109865,0.045055,0.033547,-0.027862,0.014929
0.150000,-0.125000,-0.675000,-0.110889,0.092306,-0.044175,0.108252,-0.090236,0.037734
0.150000,-0.125000,-0.625000,-0.066198,0.055233,-0.022619,-0.165115,0.137506,-0.068430
0.150000,-0.125000,-0.575000,0.202576,-0.168733,0.090061,-0.037379,0.031241,-0.011291
0.150000,-0.125000,-0.525000,0.053984,-0.045081,0.019969,0.234700,-0.195492,0.114553
0.150000,-0.125000,-0.475000,-0.238124,0.198308,-0.131080,0.155628,-0.129753,0.076725
0.150000,-0.125000,-0.425000,-0.330151,0.275080,-0.194738,-0.079943,0.066469,-0.056588
0.150000,-0.125000,-0.375000,-0.355498,0.296246,-0.234707,-0.204362,0.170127,-0.148133
0.150000,-0.125000,-0.325000,-0.497903,0.414835,-0.387482,-0.042089,0.034899,-0.047433
0.150000,-0.125000,-0.275000,-0.131056,0.109008,-0.139678,0.597756,-0.498063,0.547652
0.150000,-0.125000,-0.225000,0.352690,-0.293668,0.420694,-0.656097,0.546736,-0.728267
0.150000,-0.125000,-0.175000,0.845355,-0.704387,1.217438,0.237294,-0.197494,0.378391
0.150000,-0.125000,-0.125000,0.159324,-0.132527,0.371667,-0.930802,0.775549,-1.883608
0.150000,-0.125000,-0.075000,0.333685,-0.277840,1.188903,-0.731752,0.609704,-2.452402
0.150000,-0.125000,-0.025000,0.296184,-0.246623,3.044068,-0.147617,0.122984,-1.431925
0.150000,-0.125000,0.025000,-0.296032,0.246826,3.043906,0.147577,-0.123145,-1.432420
0.150000,-0.125000,0.075000,-0.333338,0.277673,1.187899,0.731787,-0.610071,-2.453060
0.150000,-0.125000,0.125000,-0.158718,0.132045,0.370451,0.930843,-0.775903,-1.884028
0.150000,-0.125000,0.175000,-0.845521,0.704802,1.217906,-0.236608,0.196966,0.377426
0.150000,-0.125000,0.225000,-0.352084,0.293250,0.420068,0.656416,-0.547229,-0.728781
0.150000,-0.125000,0.275000,0.130460,-0.108528,-0.139137,-0.597892,0.498387,0.547899
0.150000,-0.125000,0.325000,0.497957,-0.415067,-0.387617,0.041564,-0.034451,-0.047018
0.150000,-0.125000,0.375000,0.355731,-0.296596,-0.234933,0.203978,-0.169868,-0.147901
0.150000,-0.125000,0.425000,0.330253,-0.275314,-0.194857,0.079574,-0.066174,-0.056374
0.150000,-0.125000,0.475000,0.237955,-0.198268,-0.131026,-0.155908,0.130078,0.076906
0.150000,-0.125000,0.525000,-0.054260,0.045358,0.020117,-0.234647,0.195563,0.114565
0.150000,-0.125000,0.575000,-0.202542,0.168812,0.090078,0.037620,-0.031480,-0.011408
0.150000,-0.125000,0.625000,0.066398,-0.055454,-0.022714,0.165045,-0.137538,-0.068426
0.150000,-0.125000,0.675000,0.110765,-0.092261,-0.044144,-0.108391,0.090431,0.037806
0.150000,-0.125000,0.725000,-0.131920,0.109996,0.045093,-0.033390,0.027739,0.014876
0.150000,-0.125000,0.775000,0.050001,-0.041767,-0.013581,0.109474,-0.091223,-0.036835
0.150000,-0.075000,-0.775000,0.001774,-0.000965,-0.002557,0.122714,-0.061307,0.029391
0.150000,-0.075000,-0.725000,-0.087256,0.043661,-0.019692,-0.108377,0.054095,-0.029875
0.150000,-0.075000,-0.675000,0.157578,-0.078745,0.042870,0.021005,-0.010405,0.009653
0.150000,-0.075000,-0.625000,-0.134454,0.067117,-0.043108,0.124461,-0.062261,0.033728
0.150000,-0.075000,-0.575000,-0.043010,0.021595,-0.008720,-0.208837,0.104334,-0.068729
0.150000,-0.075000,-0.525000,0.247875,-0.123885,0.087068,0.038508,-0.019130,0.019938
0.150000,-0.075000,-0.475000,-0.080183,0.039950,-0.038884,0.287757,-0.143838,0.111015
0.150000,-0.075000,-0.425000,-0.359511,0.179682,-0.157309,-0.027085,0.013398,-0.021307
0.150000,-0.075000,-0.375000,-0.228145,0.114156,-0.103578,-0.377956,0.188818,-0.194547
0.150000,-0.075000,-0.325000,-0.093816,0.047061,-0.038913,-0.540556,0.270145,-0.313756
0.150000,-0.075000,-0.275000,-0.404719,0.202449,-0.258960,-0.559663,0.279619,-0.392858
0.150000,-0.075000,-0.225000,-0.657074,0.328287,-0.565361,0.576790,-0.288472,0.458990
0.150000,-0.075000,-0.175000,0.515726,-0.257568,0.587223,-0.959941,0.479949,-1.008734
0.150000,-0.075000,-0.125000,0.531273,-0.265323,0.849027,-1.147052,0.573469,-1.695241
0.150000,-0.075000,-0.075000,0.905804,-0.452883,2.211388,0.749178,-0.374286,1.935421
0.150000,-0.075000,-0.025000,-0.384700,0.192127,-2.952865,0.345415,-0.172621,2.513264
0.150000,-0.075000,0.025000,0.384558,-0.192366,-2.952467,-0.345384,0.172925,2.513830
0.150000,-0.075000,0.075000,-0.906103,0.453368,2.212458,-0.748697,0.374278,1.934419
0.150000,-0.075000,0.125000,-0.530440,0.265021,0.847849,1.147410,-0.573983,-1.696003
0.150000,-0.075000,0.175000,-0.514885,0.257258,0.586381,0.960397,-0.480457,-1.009373
0.150000,-0.075000,0.225000,0.656520,-0.328178,-0.564976,-0.577447,0.288994,0.459622
0.150000,-0.075000,0.275000,0.405320,-0.202903,-0.259427,0.559253,-0.279573,-0.392642
0.150000,-0.075000,0.325000,0.094414,-0.047421,-0.039277,0.540473,-0.270286,-0.313771
0.150000,-0.075000,0.375000,0.228583,-0.114485,-0.103828,0.377715,-0.188827,-0.194466
0.150000,-0.075000,0.425000,0.359560,-0.179858,-0.157371,0.026670,-0.013178,-0.021122
0.150000,-0.075000,0.475000,0.079849,-0.039798,-0.038758,-0.287866,0.144030,0.111090
0.150000,-0.075000,0.525000,-0.247935,0.124041,0.087117,-0.038216,0.018983,0.019834
0.150000,-0.075000,0.575000,0.043263,-0.021763,-0.008810,0.208798,-0.104421,-0.068738
0.150000,-0.075000,0.625000,0.134312,-0.067111,-0.043078,-0.124631,0.062430,0.033794
0.150000,-0.075000,0.675000,-0.157613,0.078862,0.042897,-0.020815,0.010307,0.009600
0.150000,-0.075000,0.725000,0.087393,-0.043799,-0.019738,0.108278,-0.054106,-0.029860
0.150000,-0.075000,0.775000,-0.001924,0.001056,-0.002519,-0.122720,0.061395,0.029405
0.150000,-0.025000,-0.775000,-0.121413,0.020202,-0.023214,-0.024932,0.004067,-0.007828
0.150000,-0.025000,-0.725000,0.132509,-0.022006,0.028984,-0.047338,0.007951,-0.006725
0.150000,-0.025000,-0.675000,-0.091080,0.015072,-0.023823,0.132806,-0.022138,0.027787
0.150000,-0.025000,-0.625000,-0.023135,0.003945,-0.001122,-0.184533,0.030682,-0.045669
0.150000,-0.025000,-0.575000,0.179516,-0.029923,0.044738,0.121891,-0.020190,0.036868
0.150000,-0.025000,-0.525000,-0.234916,0.039040,-0.071078,0.102026,-0.017081,0.023891
0.150000,-0.025000,-0.475000,-0.014453,0.002532,0.003079,-0.305945,0.050905,-0.099120
0.150000,-0.025000,-0.425000,0.371297,-0.061801,0.133616,0.018215,-0.002891,0.016136
0.150000,-0.025000,-0.375000,0.097680,-0.016412,0.028207,0.448174,-0.074565,0.186166
0.150000,-0.025000,-0.325000,-0.321546,0.053382,-0.165120,0.478069,-0.079684,0.217395
0.150000,-0.025000,-0.275000,-0.462576,0.076858,-0.275153,0.573096,-0.095543,0.307399
0.150000,-0.025000,-0.225000,0.289494,-0.048425,0.170108,0.908643,-0.151228,0.630557
0.150000,-0.025000,-0.175000,0.215811,-0.035677,0.231925,-1.210411,0.201609,-1.057724
0.150000,-0.025000,-0.125000,1.348050,-0.224364,1.689490,-0.654456,0.109244,-0.748923
0.150000,-0.025000,-0.075000,-1.109272,0.184531,-2.342441,0.985829,-0.164340,1.954412
0.150000,-0.025000,-0.025000,0.104291,-0.017240,0.765813,-0.679745,0.113058,-4.171634
0.150000,-0.025000,0.025000,-0.104168,0.017262,0.765010,0.679749,-0.113546,-4.171825
0.150000,-0.025000,0.075000,1.108763,-0.184750,-2.341468,-0.986422,0.164759,1.955723
0.150000,-0.025000,0.125000,-1.347580,0.224603,1.688993,0.655509,-0.109618,-0.750272
0.150000,-0.025000,0.175000,-0.214701,0.035508,0.230954,1.210654,-0.201962,-1.058012
0.150000,-0.025000,0.225000,-0.290435,0.048695,0.170772,-0.908388,0.151423,0.630434
0.150000,-0.025000,0.275000,0.461978,-0.076873,-0.274843,-0.573626,0.095825,0.307730
0.150000,-0.025000,0.325000,0.321026,-0.053378,-0.164890,-0.478457,0.079925,0.217607
0.150000,-0.025000,0.375000,-0.098203,0.016562,0.028428,-0.448088,0.074712,0.186155
0.150000,-0.025000,0.425000,-0.371342,0.061961,0.133653,-0.017780,0.002802,0.015979
0.150000,-0.025000,0.475000,0.014818,-0.002621,0.002959,0.305947,-0.051041,-0.099137
0.150000,-0.025000,0.525000,0.234809,-0.039128,-0.071059,-0.102315,0.017198,0.023982
0.150000,-0.025000,0.575000,-0.179676,0.030055,0.044790,-0.121683,0.020203,0.036818
0.150000,-0.025000,0.625000,0.023361,-0.004013,-0.001179,0.184517,-0.030781,-0.045675
0.150000,-0.025000,0.675000,0.090925,-0.015088,-0.023792,-0.132926,0.022248,0.027822
0.150000,-0.025000,0.725000,-0.132461,0.022078,0.028981,0.047504,-0.008024,-0.006763
0.150000,-0.025000,0.775000,0.121453,-0.020295,-0.023229,0.024785,-0.004046,-0.007800
0.150000,0.025000,-0.775000,-0.121413,-0.020270,-0.023217,-0.024931,-0.004243,-0.007833
0.150000,0.025000,-0.725000,0.132508,0.022165,0.028989,-0.047339,-0.007829,-0.006721
0.150000,0.025000,-0.675000,-0.091079,-0.015288,-0.023831,0.132806,0.022132,0.027786
0.150000,0.025000,-0.625000,-0.023136,-0.003767,-0.001115,-0.184531,-0.030831,-0.045675
0.150000,0.025000,-0.575000,0.179516,0.029917,0.044737,0.121889,0.020441,0.036879
0.150000,0.025000,-0.525000,-0.234913,-0.039267,-0.071088,0.102028,0.016929,0.023884
0.150000,0.025000,-0.475000,-0.014456,-0.002287,0.003091,-0.305942,-0.051079,-0.099128
0.150000,0.025000,-0.425000,0.371294,0.061967,0.133625,0.018210,0.003180,0.016152
0.150000,0.025000,-0.375000,0.097686,0.016150,0.028191,0.448168,0.074829,0.186182
0.150000,0.025000,-0.325000,-0.321534,-0.053801,-0.165149,0.478068,0.079677,0.217394
0.150000,0.025000,-0.275000,-0.462558,-0.077335,-0.275189,0.573097,0.095494,0.307394
0.150000,0.025000,-0.225000,0.289510,0.048079,0.170076,0.908622,0.151657,0.630593
0.150000,0.025000,-0.175000,0.215775,0.036256,0.231984,-1.210392,-0.201869,-1.057746
0.150000,0.025000,-0.125000,1.347991,0.224989,1.689554,-0.654480,-0.108918,-0.748876
0.150000,0.025000,-0.075000,-1.109187,-0.185222,-2.342520,0.985826,0.164279,1.954371
0.150000,0.025000,-0.025000,0.104254,0.017518,0.765900,-0.679667,-0.113516,-4.171624
0.150000,0.025000,0.025000,-0.104141,-0.017457,0.765097,0.679825,0.113056,-4.171778
0.150000,0.025000,0.075000,1.108753,0.184846,-2.341496,-0.986500,-0.164071,1.955621
0.150000,0.025000,0.125000,-1.347578,-0.224602,1.688992,0.655568,0.108901,-0.750179
0.150000,0.025000,0.175000,-0.214667,-0.036055,0.231013,1.210674,0.201604,-1.057970
0.150000,0.025000,0.225000,-0.290460,-0.048124,0.170717,-0.908388,-0.151381,0.630427
0.150000,0.025000,0.275000,0.461969,0.077122,-0.274861,-0.573640,-0.095391,0.307692
0.150000,0.025000,0.325000,0.321019,0.053632,-0.164907,-0.478466,-0.079566,0.217579
0.150000,0.025000,0.375000,-0.098211,-0.016175,0.028403,-0.448088,-0.074655,0.186150
0.150000,0.025000,0.425000,-0.371344,-0.061823,0.133643,-0.017775,-0.003124,0.015998
0.150000,0.025000,0.475000,0.014822,0.002319,0.002975,0.305948,0.050945,-0.099131
0.150000,0.025000,0.525000,0.234809,0.039144,-0.071059,-0.102318,-0.016909,0.023968
0.150000,0.025000,0.575000,-0.179678,-0.029839,0.044780,-0.121681,-0.020358,0.036825
0.150000,0.025000,0.625000,0.023363,0.003774,-0.001169,0.184518,0.030726,-0.045672
0.150000,0.025000,0.675000,0.090924,0.015221,-0.023797,-0.132927,-0.022062,0.027814
0.150000,0.025000,0.725000,-0.132461,-0.022077,0.028980,0.047505,0.007811,-0.006755
0.150000,0.025000,0.775000,0.121453,0.020190,-0.023225,0.024784,0.004216,-0.007805
0.150000,0.075000,-0.775000,0.001777,0.000810,-0.002572,0.122713,0.061410,0.029401
0.150000,0.075000,-0.725000,-0.087257,-0.043598,-0.019686,-0.108373,-0.054284,-0.029895
0.150000,0.075000,-0.675000,0.157576,0.078836,0.042880,0.021000,0.010598,0.009674
0.150000,0.075000,-0.625000,-0.134448,-0.067338,-0.043134,0.124463,0.062204,0.033721
0.150000,0.075000,-0.575000,-0.043016,-0.021419,-0.008698,-0.208832,-0.104506,-0.068751
0.150000,0.075000,-0.525000,0.247871,0.123994,0.087083,0.038500,0.019375,0.019972
0.150000,0.075000,-0.475000,-0.080171,-0.040229,-0.038927,0.287753,0.143925,0.111027
0.150000,0.075000,-0.425000,-0.359503,-0.179835,-0.157334,-0.027070,-0.013680,-0.021354
0.150000,0.075000,-0.375000,-0.228154,-0.114000,-0.103548,-0.377935,-0.189138,-0.194605
0.150000,0.075000,-0.325000,-0.093839,-0.046769,-0.038852,-0.540533,-0.270415,-0.313811
0.150000,0.075000,-0.275000,-0.404734,-0.202289,-0.258920,-0.559617,-0.280036,-0.392955
0.150000,0.075000,-0.225000,-0.657005,-0.328770,-0.565488,0.576805,0.288342,0.458949
0.150000,0.075000,-0.175000,0.515621,0.258118,0.587392,-0.959922,-0.480009,-1.008738
0.150000,0.075000,-0.125000,0.531126,0.265890,0.849231,-1.147005,-0.573591,-1.695248
0.150000,0.075000,-0.075000,0.905762,0.452925,2.211312,0.748988,0.374817,1.935628
0.150000,0.075000,-0.025000,-0.384531,-0.192499,-2.953014,0.345328,0.172760,2.513106
0.150000,0.075000,0.025000,0.384625,0.192236,-2.952562,-0.345551,-0.172553,2.513607
0.150000,0.075000,0.075000,-0.906278,-0.452849,2.212218,-0.748654,-0.374417,1.934528
0.150000,0.075000,0.125000,-0.530347,-0.265387,0.847999,1.147522,0.573515,-1.695815
0.150000,0.075000,0.175000,-0.514819,-0.257608,0.586496,0.960474,0.480005,-1.009214
0.150000,0.075000,0.225000,0.656494,0.328346,-0.565018,-0.577510,-0.288501,0.459475
0.150000,0.075000,0.275000,0.405364,0.202451,-0.259310,0.559239,0.279688,-0.392665
0.150000,0.075000,0.325000,0.094445,0.047012,-0.039185,0.540477,0.270204,-0.313747
0.150000,0.075000,0.375000,0.228605,0.114116,-0.103753,0.377709,0.188894,-0.194475
0.150000,0.075000,0.425000,0.359566,0.179715,-0.157342,0.026655,0.013485,-0.021176
0.150000,0.075000,0.475000,0.079839,0.040048,-0.038797,-0.287873,-0.143848,0.111058
0.150000,0.075000,0.525000,-0.247938,-0.123903,0.087094,-0.038208,-0.019230,0.019870
0.150000,0.075000,0.575000,0.043270,0.021505,-0.008775,0.208798,0.104382,-0.068731
0.150000,0.075000,0.625000,0.134309,0.067204,-0.043088,-0.124636,-0.062207,0.033764
0.150000,0.075000,0.675000,-0.157615,-0.078757,0.042883,-0.020810,-0.010506,0.009623
0.150000,0.075000,0.725000,0.087397,0.043599,-0.019716,0.108276,0.054174,-0.029866
0.150000,0.075000,0.775000,-0.001927,-0.000869,-0.002538,-0.122721,-0.061329,0.029397
0.150000,0.125000,-0.775000,-0.049868,-0.041507,-0.013510,-0.109523,-0.091351,-0.036862
0.150000,0.125000,-0.725000,0.131871,0.109927,0.045065,0.033541,0.028046,0.014961
0.150000,0.125000,-0.675000,-0.110882,-0.092508,-0.044212,0.108254,0.090190,0.037725
0.150000,0.125000,-0.625000,-0.066204,-0.055105,-0.022593,-0.165108,-0.137687,-0.068465
0.150000,0.125000,-0.575000,0.202568,0.168896,0.090096,-0.037388,-0.031067,-0.011254
0.150000,0.125000,-0.525000,0.053994,0.044903,0.019927,0.234689,0.195676,0.114596
0.150000,0.125000,-0.475000,-0.238106,-0.198561,-0.131144,0.155636,0.129640,0.076695
0.150000,0.125000,-0.425000,-0.330142,-0.275179,-0.194764,-0.079919,-0.066753,-0.056669
0.150000,0.125000,-0.375000,-0.355494,-0.296264,-0.234710,-0.204327,-0.170456,-0.148236
0.150000,0.125000,-0.325000,-0.497878,-0.415005,-0.387538,-0.042047,-0.035215,-0.047546
0.150000,0.125000,-0.275000,-0.130994,-0.109372,-0.139825,0.597728,0.498202,0.547701
0.150000,0.125000,-0.225000,0.352594,0.294084,0.420885,-0.656081,-0.546776,-0.728273
0.150000,0.125000,-0.175000,0.845299,0.704530,1.217489,0.237170,0.197903,0.378615
0.150000,0.125000,-0.125000,0.159176,0.132896,0.371920,-0.930697,-0.775744,-1.883677
0.150000,0.125000,-0.075000,0.333506,0.278167,1.189171,-0.731646,-0.609828,-2.452366
0.150000,0.125000,-0.025000,0.295991,0.246870,3.044188,-0.147569,-0.123011,-1.431686
0.150000,0.125000,0.025000,-0.296154,-0.246676,3.043951,0.147722,0.122944,-1.432130
0.150000,0.125000,0.075000,-0.333257,-0.277838,1.188107,0.731963,0.609755,-2.452814
0.150000,0.125000,0.125000,-0.158585,-0.132381,0.370701,0.930948,0.775632,-1.883845
0.150000,0.125000,0.175000,-0.845602,-0.704506,1.217726,-0.236507,-0.197306,0.377626
0.150000,0.125000,0.225000,-0.352023,-0.293521,0.420198,0.656486,0.546886,-0.728603
0.150000,0.125000,0.275000,0.130403,0.108864,-0.139278,-0.597926,-0.498155,0.547790
0.150000,0.125000,0.325000,0.497975,0.414899,-0.387546,0.041520,0.034788,-0.047144
0.150000,0.125000,0.375000,0.355756,0.296327,-0.234838,0.203955,0.170085,-0.147969
0.150000,0.125000,0.425000,0.330265,0.275133,-0.194797,0.079552,0.066435,-0.056450
0.150000,0.125000,0.475000,0.237950,0.198331,-0.131039,-0.155926,-0.129792,0.076826
0.150000,0.125000,0.525000,-0.054274,-0.045090,0.020050,-0.234648,-0.195527,0.114552
0.150000,0.125000,0.575000,-0.202543,-0.168768,0.090064,0.037632,0.031232,-0.011352
0.150000,0.125000,0.625000,0.066408,0.055220,-0.022664,0.165044,0.137544,-0.068424
0.150000,0.125000,0.675000,0.110762,0.092350,-0.044159,-0.108398,-0.090231,0.037765
0.150000,0.125000,0.725000,-0.131924,-0.109880,0.045070,-0.033384,-0.027908,0.014907
0.150000,0.125000,0.775000,0.050006,0.041574,-0.013547,0.109473,0.091238,-0.036836
0.150000,0.175000,-0.775000,0.063687,0.074397,0.031411,-0.098035,-0.114377,-0.042936
0.150000,0.175000,-0.725000,0.080136,0.093461,0.036290,0.104479,0.121989,0.052822
0.150000,0.175000,-0.675000,-0.132019,-0.154118,-0.070758,0.069629,0.081184,0.032978
0.150000,0.175000,-0.625000,-0.085308,-0.099478,-0.044319,-0.147456,-0.172137,-0.085469
0.150000,0.175000,-0.575000,0.133740,0.156155,0.085903,-0.143109,-0.166943,-0.084328
0.150000,0.175000,-0.525000,0.224781,0.262307,0.150390,0.031406,0.036760,0.027198
0.150000,0.175000,-0.475000,0.203500,0.237407,0.146703,0.169850,0.198305,0.132001
0.150000,0.175000,-0.425000,0.230806,0.269257,0.186006,0.209797,0.244925,0.181128
0.150000,0.175000,-0.375000,0.367092,0.428364,0.345026,0.040357,0.047238,0.049022
0.150000,0.175000,-0.325000,0.071082,0.083103,0.091076,-0.432748,-0.504965,-0.468860
0.150000,0.175000,-0.275000,-0.287330,-0.335435,-0.384592,0.431788,0.503769,0.545836
0.150000,0.175000,-0.225000,-0.355431,-0.414610,-0.540499,-0.486055,-0.567293,-0.778411
0.150000,0.175000,-0.175000,-0.552707,-0.644857,-1.101251,-0.372687,-0.435051,-0.779294
0.150000,0.175000,-0.125000,0.639646,0.746381,1.801651,0.175983,0.205530,0.536714
0.150000,0.175000,-0.075000,0.241817,0.282319,1.185489,-0.461511,-0.538533,-2.156652
0.150000,0.175000,-0.025000,0.032801,0.038337,0.519817,-0.199997,-0.233494,-2.825324
0.150000,0.175000,0.025000,-0.032791,-0.038296,0.519456,0.200177,0.233380,-2.825368
0.150000,0.175000,0.075000,-0.241709,-0.282072,1.184677,0.461747,0.538522,-2.157032
0.150000,0.175000,0.125000,-0.639877,-0.746369,1.801882,-0.175641,-0.205082,0.535679
0.150000,0.175000,0.175000,0.553072,0.645057,-1.101749,0.372334,0.434521,-0.778461
0.150000,0.175000,0.225000,0.355900,0.415001,-0.541107,0.485816,0.566849,-0.777905
0.150000,0.175000,0.275000,0.286957,0.334911,-0.384059,-0.432115,-0.503970,0.546137
0.150000,0.175000,0.325000,-0.070653,-0.082598,0.090611,0.432872,0.504930,-0.468897
0.150000,0.175000,0.375000,-0.367177,-0.428302,0.345031,-0.039973,-0.046795,0.048667
0.150000,0.175000,0.425000,-0.231062,-0.269433,0.186168,-0.209568,-0.244576,0.180907
0.150000,0.175000,0.475000,-0.203713,-0.237541,0.146819,-0.169639,-0.197992,0.131822
0.150000,0.175000,0.525000,-0.224841,-0.262255,0.150390,-0.031152,-0.036466,0.027031
0.150000,0.175000,0.575000,-0.133588,-0.155914,0.085793,0.143279,0.167049,-0.084403
0.150000,0.175000,0.625000,0.085490,0.099624,-0.044402,0.147371,0.171958,-0.085400
0.150000,0.175000,0.675000,0.131949,0.153960,-0.070704,-0.069793,-0.081317,0.033048
0.150000,0.175000,0.725000,-0.080269,-0.093550,0.036338,-0.104394,-0.121828,0.052767
0.150000,0.175000,0.775000,-0.063576,-0.074233,0.031355,0.098121,0.114399,-0.042958
0.150000,0.225000,-0.775000,-0.009787,-0.014608,-0.003232,-0.112140,-0.168271,-0.070503
0.150000,0.225000,-0.725000,0.124213,0.186391,0.083801,-0.022081,-0.033051,-0.011547
0.150000,0.225000,-0.675000,0.066776,0.100116,0.044751,0.125502,0.188349,0.092130
0.150000,0.225000,-0.625000,-0.077030,-0.115658,-0.063736,0.141484,0.212241,0.107989
0.150000,0.225000,-0.575000,-0.168100,-0.252257,-0.144231,0.073826,0.110677,0.057829
0.150000,0.225000,-0.525000,-0.207708,-0.311657,-0.193464,0.033678,0.050424,0.025358
0.150000,0.225000,-0.475000,-0.222027,-0.333166,-0.230357,0.097249,0.145802,0.093196
0.150000,0.225000,-0.425000,-0.074324,-0.111632,-0.093342,0.270251,0.405434,0.307371
0.150000,0.225000,-0.375000,0.321559,0.482423,0.416250,0.043621,0.065579,0.066925
0.150000,0.225000,-0.325000,-0.325259,-0.487916,-0.481217,-0.185290,-0.278118,-0.288884
0.150000,0.225000,-0.275000,0.378619,0.568112,0.678257,-0.196112,-0.294089,-0.333251
0.150000,0.225000,-0.225000,0.466706,0.700220,1.013886,-0.069322,-0.103844,-0.130147
0.150000,0.225000,-0.175000,-0.292226,-0.438301,-0.793465,-0.396238,-0.594571,-1.118776
0.150000,0.225000,-0.125000,0.213457,0.320381,0.860302,-0.405518,-0.608352,-1.566880
0.150000,0.225000,-0.075000,-0.250967,-0.376631,-1.656359,0.226113,0.339203,1.442344
0.150000,0.225000,-0.025000,0.040174,0.060281,0.745218,0.119624,0.179584,2.346843
0.150000,0.225000,0.025000,-0.040241,-0.060274,0.745465,-0.119746,-0.179513,2.346745
0.150000,0.225000,0.075000,0.250982,0.376471,-1.655871,-0.226285,-0.339267,1.442831
0.150000,0.225000,0.125000,-0.213296,-0.320044,0.859496,0.405728,0.608434,-1.567246
0.150000,0.225000,0.175000,0.292546,0.438627,-0.794141,0.396116,0.594218,-1.118208
0.150000,0.225000,0.225000,-0.466726,-0.700048,1.013718,0.069701,0.104359,-0.130907
0.150000,0.225000,0.275000,-0.378501,-0.567779,0.677917,0.196474,0.294525,-0.333797
0.150000,0.225000,0.325000,0.325479,0.488088,-0.481431,0.185005,0.277627,-0.288415
0.150000,0.225000,0.375000,-0.321644,-0.482396,0.416265,-0.043303,-0.065103,0.066516
0.150000,0.225000,0.425000,0.074050,0.111203,-0.093021,-0.270362,-0.405461,0.307421
0.150000,0.225000,0.475000,0.221948,0.332938,-0.230224,-0.097501,-0.146111,0.093418
0.150000,0.225000,0.525000,0.207695,0.311524,-0.193403,-0.033912,-0.050739,0.025556
0.150000,0.225000,0.575000,0.168036,0.252067,-0.144141,-0.074024,-0.110915,0.057971
0.150000,0.225000,0.625000,0.076876,0.115393,-0.063606,-0.141588,-0.212300,0.108034
0.150000,0.225000,0.675000,-0.066929,-0.100288,0.044840,-0.125438,-0.188177,0.092059
0.150000,0.225000,0.725000,-0.124201,-0.186288,0.083766,0.022229,0.033244,-0.011635
0.150000,0.225000,0.775000,0.009920,0.014788,-0.003308,0.112141,0.168190,-0.070480
0.150000,0.275000,-0.775000,-0.076984,-0.141229,-0.066782,0.075033,0.137545,0.061097
0.150000,0.275000,-0.725000,-0.117384,-0.215244,-0.104994,-0.023855,-0.043825,-0.024636
0.150000,0.275000,-0.675000,-0.084286,-0.154497,-0.078640,-0.104223,-0.191178,-0.103092
0.150000,0.275000,-0.625000,-0.048514,-0.088878,-0.046684,-0.142600,-0.261526,-0.150328
0.150000,0.275000,-0.575000,-0.063630,-0.116592,-0.067746,-0.157574,-0.288989,-0.180809
0.150000,0.275000,-0.525000,-0.154929,-0.284038,-0.189411,-0.114023,-0.209172,-0.146479
0.150000,0.275000,-0.475000,-0.188449,-0.345618,-0.262641,0.110050,0.201706,0.145596
0.150000,0.275000,-0.425000,0.190552,0.349342,0.287947,0.158096,0.289991,0.249297
0.150000,0.275000,-0.375000,-0.159305,-0.292014,-0.269812,-0.230195,-0.422177,-0.406784
0.150000,0.275000,-0.325000,0.313236,0.574369,0.629716,0.013143,0.024233,0.038107
0.150000,0.275000,-0.275000,0.253551,0.464838,0.593328,0.232882,0.427132,0.564316
0.150000,0.275000,-0.225000,0.323071,0.592473,0.947219,-0.168683,-0.309188,-0.474914
0.150000,0.275000,-0.175000,-0.198111,-0.363386,-0.758190,0.302292,0.554243,1.118388
0.150000,0.275000,-0.125000,-0.064880,-0.119081,-0.364052,0.312281,0.572627,1.629303
0.150000,0.275000,-0.075000,-0.134059,-0.245798,-1.146716,-0.179902,-0.329972,-1.586473
0.150000,0.275000,-0.025000,-0.050138,-0.092013,-1.336820,0.064230,0.117842,1.663038
0.150000,0.275000,0.025000,0.050191,0.091978,-1.336656,-0.064324,-0.117815,1.663151
0.150000,0.275000,0.075000,0.134176,0.245858,-1.147125,0.179941,0.329868,-1.586128
0.150000,0.275000,0.125000,0.064752,0.118822,-0.363331,-0.312400,-0.572624,1.629406
0.150000,0.275000,0.175000,0.197971,0.363034,-0.757511,-0.302477,-0.554398,1.118770
0.150000,0.275000,0.225000,-0.323008,-0.592199,0.946833,0.168946,0.309564,-0.475537
0.150000,0.275000,0.275000,-0.253782,-0.465118,0.593723,-0.232713,-0.426719,0.563809
0.150000,0.275000,0.325000,-0.313294,-0.574315,0.629691,-0.012866,-0.023738,0.037566
0.150000,0.275000,0.375000,0.159547,0.292356,-0.270153,0.230075,0.421849,-0.406494
0.150000,0.275000,0.425000,-0.190736,-0.349562,0.288149,-0.157926,-0.289609,0.248990
0.150000,0.275000,0.475000,0.188359,0.345355,-0.262459,-0.110260,-0.202013,0.145835
0.150000,0.275000,0.525000,0.155070,0.284194,-0.189529,0.113872,0.208839,-0.146263
0.150000,0.275000,0.575000,0.063810,0.116867,-0.067921,0.157524,0.288803,-0.180706
0.150000,0.275000,0.625000,0.048679,0.089134,-0.046833,0.142563,0.261368,-0.150249
0.150000,0.275000,0.675000,0.084414,0.154662,-0.078732,0.104140,0.190961,-0.102986
0.150000,0.275000,0.725000,0.117424,0.215230,-0.104996,0.023723,0.043579,-0.024517
0.150000,0.275000,0.775000,0.076905,0.141036,-0.066699,-0.075131,-0.137657,0.061154
0.150000,0.325000,-0.775000,0.017728,0.038492,0.022250,-0.100344,-0.217452,-0.109858
0.150000,0.325000,-0.725000,0.061271,0.132851,0.074693,-0.094708,-0.205206,-0.109650
0.150000,0.325000,-0.675000,0.073751,0.159898,0.096060,-0.101238,-0.219350,-0.125790
0.150000,0.325000,-0.625000,0.038166,0.082794,0.056011,-0.134142,-0.290681,-0.181950
0.150000,0.325000,-0.575000,-0.082941,-0.179665,-0.119092,-0.131680,-0.285416,-0.197880
0.150000,0.325000,-0.525000,-0.159007,-0.344625,-0.260649,0.070278,0.152209,0.109256
0.150000,0.325000,-0.475000,0.161142,0.349150,0.286010,0.108177,0.234515,0.199648
0.150000,0.325000,-0.425000,-0.160419,-0.347566,-0.317218,-0.144589,-0.313417,-0.295970
0.150000,0.325000,-0.375000,0.234417,0.508019,0.535345,-0.043875,-0.094966,-0.091198
0.150000,0.325000,-0.325000,0.193133,0.418451,0.500406,0.173487,0.376046,0.463659
0.150000,0.325000,-0.275000,0.275443,0.596899,0.854905,0.010814,0.023556,0.046132
0.150000,0.325000,-0.225000,-0.244763,-0.530363,-0.921825,-0.137568,-0.298223,-0.535221
0.150000,0.325000,-0.175000,0.040885,0.088709,0.216872,-0.263884,-0.571850,-1.285365
0.150000,0.325000,-0.125000,-0.225566,-0.488840,-1.540121,-0.016255,-0.035314,-0.131128
0.150000,0.325000,-0.075000,-0.028562,-0.061852,-0.303525,-0.151072,-0.327449,-1.725128
0.150000,0.325000,-0.025000,-0.029801,-0.064641,-1.038642,0.045926,0.099592,1.557637
0.150000,0.325000,0.025000,0.029837,0.064620,-1.038509,-0.046003,-0.099573,1.557712
0.150000,0.325000,0.075000,0.028620,0.061923,-0.303934,0.151143,0.327404,-1.725024
0.150000,0.325000,0.125000,0.225646,0.488816,-1.540125,0.016165,0.035123,-0.130529
0.150000,0.325000,0.175000,-0.040751,-0.088407,0.216199,0.263971,0.571852,-1.285422
0.150000,0.325000,0.225000,0.244904,0.530507,-0.922110,0.137435,0.297865,-0.534613
0.150000,0.325000,0.275000,-0.275501,-0.596860,0.854879,-0.010609,-0.023123,0.045514
0.150000,0.325000,0.325000,-0.193309,-0.418708,0.500734,-0.173355,-0.375672,0.463222
0.150000,0.325000,0.375000,-0.234413,-0.507877,0.535215,0.044091,0.095392,-0.091648
0.150000,0.325000,0.425000,0.160579,0.347806,-0.317451,0.144458,0.313059,-0.295649
0.150000,0.325000,0.475000,-0.161271,-0.349322,0.286162,-0.108032,-0.234148,0.199352
0.150000,0.325000,0.525000,0.158956,0.344419,-0.260505,-0.070450,-0.152523,0.109496
0.150000,0.325000,0.575000,0.083091,0.179921,-0.119272,0.131609,0.285182,-0.197729
0.150000,0.325000,0.625000,-0.038025,-0.082478,0.055814,0.134200,0.290709,-0.181975
0.150000,0.325000,0.675000,-0.073649,-0.159633,0.095911,0.101332,0.219471,-0.125865
0.150000,0.325000,0.725000,-0.061172,-0.132602,0.074562,0.094788,0.205300,-0.109706
0.150000,0.325000,0.775000,-0.017616,-0.038249,0.022128,0.100376,0.217439,-0.109857
0.150000,0.375000,-0.775000,0.091814,0.229609,0.129406,-0.027838,-0.069541,-0.036384
0.150000,0.375000,-0.725000,0.091584,0.229048,0.138690,-0.052288,-0.130681,-0.075654
0.150000,0.375000,-0.675000,0.047654,0.119234,0.079831,-0.105913,-0.264806,-0.169001
0.150000,0.375000,-0.625000,-0.080725,-0.201787,-0.137262,-0.099425,-0.248666,-0.175287
0.150000,0.375000,-0.575000,-0.100667,-0.251780,-0.193368,0.099126,0.247801,0.184116
0.150000,0.375000,-0.525000,0.155624,0.389132,0.321977,0.004688,0.011816,0.014854
0.150000,0.375000,-0.475000,-0.170901,-0.427328,-0.390806,-0.007056,-0.017741,-0.022096
0.150000,0.375000,-0.425000,0.115671,0.289311,0.301290,-0.146596,-0.366493,-0.370665
0.150000,0.375000,-0.375000,0.199483,0.498783,0.577152,0.029370,0.073542,0.093136
0.150000,0.375000,-0.325000,0.210094,0.525350,0.704632,-0.039815,-0.099451,-0.123928
0.150000,0.375000,-0.275000,-0.126296,-0.315711,-0.490370,-0.180622,-0.451699,-0.720528
0.150000,0.375000,-0.225000,0.215534,0.538927,1.040129,0.027562,0.069019,0.145887
0.150000,0.375000,-0.175000,0.198839,0.497195,1.234300,0.019747,0.049466,0.137259
0.150000,0.375000,-0.125000,-0.143231,-0.358137,-1.238367,-0.079833,-0.199695,-0.708940
0.150000,0.375000,-0.075000,-0.057607,-0.144035,-0.820529,-0.092211,-0.230638,-1.346864
0.150000,0.375000,-0.025000,0.008742,0.021868,0.362703,0.037162,0.093001,1.622204
0.150000,0.375000,0.025000,-0.008766,-0.021870,0.362818,-0.037225,-0.092982,1.622169
0.150000,0.375000,0.075000,0.057666,0.144073,-0.820803,0.092250,0.230590,-1.346667
0.150000,0.375000,0.125000,0.143315,0.358184,-1.238579,0.079807,0.199559,-0.708493
0.150000,0.375000,0.175000,-0.198904,-0.497187,1.234317,-0.019653,-0.049231,0.136678
0.150000,0.375000,0.225000,-0.215600,-0.538930,1.040160,-0.027438,-0.068705,0.145285
0.150000,0.375000,0.275000,0.126447,0.315987,-0.490817,0.180570,0.451454,-0.720158
0.150000,0.375000,0.325000,-0.210101,-0.525230,0.704489,0.039985,0.099833,-0.124440
0.150000,0.375000,0.375000,-0.199541,-0.498793,0.577176,-0.029206,-0.073131,0.092664
0.150000,0.375000,0.425000,-0.115557,-0.288962,0.300941,0.146722,0.366702,-0.370887
0.150000,0.375000,0.475000,0.170933,0.427292,-0.390782,0.006895,0.017351,-0.021741
0.150000,0.375000,0.525000,-0.155651,-0.389090,0.321950,-0.004536,-0.011446,0.014550
0.150000,0.375000,0.575000,0.100580,0.251500,-0.193163,-0.099242,-0.248009,0.184277
0.150000,0.375000,0.625000,0.080839,0.202003,-0.137415,0.099354,0.248423,-0.175124
0.150000,0.375000,0.675000,-0.047547,-0.118941,0.079646,0.105978,0.264880,-0.169053
0.150000,0.375000,0.725000,-0.091539,-0.228868,0.138586,0.052394,0.130894,-0.075783
0.150000,0.375000,0.775000,-0.091795,-0.229487,0.129342,0.027943,0.069769,-0.036512
0.150000,0.425000,-0.775000,0.078224,0.221715,0.137799,-0.044113,-0.124952,-0.074666
0.150000,0.425000,-0.725000,0.016889,0.047934,0.034428,-0.096520,-0.273517,-0.179561
0.150000,0.425000,-0.675000,-0.098674,-0.279602,-0.196474,-0.041358,-0.117276,-0.085959
0.150000,0.425000,-0.625000,-0.009540,-0.027115,-0.024397,0.116424,0.329924,0.251735
0.150000,0.425000,-0.575000,0.082809,0.234733,0.198127,-0.096792,-0.274239,-0.225026
0.150000,0.425000,-0.525000,-0.077607,-0.220000,-0.204090,0.114716,0.325038,0.293012
0.150000,0.425000,-0.475000,-0.056655,-0.160467,-0.156305,-0.138667,-0.392996,-0.397260
0.150000,0.425000,-0.425000,0.108871,0.308592,0.351477,-0.118065,-0.334513,-0.371746
0.150000,0.425000,-0.375000,0.104953,0.297494,0.384688,-0.133545,-0.378384,-0.477612
0.150000,0.425000,-0.325000,-0.131190,-0.371708,-0.540943,-0.117266,-0.332386,-0.494844
0.150000,0.425000,-0.275000,0.136768,0.387523,0.667342,0.111975,0.317394,0.558850
0.150000,0.425000,-0.225000,-0.043498,-0.123352,-0.272406,0.163933,0.464547,0.983866
0.150000,0.425000,-0.175000,0.113517,0.321653,0.870353,0.100828,0.285799,0.789493
0.150000,0.425000,-0.125000,-0.118581,-0.336060,-1.281902,-0.026993,-0.076556,-0.305622
0.150000,0.425000,-0.075000,-0.079009,-0.223948,-1.426193,-0.004729,-0.013438,-0.099775
0.150000,0.425000,-0.025000,0.027493,0.077983,1.490242,0.000900,0.002560,0.063609
0.150000,0.425000,0.025000,-0.027548,-0.077971,1.490239,-0.000895,-0.002555,0.063513
0.150000,0.425000,0.075000,0.079063,0.223936,-1.426191,0.004712,0.013394,-0.099500
0.150000,0.425000,0.125000,0.118639,0.336066,-1.281966,0.026962,0.076447,-0.305214
0.150000,0.425000,0.175000,-0.113598,-0.321758,0.870658,-0.100807,-0.285647,0.789096
0.150000,0.425000,0.225000,0.043417,0.123100,-0.271878,-0.163998,-0.464585,0.983965
0.150000,0.425000,0.275000,-0.136870,-0.387693,0.667648,-0.111911,-0.317135,0.558410
0.150000,0.425000,0.325000,0.131300,0.371912,-0.541249,0.117194,0.332104,-0.494438
0.150000,0.425000,0.375000,-0.104866,-0.297182,0.384298,0.133651,0.378579,-0.477865
0.150000,0.425000,0.425000,-0.108789,-0.308290,0.351144,0.118177,0.334733,-0.371998
0.150000,0.425000,0.475000,0.056789,0.160790,-0.156630,0.138638,0.392816,-0.397085
0.150000,0.425000,0.525000,0.077511,0.219680,-0.203804,-0.114806,-0.325200,0.293162
0.150000,0.425000,0.575000,-0.082726,-0.234446,0.197892,0.096887,0.274425,-0.225182
0.150000,0.425000,0.625000,0.009424,0.026792,-0.024152,-0.116449,-0.329904,0.251723
0.150000,0.425000,0.675000,0.098730,0.279675,-0.196529,0.041262,0.116980,-0.085753
0.150000,0.425000,0.725000,-0.016789,-0.047649,0.034242,0.096551,0.273520,-0.179566
0.150000,0.425000,0.775000,-0.078186,-0.221547,0.137698,0.044203,0.125158,-0.074794
0.150000,0.475000,-0.775000,-0.031430,-0.099485,-0.064634,-0.077507,-0.245515,-0.166220
0.150000,0.475000,-0.725000,-0.084059,-0.266265,-0.192677,0.033718,0.106727,0.074208
0.150000,0.475000,-0.675000,0.076461,0.242126,0.185233,0.061362,0.194408,0.152748
0.150000,0.475000,-0.625000,-0.044432,-0.140658,-0.114269,-0.096218,-0.304779,-0.255994
0.150000,0.475000,-0.575000,0.070036,0.221757,0.198187,0.090279,0.285984,0.262052
0.150000,0.475000,-0.525000,-0.121813,-0.385819,-0.384172,0.014087,0.044535,0.039839
0.150000,0.475000,-0.475000,-0.062469,-0.197778,-0.212942,-0.114766,-0.363531,-0.402013
0.150000,0.475000,-0.425000,-0.052317,-0.165619,-0.198161,-0.127432,-0.403640,-0.498106
0.150000,0.475000,-0.375000,-0.142874,-0.452511,-0.629900,-0.005386,-0.017146,-0.030402
0.150000,0.475000,-0.325000,0.120924,0.382949,0.611278,0.080192,0.254058,0.414409
0.150000,0.475000,-0.275000,-0.122567,-0.388245,-0.741606,0.072869,0.230725,0.431035
0.150000,0.475000,-0.225000,-0.122004,-0.386456,-0.900915,0.054904,0.173832,0.395051
0.150000,0.475000,-0.175000,0.090897,0.287870,0.852748,0.074012,0.234476,0.707777
0.150000,0.475000,-0.125000,-0.076414,-0.242076,-1.017748,0.051486,0.163049,0.672162
0.150000,0.475000,-0.075000,-0.014993,-0.047525,-0.342299,0.057196,0.181193,1.258974
0.150000,0.475000,-0.025000,-0.001290,-0.004084,-0.073317,-0.020352,-0.064526,-1.348913
0.150000,0.475000,0.025000,0.001298,0.004087,-0.073396,0.020396,0.064517,-1.348902
0.150000,0.475000,0.075000,0.014990,0.047491,-0.342076,-0.057242,-0.181191,1.259017
0.150000,0.475000,0.125000,0.076432,0.242019,-1.017534,-0.051535,-0.163111,0.672437
0.150000,0.475000,0.175000,-0.090959,-0.287948,0.852996,-0.073999,-0.234353,0.707424
0.150000,0.475000,0.225000,0.122009,0.386353,-0.900687,-0.054982,-0.174010,0.395470
0.150000,0.475000,0.275000,0.122552,0.388091,-0.741323,-0.072959,-0.230934,0.431435
0.150000,0.475000,0.325000,-0.121003,-0.383089,0.611508,-0.080127,-0.253794,0.413991
0.150000,0.475000,0.375000,0.142905,0.452491,-0.629877,0.005281,0.016822,-0.029953
0.150000,0.475000,0.425000,0.052429,0.165918,-0.198527,0.127413,0.403480,-0.497913
0.150000,0.475000,0.475000,0.062577,0.198059,-0.213251,0.114732,0.363335,-0.401802
0.150000,0.475000,0.525000,0.121819,0.385742,-0.384099,-0.014199,-0.044864,0.040165
0.150000,0.475000,0.575000,-0.070131,-0.221991,0.198399,-0.090227,-0.285753,0.261845
0.150000,0.475000,0.625000,0.044532,0.140925,-0.114492,0.096189,0.304611,-0.255856
0.150000,0.475000,0.675000,-0.076533,-0.242281,0.185353,-0.061294,-0.194149,0.152550
0.150000,0.475000,0.725000,0.084036,0.266122,-0.192576,-0.033809,-0.106974,0.074385
0.150000,0.475000,0.775000,0.031515,0.099716,-0.064788,0.077485,0.245377,-0.166129
0.150000,0.525000,-0.775000,-0.014356,-0.050319,-0.039219,0.076224,0.266821,0.194849
0.150000,0.525000,-0.725000,0.072949,0.255401,0.201161,-0.040334,-0.141134,-0.108085
0.150000,0.525000,-0.675000,-0.087837,-0.307500,-0.259051,0.016950,0.059266,0.046881
0.150000,0.525000,-0.625000,0.083022,0.290664,0.265570,-0.047738,-0.167049,-0.148779
0.150000,0.525000,-0.575000,0.002187,0.007581,0.003753,0.102094,0.357394,0.352828
0.150000,0.525000,-0.525000,-0.100979,-0.353517,-0.383694,0.038981,0.136387,0.143549
0.150000,0.525000,-0.475000,-0.112977,-0.395499,-0.473170,0.013237,0.046258,0.050620
0.150000,0.525000,-0.425000,-0.065861,-0.230620,-0.312409,0.098017,0.343076,0.455312
0.150000,0.525000,-0.375000,0.120485,0.421771,0.638371,0.003033,0.010695,0.022090
0.150000,0.525000,-0.325000,-0.109545,-0.383510,-0.672665,0.049318,0.172575,0.295463
0.150000,0.525000,-0.275000,-0.093933,-0.328789,-0.674544,-0.067861,-0.237617,-0.496527
0.150000,0.525000,-0.225000,-0.105167,-0.368174,-0.930482,0.018218,0.063713,0.152850
0.150000,0.525000,-0.175000,0.091178,0.319195,1.034584,0.011570,0.040559,0.140277
0.150000,0.525000,-0.125000,0.016940,0.059270,0.260168,0.069142,0.242081,1.101913
0.150000,0.525000,-0.075000,0.044753,0.156706,1.185088,0.006253,0.021917,0.175629
0.150000,0.525000,-0.025000,-0.014112,-0.049458,-1.127462,0.006397,0.022414,0.499959
0.150000,0.525000,0.025000,0.014144,0.049451,-1.127431,-0.006416,-0.022414,0.500017
0.150000,0.525000,0.075000,-0.044791,-0.156702,1.185102,-0.006247,-0.021891,0.175439
0.150000,0.525000,0.125000,-0.016970,-0.059331,0.260450,-0.069171,-0.242056,1.101823
0.150000,0.525000,0.175000,-0.091216,-0.319197,1.034604,-0.011539,-0.040443,0.139903
0.150000,0.525000,0.225000,0.105189,0.368130,-0.930379,-0.018274,-0.063876,0.153260
0.150000,0.525000,0.275000,0.093995,0.328899,-0.674776,0.067825,0.237431,-0.496148
0.150000,0.525000,0.325000,0.109538,0.383385,-0.672451,-0.049398,-0.172798,0.295852
0.150000,0.525000,0.375000,-0.120512,-0.421752,0.638345,-0.002949,-0.010411,0.021663
0.150000,0.525000,0.425000,0.065799,0.230353,-0.312056,-0.098086,-0.343221,0.455505
0.150000,0.525000,0.475000,0.112986,0.395432,-0.473092,-0.013331,-0.046563,0.050983
0.150000,0.525000,0.525000,0.100963,0.353374,-0.383541,-0.039075,-0.136667,0.143850
0.150000,0.525000,0.575000,-0.002279,-0.007889,0.004055,-0.102108,-0.357353,0.352788
0.150000,0.525000,0.625000,-0.082990,-0.290483,0.265407,0.047823,0.167292,-0.148999
0.150000,0.525000,0.675000,0.087834,0.307410,-0.258975,-0.017037,-0.059544,0.047113
0.150000,0.525000,0.725000,-0.072919,-0.255234,0.201031,0.040412,0.141360,-0.108261
0.150000,0.525000,0.775000,0.014280,0.050052,-0.039025,-0.076249,-0.266834,0.194859
0.150000,0.575000,-0.775000,-0.019631,-0.075205,-0.057296,-0.068940,-0.264335,-0.209920
0.150000,0.575000,-0.725000,0.007293,0.027897,0.021049,0.076109,0.291809,0.247238
0.150000,0.575000,-0.675000,-0.040502,-0.155225,-0.138663,-0.070570,-0.270599,-0.247449
0.150000,0.575000,-0.625000,0.086115,0.330171,0.324441,-0.005486,-0.020963,-0.017438
0.150000,0.575000,-0.575000,0.034295,0.131422,0.137051,0.084345,0.323405,0.346564
0.150000,0.575000,-0.525000,0.002171,0.008250,0.005754,0.095371,0.365653,0.427644
0.150000,0.575000,-0.475000,0.060886,0.233379,0.298222,0.078032,0.299218,0.389394
0.150000,0.575000,-0.425000,0.065535,0.251315,0.366725,-0.077285,-0.296266,-0.424880
0.150000,0.575000,-0.375000,-0.072165,-0.276731,-0.456866,0.071930,0.275732,0.447687
0.150000,0.575000,-0.325000,-0.053955,-0.206808,-0.385768,-0.084188,-0.322817,-0.613083
0.150000,0.575000,-0.275000,-0.036395,-0.139484,-0.305493,-0.087690,-0.336236,-0.753268
0.150000,0.575000,-0.225000,-0.078450,-0.300815,-0.823891,0.035520,0.136139,0.365160
0.150000,0.575000,-0.175000,0.049234,0.188814,0.668143,-0.054064,-0.207269,-0.722255
0.150000,0.575000,-0.125000,0.054894,0.210505,1.035738,-0.010940,-0.041920,-0.198121
0.150000,0.575000,-0.075000,-0.007629,-0.029243,-0.231342,-0.034393,-0.131911,-1.081907
0.150000,0.575000,-0.025000,0.010052,0.038587,0.943196,0.006598,0.025332,0.629340
0.150000,0.575000,0.025000,-0.010081,-0.038584,0.943224,-0.006613,-0.025328,0.629291
0.150000,0.575000,0.075000,0.007644,0.029261,-0.231498,0.034422,0.131902,-1.081862
0.150000,0.575000,0.125000,-0.054921,-0.210488,1.035671,0.010962,0.041969,-0.198366
0.150000,0.575000,0.175000,-0.049234,-0.188738,0.667887,0.054104,0.207325,-0.722457
0.150000,0.575000,0.225000,0.078459,0.300747,-0.823712,-0.035566,-0.136259,0.365489
0.150000,0.575000,0.275000,0.036451,0.139645,-0.305851,0.087694,0.336152,-0.753086
0.150000,0.575000,0.325000,0.054018,0.206981,-0.386095,0.084175,0.322684,-0.612835
0.150000,0.575000,0.375000,0.072132,0.276541,-0.456558,-0.071993,-0.275892,0.447948
0.150000,0.575000,0.425000,-0.065492,-0.251095,0.366409,0.077348,0.296421,-0.425103
0.150000,0.575000,0.475000,-0.060957,-0.233585,0.298486,-0.077999,-0.299024,0.389144
0.150000,0.575000,0.525000,-0.002249,-0.008538,0.006088,-0.095386,-0.365618,0.427603
0.150000,0.575000,0.575000,-0.034373,-0.131678,0.137323,-0.084329,-0.323269,0.346419
0.150000,0.575000,0.625000,-0.086124,-0.330121,0.324393,0.005564,0.021246,-0.017714
0.150000,0.575000,0.675000,0.040574,0.155452,-0.138867,0.070543,0.270433,-0.247298
0.150000,0.575000,0.725000,-0.007367,-0.028163,0.021273,-0.076113,-0.291751,0.247189
0.150000,0.575000,0.775000,0.019702,0.075447,-0.057485,0.068930,0.264232,-0.209839
0.150000,0.625000,-0.775000,0.065607,0.273420,0.233286,-0.007714,-0.032086,-0.025122
0.150000,0.625000,-0.725000,-0.056606,-0.235937,-0.216411,0.041089,0.171185,0.153981
0.150000,0.625000,-0.675000,-0.015488,-0.064482,-0.060465,-0.072193,-0.300870,-0.295027
0.150000,0.625000,-0.625000,0.067443,0.281095,0.298613,-0.038388,-0.159921,-0.166462
0.150000,0.625000,-0.575000,0.080910,0.337186,0.387668,-0.005252,-0.021821,-0.021798
0.150000,0.625000,-0.525000,0.072746,0.303193,0.383415,-0.042074,-0.175279,-0.217473
0.150000,0.625000,-0.475000,-0.036437,-0.151787,-0.207543,-0.078094,-0.325478,-0.454487
0.150000,0.625000,-0.425000,-0.006642,-0.027746,-0.047528,0.086878,0.362051,0.562631
0.150000,0.625000,-0.375000,-0.054975,-0.229055,-0.399948,-0.066746,-0.278199,-0.493352
0.150000,0.625000,-0.325000,0.022215,0.092640,0.193475,-0.080725,-0.336403,-0.682697
0.150000,0.625000,-0.275000,-0.026023,-0.108398,-0.255121,-0.073997,-0.308405,-0.743116
0.150000,0.625000,-0.225000,-0.032862,-0.137000,-0.407889,0.062085,0.258724,0.757138
0.150000,0.625000,-0.175000,-0.030194,-0.125811,-0.469552,-0.050649,-0.211114,-0.800724
0.150000,0.625000,-0.125000,-0.017229,-0.071786,-0.373240,-0.041259,-0.171984,-0.912075
0.150000,0.625000,-0.075000,-0.020224,-0.084321,-0.748046,0.019294,0.080423,0.703620
0.150000,0.625000,-0.025000,-0.001328,-0.005538,-0.139246,-0.009413,-0.039279,-1.039504
0.150000,0.625000,0.025000,0.001334,0.005539,-0.139293,0.009439,0.039276,-1.039494
0.150000,0.625000,0.075000,0.020239,0.084307,-0.747943,-0.019317,-0.080431,0.703714
0.150000,0.625000,0.125000,0.017250,0.071823,-0.373436,0.041279,0.171963,-0.911976
0.150000,0.625000,0.175000,0.030225,0.125872,-0.469786,0.050660,0.211068,-0.800560
0.150000,0.625000,0.225000,0.032847,0.136894,-0.407584,-0.062120,-0.258769,0.757272
0.150000,0.625000,0.275000,0.026067,0.108537,-0.255454,0.074006,0.308343,-0.742970
0.150000,0.625000,0.325000,-0.022175,-0.092457,0.193104,0.080758,0.336438,-0.682768
0.150000,0.625000,0.375000,0.055029,0.229210,-0.400219,0.066727,0.278049,-0.493089
0.150000,0.625000,0.425000,0.006584,0.027508,-0.047160,-0.086901,-0.362049,0.562627
0.150000,0.625000,0.475000,0.036502,0.152007,-0.207847,0.078083,0.325350,-0.454310
0.150000,0.625000,0.525000,-0.072726,-0.303040,0.383222,0.042138,0.175495,-0.217742
0.150000,0.625000,0.575000,-0.080919,-0.337143,0.387617,0.005320,0.022087,-0.022102
0.150000,0.625000,0.625000,-0.067421,-0.280939,0.298447,0.038453,0.160141,-0.166692
0.150000,0.625000,0.675000,0.015555,0.064736,-0.060712,0.072190,0.300786,-0.294945
0.150000,0.625000,0.725000,0.056577,0.235761,-0.216250,-0.041148,-0.171378,0.154155
0.150000,0.625000,0.775000,-0.065610,-0.273361,0.233235,0.007778,0.032334,-0.025331
0.150000,0.675000,-0.775000,0.044448,0.200012,0.181227,0.041409,0.186417,0.171838
0.150000,0.675000,-0.725000,-0.057716,-0.259794,-0.254679,0.027352,0.123053,0.118040
0.150000,0.675000,-0.675000,-0.044994,-0.202464,-0.210462,-0.049507,-0.222860,-0.235472
0.150000,0.675000,-0.625000,-0.014699,-0.066097,-0.072137,-0.068151,-0.306744,-0.348087
0.150000,0.675000,-0.575000,-0.036069,-0.162282,-0.197180,-0.062514,-0.281391,-0.348052
0.150000,0.675000,-0.525000,-0.072672,-0.327093,-0.441833,0.014293,0.064267,0.083380
0.150000,0.675000,-0.475000,0.058840,0.264788,0.392470,0.046746,0.210441,0.316622
0.150000,0.675000,-0.425000,-0.069480,-0.312694,-0.519521,-0.028604,-0.128799,-0.218340
0.150000,0.675000,-0.375000,0.029719,0.133815,0.256726,-0.067456,-0.303586,-0.571586
0.150000,0.675000,-0.325000,0.041008,0.184616,0.406175,-0.057403,-0.258335,-0.560215
0.150000,0.675000,-0.275000,-0.041631,-0.187342,-0.478577,-0.050365,-0.226723,-0.587180
0.150000,0.675000,-0.225000,0.027809,0.125132,0.389139,0.050780,0.228586,0.722188
0.150000,0.675000,-0.175000,-0.042281,-0.190335,-0.773115,0.023020,0.103590,0.414230
0.150000,0.675000,-0.125000,-0.025557,-0.115067,-0.656273,0.025670,0.115542,0.650489
0.150000,0.675000,-0.075000,0.022365,0.100698,0.950293,0.002642,0.011911,0.118618
0.150000,0.675000,-0.025000,-0.004223,-0.019036,-0.544548,0.006363,0.028679,0.809060
0.150000,0.675000,0.025000,0.004234,0.019033,-0.544512,-0.006384,-0.028677,0.809080
0.150000,0.675000,0.075000,-0.022389,-0.100697,0.950299,-0.002640,-0.011898,0.118498
0.150000,0.675000,0.125000,0.025566,0.115040,-0.656128,-0.025693,-0.115563,0.650615
0.150000,0.675000,0.175000,0.042293,0.190300,-0.772979,-0.023045,-0.103642,0.414442
0.150000,0.675000,0.225000,-0.027839,-0.125211,0.389390,-0.050787,-0.228533,0.722026
0.150000,0.675000,0.275000,0.041668,0.187435,-0.478814,0.050361,0.226634,-0.586952
0.150000,0.675000,0.325000,-0.040988,-0.184479,0.405878,0.057441,0.258417,-0.560394
0.150000,0.675000,0.375000,-0.029686,-0.133638,0.256393,0.067490,0.303648,-0.571701
0.150000,0.675000,0.425000,0.069514,0.312758,-0.519626,0.028566,0.128599,-0.218008
0.150000,0.675000,0.475000,-0.058885,-0.264914,0.392656,-0.046714,-0.210252,0.316340
0.150000,0.675000,0.525000,0.072675,0.327027,-0.441742,-0.014350,-0.064498,0.083690
0.150000,0.675000,0.575000,0.036125,0.162485,-0.197427,0.062496,0.281248,-0.347875
0.150000,0.675000,0.625000,0.014758,0.066337,-0.072406,0.068150,0.306668,-0.348000
0.150000,0.675000,0.675000,0.045045,0.202633,-0.210637,0.049476,0.222673,-0.235276
0.150000,0.675000,0.725000,0.057701,0.259664,-0.254552,-0.027409,-0.123266,0.118246
0.150000,0.675000,0.775000,-0.044493,-0.200158,0.181358,-0.041375,-0.186221,0.171659
0.150000,0.725000,-0.775000,0.037650,0.181963,0.175900,0.041152,0.198974,0.195376
0.150000,0.725000,-0.725000,-0.030041,-0.145272,-0.153323,0.049901,0.241199,0.250250
0.150000,0.725000,-0.675000,-0.054699,-0.264451,-0.297111,0.025990,0.125589,0.138417
0.150000,0.725000,-0.625000,-0.050593,-0.244608,-0.297337,0.036886,0.178267,0.213430
0.150000,0.725000,-0.575000,0.006338,0.030582,0.037339,0.063951,0.309155,0.406646
0.150000,0.725000,-0.525000,0.057049,0.275811,0.398607,-0.031877,-0.154051,-0.219056
0.150000,0.725000,-0.475000,-0.060811,-0.293995,-0.469120,0.024802,0.119843,0.187562
0.150000,0.725000,-0.425000,0.010750,0.052022,0.096157,-0.064120,-0.309960,-0.550685
0.150000,0.725000,-0.375000,0.054564,0.263804,0.533780,-0.031768,-0.153527,-0.306047
0.150000,0.725000,-0.325000,0.031999,0.154735,0.363525,-0.050542,-0.244308,-0.565980
0.150000,0.725000,-0.275000,-0.053891,-0.260522,-0.715317,-0.010331,-0.049987,-0.141891
0.150000,0.725000,-0.225000,0.047331,0.228832,0.769772,-0.009015,-0.043546,-0.141570
0.150000,0.725000,-0.175000,0.024610,0.118958,0.509925,0.031216,0.150939,0.655200
0.150000,0.725000,-0.125000,0.028903,0.139749,0.843996,0.006917,0.033467,0.207532
0.150000,0.725000,-0.075000,-0.011746,-0.056798,-0.568380,-0.014156,-0.068469,-0.693630
0.150000,0.725000,-0.025000,0.005828,0.028218,0.855228,-0.002181,-0.010559,-0.314197
0.150000,0.725000,0.025000,-0.005847,-0.028216,0.855213,0.002190,0.010560,-0.314230
0.150000,0.725000,0.075000,0.011762,0.056804,-0.568457,0.014169,0.068460,-0.693557
0.150000,0.725000,0.125000,-0.028925,-0.139753,0.844023,-0.006915,-0.033439,0.207364
0.150000,0.725000,0.175000,-0.024631,-0.118996,0.510090,-0.031223,-0.150904,0.655049
0.150000,0.725000,0.225000,-0.047346,-0.228811,0.769703,0.009036,0.043623,-0.141828
0.150000,0.725000,0.275000,0.053913,0.260534,-0.715351,0.010310,0.049879,-0.141595
0.150000,0.725000,0.325000,-0.031983,-0.154614,0.363244,0.050572,0.244373,-0.566129
0.150000,0.725000,0.375000,-0.054560,-0.263712,0.533593,0.031806,0.153662,-0.306316
0.150000,0.725000,0.425000,-0.010713,-0.051837,0.095830,0.064141,0.309977,-0.550713
0.150000,0.725000,0.475000,0.060808,0.293904,-0.468973,-0.024848,-0.120025,0.187849
0.150000,0.725000,0.525000,-0.057037,-0.275690,0.398431,0.031925,0.154231,-0.219313
0.150000,0.725000,0.575000,-0.006388,-0.030806,0.037631,-0.063958,-0.309114,0.406589
0.150000,0.725000,0.625000,0.050572,0.244455,-0.297150,-0.036933,-0.178443,0.213639
0.150000,0.725000,0.675000,0.054687,0.264330,-0.296974,-0.026040,-0.125792,0.138641
0.150000,0.725000,0.725000,0.030003,0.145059,-0.153101,-0.049935,-0.241300,0.250353
0.150000,0.725000,0.775000,-0.037693,-0.182119,0.176049,-0.041125,-0.198799,0.195205
0.150000,0.775000,-0.775000,0.050204,0.259424,0.268633,0.009820,0.050799,0.054591
0.150000,0.775000,-0.725000,0.035864,0.185290,0.203840,0.039127,0.202229,0.225604
0.150000,0.775000,-0.675000,0.040171,0.207549,0.245572,0.037280,0.192688,0.231113
0.150000,0.775000,-0.625000,0.055837,0.288548,0.371380,-0.006734,-0.034746,-0.042222
0.150000,0.775000,-0.575000,-0.015912,-0.082172,-0.112291,-0.055018,-0.284322,-0.398209
0.150000,0.775000,-0.525000,-0.010389,-0.053741,-0.085143,0.056817,0.293594,0.449010
0.150000,0.775000,-0.475000,-0.021972,-0.113493,-0.189175,-0.053185,-0.274861,-0.466366
0.150000,0.775000,-0.425000,0.048966,0.253064,0.480364,-0.028117,-0.145254,-0.271828
0.150000,0.775000,-0.375000,0.051866,0.268041,0.575714,-0.016237,-0.083863,-0.176334
0.150000,0.775000,-0.325000,0.008366,0.043274,0.110857,-0.050353,-0.260203,-0.643034
0.150000,0.775000,-0.275000,-0.032880,-0.169946,-0.499738,0.032785,0.169401,0.492353
0.150000,0.775000,-0.225000,-0.004019,-0.020738,-0.069814,-0.040261,-0.208074,-0.743938
0.150000,0.775000,-0.175000,0.017692,0.091458,0.423991,-0.028046,-0.144938,-0.663490
0.150000,0.775000,-0.125000,-0.010535,-0.054437,-0.345936,-0.022298,-0.115264,-0.743377
0.150000,0.775000,-0.075000,0.000442,0.002277,0.019654,0.015201,0.078590,0.842638
0.150000,0.775000,-0.025000,-0.005044,-0.026110,-0.838804,-0.000958,-0.004960,-0.164255
0.150000,0.775000,0.025000,0.005062,0.026109,-0.838808,0.000960,0.004959,-0.164223
0.150000,0.775000,0.075000,-0.000446,-0.002286,0.019747,-0.015219,-0.078588,0.842629
0.150000,0.775000,0.125000,0.010548,0.054457,-0.346067,0.022312,0.115252,-0.743303
0.150000,0.775000,0.175000,-0.017692,-0.091419,0.423814,0.028066,0.144958,-0.663584
0.150000,0.775000,0.225000,0.004035,0.020805,-0.070051,0.040276,0.208062,-0.743897
0.150000,0.775000,0.275000,0.032877,0.169876,-0.499532,-0.032810,-0.169462,0.492531
0.150000,0.775000,0.325000,-0.008344,-0.043156,0.110566,0.050372,0.260214,-0.643060
0.150000,0.775000,0.375000,-0.051871,-0.267988,0.575600,0.016269,0.083996,-0.176617
0.150000,0.775000,0.425000,-0.048961,-0.252972,0.480189,0.028153,0.145389,-0.272082
0.150000,0.775000,0.475000,0.022011,0.113655,-0.189447,0.053183,0.274779,-0.466225
0.150000,0.775000,0.525000,0.010353,0.053546,-0.084845,-0.056836,-0.293614,0.449038
0.150000,0.775000,0.575000,0.015955,0.082366,-0.112560,0.055017,0.284248,-0.398104
0.150000,0.775000,0.625000,-0.055842,-0.288504,0.371321,0.006779,0.034956,-0.042490
0.150000,0.775000,0.675000,-0.040208,-0.207683,0.245730,-0.037255,-0.192514,0.230906
0.150000,0.775000,0.725000,-0.035903,-0.185439,0.204002,-0.039104,-0.202065,0.225421
0.150000,0.775000,0.775000,-0.050221,-0.259445,0.268653,-0.009778,-0.050578,0.054364
