far field @z=0.050000
freq=27000000000.000000
sampling point=961
x,y,z,realEx,realEy,realEz,imgEx,imgEy,imgEz
-0.000000,0.000000,-0.050000,0.000000,-0.000585,-0.625980,0.000000,0.001372,0.392777
-0.005226,0.000000,-0.049726,-0.651817,-0.000584,-0.560573,-0.876688,0.001375,0.488118
-0.010396,0.000000,-0.048907,-1.290451,-0.000582,-0.363992,-1.726381,0.001384,0.772452
-0.015451,0.000000,-0.047553,-1.900997,-0.000576,-0.035612,-2.521387,0.001398,1.240393
-0.020337,0.000000,-0.045677,-2.465454,-0.000566,0.424133,-3.232940,0.001412,1.881944
-0.025000,0.000000,-0.043301,-2.962021,-0.000547,1.011743,-3.831421,0.001424,2.681210
-0.029389,0.000000,-0.040451,-3.365351,-0.000519,1.718255,-4.287341,0.001428,3.615063
-0.033457,0.000000,-0.037157,-3.647936,-0.000477,2.526881,-4.573125,0.001419,4.652123
-0.037157,0.000000,-0.033457,-3.782653,-0.000418,3.411216,-4.665568,0.001393,5.752466
-0.040451,0.000000,-0.029389,-3.746254,-0.000341,4.334541,-4.548660,0.001344,6.868362
-0.043301,0.000000,-0.025000,-3.523356,-0.000244,5.250697,-4.216370,0.001271,7.946215
-0.045677,0.000000,-0.020337,-3.110260,-0.000127,6.106770,-3.674888,0.001172,8.929685
-0.047553,0.000000,-0.015451,-2.517807,0.000008,6.847481,-2.943874,0.001048,9.763726
-0.048907,0.000000,-0.010396,-1.772537,0.000160,7.420794,-2.056352,0.000903,10.399115
-0.049726,0.000000,-0.005226,-0.915672,0.000323,7.783924,-1.057126,0.000741,10.796873
-0.050000,0.000000,0.000000,0.000170,0.000493,7.908688,0.000228,0.000571,10.931979
-0.049726,0.000000,0.005226,0.916136,0.000664,7.785215,1.057459,0.000400,10.795839
-0.048907,0.000000,0.010396,1.773355,0.000829,7.423273,2.056332,0.000235,10.397150
-0.047553,0.000000,0.015451,2.519167,0.000983,6.850951,2.943319,0.000084,9.761020
-0.045677,0.000000,0.020337,3.112280,0.001120,6.110966,3.673691,-0.000049,8.926492
-0.043301,0.000000,0.025000,3.526073,0.001238,5.255312,4.214506,-0.000159,7.942818
-0.040451,0.000000,0.029389,3.749619,0.001334,4.339259,4.546187,-0.000245,6.865038
-0.037157,0.000000,0.033457,3.786537,0.001407,3.415746,4.662619,-0.000309,5.749459
-0.033457,0.000000,0.037157,3.652142,0.001460,2.530980,4.569884,-0.000353,4.649619
-0.029389,0.000000,0.040451,3.369637,0.001495,1.721749,4.284022,-0.000380,3.613180
-0.025000,0.000000,0.043301,2.966124,0.001515,1.014541,3.828246,-0.000394,2.679993
-0.020337,0.000000,0.045677,2.469112,0.001524,0.426223,3.230119,-0.000399,1.881369
-0.015451,0.000000,0.047553,1.903973,0.001526,-0.034162,2.519102,-0.000398,1.240379
-0.010396,0.000000,0.048907,1.292550,0.001524,-0.363050,1.724776,-0.000396,0.772870
-0.005226,0.000000,0.049726,0.652902,0.001522,-0.559956,0.875861,-0.000393,0.488807
-0.000000,0.000000,0.050000,0.000000,0.001521,-0.625474,0.000000,-0.000392,0.393560
-0.000000,-0.000000,-0.050000,0.000000,-0.000585,-0.625980,0.000000,0.001372,0.392777
-0.005112,-0.001087,-0.049726,-0.637572,-0.136109,-0.560561,-0.857534,-0.180904,0.488087
-0.010168,-0.002161,-0.048907,-1.262247,-0.268889,-0.363968,-1.688668,-0.357562,0.772391
-0.015113,-0.003212,-0.047553,-1.859447,-0.395826,-0.035577,-2.466316,-0.522847,1.240303
-0.019892,-0.004228,-0.045677,-2.411563,-0.513175,0.424178,-3.162340,-0.670780,1.881826
-0.024454,-0.005198,-0.043301,-2.897273,-0.616401,1.011797,-3.747767,-0.795208,2.681069
-0.028747,-0.006110,-0.040451,-3.291785,-0.700231,1.718316,-4.193750,-0.890003,3.614902
-0.032725,-0.006956,-0.037157,-3.568192,-0.758943,2.526949,-4.473316,-0.949437,4.651948
-0.036345,-0.007725,-0.033457,-3.699967,-0.786895,3.411290,-4.563763,-0.968689,5.752284
-0.039567,-0.008410,-0.029389,-3.664369,-0.779251,4.334619,-4.449429,-0.944435,6.868179
-0.042355,-0.009003,-0.025000,-3.446354,-0.732812,5.250781,-4.124413,-0.875422,7.946039
-0.044679,-0.009497,-0.020337,-3.042302,-0.646809,6.106861,-3.594768,-0.762939,8.929520
-0.046514,-0.009887,-0.015451,-2.462818,-0.523496,6.847581,-2.879722,-0.611071,9.763577
-0.047839,-0.010168,-0.010396,-1.733859,-0.368395,7.420906,-2.011578,-0.426682,10.398985
-0.048639,-0.010339,-0.005226,-0.895745,-0.190079,7.784051,-1.034164,-0.219082,10.796762
-0.048907,-0.010396,0.000000,0.000057,0.000505,7.908833,0.000115,0.000596,10.931885
-0.048639,-0.010339,0.005226,0.895984,0.191117,7.785380,1.034276,0.220247,10.795759
-0.047839,-0.010168,0.010396,1.734453,0.369510,7.423456,2.011354,0.427772,10.397080
-0.046514,-0.009887,0.015451,2.463955,0.524729,6.851152,2.878988,0.612047,9.760957
-0.044679,-0.009497,0.020337,3.044105,0.648185,6.111181,3.593424,0.763776,8.926433
-0.042355,-0.009003,0.025000,3.448860,0.734338,5.255534,4.122436,0.876114,7.942762
-0.039567,-0.008410,0.029389,3.667532,0.780916,4.339484,4.446880,0.944992,6.864984
-0.036345,-0.007725,0.033457,3.703660,0.788669,3.415967,4.560770,0.969136,5.749407
-0.032725,-0.006956,0.037157,3.572223,0.760783,2.531190,4.470059,0.949811,4.649571
-0.028747,-0.006110,0.040451,3.295915,0.702085,1.721942,4.190439,0.890348,3.613137
-0.024454,-0.005198,0.043301,2.901243,0.618212,1.014709,3.744616,0.795569,2.679956
-0.019892,-0.004228,0.045677,2.415113,0.514888,0.426363,3.159551,0.671202,1.881338
-0.015113,-0.003212,0.047553,1.862341,0.397391,-0.034054,2.464065,0.523368,1.240355
-0.010168,-0.002161,0.048907,1.264293,0.270266,-0.362976,1.687091,0.358215,0.772854
-0.005112,-0.001087,0.049726,0.638632,0.137272,-0.559919,0.856722,0.181713,0.488799
-0.000000,-0.000000,0.050000,0.000000,0.001521,-0.625474,0.000000,-0.000392,0.393560
-0.000000,-0.000000,-0.050000,0.000000,-0.000585,-0.625980,0.000000,0.001372,0.392777
-0.004775,-0.002126,-0.049726,-0.595462,-0.265709,-0.560549,-0.800900,-0.355218,0.488057
-0.009497,-0.004228,-0.048907,-1.178878,-0.525468,-0.363945,-1.577150,-0.700826,0.772332
-0.014115,-0.006284,-0.047553,-1.736630,-0.773798,-0.035543,-2.303451,-1.024190,1.240216
-0.018579,-0.008272,-0.045677,-2.252276,-1.003375,0.424222,-2.953523,-1.313613,1.881713
-0.022839,-0.010168,-0.043301,-2.705901,-1.205329,1.011849,-3.500305,-1.557051,2.680931
-0.026848,-0.011954,-0.040451,-3.074350,-1.369350,1.718374,-3.916856,-1.742512,3.614744
-0.030564,-0.013608,-0.037157,-3.332499,-1.484246,2.527011,-4.177980,-1.858783,4.651774
-0.033945,-0.015113,-0.033457,-3.455570,-1.538984,3.411353,-4.262474,-1.896430,5.752099
-0.036954,-0.016453,-0.029389,-3.422327,-1.524106,4.334684,-4.155708,-1.848942,6.867990
-0.039558,-0.017612,-0.025000,-3.218720,-1.433355,5.250847,-3.852169,-1.713868,7.945851
-0.041728,-0.018579,-0.020337,-2.841370,-1.265226,6.106930,-3.357508,-1.493724,8.929339
-0.043442,-0.019341,-0.015451,-2.300178,-1.024129,6.847654,-2.689683,-1.196506,9.763408
-0.044679,-0.019892,-0.010396,-1.619389,-0.720861,7.420987,-1.878864,-0.835642,10.398830
-0.045427,-0.020225,-0.005226,-0.836656,-0.372191,7.784144,-0.965983,-0.429353,10.796623
-0.045677,-0.020337,0.000000,-0.000044,0.000474,7.908942,0.000011,0.000576,10.931761
-0.045427,-0.020225,0.005226,0.836686,0.373192,7.785507,0.965898,0.430456,10.795649
-0.044679,-0.019892,0.010396,1.619760,0.722015,7.423605,1.878472,0.836605,10.396982
-0.043442,-0.019341,0.015451,2.301070,1.025516,6.851320,2.688827,1.197256,9.760869
-0.041728,-0.018579,0.020337,2.842898,1.266899,6.111367,3.356098,1.494219,8.926354
-0.039558,-0.017612,0.025000,3.220925,1.435330,5.255733,3.850186,1.714097,7.942689
-0.036954,-0.016453,0.029389,3.425166,1.526363,4.339690,4.153210,1.848929,6.864917
-0.033945,-0.015113,0.033457,3.458925,1.541467,3.416173,4.259582,1.896226,5.749347
-0.030564,-0.013608,0.037157,3.336189,1.486873,2.531388,4.174862,1.858462,4.649517
-0.026848,-0.011954,0.040451,3.078152,1.372019,1.722124,3.913705,1.742158,3.613090
-0.022839,-0.010168,0.043301,2.709569,1.207930,1.014870,3.497321,1.556753,2.679916
-0.018579,-0.008272,0.045677,2.255566,1.005797,0.426498,2.950892,1.313456,1.881306
-0.014115,-0.006284,0.047553,1.739319,0.775945,-0.033951,2.301333,1.024247,1.240331
-0.009497,-0.004228,0.048907,1.180782,0.527259,-0.362906,1.575670,0.701155,0.772838
-0.004775,-0.002126,0.049726,0.596450,0.267087,-0.559883,0.800141,0.355861,0.488792
-0.000000,-0.000000,0.050000,0.000000,0.001521,-0.625474,0.000000,-0.000392,0.393560
-0.000000,-0.000000,-0.050000,0.000000,-0.000585,-0.625980,0.000000,0.001372,0.392777
-0.004228,-0.003072,-0.049726,-0.527328,-0.383723,-0.560539,-0.709263,-0.513947,0.488030
-0.008410,-0.006110,-0.048907,-1.043986,-0.759106,-0.363924,-1.396700,-1.013403,0.772278
-0.012500,-0.009082,-0.047553,-1.537917,-1.117973,-0.035512,-2.039907,-1.480719,1.240136
-0.016453,-0.011954,-0.045677,-1.994556,-1.449740,0.424261,-2.615611,-1.898987,1.881608
-0.020225,-0.014695,-0.043301,-2.396271,-1.741594,1.011895,-3.099846,-2.250802,2.680803
-0.023776,-0.017275,-0.040451,-2.722556,-1.978633,1.718425,-3.468751,-2.518830,3.614595
-0.027067,-0.019665,-0.037157,-2.951163,-2.144688,2.527064,-3.700014,-2.686865,4.651608
-0.030061,-0.021840,-0.033457,-3.060150,-2.223816,3.411406,-3.774856,-2.741269,5.751921
-0.032725,-0.023776,-0.029389,-3.030713,-2.202351,4.334734,-3.680319,-2.672631,6.867804
-0.035031,-0.025452,-0.025000,-2.850410,-2.071252,5.250895,-3.411520,-2.477405,7.945663
-0.036954,-0.026848,-0.020337,-2.516249,-1.828346,6.106976,-2.973462,-2.159228,8.929154
-0.038471,-0.027951,-0.015451,-2.036999,-1.480003,6.847701,-2.382047,-1.729653,9.763230
-0.039567,-0.028747,-0.010396,-1.434128,-1.041827,7.421038,-1.663993,-1.208089,10.398663
-0.040229,-0.029228,-0.005226,-0.740980,-0.538047,7.784204,-0.855551,-0.620868,10.796468
-0.040451,-0.029389,0.000000,-0.000118,0.000408,7.909016,-0.000068,0.000522,10.931620
-0.040229,-0.029228,0.005226,0.740851,0.538940,7.785599,0.855322,0.621843,10.795522
-0.039567,-0.028747,0.010396,1.434307,1.042946,7.423717,1.663498,1.208867,10.396867
-0.038471,-0.027951,0.015451,2.037650,1.481467,6.851454,2.381151,1.730134,9.760766
-0.036954,-0.026848,0.020337,2.517478,1.830231,6.111520,2.972088,2.159353,8.926261
-0.035031,-0.025452,0.025000,2.852253,2.073584,5.255902,3.409654,2.477161,7.942606
-0.032725,-0.023776,0.029389,3.033134,2.205102,4.339869,3.678013,2.672054,6.864844
-0.030061,-0.021840,0.033457,3.063045,2.226908,3.416354,3.772217,2.740435,5.749283
-0.027067,-0.019665,0.037157,2.954371,2.148002,2.531564,3.697192,2.685881,4.649462
-0.023776,-0.017275,0.040451,2.725878,1.982022,1.722289,3.465915,2.517817,3.613044
-0.020225,-0.014695,0.043301,2.399487,1.744898,1.015016,3.097170,2.249889,2.679878
-0.016453,-0.011954,0.045677,1.997449,1.452800,0.426620,2.613260,1.898293,1.881277
-0.012500,-0.009082,0.047553,1.540286,1.120644,-0.033856,2.038020,1.480347,1.240309
-0.008410,-0.006110,0.048907,1.045668,0.761270,-0.362842,1.395384,1.013436,0.772824
-0.004228,-0.003072,0.049726,0.528202,0.385295,-0.559851,0.708589,0.514440,0.488785
-0.000000,-0.000000,0.050000,0.000000,0.001521,-0.625474,0.000000,-0.000392,0.393560
-0.000000,-0.000000,-0.050000,0.000000,-0.000585,-0.625980,0.000000,0.001372,0.392777
-0.003497,-0.003884,-0.049726,-0.436148,-0.484991,-0.560530,-0.586626,-0.650156,0.488007
-0.006956,-0.007725,-0.048907,-0.863469,-0.959591,-0.363906,-1.155204,-1.281632,0.772231
-0.010339,-0.011482,-0.047553,-1.271991,-1.413309,-0.035485,-1.687202,-1.872476,1.240066
-0.013608,-0.015113,-0.045677,-1.649669,-1.832766,0.424296,-2.163370,-2.401313,1.881517
-0.016728,-0.018579,-0.043301,-1.981919,-2.201759,1.011935,-2.563887,-2.846132,2.680692
-0.019665,-0.021840,-0.040451,-2.251782,-2.501453,1.718468,-2.869016,-3.185017,3.614465
-0.022387,-0.024863,-0.037157,-2.440856,-2.711405,2.527107,-3.060304,-3.397477,4.651462
-0.024863,-0.027613,-0.033457,-2.530996,-2.811461,3.411447,-3.122215,-3.466265,5.751761
-0.027067,-0.030061,-0.029389,-2.506650,-2.784344,4.334772,-3.044034,-3.379481,6.867635
-0.028974,-0.032179,-0.025000,-2.357528,-2.618625,5.250927,-2.821718,-3.132642,7.945489
-0.030564,-0.033945,-0.020337,-2.081156,-2.311556,6.107003,-2.459407,-2.730343,8.928980
-0.031819,-0.035339,-0.015451,-1.684785,-1.871193,6.847726,-1.970251,-2.187191,9.763059
-0.032725,-0.036345,-0.010396,-1.186172,-1.317258,7.421065,-1.376350,-1.527726,10.398499
-0.033273,-0.036954,-0.005226,-0.612895,-0.680386,7.784237,-0.707685,-0.785242,10.796314
-0.033457,-0.037157,0.000000,-0.000153,0.000323,7.909060,-0.000111,0.000448,10.931478
-0.033273,-0.036954,0.005226,0.612678,0.681133,7.785659,0.707387,0.786052,10.795391
-0.032725,-0.036345,0.010396,1.186215,1.318295,7.423796,1.375836,1.528293,10.396749
-0.031819,-0.035339,0.015451,1.685225,1.872672,6.851554,1.969412,2.187392,9.760660
-0.030564,-0.033945,0.020337,2.082083,2.313578,6.111640,2.458181,2.730105,8.926166
-0.028974,-0.032179,0.025000,2.358974,2.621224,5.256038,2.820096,3.131953,7.942523
-0.027067,-0.030061,0.029389,2.508586,2.787487,4.340016,3.042059,3.378387,6.864771
-0.024863,-0.027613,0.033457,2.533336,2.815049,3.416506,3.119978,3.464863,5.749220
-0.022387,-0.024863,0.037157,2.443467,2.715289,2.531714,3.057925,3.395902,4.649410
-0.019665,-0.021840,0.040451,2.254497,2.505445,1.722429,2.866638,3.183423,3.613001
-0.016728,-0.018579,0.043301,1.984557,2.205657,1.015142,2.561651,2.844679,2.679844
-0.013608,-0.015113,0.045677,1.652048,1.836365,0.426725,2.161410,2.400151,1.881250
-0.010339,-0.011482,0.047553,1.273943,1.416427,-0.033775,1.685632,1.871733,1.240290
-0.006956,-0.007725,0.048907,0.864856,0.962074,-0.362787,1.154112,1.281407,0.772811
-0.003497,-0.003884,0.049726,0.436870,0.486730,-0.559823,0.586068,0.650518,0.488778
-0.000000,-0.000000,0.050000,0.000000,0.001521,-0.625474,0.000000,-0.000392,0.393560
-0.000000,-0.000000,-0.050000,0.000000,-0.000585,-0.625980,0.000000,0.001372,0.392777
-0.002613,-0.004526,-0.049726,-0.325906,-0.565088,-0.560522,-0.438351,-0.757890,0.487988
-0.005198,-0.009003,-0.048907,-0.645216,-1.118163,-0.363891,-0.863216,-1.493787,0.772195
-0.007725,-0.013381,-0.047553,-0.950477,-1.646902,-0.035464,-1.260749,-2.182339,1.240012
-0.010168,-0.017612,-0.045677,-1.232690,-2.135713,0.424323,-1.616566,-2.798631,1.881444
-0.012500,-0.021651,-0.043301,-1.480956,-2.565718,1.011967,-1.915853,-3.317014,2.680602
-0.014695,-0.025452,-0.040451,-1.682605,-2.914965,1.718501,-2.143864,-3.711946,3.614360
-0.016728,-0.028974,-0.037157,-1.823885,-3.159636,2.527140,-2.286808,-3.959546,4.651342
-0.018579,-0.032179,-0.033457,-1.891240,-3.276243,3.411477,-2.333076,-4.039714,5.751630
-0.020225,-0.035031,-0.029389,-1.873048,-3.244655,4.334797,-2.274661,-3.938582,6.867496
-0.021651,-0.037500,-0.025000,-1.761621,-3.051555,5.250946,-2.108542,-3.650921,7.945344
-0.022839,-0.039558,-0.020337,-1.555110,-2.693740,6.107017,-1.837810,-3.182087,8.928832
-0.023776,-0.041182,-0.015451,-1.258935,-2.180598,6.847736,-1.472293,-2.549102,9.762913
-0.024454,-0.042355,-0.010396,-0.886363,-1.535112,7.421074,-1.028505,-1.780564,10.398357
-0.024863,-0.043064,-0.005226,-0.457999,-0.792979,7.784250,-0.528848,-0.915273,10.796179
-0.025000,-0.043301,0.000000,-0.000147,0.000238,7.909082,-0.000116,0.000371,10.931351
-0.024863,-0.043064,0.005226,0.457773,0.793574,7.785694,0.528561,0.915917,10.795274
-0.024454,-0.042355,0.010396,0.886333,1.536049,7.423847,1.028059,1.780930,10.396643
-0.023776,-0.041182,0.015451,1.259206,2.182058,6.851623,1.471609,2.549049,9.760564
-0.022839,-0.039558,0.020337,1.555751,2.695842,6.111726,1.836842,3.181534,8.926081
-0.021651,-0.037500,0.025000,1.762656,3.054340,5.256140,2.107283,3.649854,7.942449
-0.020225,-0.035031,0.029389,1.874456,3.248086,4.340128,2.273146,3.937057,6.864708
-0.018579,-0.032179,0.033457,1.892957,3.280205,3.416624,2.331372,4.037845,5.749167
-0.016728,-0.028974,0.037157,1.825811,3.163955,2.531831,2.285005,3.957490,4.649365
-0.014695,-0.025452,0.040451,1.684615,2.919424,1.722540,2.142067,3.709882,3.612964
-0.012500,-0.021651,0.043301,1.482914,2.570077,1.015241,1.914169,3.315126,2.679815
-0.010168,-0.017612,0.045677,1.234459,2.139735,0.426808,1.615092,2.797093,1.881228
-0.007725,-0.013381,0.047553,0.951931,1.650369,-0.033710,1.259571,2.181298,1.240274
-0.005198,-0.009003,0.048907,0.646250,1.120897,-0.362743,0.862398,1.493358,0.772801
-0.002613,-0.004526,0.049726,0.326445,0.566959,-0.559801,0.437933,0.758148,0.488773
-0.000000,-0.000000,0.050000,0.000000,0.001521,-0.625474,0.000000,-0.000392,0.393560
-0.000000,-0.000000,-0.050000,0.000000,-0.000585,-0.625980,0.000000,0.001372,0.392777
-0.001615,-0.004971,-0.049726,-0.201421,-0.620513,-0.560517,-0.270916,-0.832440,0.487976
-0.003212,-0.009887,-0.048907,-0.398765,-1.227891,-0.363881,-0.533499,-1.640596,0.772169
-0.004775,-0.014695,-0.047553,-0.587426,-1.808542,-0.035449,-0.779189,-2.396760,1.239973
-0.006284,-0.019341,-0.045677,-0.761841,-2.345345,0.424342,-0.999098,-3.073571,1.881393
-0.007725,-0.023776,-0.043301,-0.915277,-2.817567,1.011988,-1.184070,-3.642860,2.680539
-0.009082,-0.027951,-0.040451,-1.039901,-3.201104,1.718524,-1.324991,-4.076578,3.614286
-0.010339,-0.031819,-0.037157,-1.127216,-3.469797,2.527162,-1.413338,-4.348496,4.651258
-0.011482,-0.035339,-0.033457,-1.168843,-3.597857,3.411497,-1.441936,-4.436540,5.751537
-0.012500,-0.038471,-0.029389,-1.157599,-3.563175,4.334812,-1.405835,-4.325480,6.867395
-0.013381,-0.041182,-0.025000,-1.088735,-3.351128,5.250956,-1.303170,-4.009572,7.945239
-0.014115,-0.043442,-0.020337,-0.961106,-2.958199,6.107022,-1.135849,-3.494698,8.928725
-0.014695,-0.045225,-0.015451,-0.778064,-2.394699,6.847738,-0.909947,-2.799550,9.762806
-0.015113,-0.046514,-0.010396,-0.547806,-1.685865,7.421075,-0.635669,-1.955535,10.398252
-0.015366,-0.047292,-0.005226,-0.283068,-0.870897,7.784253,-0.326863,-1.005263,10.796078
-0.015451,-0.047553,0.000000,-0.000105,0.000169,7.909090,-0.000085,0.000308,10.931256
-0.015366,-0.047292,0.005226,0.282900,0.871367,7.785712,0.326658,1.005774,10.795186
-0.015113,-0.046514,0.010396,0.547761,1.686714,7.423877,0.635368,1.955744,10.396562
-0.014695,-0.045225,0.015451,0.778206,2.396128,6.851666,0.909499,2.799304,9.760492
-0.014115,-0.043442,0.020337,0.961480,2.960341,6.111782,1.135228,3.493911,8.926017
-0.013381,-0.041182,0.025000,1.089354,3.354029,5.256207,1.302372,4.008230,7.942393
-0.012500,-0.038471,0.029389,1.158453,3.566794,4.340204,1.404882,4.323645,6.864660
-0.011482,-0.035339,0.033457,1.169890,3.602069,3.416704,1.440869,4.434339,5.749127
-0.010339,-0.031819,0.037157,1.128395,3.474411,2.531911,1.412213,4.346099,4.649332
-0.009082,-0.027951,0.040451,1.041135,3.205879,1.722616,1.323873,4.074182,3.612938
-0.007725,-0.023776,0.043301,0.916481,2.822242,1.015309,1.183023,3.640668,2.679795
-0.006284,-0.019341,0.045677,0.762931,2.349656,0.426866,0.998184,3.071771,1.881213
-0.004775,-0.014695,0.047553,0.588322,1.812251,-0.033666,0.778459,2.395512,1.240263
-0.003212,-0.009887,0.048907,0.399403,1.230798,-0.362713,0.532992,1.640025,0.772794
-0.001615,-0.004971,0.049726,0.201754,0.622475,-0.559786,0.270658,0.832626,0.488770
-0.000000,-0.000000,0.050000,0.000000,0.001521,-0.625474,0.000000,-0.000392,0.393560
-0.000000,-0.000000,-0.050000,0.000000,-0.000585,-0.625980,0.000000,0.001372,0.392777
-0.000546,-0.005198,-0.049726,-0.068133,-0.648845,-0.560515,-0.091640,-0.870547,0.487969
-0.001087,-0.010339,-0.048907,-0.134886,-1.283981,-0.363876,-0.180462,-1.715641,0.772156
-0.001615,-0.015366,-0.047553,-0.198703,-1.891168,-0.035441,-0.263570,-2.506366,1.239954
-0.002126,-0.020225,-0.045677,-0.257701,-2.452502,0.424352,-0.337957,-3.214114,1.881367
-0.002613,-0.024863,-0.043301,-0.309602,-2.946304,1.011999,-0.400526,-3.809425,2.680507
-0.003072,-0.029228,-0.040451,-0.351757,-3.347367,1.718536,-0.448195,-4.262968,3.614248
-0.003497,-0.033273,-0.037157,-0.381292,-3.628341,2.527173,-0.478080,-4.547318,4.651214
-0.003884,-0.036954,-0.033457,-0.395373,-3.762254,3.411506,-0.487754,-4.639389,5.751489
-0.004228,-0.040229,-0.029389,-0.391570,-3.725991,4.334819,-0.475543,-4.523254,6.867343
-0.004526,-0.043064,-0.025000,-0.368275,-3.504259,5.250960,-0.440815,-4.192907,7.945184
-0.004775,-0.045427,-0.020337,-0.325104,-3.093382,6.107024,-0.384217,-3.654499,8.928669
-0.004971,-0.047292,-0.015451,-0.263189,-2.504140,6.847737,-0.307803,-2.927575,9.762749
-0.005112,-0.048639,-0.010396,-0.185302,-1.762925,7.421074,-0.215025,-2.044978,10.398196
-0.005198,-0.049454,-0.005226,-0.095752,-0.910727,7.784253,-0.110568,-1.051267,10.796024
-0.005226,-0.049726,0.000000,-0.000038,0.000131,7.909093,-0.000031,0.000273,10.931205
-0.005198,-0.049454,0.005226,0.095691,0.911129,7.785719,0.110494,1.051703,10.795139
-0.005112,-0.048639,0.010396,0.185282,1.763724,7.423890,0.214919,2.045101,10.396519
-0.004971,-0.047292,0.015451,0.263232,2.505548,6.851686,0.307647,2.927226,9.760453
-0.004775,-0.045427,0.020337,0.325227,3.095539,6.111809,0.384003,3.653587,8.925983
-0.004526,-0.043064,0.025000,0.368482,3.507214,5.256240,0.440542,4.191420,7.942364
-0.004228,-0.040229,0.029389,0.391855,3.729702,4.340242,0.475217,4.521257,6.864635
-0.003884,-0.036954,0.033457,0.395725,3.766591,3.416744,0.487390,4.637014,5.749106
-0.003497,-0.033273,0.037157,0.381689,3.633103,2.531952,0.477697,4.544745,4.649315
-0.003072,-0.029228,0.040451,0.352173,3.352303,1.722654,0.447815,4.260402,3.612925
-0.002613,-0.024863,0.043301,0.310008,2.951138,1.015344,0.400171,3.807076,2.679784
-0.002126,-0.020225,0.045677,0.258069,2.456960,0.426895,0.337647,3.212179,1.881205
-0.001615,-0.015366,0.047553,0.199006,1.894999,-0.033643,0.263323,2.505012,1.240258
-0.001087,-0.010339,0.048907,0.135102,1.286976,-0.362697,0.180290,1.714997,0.772790
-0.000546,-0.005198,0.049726,0.068245,0.650854,-0.559778,0.091553,0.870697,0.488768
-0.000000,-0.000000,0.050000,0.000000,0.001521,-0.625474,0.000000,-0.000392,0.393560
0.000000,-0.000000,-0.050000,0.000000,-0.000585,-0.625980,0.000000,0.001372,0.392777
0.000546,-0.005198,-0.049726,0.068133,-0.648845,-0.560515,0.091640,-0.870547,0.487969
0.001087,-0.010339,-0.048907,0.134886,-1.283981,-0.363876,0.180462,-1.715641,0.772156
0.001615,-0.015366,-0.047553,0.198703,-1.891168,-0.035441,0.263570,-2.506366,1.239954
0.002126,-0.020225,-0.045677,0.257701,-2.452502,0.424352,0.337957,-3.214114,1.881367
0.002613,-0.024863,-0.043301,0.309602,-2.946304,1.011999,0.400526,-3.809425,2.680507
0.003072,-0.029228,-0.040451,0.351757,-3.347367,1.718536,0.448195,-4.262968,3.614248
0.003497,-0.033273,-0.037157,0.381292,-3.628341,2.527173,0.478080,-4.547318,4.651214
0.003884,-0.036954,-0.033457,0.395373,-3.762254,3.411506,0.487754,-4.639389,5.751489
0.004228,-0.040229,-0.029389,0.391570,-3.725991,4.334819,0.475543,-4.523254,6.867343
0.004526,-0.043064,-0.025000,0.368275,-3.504259,5.250960,0.440815,-4.192907,7.945184
0.004775,-0.045427,-0.020337,0.325104,-3.093382,6.107024,0.384217,-3.654499,8.928669
0.004971,-0.047292,-0.015451,0.263189,-2.504140,6.847737,0.307803,-2.927575,9.762749
0.005112,-0.048639,-0.010396,0.185302,-1.762925,7.421074,0.215025,-2.044978,10.398196
0.005198,-0.049454,-0.005226,0.095752,-0.910727,7.784253,0.110568,-1.051267,10.796024
0.005226,-0.049726,0.000000,0.000038,0.000131,7.909093,0.000031,0.000273,10.931205
0.005198,-0.049454,0.005226,-0.095691,0.911129,7.785719,-0.110494,1.051703,10.795139
0.005112,-0.048639,0.010396,-0.185282,1.763724,7.423890,-0.214919,2.045101,10.396519
0.004971,-0.047292,0.015451,-0.263232,2.505548,6.851686,-0.307647,2.927226,9.760453
0.004775,-0.045427,0.020337,-0.325227,3.095539,6.111809,-0.384003,3.653587,8.925983
0.004526,-0.043064,0.025000,-0.368482,3.507214,5.256240,-0.440542,4.191420,7.942364
0.004228,-0.040229,0.029389,-0.391855,3.729702,4.340242,-0.475217,4.521257,6.864635
0.003884,-0.036954,0.033457,-0.395725,3.766591,3.416744,-0.487390,4.637014,5.749106
0.003497,-0.033273,0.037157,-0.381689,3.633103,2.531952,-0.477697,4.544745,4.649315
0.003072,-0.029228,0.040451,-0.352173,3.352303,1.722654,-0.447815,4.260402,3.612925
0.002613,-0.024863,0.043301,-0.310008,2.951138,1.015344,-0.400171,3.807076,2.679784
0.002126,-0.020225,0.045677,-0.258069,2.456960,0.426895,-0.337647,3.212179,1.881205
0.001615,-0.015366,0.047553,-0.199006,1.894999,-0.033643,-0.263323,2.505012,1.240258
0.001087,-0.010339,0.048907,-0.135102,1.286976,-0.362697,-0.180290,1.714997,0.772790
0.000546,-0.005198,0.049726,-0.068245,0.650854,-0.559778,-0.091553,0.870697,0.488768
0.000000,-0.000000,0.050000,0.000000,0.001521,-0.625474,0.000000,-0.000392,0.393560
0.000000,-0.000000,-0.050000,0.000000,-0.000585,-0.625980,0.000000,0.001372,0.392777
0.001615,-0.004971,-0.049726,0.201421,-0.620513,-0.560517,0.270916,-0.832440,0.487976
0.003212,-0.009887,-0.048907,0.398765,-1.227891,-0.363881,0.533499,-1.640596,0.772169
0.004775,-0.014695,-0.047553,0.587426,-1.808542,-0.035449,0.779189,-2.396760,1.239973
0.006284,-0.019341,-0.045677,0.761841,-2.345345,0.424342,0.999098,-3.073571,1.881393
0.007725,-0.023776,-0.043301,0.915277,-2.817567,1.011988,1.184070,-3.642860,2.680539
0.009082,-0.027951,-0.040451,1.039901,-3.201104,1.718524,1.324991,-4.076578,3.614286
0.010339,-0.031819,-0.037157,1.127216,-3.469797,2.527162,1.413338,-4.348496,4.651258
0.011482,-0.035339,-0.033457,1.168843,-3.597857,3.411497,1.441936,-4.436540,5.751537
0.012500,-0.038471,-0.029389,1.157599,-3.563175,4.334812,1.405835,-4.325480,6.867395
0.013381,-0.041182,-0.025000,1.088735,-3.351128,5.250956,1.303170,-4.009572,7.945239
0.014115,-0.043442,-0.020337,0.961106,-2.958199,6.107022,1.135849,-3.494698,8.928725
0.014695,-0.045225,-0.015451,0.778064,-2.394699,6.847738,0.909947,-2.799550,9.762806
0.015113,-0.046514,-0.010396,0.547806,-1.685865,7.421075,0.635669,-1.955535,10.398252
0.015366,-0.047292,-0.005226,0.283068,-0.870897,7.784253,0.326863,-1.005263,10.796078
0.015451,-0.047553,0.000000,0.000105,0.000169,7.909090,0.000085,0.000308,10.931256
0.015366,-0.047292,0.005226,-0.282900,0.871367,7.785712,-0.326658,1.005774,10.795186
0.015113,-0.046514,0.010396,-0.547761,1.686714,7.423877,-0.635368,1.955744,10.396562
0.014695,-0.045225,0.015451,-0.778206,2.396128,6.851666,-0.909499,2.799304,9.760492
0.014115,-0.043442,0.020337,-0.961480,2.960341,6.111782,-1.135228,3.493911,8.926017
0.013381,-0.041182,0.025000,-1.089354,3.354029,5.256207,-1.302372,4.008230,7.942393
0.012500,-0.038471,0.029389,-1.158453,3.566794,4.340204,-1.404882,4.323645,6.864660
0.011482,-0.035339,0.033457,-1.169890,3.602069,3.416704,-1.440869,4.434339,5.749127
0.010339,-0.031819,0.037157,-1.128395,3.474411,2.531911,-1.412213,4.346099,4.649332
0.009082,-0.027951,0.040451,-1.041135,3.205879,1.722616,-1.323873,4.074182,3.612938
0.007725,-0.023776,0.043301,-0.916481,2.822242,1.015309,-1.183023,3.640668,2.679795
0.006284,-0.019341,0.045677,-0.762931,2.349656,0.426866,-0.998184,3.071771,1.881213
0.004775,-0.014695,0.047553,-0.588322,1.812251,-0.033666,-0.778459,2.395512,1.240263
0.003212,-0.009887,0.048907,-0.399403,1.230798,-0.362713,-0.532992,1.640025,0.772794
0.001615,-0.004971,0.049726,-0.201754,0.622475,-0.559786,-0.270658,0.832626,0.488770
0.000000,-0.000000,0.050000,0.000000,0.001521,-0.625474,0.000000,-0.000392,0.393560
0.000000,-0.000000,-0.050000,0.000000,-0.000585,-0.625980,0.000000,0.001372,0.392777
0.002613,-0.004526,-0.049726,0.325906,-0.565088,-0.560522,0.438351,-0.757890,0.487988
0.005198,-0.009003,-0.048907,0.645216,-1.118163,-0.363891,0.863216,-1.493787,0.772195
0.007725,-0.013381,-0.047553,0.950477,-1.646902,-0.035464,1.260749,-2.182339,1.240012
0.010168,-0.017612,-0.045677,1.232690,-2.135713,0.424323,1.616566,-2.798631,1.881444
0.012500,-0.021651,-0.043301,1.480956,-2.565718,1.011967,1.915853,-3.317014,2.680602
0.014695,-0.025452,-0.040451,1.682605,-2.914965,1.718501,2.143864,-3.711946,3.614360
0.016728,-0.028974,-0.037157,1.823885,-3.159636,2.527140,2.286808,-3.959546,4.651342
0.018579,-0.032179,-0.033457,1.891240,-3.276243,3.411477,2.333076,-4.039714,5.751630
0.020225,-0.035031,-0.029389,1.873048,-3.244655,4.334797,2.274661,-3.938582,6.867496
0.021651,-0.037500,-0.025000,1.761621,-3.051555,5.250946,2.108542,-3.650921,7.945344
0.022839,-0.039558,-0.020337,1.555110,-2.693740,6.107017,1.837810,-3.182087,8.928832
0.023776,-0.041182,-0.015451,1.258935,-2.180598,6.847736,1.472293,-2.549102,9.762913
0.024454,-0.042355,-0.010396,0.886363,-1.535112,7.421074,1.028505,-1.780564,10.398357
0.024863,-0.043064,-0.005226,0.457999,-0.792979,7.784250,0.528848,-0.915273,10.796179
0.025000,-0.043301,0.000000,0.000147,0.000238,7.909082,0.000116,0.000371,10.931351
0.024863,-0.043064,0.005226,-0.457773,0.793574,7.785694,-0.528561,0.915917,10.795274
0.024454,-0.042355,0.010396,-0.886333,1.536049,7.423847,-1.028059,1.780930,10.396643
0.023776,-0.041182,0.015451,-1.259206,2.182058,6.851623,-1.471609,2.549049,9.760564
0.022839,-0.039558,0.020337,-1.555751,2.695842,6.111726,-1.836842,3.181534,8.926081
0.021651,-0.037500,0.025000,-1.762656,3.054340,5.256140,-2.107283,3.649854,7.942449
0.020225,-0.035031,0.029389,-1.874456,3.248086,4.340128,-2.273146,3.937057,6.864708
0.018579,-0.032179,0.033457,-1.892957,3.280205,3.416624,-2.331372,4.037845,5.749167
0.016728,-0.028974,0.037157,-1.825811,3.163955,2.531831,-2.285005,3.957490,4.649365
0.014695,-0.025452,0.040451,-1.684615,2.919424,1.722540,-2.142067,3.709882,3.612964
0.012500,-0.021651,0.043301,-1.482914,2.570077,1.015241,-1.914169,3.315126,2.679815
0.010168,-0.017612,0.045677,-1.234459,2.139735,0.426808,-1.615092,2.797093,1.881228
0.007725,-0.013381,0.047553,-0.951931,1.650369,-0.033710,-1.259571,2.181298,1.240274
0.005198,-0.009003,0.048907,-0.646250,1.120897,-0.362743,-0.862398,1.493358,0.772801
0.002613,-0.004526,0.049726,-0.326445,0.566959,-0.559801,-0.437933,0.758148,0.488773
0.000000,-0.000000,0.050000,0.000000,0.001521,-0.625474,0.000000,-0.000392,0.393560
0.000000,-0.000000,-0.050000,0.000000,-0.000585,-0.625980,0.000000,0.001372,0.392777
0.003497,-0.003884,-0.049726,0.436148,-0.484991,-0.560530,0.586626,-0.650156,0.488007
0.006956,-0.007725,-0.048907,0.863469,-0.959591,-0.363906,1.155204,-1.281632,0.772231
0.010339,-0.011482,-0.047553,1.271991,-1.413309,-0.035485,1.687202,-1.872476,1.240066
0.013608,-0.015113,-0.045677,1.649669,-1.832766,0.424296,2.163370,-2.401313,1.881517
0.016728,-0.018579,-0.043301,1.981919,-2.201759,1.011935,2.563887,-2.846132,2.680692
0.019665,-0.021840,-0.040451,2.251782,-2.501453,1.718468,2.869016,-3.185017,3.614465
0.022387,-0.024863,-0.037157,2.440856,-2.711405,2.527107,3.060304,-3.397477,4.651462
0.024863,-0.027613,-0.033457,2.530996,-2.811461,3.411447,3.122215,-3.466265,5.751761
0.027067,-0.030061,-0.029389,2.506650,-2.784344,4.334772,3.044034,-3.379481,6.867635
0.028974,-0.032179,-0.025000,2.357528,-2.618625,5.250927,2.821718,-3.132642,7.945489
0.030564,-0.033945,-0.020337,2.081156,-2.311556,6.107003,2.459407,-2.730343,8.928980
0.031819,-0.035339,-0.015451,1.684785,-1.871193,6.847726,1.970251,-2.187191,9.763059
0.032725,-0.036345,-0.010396,1.186172,-1.317258,7.421065,1.376350,-1.527726,10.398499
0.033273,-0.036954,-0.005226,0.612895,-0.680386,7.784237,0.707685,-0.785242,10.796314
0.033457,-0.037157,0.000000,0.000153,0.000323,7.909060,0.000111,0.000448,10.931478
0.033273,-0.036954,0.005226,-0.612678,0.681133,7.785659,-0.707387,0.786052,10.795391
0.032725,-0.036345,0.010396,-1.186215,1.318295,7.423796,-1.375836,1.528293,10.396749
0.031819,-0.035339,0.015451,-1.685225,1.872672,6.851554,-1.969412,2.187392,9.760660
0.030564,-0.033945,0.020337,-2.082083,2.313578,6.111640,-2.458181,2.730105,8.926166
0.028974,-0.032179,0.025000,-2.358974,2.621224,5.256038,-2.820096,3.131953,7.942523
0.027067,-0.030061,0.029389,-2.508586,2.787487,4.340016,-3.042059,3.378387,6.864771
0.024863,-0.027613,0.033457,-2.533336,2.815049,3.416506,-3.119978,3.464863,5.749220
0.022387,-0.024863,0.037157,-2.443467,2.715289,2.531714,-3.057925,3.395902,4.649410
0.019665,-0.021840,0.040451,-2.254497,2.505445,1.722429,-2.866638,3.183423,3.613001
0.016728,-0.018579,0.043301,-1.984557,2.205657,1.015142,-2.561651,2.844679,2.679844
0.013608,-0.015113,0.045677,-1.652048,1.836365,0.426725,-2.161410,2.400151,1.881250
0.010339,-0.011482,0.047553,-1.273943,1.416427,-0.033775,-1.685632,1.871733,1.240290
0.006956,-0.007725,0.048907,-0.864856,0.962074,-0.362787,-1.154112,1.281407,0.772811
0.003497,-0.003884,0.049726,-0.436870,0.486730,-0.559823,-0.586068,0.650518,0.488778
0.000000,-0.000000,0.050000,0.000000,0.001521,-0.625474,0.000000,-0.000392,0.393560
0.000000,-0.000000,-0.050000,0.000000,-0.000585,-0.625980,0.000000,0.001372,0.392777
0.004228,-0.003072,-0.049726,0.527328,-0.383723,-0.560539,0.709263,-0.513947,0.488030
0.008410,-0.006110,-0.048907,1.043986,-0.759106,-0.363924,1.396700,-1.013403,0.772278
0.012500,-0.009082,-0.047553,1.537917,-1.117973,-0.035512,2.039907,-1.480719,1.240136
0.016453,-0.011954,-0.045677,1.994556,-1.449740,0.424261,2.615611,-1.898987,1.881608
0.020225,-0.014695,-0.043301,2.396271,-1.741594,1.011895,3.099846,-2.250802,2.680803
0.023776,-0.017275,-0.040451,2.722556,-1.978633,1.718425,3.468751,-2.518830,3.614595
0.027067,-0.019665,-0.037157,2.951163,-2.144688,2.527064,3.700014,-2.686865,4.651608
0.030061,-0.021840,-0.033457,3.060150,-2.223816,3.411406,3.774856,-2.741269,5.751921
0.032725,-0.023776,-0.029389,3.030713,-2.202351,4.334734,3.680319,-2.672631,6.867804
0.035031,-0.025452,-0.025000,2.850410,-2.071252,5.250895,3.411520,-2.477405,7.945663
0.036954,-0.026848,-0.020337,2.516249,-1.828346,6.106976,2.973462,-2.159228,8.929154
0.038471,-0.027951,-0.015451,2.036999,-1.480003,6.847701,2.382047,-1.729653,9.763230
0.039567,-0.028747,-0.010396,1.434128,-1.041827,7.421038,1.663993,-1.208089,10.398663
0.040229,-0.029228,-0.005226,0.740980,-0.538047,7.784204,0.855551,-0.620868,10.796468
0.040451,-0.029389,0.000000,0.000118,0.000408,7.909016,0.000068,0.000522,10.931620
0.040229,-0.029228,0.005226,-0.740851,0.538940,7.785599,-0.855322,0.621843,10.795522
0.039567,-0.028747,0.010396,-1.434307,1.042946,7.423717,-1.663498,1.208867,10.396867
0.038471,-0.027951,0.015451,-2.037650,1.481467,6.851454,-2.381151,1.730134,9.760766
0.036954,-0.026848,0.020337,-2.517478,1.830231,6.111520,-2.972088,2.159353,8.926261
0.035031,-0.025452,0.025000,-2.852253,2.073584,5.255902,-3.409654,2.477161,7.942606
0.032725,-0.023776,0.029389,-3.033134,2.205102,4.339869,-3.678013,2.672054,6.864844
0.030061,-0.021840,0.033457,-3.063045,2.226908,3.416354,-3.772217,2.740435,5.749283
0.027067,-0.019665,0.037157,-2.954371,2.148002,2.531564,-3.697192,2.685881,4.649462
0.023776,-0.017275,0.040451,-2.725878,1.982022,1.722289,-3.465915,2.517817,3.613044
0.020225,-0.014695,0.043301,-2.399487,1.744898,1.015016,-3.097170,2.249889,2.679878
0.016453,-0.011954,0.045677,-1.997449,1.452800,0.426620,-2.613260,1.898293,1.881277
0.012500,-0.009082,0.047553,-1.540286,1.120644,-0.033856,-2.038020,1.480347,1.240309
0.008410,-0.006110,0.048907,-1.045668,0.761270,-0.362842,-1.395384,1.013436,0.772824
0.004228,-0.003072,0.049726,-0.528202,0.385295,-0.559851,-0.708589,0.514440,0.488785
0.000000,-0.000000,0.050000,0.000000,0.001521,-0.625474,0.000000,-0.000392,0.393560
0.000000,-0.000000,-0.050000,0.000000,-0.000585,-0.625980,0.000000,0.001372,0.392777
0.004775,-0.002126,-0.049726,0.595462,-0.265709,-0.560549,0.800900,-0.355218,0.488057
0.009497,-0.004228,-0.048907,1.178878,-0.525468,-0.363945,1.577150,-0.700826,0.772332
0.014115,-0.006284,-0.047553,1.736630,-0.773798,-0.035543,2.303451,-1.024190,1.240216
0.018579,-0.008272,-0.045677,2.252276,-1.003375,0.424222,2.953523,-1.313613,1.881713
0.022839,-0.010168,-0.043301,2.705901,-1.205329,1.011849,3.500305,-1.557051,2.680931
0.026848,-0.011954,-0.040451,3.074350,-1.369350,1.718374,3.916856,-1.742512,3.614744
0.030564,-0.013608,-0.037157,3.332499,-1.484246,2.527011,4.177980,-1.858783,4.651774
0.033945,-0.015113,-0.033457,3.455570,-1.538984,3.411353,4.262474,-1.896430,5.752099
0.036954,-0.016453,-0.029389,3.422327,-1.524106,4.334684,4.155708,-1.848942,6.867990
0.039558,-0.017612,-0.025000,3.218720,-1.433355,5.250847,3.852169,-1.713868,7.945851
0.041728,-0.018579,-0.020337,2.841370,-1.265226,6.106930,3.357508,-1.493724,8.929339
0.043442,-0.019341,-0.015451,2.300178,-1.024129,6.847654,2.689683,-1.196506,9.763408
0.044679,-0.019892,-0.010396,1.619389,-0.720861,7.420987,1.878864,-0.835642,10.398830
0.045427,-0.020225,-0.005226,0.836656,-0.372191,7.784144,0.965983,-0.429353,10.796623
0.045677,-0.020337,0.000000,0.000044,0.000474,7.908942,-0.000011,0.000576,10.931761
0.045427,-0.020225,0.005226,-0.836686,0.373192,7.785507,-0.965898,0.430456,10.795649
0.044679,-0.019892,0.010396,-1.619760,0.722015,7.423605,-1.878472,0.836605,10.396982
0.043442,-0.019341,0.015451,-2.301070,1.025516,6.851320,-2.688827,1.197256,9.760869
0.041728,-0.018579,0.020337,-2.842898,1.266899,6.111367,-3.356098,1.494219,8.926354
0.039558,-0.017612,0.025000,-3.220925,1.435330,5.255733,-3.850186,1.714097,7.942689
0.036954,-0.016453,0.029389,-3.425166,1.526363,4.339690,-4.153210,1.848929,6.864917
0.033945,-0.015113,0.033457,-3.458925,1.541467,3.416173,-4.259582,1.896226,5.749347
0.030564,-0.013608,0.037157,-3.336189,1.486873,2.531388,-4.174862,1.858462,4.649517
0.026848,-0.011954,0.040451,-3.078152,1.372019,1.722124,-3.913705,1.742158,3.613090
0.022839,-0.010168,0.043301,-2.709569,1.207930,1.014870,-3.497321,1.556753,2.679916
0.018579,-0.008272,0.045677,-2.255566,1.005797,0.426498,-2.950892,1.313456,1.881306
0.014115,-0.006284,0.047553,-1.739319,0.775945,-0.033951,-2.301333,1.024247,1.240331
0.009497,-0.004228,0.048907,-1.180782,0.527259,-0.362906,-1.575670,0.701155,0.772838
0.004775,-0.002126,0.049726,-0.596450,0.267087,-0.559883,-0.800141,0.355861,0.488792
0.000000,-0.000000,0.050000,0.000000,0.001521,-0.625474,0.000000,-0.000392,0.393560
0.000000,-0.000000,-0.050000,0.000000,-0.000585,-0.625980,0.000000,0.001372,0.392777
0.005112,-0.001087,-0.049726,0.637572,-0.136109,-0.560561,0.857534,-0.180904,0.488087
0.010168,-0.002161,-0.048907,1.262247,-0.268889,-0.363968,1.688668,-0.357562,0.772391
0.015113,-0.003212,-0.047553,1.859447,-0.395826,-0.035577,2.466316,-0.522847,1.240303
0.019892,-0.004228,-0.045677,2.411563,-0.513175,0.424178,3.162340,-0.670780,1.881826
0.024454,-0.005198,-0.043301,2.897273,-0.616401,1.011797,3.747767,-0.795208,2.681069
0.028747,-0.006110,-0.040451,3.291785,-0.700231,1.718316,4.193750,-0.890003,3.614902
0.032725,-0.006956,-0.037157,3.568192,-0.758943,2.526949,4.473316,-0.949437,4.651948
0.036345,-0.007725,-0.033457,3.699967,-0.786895,3.411290,4.563763,-0.968689,5.752284
0.039567,-0.008410,-0.029389,3.664369,-0.779251,4.334619,4.449429,-0.944435,6.868179
0.042355,-0.009003,-0.025000,3.446354,-0.732812,5.250781,4.124413,-0.875422,7.946039
0.044679,-0.009497,-0.020337,3.042302,-0.646809,6.106861,3.594768,-0.762939,8.929520
0.046514,-0.009887,-0.015451,2.462818,-0.523496,6.847581,2.879722,-0.611071,9.763577
0.047839,-0.010168,-0.010396,1.733859,-0.368395,7.420906,2.011578,-0.426682,10.398985
0.048639,-0.010339,-0.005226,0.895745,-0.190079,7.784051,1.034164,-0.219082,10.796762
0.048907,-0.010396,0.000000,-0.000057,0.000505,7.908833,-0.000115,0.000596,10.931885
0.048639,-0.010339,0.005226,-0.895984,0.191117,7.785380,-1.034276,0.220247,10.795759
0.047839,-0.010168,0.010396,-1.734453,0.369510,7.423456,-2.011354,0.427772,10.397080
0.046514,-0.009887,0.015451,-2.463955,0.524729,6.851152,-2.878988,0.612047,9.760957
0.044679,-0.009497,0.020337,-3.044105,0.648185,6.111181,-3.593424,0.763776,8.926433
0.042355,-0.009003,0.025000,-3.448860,0.734338,5.255534,-4.122436,0.876114,7.942762
0.039567,-0.008410,0.029389,-3.667532,0.780916,4.339484,-4.446880,0.944992,6.864984
0.036345,-0.007725,0.033457,-3.703660,0.788669,3.415967,-4.560770,0.969136,5.749407
0.032725,-0.006956,0.037157,-3.572223,0.760783,2.531190,-4.470059,0.949811,4.649571
0.028747,-0.006110,0.040451,-3.295915,0.702085,1.721942,-4.190439,0.890348,3.613137
0.024454,-0.005198,0.043301,-2.901243,0.618212,1.014709,-3.744616,0.795569,2.679956
0.019892,-0.004228,0.045677,-2.415113,0.514888,0.426363,-3.159551,0.671202,1.881338
0.015113,-0.003212,0.047553,-1.862341,0.397391,-0.034054,-2.464065,0.523368,1.240355
0.010168,-0.002161,0.048907,-1.264293,0.270266,-0.362976,-1.687091,0.358215,0.772854
0.005112,-0.001087,0.049726,-0.638632,0.137272,-0.559919,-0.856722,0.181713,0.488799
0.000000,-0.000000,0.050000,0.000000,0.001521,-0.625474,0.000000,-0.000392,0.393560
0.000000,0.000000,-0.050000,0.000000,-0.000585,-0.625980,0.000000,0.001372,0.392777
0.005226,0.000000,-0.049726,0.651817,-0.000584,-0.560573,0.876688,0.001375,0.488118
0.010396,0.000000,-0.048907,1.290451,-0.000582,-0.363992,1.726381,0.001384,0.772452
0.015451,0.000000,-0.047553,1.900997,-0.000576,-0.035612,2.521387,0.001398,1.240393
0.020337,0.000000,-0.045677,2.465454,-0.000566,0.424133,3.232940,0.001412,1.881944
0.025000,0.000000,-0.043301,2.962021,-0.000547,1.011743,3.831421,0.001424,2.681210
0.029389,0.000000,-0.040451,3.365351,-0.000519,1.718255,4.287341,0.001428,3.615063
0.033457,0.000000,-0.037157,3.647936,-0.000477,2.526881,4.573125,0.001419,4.652123
0.037157,0.000000,-0.033457,3.782653,-0.000418,3.411216,4.665568,0.001393,5.752466
0.040451,0.000000,-0.029389,3.746254,-0.000341,4.334541,4.548660,0.001344,6.868362
0.043301,0.000000,-0.025000,3.523356,-0.000244,5.250697,4.216370,0.001271,7.946215
0.045677,0.000000,-0.020337,3.110260,-0.000127,6.106770,3.674888,0.001172,8.929685
0.047553,0.000000,-0.015451,2.517807,0.000008,6.847481,2.943874,0.001048,9.763726
0.048907,0.000000,-0.010396,1.772537,0.000160,7.420794,2.056352,0.000903,10.399115
0.049726,0.000000,-0.005226,0.915672,0.000323,7.783924,1.057126,0.000741,10.796873
0.050000,0.000000,0.000000,-0.000170,0.000493,7.908688,-0.000228,0.000571,10.931979
0.049726,0.000000,0.005226,-0.916136,0.000664,7.785215,-1.057459,0.000400,10.795839
0.048907,0.000000,0.010396,-1.773355,0.000829,7.423273,-2.056332,0.000235,10.397150
0.047553,0.000000,0.015451,-2.519167,0.000983,6.850951,-2.943319,0.000084,9.761020
0.045677,0.000000,0.020337,-3.112280,0.001120,6.110966,-3.673691,-0.000049,8.926492
0.043301,0.000000,0.025000,-3.526073,0.001238,5.255312,-4.214506,-0.000159,7.942818
0.040451,0.000000,0.029389,-3.749619,0.001334,4.339259,-4.546187,-0.000245,6.865038
0.037157,0.000000,0.033457,-3.786537,0.001407,3.415746,-4.662619,-0.000309,5.749459
0.033457,0.000000,0.037157,-3.652142,0.001460,2.530980,-4.569884,-0.000353,4.649619
0.029389,0.000000,0.040451,-3.369637,0.001495,1.721749,-4.284022,-0.000380,3.613180
0.025000,0.000000,0.043301,-2.966124,0.001515,1.014541,-3.828246,-0.000394,2.679993
0.020337,0.000000,0.045677,-2.469112,0.001524,0.426223,-3.230119,-0.000399,1.881369
0.015451,0.000000,0.047553,-1.903973,0.001526,-0.034162,-2.519102,-0.000398,1.240379
0.010396,0.000000,0.048907,-1.292550,0.001524,-0.363050,-1.724776,-0.000396,0.772870
0.005226,0.000000,0.049726,-0.652902,0.001522,-0.559956,-0.875861,-0.000393,0.488807
0.000000,0.000000,0.050000,0.000000,0.001521,-0.625474,0.000000,-0.000392,0.393560
0.000000,0.000000,-0.050000,0.000000,-0.000585,-0.625980,0.000000,0.001372,0.392777
0.005112,0.001087,-0.049726,0.637574,0.134941,-0.560585,0.857527,0.183653,0.488149
0.010168,0.002161,-0.048907,1.262255,0.267727,-0.364016,1.688643,0.360326,0.772513
0.015113,0.003212,-0.047553,1.859464,0.394677,-0.035647,2.466260,0.525631,1.240483
0.019892,0.004228,-0.045677,2.411591,0.512050,0.424088,3.162244,0.673585,1.882060
0.024454,0.005198,-0.043301,2.897311,0.615314,1.011688,3.747621,0.798025,2.681348
0.028747,0.006110,-0.040451,3.291830,0.699203,1.718191,4.193551,0.892817,3.615218
0.032725,0.006956,-0.037157,3.568240,0.758000,2.526810,4.473062,0.952221,4.652289
0.036345,0.007725,-0.033457,3.700010,0.786067,3.411136,4.563458,0.971410,5.752636
0.039567,0.008410,-0.029389,3.664398,0.778575,4.334452,4.449084,0.947050,6.868528
0.042355,0.009003,-0.025000,3.446359,0.732324,5.250598,4.124042,0.877885,7.946371
0.044679,0.009497,-0.020337,3.042274,0.646547,6.106659,3.594390,0.765202,8.929824
0.046514,0.009887,-0.015451,2.462747,0.523497,6.847355,2.879357,0.613089,9.763845
0.047839,0.010168,-0.010396,1.733740,0.368689,7.420652,2.011248,0.428417,10.399212
0.048639,0.010339,-0.005226,0.895576,0.190690,7.783765,1.033884,0.220506,10.796950
0.048907,0.010396,0.000000,-0.000276,0.000435,7.908511,-0.000331,0.000501,10.932038
0.048639,0.010339,0.005226,-0.896245,-0.189844,7.785020,-1.034422,-0.219479,10.795885
0.047839,0.010168,0.010396,-1.734746,-0.367914,7.423061,-2.011432,-0.427319,10.397187
0.046514,0.009887,0.015451,-2.464269,-0.522830,6.850726,-2.879006,-0.611883,9.761053
0.044679,0.009497,0.020337,-3.044423,-0.646012,6.110732,-3.593393,-0.763867,8.926525
0.042355,0.009003,0.025000,-3.449169,-0.731928,5.255073,-4.122372,-0.876418,7.942853
0.039567,0.008410,0.029389,-3.667819,-0.778309,4.339023,-4.446797,-0.945464,6.865075
0.036345,0.007725,0.033457,-3.703915,-0.785908,3.415518,-4.560681,-0.969736,5.749498
0.032725,0.006956,0.037157,-3.572437,-0.757908,2.530766,-4.469976,-0.950499,4.649659
0.028747,0.006110,0.040451,-3.296084,-0.699131,1.721556,-4.190368,-0.891092,3.613219
0.024454,0.005198,0.043301,-2.901368,-0.615209,1.014372,-3.744561,-0.796344,2.680028
0.019892,0.004228,0.045677,-2.415197,-0.511858,0.426083,-3.159514,-0.671991,1.881399
0.015113,0.003212,0.047553,-1.862390,-0.394350,-0.034270,-2.464043,-0.524160,1.240402
0.010168,0.002161,0.048907,-1.264315,-0.267223,-0.363123,-1.687080,-0.359005,0.772885
0.005112,0.001087,0.049726,-0.638637,-0.134228,-0.559993,-0.856720,-0.182499,0.488816
0.000000,0.000000,0.050000,0.000000,0.001521,-0.625474,0.000000,-0.000392,0.393560
0.000000,0.000000,-0.050000,0.000000,-0.000585,-0.625980,0.000000,0.001372,0.392777
0.004775,0.002126,-0.049726,0.595466,0.264543,-0.560597,0.800889,0.357963,0.488178
0.009497,0.004228,-0.048907,1.178892,0.524311,-0.364039,1.577104,0.703574,0.772571
0.014115,0.006284,-0.047553,1.736661,0.772659,-0.035680,2.303350,1.026941,1.240568
0.018579,0.008272,-0.045677,2.252326,1.002266,0.424045,2.953347,1.316360,1.882169
0.022839,0.010168,-0.043301,2.705969,1.204265,1.011636,3.500040,1.559781,2.681478
0.026848,0.011954,-0.040451,3.074433,1.368349,1.718129,3.916492,1.745206,3.615362
0.030564,0.013608,-0.037157,3.332586,1.483332,2.526738,4.177516,1.861415,4.652440
0.033945,0.015113,-0.033457,3.455648,1.538183,3.411054,4.261918,1.898968,5.752788
0.036954,0.016453,-0.029389,3.422380,1.523447,4.334357,4.155078,1.851350,6.868673
0.039558,0.017612,-0.025000,3.218730,1.432870,5.250489,3.851491,1.716108,7.946501
0.041728,0.018579,-0.020337,2.841318,1.264947,6.106534,3.356817,1.495760,8.929934
0.043442,0.019341,-0.015451,2.300049,1.024087,6.847213,2.689016,1.198305,9.763931
0.044679,0.019892,-0.010396,1.619171,0.721083,7.420491,1.878259,0.837178,10.399275
0.045427,0.020225,-0.005226,0.836346,0.372700,7.783584,0.965473,0.430608,10.796990
0.045677,0.020337,0.000000,-0.000355,0.000335,7.908311,-0.000405,0.000391,10.932061
0.045427,0.020225,0.005226,-0.837163,-0.372076,7.784804,-0.966165,-0.429775,10.795896
0.044679,0.019892,0.010396,-1.620296,-0.720595,7.422832,-1.878614,-0.836199,10.397192
0.043442,0.019341,0.015451,-2.301642,-1.023805,6.850488,-2.688859,-1.197103,9.761058
0.041728,0.018579,0.020337,-2.843480,-1.264917,6.110489,-3.356041,-1.494291,8.926533
0.039558,0.017612,0.025000,-3.221490,-1.433106,5.254831,-3.850068,-1.714362,7.942867
0.036954,0.016453,0.029389,-3.425691,-1.523929,4.338787,-4.153058,-1.849352,6.865097
0.033945,0.015113,0.033457,-3.459390,-1.538859,3.415294,-4.259421,-1.896773,5.749525
0.030564,0.013608,0.037157,-3.336580,-1.484127,2.530559,-4.174710,-1.859100,4.649690
0.026848,0.011954,0.040451,-3.078462,-1.369167,1.721369,-3.913577,-1.742860,3.613250
0.022839,0.010168,0.043301,-2.709797,-1.205002,1.014210,-3.497223,-1.557496,2.680059
0.018579,0.008272,0.045677,-2.255719,-1.002818,0.425950,-2.950824,-1.314223,1.881425
0.014115,0.006284,0.047553,-1.739409,-0.772933,-0.034373,-2.301293,-1.025026,1.240423
0.009497,0.004228,0.048907,-1.180823,-0.524228,-0.363192,-1.575652,-0.701939,0.772900
0.004775,0.002126,0.049726,-0.596461,-0.264047,-0.560028,-0.800136,-0.356646,0.488823
0.000000,0.000000,0.050000,0.000000,0.001521,-0.625474,0.000000,-0.000392,0.393560
0.000000,0.000000,-0.050000,0.000000,-0.000585,-0.625980,0.000000,0.001372,0.392777
0.004228,0.003072,-0.049726,0.527333,0.382558,-0.560607,0.709248,0.516687,0.488205
0.008410,0.006110,-0.048907,1.044005,0.757956,-0.364059,1.396642,1.016129,0.772624
0.012500,0.009082,-0.047553,1.537956,1.116849,-0.035710,2.039778,1.483420,1.240645
0.016453,0.011954,-0.045677,1.994620,1.448656,0.424006,2.615386,1.901649,1.882267
0.020225,0.014695,-0.043301,2.396358,1.740563,1.011588,3.099506,2.253403,2.681593
0.023776,0.017275,-0.040451,2.722662,1.977672,1.718072,3.468285,2.521347,3.615489
0.027067,0.019665,-0.037157,2.951274,2.143816,2.526670,3.699421,2.689272,4.652572
0.030061,0.021840,-0.033457,3.060250,2.223052,3.410973,3.774145,2.743537,5.752916
0.032725,0.023776,-0.029389,3.030781,2.201718,4.334262,3.679513,2.674733,6.868791
0.035031,0.025452,-0.025000,2.850422,2.070772,5.250377,3.410653,2.479316,7.946602
0.036954,0.026848,-0.020337,2.516182,1.828042,6.106404,2.972578,2.160929,8.930013
0.038471,0.027951,-0.015451,2.036833,1.479899,6.847063,2.381194,1.731129,9.763986
0.039567,0.028747,-0.010396,1.433849,1.041944,7.420320,1.663220,1.209332,10.399305
0.040229,0.029228,-0.005226,0.740583,0.538404,7.783394,0.854897,0.621876,10.796999
0.040451,0.029389,0.000000,-0.000393,0.000208,7.908104,-0.000437,0.000254,10.932053
0.040229,0.029228,0.005226,-0.741461,-0.538056,7.784582,-0.855664,-0.621292,10.795878
0.039567,0.028747,0.010396,-1.434993,-1.041786,7.422600,-1.663681,-1.208530,10.397170
0.038471,0.027951,0.015451,-2.038382,-1.480033,6.850251,-2.381192,-1.729996,9.761038
0.036954,0.026848,0.020337,-2.518223,-1.828531,6.110252,-2.972016,-2.159398,8.926520
0.035031,0.025452,0.025000,-2.852977,-2.071634,5.254599,-3.409503,-2.477369,7.942864
0.032725,0.023776,0.029389,-3.033806,-2.202923,4.338564,-3.677819,-2.672403,6.865103
0.030061,0.021840,0.033457,-3.063640,-2.224526,3.415084,-3.772011,-2.740904,5.749540
0.027067,0.019665,0.037157,-2.954871,-2.145445,2.530367,-3.696998,-2.686446,4.649711
0.023776,0.017275,0.040451,-2.726275,-1.979321,1.721198,-3.465750,-2.518457,3.613275
0.020225,0.014695,0.043301,-2.399780,-1.742081,1.014063,-3.097044,-2.250584,2.680084
0.016453,0.011954,0.045677,-1.997645,-1.449896,0.425828,-2.613173,-1.899027,1.881448
0.012500,0.009082,0.047553,-1.540401,-1.117676,-0.034466,-2.037969,-1.481106,1.240442
0.008410,0.006110,0.048907,-1.045720,-0.758259,-0.363256,-1.395361,-1.014210,0.772914
0.004228,0.003072,0.049726,-0.528215,-0.382260,-0.560060,-0.708583,-0.515222,0.488830
0.000000,0.000000,0.050000,0.000000,0.001521,-0.625474,0.000000,-0.000392,0.393560
0.000000,0.000000,-0.050000,0.000000,-0.000585,-0.625980,0.000000,0.001372,0.392777
0.003497,0.003884,-0.049726,0.436153,0.483828,-0.560616,0.586611,0.652889,0.488228
0.006956,0.007725,-0.048907,0.863489,0.958449,-0.364076,1.155143,1.284333,0.772669
0.010339,0.011482,-0.047553,1.272032,1.412203,-0.035735,1.687066,1.875122,1.240710
0.013608,0.015113,-0.045677,1.649736,1.831709,0.423973,2.163135,2.403877,1.882350
0.016728,0.018579,-0.043301,1.982011,2.200766,1.011547,2.563532,2.848585,2.681690
0.019665,0.021840,-0.040451,2.251892,2.500538,1.718021,2.868529,3.187332,3.615594
0.022387,0.024863,-0.037157,2.440972,2.710581,2.526609,3.059683,3.399626,4.652680
0.024863,0.027613,-0.033457,2.531101,2.810741,3.410900,3.121471,3.468224,5.753020
0.027067,0.030061,-0.029389,2.506721,2.783740,4.334174,3.043190,3.381233,6.868883
0.028974,0.032179,-0.025000,2.357541,2.618150,5.250272,2.820811,3.134176,7.946677
0.030564,0.033945,-0.020337,2.081085,2.311223,6.106280,2.458482,2.731660,8.930066
0.031819,0.035339,-0.015451,1.684611,1.871016,6.846919,1.969359,2.188297,9.764016
0.032725,0.036345,-0.010396,1.185881,1.317254,7.420157,1.375541,1.528633,10.399312
0.033273,0.036954,-0.005226,0.612479,0.680571,7.783212,0.707002,0.785966,10.796986
0.033457,0.037157,0.000000,-0.000381,0.000070,7.907907,-0.000416,0.000109,10.932025
0.033273,0.036954,0.005226,-0.613316,-0.680513,7.784373,-0.707745,-0.785650,10.795841
0.032725,0.036345,0.010396,-1.186933,-1.317433,7.422384,-1.376027,-1.528036,10.397132
0.031819,0.035339,0.015451,-1.685991,-1.871557,6.850032,-1.969456,-2.187272,9.761004
0.030564,0.033945,0.020337,-2.082862,-2.312203,6.110036,-2.458106,-2.730119,8.926494
0.028974,0.032179,0.025000,-2.359731,-2.619589,5.254390,-2.819938,-3.132095,7.942848
0.027067,0.030061,0.029389,-2.509289,-2.785600,4.338366,-3.041856,-3.378652,6.865099
0.024863,0.027613,0.033457,-2.533959,-2.812925,3.414901,-3.119762,-3.465242,5.749546
0.022387,0.024863,0.037157,-2.443990,-2.712949,2.530200,-3.057723,-3.396382,4.649724
0.019665,0.021840,0.040451,-2.254912,-2.502916,1.721050,-2.866466,-3.183992,3.613293
0.016728,0.018579,0.043301,-1.984863,-2.202967,1.013936,-2.561519,-2.845319,2.680104
0.013608,0.015113,0.045677,-1.652253,-1.833546,0.425724,-2.161320,-2.400847,1.881467
0.010339,0.011482,0.047553,-1.274062,-1.413508,-0.034546,-1.685579,-1.872470,1.240458
0.006956,0.007725,0.048907,-0.864911,-0.959086,-0.363310,-1.154087,-1.282172,0.772925
0.003497,0.003884,0.049726,-0.436883,-0.483701,-0.560088,-0.586062,-0.651297,0.488836
0.000000,0.000000,0.050000,0.000000,0.001521,-0.625474,0.000000,-0.000392,0.393560
0.000000,0.000000,-0.050000,0.000000,-0.000585,-0.625980,0.000000,0.001372,0.392777
0.002613,0.004526,-0.049726,0.325910,0.563927,-0.560623,0.438337,0.760616,0.488246
0.005198,0.009003,-0.048907,0.645233,1.117029,-0.364090,0.863163,1.496464,0.772705
0.007725,0.013381,-0.047553,0.950513,1.645812,-0.035755,1.260631,2.184930,1.240762
0.010168,0.017612,-0.045677,1.232748,2.134683,0.423946,1.616361,2.801101,1.882415
0.012500,0.021651,-0.043301,1.481036,2.564762,1.011514,1.915544,3.319326,2.681765
0.014695,0.025452,-0.040451,1.682701,2.914094,1.717981,2.143440,3.714067,3.615676
0.016728,0.028974,-0.037157,1.823987,3.158858,2.526559,2.286267,3.961448,4.652762
0.018579,0.032179,-0.033457,1.891331,3.275565,3.410839,2.332429,4.041378,5.753097
0.020225,0.035031,-0.029389,1.873110,3.244080,4.334100,2.273927,3.939998,6.868949
0.021651,0.037500,-0.025000,1.761632,3.051085,5.250183,2.107752,3.652095,7.946728
0.022839,0.039558,-0.020337,1.555049,2.693379,6.106175,1.837005,3.183036,8.930098
0.023776,0.041182,-0.015451,1.258784,2.180352,6.846796,1.471517,2.549853,9.764027
0.024454,0.042355,-0.010396,0.886109,1.534992,7.420017,1.027801,1.781149,10.399304
0.024863,0.043064,-0.005226,0.457638,0.792999,7.783056,0.528253,0.915725,10.796961
0.025000,0.043301,0.000000,-0.000318,-0.000057,7.907738,-0.000344,-0.000024,10.931988
0.024863,0.043064,0.005226,-0.458328,-0.793208,7.784196,-0.528873,-0.915658,10.795798
0.024454,0.042355,0.010396,-0.886957,-1.535473,7.422202,-1.028226,-1.780748,10.397088
0.023776,0.041182,0.015451,-1.259873,-2.181247,6.849850,-1.471647,-2.548946,9.760965
0.022839,0.039558,0.020337,-1.556429,-2.694776,6.109858,-1.836776,-3.181517,8.926464
0.021651,0.037500,0.025000,-1.763315,-3.053006,5.254219,-2.107146,-3.649933,7.942828
0.020225,0.035031,0.029389,-1.875068,-3.246478,4.338205,-2.272969,-3.937241,6.865089
0.018579,0.032179,0.033457,-1.893498,-3.278329,3.414752,-2.331184,-4.038138,5.749546
0.016728,0.028974,0.037157,-1.826267,-3.161824,2.530066,-2.284828,-3.957890,4.649732
0.014695,0.025452,0.040451,-1.684976,-2.917059,1.720932,-2.141917,-3.710382,3.613306
0.012500,0.021651,0.043301,-1.483180,-2.567509,1.013835,-1.914053,-3.315714,2.680118
0.010168,0.017612,0.045677,-1.234637,-2.136997,0.425642,-1.615013,-2.797753,1.881482
0.007725,0.013381,0.047553,-0.952035,-1.647498,-0.034609,-1.259525,-2.182014,1.240470
0.005198,0.009003,0.048907,-0.646297,-1.117930,-0.363353,-0.862376,-1.494113,0.772934
0.002613,0.004526,0.049726,-0.326457,-0.563935,-0.560109,-0.437927,-0.758925,0.488840
0.000000,0.000000,0.050000,0.000000,0.001521,-0.625474,0.000000,-0.000392,0.393560
0.000000,0.000000,-0.050000,0.000000,-0.000585,-0.625980,0.000000,0.001372,0.392777
0.001615,0.004971,-0.049726,0.201424,0.619354,-0.560628,0.270907,0.835161,0.488259
0.003212,0.009887,-0.048907,0.398776,1.226763,-0.364099,0.533462,1.643254,0.772729
0.004775,0.014695,-0.047553,0.587450,1.807465,-0.035769,0.779109,2.399309,1.240797
0.006284,0.019341,-0.045677,0.761881,2.344336,0.423928,0.998959,3.075968,1.882460
0.007725,0.023776,-0.043301,0.915331,2.816639,1.011491,1.183860,3.645062,2.681817
0.009082,0.027951,-0.040451,1.039966,3.200267,1.717952,1.324704,4.078548,3.615731
0.010339,0.031819,-0.037157,1.127285,3.469056,2.526524,1.412971,4.350205,4.652817
0.011482,0.035339,-0.033457,1.168905,3.597211,3.410796,1.441496,4.437973,5.753148
0.012500,0.038471,-0.029389,1.157641,3.562622,4.334047,1.405337,4.326634,6.868992
0.013381,0.041182,-0.025000,1.088742,3.350662,5.250119,1.302634,4.010464,7.946759
0.014115,0.043442,-0.020337,0.961065,2.957816,6.106097,1.135302,3.495360,8.930115
0.014695,0.045225,-0.015451,0.777961,2.394399,6.846705,0.909420,2.800024,9.764029
0.015113,0.046514,-0.010396,0.547633,1.685653,7.419913,0.635191,1.955869,10.399292
0.015366,0.047292,-0.005226,0.282822,0.870788,7.782942,0.326459,1.005503,10.796937
0.015451,0.047553,0.000000,-0.000210,-0.000154,7.907615,-0.000226,-0.000126,10.931956
0.015366,0.047292,0.005226,-0.283277,-0.871199,7.784066,-0.326869,-1.005625,10.795762
0.015113,0.046514,0.010396,-0.548184,-1.686360,7.422070,-0.635481,-1.955622,10.397052
0.014695,0.045225,0.015451,-0.778659,-2.395555,6.849719,-0.909525,-2.799215,9.760932
0.014115,0.043442,0.020337,-0.961940,-2.959517,6.109730,-1.135184,-3.493871,8.926437
0.013381,0.041182,0.025000,-1.089802,-3.352930,5.254097,-1.302279,-4.008260,7.942810
0.012500,0.038471,0.029389,-1.158868,-3.565405,4.338092,-1.404762,-4.323766,6.865079
0.011482,0.035339,0.033457,-1.170258,-3.600386,3.414649,-1.440741,-4.434564,5.749543
0.010339,0.031819,0.037157,-1.128705,-3.472442,2.529973,-1.412093,-4.346436,4.649735
0.009082,0.027951,0.040451,-1.041381,-3.203644,1.720850,-1.323771,-4.074629,3.613313
0.007725,0.023776,0.043301,-0.916662,-2.819769,1.013766,-1.182945,-3.641215,2.680128
0.006284,0.019341,0.045677,-0.763052,-2.346982,0.425585,-0.998130,-3.072403,1.881491
0.004775,0.014695,0.047553,-0.588392,-1.809416,-0.034652,-0.778427,-2.396211,1.240478
0.003212,0.009887,0.048907,-0.399435,-1.227849,-0.363382,-0.532977,-1.640772,0.772940
0.001615,0.004971,0.049726,-0.201762,-0.619456,-0.560124,-0.270654,-0.833401,0.488844
0.000000,0.000000,0.050000,0.000000,0.001521,-0.625474,0.000000,-0.000392,0.393560
0.000000,0.000000,-0.050000,0.000000,-0.000585,-0.625980,0.000000,0.001372,0.392777
0.000546,0.005198,-0.049726,0.068134,0.647687,-0.560630,0.091637,0.873267,0.488265
0.001087,0.010339,-0.048907,0.134891,1.282856,-0.364104,0.180449,1.718288,0.772742
0.001615,0.015366,-0.047553,0.198712,1.890097,-0.035776,0.263542,2.508892,1.240815
0.002126,0.020225,-0.045677,0.257715,2.451504,0.423919,0.337908,3.216470,1.882483
0.002613,0.024863,-0.043301,0.309621,2.945392,1.011479,0.400452,3.811566,2.681843
0.003072,0.029228,-0.040451,0.351780,3.346549,1.717938,0.448093,4.264856,3.615759
0.003497,0.033273,-0.037157,0.381317,3.627619,2.526506,0.477950,4.548922,4.652844
0.003884,0.036954,-0.033457,0.395395,3.761626,3.410774,0.487598,4.640695,5.753173
0.004228,0.040229,-0.029389,0.391584,3.725449,4.334019,0.475366,4.524264,6.869013
0.004526,0.043064,-0.025000,0.368278,3.503795,5.250085,0.440625,4.193645,7.946773
0.004775,0.045427,-0.020337,0.325089,3.092987,6.106057,0.384024,3.655003,8.930122
0.004971,0.047292,-0.015451,0.263152,2.503810,6.846658,0.307617,2.927897,9.764028
0.005112,0.048639,-0.010396,0.185241,1.762664,7.419859,0.214856,2.045175,10.399284
0.005198,0.049454,-0.005226,0.095666,0.910548,7.782881,0.110425,1.051391,10.796923
0.005226,0.049726,0.000000,-0.000074,-0.000207,7.907549,-0.000079,-0.000180,10.931937
0.005198,0.049454,0.005226,-0.095824,-0.911069,7.783998,-0.110569,-1.051616,10.795741
0.005112,0.048639,0.010396,-0.185432,-1.763493,7.422001,-0.214959,-2.045012,10.397031
0.004971,0.047292,0.015451,-0.263392,-2.505106,6.849650,-0.307656,-2.927144,9.760913
0.004775,0.045427,0.020337,-0.325389,-3.094848,6.109663,-0.383987,-3.653535,8.926422
0.004526,0.043064,0.025000,-0.368640,-3.506244,5.254034,-0.440509,-4.191424,7.942799
0.004228,0.040229,0.029389,-0.392002,-3.728432,4.338033,-0.475175,-4.521343,6.865073
0.003884,0.036954,0.033457,-0.395855,-3.765014,3.414595,-0.487345,-4.637203,5.749541
0.003497,0.033273,0.037157,-0.381799,-3.631223,2.529925,-0.477655,-4.545047,4.649737
0.003072,0.029228,0.040451,-0.352260,-3.350139,1.720808,-0.447779,-4.260819,3.613317
0.002613,0.024863,0.043301,-0.310072,-2.948718,1.013730,-0.400144,-3.807600,2.680132
0.002126,0.020225,0.045677,-0.258112,-2.454321,0.425556,-0.337628,-3.212795,1.881496
0.001615,0.015366,0.047553,-0.199031,-1.892185,-0.034674,-0.263311,-2.505702,1.240482
0.001087,0.010339,0.048907,-0.135114,-1.284036,-0.363397,-0.180285,-1.715739,0.772943
0.000546,0.005198,0.049726,-0.068248,-0.647836,-0.560132,-0.091552,-0.871471,0.488845
0.000000,0.000000,0.050000,0.000000,0.001521,-0.625474,0.000000,-0.000392,0.393560
-0.000000,0.000000,-0.050000,0.000000,-0.000585,-0.625980,0.000000,0.001372,0.392777
-0.000546,0.005198,-0.049726,-0.068134,0.647687,-0.560630,-0.091637,0.873267,0.488265
-0.001087,0.010339,-0.048907,-0.134891,1.282856,-0.364104,-0.180449,1.718288,0.772742
-0.001615,0.015366,-0.047553,-0.198712,1.890097,-0.035776,-0.263542,2.508892,1.240815
-0.002126,0.020225,-0.045677,-0.257715,2.451504,0.423919,-0.337908,3.216470,1.882483
-0.002613,0.024863,-0.043301,-0.309621,2.945392,1.011479,-0.400452,3.811566,2.681843
-0.003072,0.029228,-0.040451,-0.351780,3.346549,1.717938,-0.448093,4.264856,3.615759
-0.003497,0.033273,-0.037157,-0.381317,3.627619,2.526506,-0.477950,4.548922,4.652844
-0.003884,0.036954,-0.033457,-0.395395,3.761626,3.410774,-0.487598,4.640695,5.753173
-0.004228,0.040229,-0.029389,-0.391584,3.725449,4.334019,-0.475366,4.524264,6.869013
-0.004526,0.043064,-0.025000,-0.368278,3.503795,5.250085,-0.440625,4.193645,7.946773
-0.004775,0.045427,-0.020337,-0.325089,3.092987,6.106057,-0.384024,3.655003,8.930122
-0.004971,0.047292,-0.015451,-0.263152,2.503810,6.846658,-0.307617,2.927897,9.764028
-0.005112,0.048639,-0.010396,-0.185241,1.762664,7.419859,-0.214856,2.045175,10.399284
-0.005198,0.049454,-0.005226,-0.095666,0.910548,7.782881,-0.110425,1.051391,10.796923
-0.005226,0.049726,0.000000,0.000074,-0.000207,7.907549,0.000079,-0.000180,10.931937
-0.005198,0.049454,0.005226,0.095824,-0.911069,7.783998,0.110569,-1.051616,10.795741
-0.005112,0.048639,0.010396,0.185432,-1.763493,7.422001,0.214959,-2.045012,10.397031
-0.004971,0.047292,0.015451,0.263392,-2.505106,6.849650,0.307656,-2.927144,9.760913
-0.004775,0.045427,0.020337,0.325389,-3.094848,6.109663,0.383987,-3.653535,8.926422
-0.004526,0.043064,0.025000,0.368640,-3.506244,5.254034,0.440509,-4.191424,7.942799
-0.004228,0.040229,0.029389,0.392002,-3.728432,4.338033,0.475175,-4.521343,6.865073
-0.003884,0.036954,0.033457,0.395855,-3.765014,3.414595,0.487345,-4.637203,5.749541
-0.003497,0.033273,0.037157,0.381799,-3.631223,2.529925,0.477655,-4.545047,4.649737
-0.003072,0.029228,0.040451,0.352260,-3.350139,1.720808,0.447779,-4.260819,3.613317
-0.002613,0.024863,0.043301,0.310072,-2.948718,1.013730,0.400144,-3.807600,2.680132
-0.002126,0.020225,0.045677,0.258112,-2.454321,0.425556,0.337628,-3.212795,1.881496
-0.001615,0.015366,0.047553,0.199031,-1.892185,-0.034674,0.263311,-2.505702,1.240482
-0.001087,0.010339,0.048907,0.135114,-1.284036,-0.363397,0.180285,-1.715739,0.772943
-0.000546,0.005198,0.049726,0.068248,-0.647836,-0.560132,0.091552,-0.871471,0.488845
-0.000000,0.000000,0.050000,0.000000,0.001521,-0.625474,0.000000,-0.000392,0.393560
-0.000000,0.000000,-0.050000,0.000000,-0.000585,-0.625980,0.000000,0.001372,0.392777
-0.001615,0.004971,-0.049726,-0.201424,0.619354,-0.560628,-0.270907,0.835161,0.488259
-0.003212,0.009887,-0.048907,-0.398776,1.226763,-0.364099,-0.533462,1.643254,0.772729
-0.004775,0.014695,-0.047553,-0.587450,1.807465,-0.035769,-0.779109,2.399309,1.240797
-0.006284,0.019341,-0.045677,-0.761881,2.344336,0.423928,-0.998959,3.075968,1.882460
-0.007725,0.023776,-0.043301,-0.915331,2.816639,1.011491,-1.183860,3.645062,2.681817
-0.009082,0.027951,-0.040451,-1.039966,3.200267,1.717952,-1.324704,4.078548,3.615731
-0.010339,0.031819,-0.037157,-1.127285,3.469056,2.526524,-1.412971,4.350205,4.652817
-0.011482,0.035339,-0.033457,-1.168905,3.597211,3.410796,-1.441496,4.437973,5.753148
-0.012500,0.038471,-0.029389,-1.157641,3.562622,4.334047,-1.405337,4.326634,6.868992
-0.013381,0.041182,-0.025000,-1.088742,3.350662,5.250119,-1.302634,4.010464,7.946759
-0.014115,0.043442,-0.020337,-0.961065,2.957816,6.106097,-1.135302,3.495360,8.930115
-0.014695,0.045225,-0.015451,-0.777961,2.394399,6.846705,-0.909420,2.800024,9.764029
-0.015113,0.046514,-0.010396,-0.547633,1.685653,7.419913,-0.635191,1.955869,10.399292
-0.015366,0.047292,-0.005226,-0.282822,0.870788,7.782942,-0.326459,1.005503,10.796937
-0.015451,0.047553,0.000000,0.000210,-0.000154,7.907615,0.000226,-0.000126,10.931956
-0.015366,0.047292,0.005226,0.283277,-0.871199,7.784066,0.326869,-1.005625,10.795762
-0.015113,0.046514,0.010396,0.548184,-1.686360,7.422070,0.635481,-1.955622,10.397052
-0.014695,0.045225,0.015451,0.778659,-2.395555,6.849719,0.909525,-2.799215,9.760932
-0.014115,0.043442,0.020337,0.961940,-2.959517,6.109730,1.135184,-3.493871,8.926437
-0.013381,0.041182,0.025000,1.089802,-3.352930,5.254097,1.302279,-4.008260,7.942810
-0.012500,0.038471,0.029389,1.158868,-3.565405,4.338092,1.404762,-4.323766,6.865079
-0.011482,0.035339,0.033457,1.170258,-3.600386,3.414649,1.440741,-4.434564,5.749543
-0.010339,0.031819,0.037157,1.128705,-3.472442,2.529973,1.412093,-4.346436,4.649735
-0.009082,0.027951,0.040451,1.041381,-3.203644,1.720850,1.323771,-4.074629,3.613313
-0.007725,0.023776,0.043301,0.916662,-2.819769,1.013766,1.182945,-3.641215,2.680128
-0.006284,0.019341,0.045677,0.763052,-2.346982,0.425585,0.998130,-3.072403,1.881491
-0.004775,0.014695,0.047553,0.588392,-1.809416,-0.034652,0.778427,-2.396211,1.240478
-0.003212,0.009887,0.048907,0.399435,-1.227849,-0.363382,0.532977,-1.640772,0.772940
-0.001615,0.004971,0.049726,0.201762,-0.619456,-0.560124,0.270654,-0.833401,0.488844
-0.000000,0.000000,0.050000,0.000000,0.001521,-0.625474,0.000000,-0.000392,0.393560
-0.000000,0.000000,-0.050000,0.000000,-0.000585,-0.625980,0.000000,0.001372,0.392777
-0.002613,0.004526,-0.049726,-0.325910,0.563927,-0.560623,-0.438337,0.760616,0.488246
-0.005198,0.009003,-0.048907,-0.645233,1.117029,-0.364090,-0.863163,1.496464,0.772705
-0.007725,0.013381,-0.047553,-0.950513,1.645812,-0.035755,-1.260631,2.184930,1.240762
-0.010168,0.017612,-0.045677,-1.232748,2.134683,0.423946,-1.616361,2.801101,1.882415
-0.012500,0.021651,-0.043301,-1.481036,2.564762,1.011514,-1.915544,3.319326,2.681765
-0.014695,0.025452,-0.040451,-1.682701,2.914094,1.717981,-2.143440,3.714067,3.615676
-0.016728,0.028974,-0.037157,-1.823987,3.158858,2.526559,-2.286267,3.961448,4.652762
-0.018579,0.032179,-0.033457,-1.891331,3.275565,3.410839,-2.332429,4.041378,5.753097
-0.020225,0.035031,-0.029389,-1.873110,3.244080,4.334100,-2.273927,3.939998,6.868949
-0.021651,0.037500,-0.025000,-1.761632,3.051085,5.250183,-2.107752,3.652095,7.946728
-0.022839,0.039558,-0.020337,-1.555049,2.693379,6.106175,-1.837005,3.183036,8.930098
-0.023776,0.041182,-0.015451,-1.258784,2.180352,6.846796,-1.471517,2.549853,9.764027
-0.024454,0.042355,-0.010396,-0.886109,1.534992,7.420017,-1.027801,1.781149,10.399304
-0.024863,0.043064,-0.005226,-0.457638,0.792999,7.783056,-0.528253,0.915725,10.796961
-0.025000,0.043301,0.000000,0.000318,-0.000057,7.907738,0.000344,-0.000024,10.931988
-0.024863,0.043064,0.005226,0.458328,-0.793208,7.784196,0.528873,-0.915658,10.795798
-0.024454,0.042355,0.010396,0.886957,-1.535473,7.422202,1.028226,-1.780748,10.397088
-0.023776,0.041182,0.015451,1.259873,-2.181247,6.849850,1.471647,-2.548946,9.760965
-0.022839,0.039558,0.020337,1.556429,-2.694776,6.109858,1.836776,-3.181517,8.926464
-0.021651,0.037500,0.025000,1.763315,-3.053006,5.254219,2.107146,-3.649933,7.942828
-0.020225,0.035031,0.029389,1.875068,-3.246478,4.338205,2.272969,-3.937241,6.865089
-0.018579,0.032179,0.033457,1.893498,-3.278329,3.414752,2.331184,-4.038138,5.749546
-0.016728,0.028974,0.037157,1.826267,-3.161824,2.530066,2.284828,-3.957890,4.649732
-0.014695,0.025452,0.040451,1.684976,-2.917059,1.720932,2.141917,-3.710382,3.613306
-0.012500,0.021651,0.043301,1.483180,-2.567509,1.013835,1.914053,-3.315714,2.680118
-0.010168,0.017612,0.045677,1.234637,-2.136997,0.425642,1.615013,-2.797753,1.881482
-0.007725,0.013381,0.047553,0.952035,-1.647498,-0.034609,1.259525,-2.182014,1.240470
-0.005198,0.009003,0.048907,0.646297,-1.117930,-0.363353,0.862376,-1.494113,0.772934
-0.002613,0.004526,0.049726,0.326457,-0.563935,-0.560109,0.437927,-0.758925,0.488840
-0.000000,0.000000,0.050000,0.000000,0.001521,-0.625474,0.000000,-0.000392,0.393560
-0.000000,0.000000,-0.050000,0.000000,-0.000585,-0.625980,0.000000,0.001372,0.392777
-0.003497,0.003884,-0.049726,-0.436153,0.483828,-0.560616,-0.586611,0.652889,0.488228
-0.006956,0.007725,-0.048907,-0.863489,0.958449,-0.364076,-1.155143,1.284333,0.772669
-0.010339,0.011482,-0.047553,-1.272032,1.412203,-0.035735,-1.687066,1.875122,1.240710
-0.013608,0.015113,-0.045677,-1.649736,1.831709,0.423973,-2.163135,2.403877,1.882350
-0.016728,0.018579,-0.043301,-1.982011,2.200766,1.011547,-2.563532,2.848585,2.681690
-0.019665,0.021840,-0.040451,-2.251892,2.500538,1.718021,-2.868529,3.187332,3.615594
-0.022387,0.024863,-0.037157,-2.440972,2.710581,2.526609,-3.059683,3.399626,4.652680
-0.024863,0.027613,-0.033457,-2.531101,2.810741,3.410900,-3.121471,3.468224,5.753020
-0.027067,0.030061,-0.029389,-2.506721,2.783740,4.334174,-3.043190,3.381233,6.868883
-0.028974,0.032179,-0.025000,-2.357541,2.618150,5.250272,-2.820811,3.134176,7.946677
-0.030564,0.033945,-0.020337,-2.081085,2.311223,6.106280,-2.458482,2.731660,8.930066
-0.031819,0.035339,-0.015451,-1.684611,1.871016,6.846919,-1.969359,2.188297,9.764016
-0.032725,0.036345,-0.010396,-1.185881,1.317254,7.420157,-1.375541,1.528633,10.399312
-0.033273,0.036954,-0.005226,-0.612479,0.680571,7.783212,-0.707002,0.785966,10.796986
-0.033457,0.037157,0.000000,0.000381,0.000070,7.907907,0.000416,0.000109,10.932025
-0.033273,0.036954,0.005226,0.613316,-0.680513,7.784373,0.707745,-0.785650,10.795841
-0.032725,0.036345,0.010396,1.186933,-1.317433,7.422384,1.376027,-1.528036,10.397132
-0.031819,0.035339,0.015451,1.685991,-1.871557,6.850032,1.969456,-2.187272,9.761004
-0.030564,0.033945,0.020337,2.082862,-2.312203,6.110036,2.458106,-2.730119,8.926494
-0.028974,0.032179,0.025000,2.359731,-2.619589,5.254390,2.819938,-3.132095,7.942848
-0.027067,0.030061,0.029389,2.509289,-2.785600,4.338366,3.041856,-3.378652,6.865099
-0.024863,0.027613,0.033457,2.533959,-2.812925,3.414901,3.119762,-3.465242,5.749546
-0.022387,0.024863,0.037157,2.443990,-2.712949,2.530200,3.057723,-3.396382,4.649724
-0.019665,0.021840,0.040451,2.254912,-2.502916,1.721050,2.866466,-3.183992,3.613293
-0.016728,0.018579,0.043301,1.984863,-2.202967,1.013936,2.561519,-2.845319,2.680104
-0.013608,0.015113,0.045677,1.652253,-1.833546,0.425724,2.161320,-2.400847,1.881467
-0.010339,0.011482,0.047553,1.274062,-1.413508,-0.034546,1.685579,-1.872470,1.240458
-0.006956,0.007725,0.048907,0.864911,-0.959086,-0.363310,1.154087,-1.282172,0.772925
-0.003497,0.003884,0.049726,0.436883,-0.483701,-0.560088,0.586062,-0.651297,0.488836
-0.000000,0.000000,0.050000,0.000000,0.001521,-0.625474,0.000000,-0.000392,0.393560
-0.000000,0.000000,-0.050000,0.000000,-0.000585,-0.625980,0.000000,0.001372,0.392777
-0.004228,0.003072,-0.049726,-0.527333,0.382558,-0.560607,-0.709248,0.516687,0.488205
-0.008410,0.006110,-0.048907,-1.044005,0.757956,-0.364059,-1.396642,1.016129,0.772624
-0.012500,0.009082,-0.047553,-1.537956,1.116849,-0.035710,-2.039778,1.483420,1.240645
-0.016453,0.011954,-0.045677,-1.994620,1.448656,0.424006,-2.615386,1.901649,1.882267
-0.020225,0.014695,-0.043301,-2.396358,1.740563,1.011588,-3.099506,2.253403,2.681593
-0.023776,0.017275,-0.040451,-2.722662,1.977672,1.718072,-3.468285,2.521347,3.615489
-0.027067,0.019665,-0.037157,-2.951274,2.143816,2.526670,-3.699421,2.689272,4.652572
-0.030061,0.021840,-0.033457,-3.060250,2.223052,3.410973,-3.774145,2.743537,5.752916
-0.032725,0.023776,-0.029389,-3.030781,2.201718,4.334262,-3.679513,2.674733,6.868791
-0.035031,0.025452,-0.025000,-2.850422,2.070772,5.250377,-3.410653,2.479316,7.946602
-0.036954,0.026848,-0.020337,-2.516182,1.828042,6.106404,-2.972578,2.160929,8.930013
-0.038471,0.027951,-0.015451,-2.036833,1.479899,6.847063,-2.381194,1.731129,9.763986
-0.039567,0.028747,-0.010396,-1.433849,1.041944,7.420320,-1.663220,1.209332,10.399305
-0.040229,0.029228,-0.005226,-0.740583,0.538404,7.783394,-0.854897,0.621876,10.796999
-0.040451,0.029389,0.000000,0.000393,0.000208,7.908104,0.000437,0.000254,10.932053
-0.040229,0.029228,0.005226,0.741461,-0.538056,7.784582,0.855664,-0.621292,10.795878
-0.039567,0.028747,0.010396,1.434993,-1.041786,7.422600,1.663681,-1.208530,10.397170
-0.038471,0.027951,0.015451,2.038382,-1.480033,6.850251,2.381192,-1.729996,9.761038
-0.036954,0.026848,0.020337,2.518223,-1.828531,6.110252,2.972016,-2.159398,8.926520
-0.035031,0.025452,0.025000,2.852977,-2.071634,5.254599,3.409503,-2.477369,7.942864
-0.032725,0.023776,0.029389,3.033806,-2.202923,4.338564,3.677819,-2.672403,6.865103
-0.030061,0.021840,0.033457,3.063640,-2.224526,3.415084,3.772011,-2.740904,5.749540
-0.027067,0.019665,0.037157,2.954871,-2.145445,2.530367,3.696998,-2.686446,4.649711
-0.023776,0.017275,0.040451,2.726275,-1.979321,1.721198,3.465750,-2.518457,3.613275
-0.020225,0.014695,0.043301,2.399780,-1.742081,1.014063,3.097044,-2.250584,2.680084
-0.016453,0.011954,0.045677,1.997645,-1.449896,0.425828,2.613173,-1.899027,1.881448
-0.012500,0.009082,0.047553,1.540401,-1.117676,-0.034466,2.037969,-1.481106,1.240442
-0.008410,0.006110,0.048907,1.045720,-0.758259,-0.363256,1.395361,-1.014210,0.772914
-0.004228,0.003072,0.049726,0.528215,-0.382260,-0.560060,0.708583,-0.515222,0.488830
-0.000000,0.000000,0.050000,0.000000,0.001521,-0.625474,0.000000,-0.000392,0.393560
-0.000000,0.000000,-0.050000,0.000000,-0.000585,-0.625980,0.000000,0.001372,0.392777
-0.004775,0.002126,-0.049726,-0.595466,0.264543,-0.560597,-0.800889,0.357963,0.488178
-0.009497,0.004228,-0.048907,-1.178892,0.524311,-0.364039,-1.577104,0.703574,0.772571
-0.014115,0.006284,-0.047553,-1.736661,0.772659,-0.035680,-2.303350,1.026941,1.240568
-0.018579,0.008272,-0.045677,-2.252326,1.002266,0.424045,-2.953347,1.316360,1.882169
-0.022839,0.010168,-0.043301,-2.705969,1.204265,1.011636,-3.500040,1.559781,2.681478
-0.026848,0.011954,-0.040451,-3.074433,1.368349,1.718129,-3.916492,1.745206,3.615362
-0.030564,0.013608,-0.037157,-3.332586,1.483332,2.526738,-4.177516,1.861415,4.652440
-0.033945,0.015113,-0.033457,-3.455648,1.538183,3.411054,-4.261918,1.898968,5.752788
-0.036954,0.016453,-0.029389,-3.422380,1.523447,4.334357,-4.155078,1.851350,6.868673
-0.039558,0.017612,-0.025000,-3.218730,1.432870,5.250489,-3.851491,1.716108,7.946501
-0.041728,0.018579,-0.020337,-2.841318,1.264947,6.106534,-3.356817,1.495760,8.929934
-0.043442,0.019341,-0.015451,-2.300049,1.024087,6.847213,-2.689016,1.198305,9.763931
-0.044679,0.019892,-0.010396,-1.619171,0.721083,7.420491,-1.878259,0.837178,10.399275
-0.045427,0.020225,-0.005226,-0.836346,0.372700,7.783584,-0.965473,0.430608,10.796990
-0.045677,0.020337,0.000000,0.000355,0.000335,7.908311,0.000405,0.000391,10.932061
-0.045427,0.020225,0.005226,0.837163,-0.372076,7.784804,0.966165,-0.429775,10.795896
-0.044679,0.019892,0.010396,1.620296,-0.720595,7.422832,1.878614,-0.836199,10.397192
-0.043442,0.019341,0.015451,2.301642,-1.023805,6.850488,2.688859,-1.197103,9.761058
-0.041728,0.018579,0.020337,2.843480,-1.264917,6.110489,3.356041,-1.494291,8.926533
-0.039558,0.017612,0.025000,3.221490,-1.433106,5.254831,3.850068,-1.714362,7.942867
-0.036954,0.016453,0.029389,3.425691,-1.523929,4.338787,4.153058,-1.849352,6.865097
-0.033945,0.015113,0.033457,3.459390,-1.538859,3.415294,4.259421,-1.896773,5.749525
-0.030564,0.013608,0.037157,3.336580,-1.484127,2.530559,4.174710,-1.859100,4.649690
-0.026848,0.011954,0.040451,3.078462,-1.369167,1.721369,3.913577,-1.742860,3.613250
-0.022839,0.010168,0.043301,2.709797,-1.205002,1.014210,3.497223,-1.557496,2.680059
-0.018579,0.008272,0.045677,2.255719,-1.002818,0.425950,2.950824,-1.314223,1.881425
-0.014115,0.006284,0.047553,1.739409,-0.772933,-0.034373,2.301293,-1.025026,1.240423
-0.009497,0.004228,0.048907,1.180823,-0.524228,-0.363192,1.575652,-0.701939,0.772900
-0.004775,0.002126,0.049726,0.596461,-0.264047,-0.560028,0.800136,-0.356646,0.488823
-0.000000,0.000000,0.050000,0.000000,0.001521,-0.625474,0.000000,-0.000392,0.393560
-0.000000,0.000000,-0.050000,0.000000,-0.000585,-0.625980,0.000000,0.001372,0.392777
-0.005112,0.001087,-0.049726,-0.637574,0.134941,-0.560585,-0.857527,0.183653,0.488149
-0.010168,0.002161,-0.048907,-1.262255,0.267727,-0.364016,-1.688643,0.360326,0.772513
-0.015113,0.003212,-0.047553,-1.859464,0.394677,-0.035647,-2.466260,0.525631,1.240483
-0.019892,0.004228,-0.045677,-2.411591,0.512050,0.424088,-3.162244,0.673585,1.882060
-0.024454,0.005198,-0.043301,-2.897311,0.615314,1.011688,-3.747621,0.798025,2.681348
-0.028747,0.006110,-0.040451,-3.291830,0.699203,1.718191,-4.193551,0.892817,3.615218
-0.032725,0.006956,-0.037157,-3.568240,0.758000,2.526810,-4.473062,0.952221,4.652289
-0.036345,0.007725,-0.033457,-3.700010,0.786067,3.411136,-4.563458,0.971410,5.752636
-0.039567,0.008410,-0.029389,-3.664398,0.778575,4.334452,-4.449084,0.947050,6.868528
-0.042355,0.009003,-0.025000,-3.446359,0.732324,5.250598,-4.124042,0.877885,7.946371
-0.044679,0.009497,-0.020337,-3.042274,0.646547,6.106659,-3.594390,0.765202,8.929824
-0.046514,0.009887,-0.015451,-2.462747,0.523497,6.847355,-2.879357,0.613089,9.763845
-0.047839,0.010168,-0.010396,-1.733740,0.368689,7.420652,-2.011248,0.428417,10.399212
-0.048639,0.010339,-0.005226,-0.895576,0.190690,7.783765,-1.033884,0.220506,10.796950
-0.048907,0.010396,0.000000,0.000276,0.000435,7.908511,0.000331,0.000501,10.932038
-0.048639,0.010339,0.005226,0.896245,-0.189844,7.785020,1.034422,-0.219479,10.795885
-0.047839,0.010168,0.010396,1.734746,-0.367914,7.423061,2.011432,-0.427319,10.397187
-0.046514,0.009887,0.015451,2.464269,-0.522830,6.850726,2.879006,-0.611883,9.761053
-0.044679,0.009497,0.020337,3.044423,-0.646012,6.110732,3.593393,-0.763867,8.926525
-0.042355,0.009003,0.025000,3.449169,-0.731928,5.255073,4.122372,-0.876418,7.942853
-0.039567,0.008410,0.029389,3.667819,-0.778309,4.339023,4.446797,-0.945464,6.865075
-0.036345,0.007725,0.033457,3.703915,-0.785908,3.415518,4.560681,-0.969736,5.749498
-0.032725,0.006956,0.037157,3.572437,-0.757908,2.530766,4.469976,-0.950499,4.649659
-0.028747,0.006110,0.040451,3.296084,-0.699131,1.721556,4.190368,-0.891092,3.613219
-0.024454,0.005198,0.043301,2.901368,-0.615209,1.014372,3.744561,-0.796344,2.680028
-0.019892,0.004228,0.045677,2.415197,-0.511858,0.426083,3.159514,-0.671991,1.881399
-0.015113,0.003212,0.047553,1.862390,-0.394350,-0.034270,2.464043,-0.524160,1.240402
-0.010168,0.002161,0.048907,1.264315,-0.267223,-0.363123,1.687080,-0.359005,0.772885
-0.005112,0.001087,0.049726,0.638637,-0.134228,-0.559993,0.856720,-0.182499,0.488816
-0.000000,0.000000,0.050000,0.000000,0.001521,-0.625474,0.000000,-0.000392,0.393560
-0.000000,0.000000,-0.050000,0.000000,-0.000585,-0.625980,0.000000,0.001372,0.392777
-0.005226,0.000000,-0.049726,-0.651817,-0.000584,-0.560573,-0.876688,0.001375,0.488118
-0.010396,0.000000,-0.048907,-1.290451,-0.000582,-0.363992,-1.726381,0.001384,0.772452
-0.015451,0.000000,-0.047553,-1.900997,-0.000576,-0.035612,-2.521387,0.001398,1.240393
-0.020337,0.000000,-0.045677,-2.465454,-0.000566,0.424133,-3.232940,0.001412,1.881944
-0.025000,0.000000,-0.043301,-2.962021,-0.000547,1.011743,-3.831421,0.001424,2.681210
-0.029389,0.000000,-0.040451,-3.365351,-0.000519,1.718255,-4.287341,0.001428,3.615063
-0.033457,0.000000,-0.037157,-3.647936,-0.000477,2.526881,-4.573125,0.001419,4.652123
-0.037157,0.000000,-0.033457,-3.782653,-0.000418,3.411216,-4.665568,0.001393,5.752466
-0.040451,0.000000,-0.029389,-3.746254,-0.000341,4.334541,-4.548660,0.001344,6.868362
-0.043301,0.000000,-0.025000,-3.523356,-0.000244,5.250697,-4.216370,0.001271,7.946215
-0.045677,0.000000,-0.020337,-3.110260,-0.000127,6.106770,-3.674888,0.001172,8.929685
-0.047553,0.000000,-0.015451,-2.517807,0.000008,6.847481,-2.943874,0.001048,9.763726
-0.048907,0.000000,-0.010396,-1.772537,0.000160,7.420794,-2.056352,0.000903,10.399115
-0.049726,0.000000,-0.005226,-0.915672,0.000323,7.783924,-1.057126,0.000741,10.796873
-0.050000,0.000000,0.000000,0.000170,0.000493,7.908688,0.000228,0.000571,10.931979
-0.049726,0.000000,0.005226,0.916136,0.000664,7.785215,1.057459,0.000400,10.795839
-0.048907,0.000000,0.010396,1.773355,0.000829,7.423273,2.056332,0.000235,10.397150
-0.047553,0.000000,0.015451,2.519167,0.000983,6.850951,2.943319,0.000084,9.761020
-0.045677,0.000000,0.020337,3.112280,0.001120,6.110966,3.673691,-0.000049,8.926492
-0.043301,0.000000,0.025000,3.526073,0.001238,5.255312,4.214506,-0.000159,7.942818
-0.040451,0.000000,0.029389,3.749619,0.001334,4.339259,4.546187,-0.000245,6.865038
-0.037157,0.000000,0.033457,3.786537,0.001407,3.415746,4.662619,-0.000309,5.749459
-0.033457,0.000000,0.037157,3.652142,0.001460,2.530980,4.569884,-0.000353,4.649619
-0.029389,0.000000,0.040451,3.369637,0.001495,1.721749,4.284022,-0.000380,3.613180
-0.025000,0.000000,0.043301,2.966124,0.001515,1.014541,3.828246,-0.000394,2.679993
-0.020337,0.000000,0.045677,2.469112,0.001524,0.426223,3.230119,-0.000399,1.881369
-0.015451,0.000000,0.047553,1.903973,0.001526,-0.034162,2.519102,-0.000398,1.240379
-0.010396,0.000000,0.048907,1.292550,0.001524,-0.363050,1.724776,-0.000396,0.772870
-0.005226,0.000000,0.049726,0.652902,0.001522,-0.559956,0.875861,-0.000393,0.488807
-0.000000,0.000000,0.050000,0.000000,0.001521,-0.625474,0.000000,-0.000392,0.393560
