far field @z=0.050000
freq=27000000000.000000
sampling point=1024
x,y,z,realEx,realEy,realEz,imgEx,imgEy,imgEz
0.015000,-0.077500,-0.077500,-0.185247,0.957506,-0.809664,-0.477253,2.465324,-2.622975
0.015000,-0.077500,-0.072500,0.531142,-2.743923,3.036066,0.002496,-0.012339,0.224605
0.015000,-0.077500,-0.067500,-0.166157,0.857846,-1.237592,0.522627,-2.700102,3.140950
0.015000,-0.077500,-0.062500,-0.484963,2.505642,-3.092017,-0.285479,1.474319,-2.106354
0.015000,-0.077500,-0.057500,0.355694,-1.837094,2.774225,-0.449255,2.321228,-3.073908
0.015000,-0.077500,-0.052500,0.437258,-2.259260,3.264939,0.377746,-1.951031,3.201931
0.015000,-0.077500,-0.047500,-0.349158,1.803326,-3.295768,0.457650,-2.364561,3.806483
0.015000,-0.077500,-0.042500,-0.501423,2.590592,-4.738574,-0.259863,1.341980,-2.833124
0.015000,-0.077500,-0.037500,0.098496,-0.508330,1.442451,-0.534529,2.761436,-5.846355
0.015000,-0.077500,-0.032500,0.495088,-2.557449,6.410950,-0.124130,0.641689,-1.212472
0.015000,-0.077500,-0.027500,0.337856,-1.745567,4.816831,0.318417,-1.644565,5.097703
0.015000,-0.077500,-0.022500,-0.014512,0.074605,-0.694589,0.404264,-2.088278,7.436462
0.015000,-0.077500,-0.017500,-0.220555,1.139024,-5.559957,0.247507,-1.278649,5.569029
0.015000,-0.077500,-0.012500,-0.234284,1.209972,-7.916631,0.076873,-0.397232,2.112373
0.015000,-0.077500,-0.007500,-0.151994,0.784843,-8.385837,-0.005610,0.028847,-0.781572
0.015000,-0.077500,-0.002500,-0.050273,0.259290,-8.229221,-0.010967,0.056532,-2.284567
0.015000,-0.077500,0.002500,0.050139,-0.259535,-8.229348,0.010954,-0.056637,-2.284259
0.015000,-0.077500,0.007500,0.151862,-0.785111,-8.386048,0.005606,-0.028827,-0.780612
0.015000,-0.077500,0.012500,0.234153,-1.210179,-7.916415,-0.076860,0.397493,2.113941
0.015000,-0.077500,0.017500,0.220421,-1.138925,-5.558664,-0.247461,1.279129,5.570693
0.015000,-0.077500,0.022500,0.014391,-0.073973,-0.692112,-0.404151,2.088611,7.437019
0.015000,-0.077500,0.027500,-0.337891,1.746432,4.819156,-0.318220,1.644129,5.096022
0.015000,-0.077500,0.032500,-0.494936,2.557504,6.410787,0.124318,-0.642918,-1.215567
0.015000,-0.077500,0.037500,-0.098216,0.506990,1.439447,0.534485,-2.762062,-5.847554
0.015000,-0.077500,0.042500,0.501491,-2.591704,-4.740644,0.259548,-1.340690,-2.830569
0.015000,-0.077500,0.047500,0.348836,-1.802105,-3.293631,-0.457799,2.366011,3.808965
0.015000,-0.077500,0.052500,-0.437452,2.260896,3.267503,-0.377416,1.949792,3.200006
0.015000,-0.077500,0.057500,-0.355343,1.835702,2.772274,0.449455,-2.322894,-3.076317
0.015000,-0.077500,0.062500,0.485128,-2.507154,-3.094058,0.285094,-1.472643,-2.104202
0.015000,-0.077500,0.067500,0.165737,-0.855827,-1.235180,-0.522712,2.701229,3.142400
0.015000,-0.077500,0.072500,-0.531103,2.744403,3.036710,-0.002065,0.010049,0.222032
0.015000,-0.077500,0.077500,0.185636,-0.959819,-0.812133,0.477063,-2.464934,-2.622671
0.015000,-0.072500,-0.077500,0.558230,-2.697802,2.624061,0.004131,-0.019393,0.223295
0.015000,-0.072500,-0.072500,-0.251934,1.217012,-1.466649,0.525686,-2.540776,2.547462
0.015000,-0.072500,-0.067500,-0.415046,2.006260,-2.065958,-0.441654,2.134011,-2.550584
0.015000,-0.072500,-0.062500,0.560821,-2.710054,3.388706,-0.279394,1.350787,-1.394885
0.015000,-0.072500,-0.057500,0.162558,-0.786190,0.754338,0.622161,-3.006611,4.017609
0.015000,-0.072500,-0.052500,-0.647151,3.127441,-4.539375,0.093386,-0.451910,0.340980
0.015000,-0.072500,-0.047500,-0.088418,0.427888,-0.344309,-0.651042,3.146243,-5.043746
0.015000,-0.072500,-0.042500,0.631583,-3.052126,5.506857,-0.155043,0.749842,-0.975308
0.015000,-0.072500,-0.037500,0.286639,-1.385725,2.436105,0.562672,-2.718963,5.651529
0.015000,-0.072500,-0.032500,-0.400528,1.935220,-4.809705,0.444320,-2.147576,4.702560
0.015000,-0.072500,-0.027500,-0.535292,2.586916,-7.000506,-0.120319,0.580992,-2.037101
0.015000,-0.072500,-0.022500,-0.208847,1.009591,-2.954029,-0.434073,2.097433,-7.244316
0.015000,-0.072500,-0.017500,0.112109,-0.541414,2.818633,-0.381230,1.842252,-7.803991
0.015000,-0.072500,-0.012500,0.222246,-1.073668,6.830863,-0.197184,0.952914,-5.363300
0.015000,-0.072500,-0.007500,0.172857,-0.834963,8.587888,-0.062892,0.303944,-2.555044
0.015000,-0.072500,-0.002500,0.061552,-0.296995,9.057698,-0.009897,0.047794,-0.906227
0.015000,-0.072500,0.002500,-0.061408,0.297300,9.057704,0.009856,-0.047786,-0.906606
0.015000,-0.072500,0.007500,-0.172719,0.835235,8.587698,0.062844,-0.304087,-2.556142
0.015000,-0.072500,0.012500,-0.222113,1.073756,6.829935,0.197119,-0.953291,-5.364825
0.015000,-0.072500,0.017500,-0.111984,0.541054,2.816525,0.381125,-1.842704,-7.805056
0.015000,-0.072500,0.022500,0.208926,-1.010431,-2.956754,0.433892,-2.097417,-7.243581
0.015000,-0.072500,0.027500,0.535222,-2.587513,-7.001767,0.120086,-0.580030,-2.034204
0.015000,-0.072500,0.032500,0.400252,-1.934466,-4.807679,-0.444421,2.148784,4.705262
0.015000,-0.072500,0.037500,-0.286886,1.387377,2.439463,-0.562433,2.718587,5.650593
0.015000,-0.072500,0.042500,-0.631405,3.052101,5.506733,0.155388,-0.751771,-0.978810
0.015000,-0.072500,0.047500,0.088820,-0.430005,-0.347750,0.650906,-3.146413,-5.044010
0.015000,-0.072500,0.052500,0.647016,-3.127587,-4.539626,-0.093819,0.454179,0.344314
0.015000,-0.072500,0.057500,-0.162996,0.788568,0.757534,-0.621982,3.006487,4.017512
0.015000,-0.072500,0.062500,-0.560556,2.709424,3.388017,0.279801,-1.353154,-1.397835
0.015000,-0.072500,0.067500,0.415370,-2.008376,-2.068437,0.441284,-2.132707,-2.549184
0.015000,-0.072500,0.072500,0.251473,-1.215028,-1.464606,-0.525861,2.542285,2.549165
0.015000,-0.072500,0.077500,-0.558198,2.698325,2.624705,-0.003644,0.016971,0.220906
0.015000,-0.067500,-0.077500,-0.187536,0.843241,-0.972279,0.578448,-2.602893,2.306410
0.015000,-0.067500,-0.072500,-0.436395,1.963998,-1.742856,-0.467203,2.101748,-2.207630
0.015000,-0.067500,-0.067500,0.637080,-2.866335,3.078937,-0.206140,0.928121,-0.728119
0.015000,-0.067500,-0.062500,-0.034971,0.156713,-0.456808,0.696900,-3.135720,3.531024
0.015000,-0.067500,-0.057500,-0.683466,3.075453,-3.680411,-0.233603,1.050482,-1.581151
0.015000,-0.067500,-0.052500,0.365183,-1.642569,2.503229,-0.644927,2.902153,-3.741165
0.015000,-0.067500,-0.047500,0.621645,-2.797433,3.955756,0.422973,-1.902621,3.134534
0.015000,-0.067500,-0.042500,-0.402391,1.810004,-3.348688,0.634905,-2.857059,4.536961
0.015000,-0.067500,-0.037500,-0.677459,3.048409,-5.574041,-0.290973,1.308648,-2.867252
0.015000,-0.067500,-0.032500,0.075697,-0.340020,1.208651,-0.701437,3.156079,-6.814040
0.015000,-0.067500,-0.027500,0.615491,-2.769097,7.288647,-0.219220,0.986825,-2.058865
0.015000,-0.067500,-0.022500,0.472682,-2.126938,6.370765,0.334044,-1.502547,5.162969
0.015000,-0.067500,-0.017500,0.083089,-0.374184,0.949097,0.474003,-2.132458,8.713788
0.015000,-0.067500,-0.012500,-0.148629,0.668369,-4.323970,0.330178,-1.485446,8.157523
0.015000,-0.067500,-0.007500,-0.165484,0.744178,-7.432305,0.152691,-0.686875,6.024761
0.015000,-0.067500,-0.002500,-0.065502,0.294273,-8.647988,0.039486,-0.177449,4.486491
0.015000,-0.067500,0.002500,0.065371,-0.294602,-8.647832,-0.039383,0.177572,4.486895
0.015000,-0.067500,0.007500,0.165361,-0.744399,-7.431620,-0.152585,0.687153,6.025832
0.015000,-0.067500,0.012500,0.148515,-0.668265,-4.322297,-0.330057,1.485890,8.158670
0.015000,-0.067500,0.017500,-0.083181,0.374815,0.951759,-0.473835,2.132732,8.713808
0.015000,-0.067500,0.022500,-0.472679,2.127791,6.373025,-0.333804,1.502030,5.160775
0.015000,-0.067500,0.027500,-0.615277,2.769068,7.288118,0.219431,-0.988156,-2.062311
0.015000,-0.067500,0.032500,-0.075343,0.338481,1.205137,0.701355,-3.156689,-6.815138
0.015000,-0.067500,0.037500,0.677521,-3.049580,-5.576183,0.290556,-1.307095,-2.864170
0.015000,-0.067500,0.042500,0.401951,-1.808460,-3.346022,-0.635071,2.858609,4.539563
0.015000,-0.067500,0.047500,-0.621857,2.799154,3.958387,-0.422510,1.900980,3.132045
0.015000,-0.067500,0.052500,-0.364683,1.640680,2.500666,0.645124,-2.903812,-3.743499
0.015000,-0.067500,0.057500,0.683583,-3.076773,-3.682154,0.233061,-1.048239,-1.578376
0.015000,-0.067500,0.062500,0.034408,-0.154147,-0.453865,-0.696872,3.136381,3.531902
0.015000,-0.067500,0.067500,-0.636861,2.866043,3.078753,0.206661,-0.930764,-0.730970
0.015000,-0.067500,0.072500,0.436775,-1.966256,-1.745184,0.466792,-2.100375,-2.206375
0.015000,-0.067500,0.077500,0.187002,-0.840985,-0.970238,-0.578585,2.604190,2.307745
0.015000,-0.062500,-0.077500,-0.566899,2.362115,-1.892824,-0.340599,1.418455,-1.397827
0.015000,-0.062500,-0.072500,0.628770,-2.619278,2.488757,-0.308230,1.284715,-0.947043
0.015000,-0.062500,-0.067500,-0.039579,0.164234,-0.430062,0.738096,-3.075077,2.987773
0.015000,-0.062500,-0.062500,-0.685296,2.855388,-2.871026,-0.365836,1.523543,-1.868986
0.015000,-0.062500,-0.057500,0.607354,-2.529894,3.117564,-0.538300,2.243175,-2.326102
0.015000,-0.062500,-0.052500,0.374510,-1.560901,1.636221,0.753096,-3.137229,4.100180
0.015000,-0.062500,-0.047500,-0.823761,3.431728,-4.880897,0.255184,-1.063810,1.095863
0.015000,-0.062500,-0.042500,-0.219193,0.913865,-0.993288,-0.843796,3.515217,-5.563547
0.015000,-0.062500,-0.037500,0.816691,-3.402225,6.140778,-0.285122,1.188492,-1.635496
0.015000,-0.062500,-0.032500,0.444496,-1.852358,3.313065,0.709685,-2.956278,6.277108
0.015000,-0.062500,-0.027500,-0.462892,1.927949,-5.083470,0.633196,-2.638267,5.990205
0.015000,-0.062500,-0.022500,-0.699988,2.916149,-8.498146,-0.056531,0.234987,-1.299854
0.015000,-0.062500,-0.017500,-0.358799,1.495014,-5.116954,-0.467608,1.947682,-7.737328
0.015000,-0.062500,-0.012500,-0.006926,0.029172,0.530672,-0.446835,1.861256,-9.831647
0.015000,-0.062500,-0.007500,0.113057,-0.470660,4.787127,-0.255513,1.064198,-9.073088
0.015000,-0.062500,-0.002500,0.056406,-0.234632,6.773837,-0.076652,0.318949,-7.990868
0.015000,-0.062500,0.002500,-0.056315,0.234928,6.773491,0.076489,-0.319230,-7.991230
0.015000,-0.062500,0.007500,-0.112972,0.470757,4.785910,0.255351,-1.064601,-9.073904
0.015000,-0.062500,0.012500,0.006999,-0.029524,0.528381,0.446658,-1.861670,-9.832019
0.015000,-0.062500,0.017500,0.358825,-1.495837,-5.119638,0.467378,-1.947600,-7.735951
0.015000,-0.062500,0.022500,0.699854,-2.916691,-8.499072,0.056265,-0.233925,-1.296449
0.015000,-0.062500,0.027500,0.462526,-1.927017,-5.080847,-0.633287,2.639537,5.993028
0.015000,-0.062500,0.032500,-0.444796,1.854204,3.316816,-0.709344,2.955708,6.275687
0.015000,-0.062500,0.037500,-0.816414,3.401996,6.140251,0.285563,-1.190718,-1.639492
0.015000,-0.062500,0.042500,0.219715,-0.916343,-0.997227,0.843554,-3.515126,-5.563383
0.015000,-0.062500,0.047500,0.823496,-3.431485,-4.880598,-0.255738,1.066456,1.099631
0.015000,-0.062500,0.052500,-0.375043,1.563582,1.639695,-0.752745,3.136523,4.099361
0.015000,-0.062500,0.057500,-0.606874,2.528480,3.116007,0.538741,-2.245630,-2.329049
0.015000,-0.062500,0.062500,0.685553,-2.857209,-2.873104,0.365234,-1.521351,-1.866705
0.015000,-0.062500,0.067500,0.038931,-0.161499,-0.427359,-0.738083,3.075800,2.988645
0.015000,-0.062500,0.072500,-0.628454,2.618596,2.488272,0.308782,-1.287413,-0.949600
0.015000,-0.062500,0.077500,0.567189,-2.363972,-1.894563,0.340052,-1.416474,-1.396203
0.015000,-0.057500,-0.077500,0.452557,-1.734080,1.550208,-0.557089,2.135648,-1.538508
0.015000,-0.057500,-0.072500,0.186009,-0.713601,0.352354,0.742629,-2.846231,2.464618
0.015000,-0.057500,-0.067500,-0.768977,2.947621,-2.578164,-0.269105,1.030789,-1.203204
0.015000,-0.057500,-0.062500,0.648809,-2.486336,2.642903,-0.570507,2.187226,-1.904905
0.015000,-0.057500,-0.057500,0.257837,-0.988966,0.717017,0.874344,-3.351054,3.666135
0.015000,-0.057500,-0.052500,-0.953318,3.654009,-4.237657,-0.056173,0.214559,-0.638412
0.015000,-0.057500,-0.047500,0.296313,-1.135013,1.875367,-0.945320,3.623530,-4.540918
0.015000,-0.057500,-0.042500,0.919760,-3.525647,4.876955,0.427068,-1.636213,2.792626
0.015000,-0.057500,-0.037500,-0.431597,1.653578,-3.182003,0.923599,-3.540343,5.555670
0.015000,-0.057500,-0.032500,-0.956925,3.667940,-6.740373,-0.291151,1.115247,-2.662909
0.015000,-0.057500,-0.027500,-0.006857,0.026947,0.583391,-0.949433,3.638962,-8.108540
0.015000,-0.057500,-0.022500,0.760685,-2.915198,8.262679,-0.403245,1.546044,-3.590876
0.015000,-0.057500,-0.017500,0.670562,-2.570165,8.697139,0.290727,-1.113770,4.586574
0.015000,-0.057500,-0.012500,0.255425,-0.979194,4.092228,0.497663,-1.907010,9.707402
0.015000,-0.057500,-0.007500,0.002906,-0.011368,-0.732617,0.352085,-1.349045,11.025766
0.015000,-0.057500,-0.002500,-0.027082,0.103601,-3.360941,0.117253,-0.448874,10.813271
0.015000,-0.057500,0.002500,0.027061,-0.103788,-3.360401,-0.117045,0.449318,10.813498
0.015000,-0.057500,0.007500,-0.002925,0.011473,-0.730935,-0.351881,1.349523,11.026043
0.015000,-0.057500,0.012500,-0.255431,0.979806,4.094786,-0.497440,1.907246,9.706613
0.015000,-0.057500,0.017500,-0.670479,2.570973,8.699049,-0.290453,1.113172,4.583713
0.015000,-0.057500,0.022500,-0.760375,2.915032,8.261499,0.403464,-1.547472,-3.594662
0.015000,-0.057500,0.027500,0.007310,-0.028744,0.579200,0.949272,-3.639490,-8.109324
0.015000,-0.057500,0.032500,0.956952,-3.669114,-6.742447,0.290577,-1.113315,-2.659069
0.015000,-0.057500,0.037500,0.430966,-1.651550,-3.178560,-0.923756,3.541930,5.558265
0.015000,-0.057500,0.042500,-0.919955,3.527341,4.879475,-0.426389,1.633975,2.789331
0.015000,-0.057500,0.047500,-0.295583,1.132431,1.871993,0.945450,-3.624975,-4.542903
0.015000,-0.057500,0.052500,0.953283,-3.654797,-4.238723,0.055413,-0.211622,-0.634930
0.015000,-0.057500,0.057500,-0.258549,0.992021,0.720369,-0.874063,3.350799,3.666008
0.015000,-0.057500,0.062500,-0.648267,2.484834,2.641538,0.571037,-2.189872,-1.907651
0.015000,-0.057500,0.067500,0.769176,-2.949169,-2.579757,0.268390,-1.028235,-1.200913
0.015000,-0.057500,0.072500,-0.186698,0.716505,0.354883,-0.742415,2.846136,2.464711
0.015000,-0.057500,0.077500,-0.451998,1.732334,1.548923,0.557501,-2.137847,-1.540406
0.015000,-0.052500,-0.077500,0.579418,-2.028143,1.317168,0.517382,-1.810095,1.501598
0.015000,-0.052500,-0.072500,-0.827870,2.897085,-2.293692,0.107476,-0.376813,0.026635
0.015000,-0.052500,-0.067500,0.450437,-1.575705,1.578668,-0.774454,2.710619,-2.119995
0.015000,-0.052500,-0.062500,0.419851,-1.469982,1.029985,0.862310,-3.017390,2.876153
0.015000,-0.052500,-0.057500,-1.020572,3.571629,-3.489396,-0.064792,0.225966,-0.594460
0.015000,-0.052500,-0.052500,0.514551,-1.800012,2.307005,-0.953943,3.338792,-3.398931
0.015000,-0.052500,-0.047500,0.770105,-2.695659,2.865271,0.839033,-2.935718,3.813160
0.015000,-0.052500,-0.042500,-1.025281,3.587651,-5.037619,0.588372,-2.059779,2.286181
0.015000,-0.052500,-0.037500,-0.499855,1.750031,-2.104743,-1.097750,3.841322,-6.040170
0.015000,-0.052500,-0.032500,1.066599,-3.732252,6.801696,-0.554162,1.940034,-2.794705
0.015000,-0.052500,-0.027500,0.742805,-2.600040,4.790958,0.889715,-3.113086,6.874109
0.015000,-0.052500,-0.022500,-0.487354,1.704859,-5.001931,0.949368,-3.322579,7.991838
0.015000,-0.052500,-0.017500,-0.910789,3.187079,-10.422011,0.119737,-0.419578,0.494218
0.015000,-0.052500,-0.012500,-0.581973,2.036640,-8.688777,-0.409015,1.430820,-7.240032
0.015000,-0.052500,-0.007500,-0.197618,0.691627,-4.345652,-0.405979,1.420209,-11.146354
0.015000,-0.052500,-0.002500,-0.030410,0.106395,-1.432117,-0.151984,0.531256,-12.230485
0.015000,-0.052500,0.002500,0.030336,-0.106413,-1.432810,0.151762,-0.531830,-12.230464
0.015000,-0.052500,0.007500,0.197551,-0.692002,-4.347576,0.405759,-1.420661,-11.145793
0.015000,-0.052500,0.012500,0.581882,-2.037434,-8.690981,0.408763,-1.430694,-7.237831
0.015000,-0.052500,0.017500,0.910545,-3.187520,-10.422201,-0.120010,0.420733,0.498158
0.015000,-0.052500,0.022500,0.486860,-1.703674,-4.998400,-0.949407,3.323864,7.994579
0.015000,-0.052500,0.027500,-0.743154,2.602087,4.795093,-0.889198,3.112182,6.871844
0.015000,-0.052500,0.032500,-1.066132,3.731628,6.800410,0.554728,-1.942608,-2.799258
0.015000,-0.052500,0.037500,0.500532,-1.752926,-2.109223,1.097294,-3.840715,-6.039201
0.015000,-0.052500,0.042500,1.024751,-3.586682,-5.036358,-0.589063,2.062791,2.290320
0.015000,-0.052500,0.047500,-0.770697,2.698474,2.868781,-0.838355,2.934040,3.811217
0.015000,-0.052500,0.052500,-0.513717,1.797476,2.304301,0.954298,-3.340922,-3.401418
0.015000,-0.052500,0.057500,1.020559,-3.572503,-3.490460,0.063894,-0.222796,-0.591301
0.015000,-0.052500,0.062500,-0.420613,1.473107,1.032944,-0.861875,3.016611,2.875617
0.015000,-0.052500,0.067500,-0.449682,1.573400,1.576811,0.774839,-2.712725,-2.121959
0.015000,-0.052500,0.072500,0.827727,-2.897354,-2.294104,-0.108277,0.379805,0.029026
0.015000,-0.052500,0.077500,-0.579911,2.030489,1.319046,-0.516782,1.808431,1.500499
0.015000,-0.047500,-0.077500,-0.521697,1.651264,-1.304311,0.655532,-2.075997,1.234113
0.015000,-0.047500,-0.072500,-0.105351,0.334290,0.039559,-0.901120,2.853078,-2.077078
0.015000,-0.047500,-0.067500,0.802882,-2.542570,1.776469,0.565601,-1.790215,1.634734
0.015000,-0.047500,-0.062500,-1.018228,3.223758,-2.780312,0.300598,-0.952538,0.454395
0.015000,-0.047500,-0.057500,0.352964,-1.116797,1.386568,-1.088787,3.447662,-2.994394
0.015000,-0.047500,-0.052500,0.825729,-2.615133,2.258201,0.909317,-2.878584,3.151370
0.015000,-0.047500,-0.047500,-1.246041,3.945063,-4.473318,0.400062,-1.267556,0.904892
0.015000,-0.047500,-0.042500,0.010190,-0.031361,0.613202,-1.379403,4.367605,-5.339861
0.015000,-0.047500,-0.037500,1.402978,-4.442417,6.031994,0.283742,-0.897518,1.883712
0.015000,-0.047500,-0.032500,-0.353859,1.119542,-2.507074,1.408393,-4.459579,6.957722
0.015000,-0.047500,-0.027500,-1.415318,4.481354,-8.373455,-0.178476,0.564242,-1.890808
0.015000,-0.047500,-0.022500,-0.247239,0.783591,-0.902253,-1.314809,4.162796,-9.796650
0.015000,-0.047500,-0.017500,0.887312,-2.808871,9.016443,-0.765082,2.422849,-6.432384
0.015000,-0.047500,-0.012500,0.916329,-2.901071,11.970892,0.088626,-0.280051,2.261088
0.015000,-0.047500,-0.007500,0.471121,-1.491514,9.648352,0.356286,-1.127530,8.750920
0.015000,-0.047500,-0.002500,0.122415,-0.387293,7.108015,0.163075,-0.515736,11.458349
0.015000,-0.047500,0.002500,-0.122231,0.387617,7.108751,-0.162887,0.516351,11.457965
0.015000,-0.047500,0.007500,-0.470953,1.492177,9.650086,-0.356083,1.127789,8.749282
0.015000,-0.047500,0.012500,-0.916106,2.901825,11.971860,-0.088378,0.279394,2.257560
0.015000,-0.047500,0.017500,-0.886858,2.808496,9.014130,0.765253,-2.424340,-6.436302
0.015000,-0.047500,0.022500,0.247815,-0.785707,-0.907298,1.314484,-4.163107,-9.796657
0.015000,-0.047500,0.027500,1.415228,-4.482378,-8.375106,0.177659,-0.561766,-1.885877
0.015000,-0.047500,0.032500,0.352914,-1.116791,-2.502495,-1.408457,4.461009,6.959964
0.015000,-0.047500,0.037500,-1.403039,4.443783,6.033968,-0.282713,0.894421,1.879306
0.015000,-0.047500,0.042500,-0.009120,0.027899,0.608869,1.379288,-4.368361,-5.340932
0.015000,-0.047500,0.047500,1.245611,-3.944684,-4.473067,-0.401063,1.271134,0.908943
0.015000,-0.047500,0.052500,-0.826468,2.618213,2.261448,-0.908531,2.876775,3.149703
0.015000,-0.047500,0.057500,-0.351945,1.113774,1.383860,1.089044,-3.449404,-2.996210
0.015000,-0.047500,0.062500,1.017887,-3.223513,-2.780326,-0.301551,0.955897,0.457296
0.015000,-0.047500,0.067500,-0.803400,2.544959,1.778519,-0.564786,1.788049,1.633173
0.015000,-0.047500,0.072500,0.106255,-0.337339,0.037320,0.900977,-2.853417,-2.077543
0.015000,-0.047500,0.077500,0.521003,-1.649472,-1.303226,-0.656048,2.078287,1.235832
0.015000,-0.042500,-0.077500,-0.788375,2.233740,-1.241930,-0.433622,1.227781,-0.980899
0.015000,-0.042500,-0.072500,0.958668,-2.715671,1.841156,-0.211840,0.600866,-0.108177
0.015000,-0.042500,-0.067500,-0.593070,1.679471,-1.454648,0.893090,-2.530512,1.598538
0.015000,-0.042500,-0.062500,-0.272957,0.774085,-0.228235,-1.138277,3.224497,-2.536457
0.015000,-0.042500,-0.057500,1.149226,-3.256106,2.507183,0.555535,-1.573030,1.677334
0.015000,-0.042500,-0.052500,-1.211584,3.431952,-3.338883,0.676909,-1.918470,1.318759
0.015000,-0.042500,-0.047500,0.020616,-0.057454,0.604198,-1.500768,4.251676,-4.245786
0.015000,-0.042500,-0.042500,1.460129,-4.136956,4.362723,0.675794,-1.913629,2.709271
0.015000,-0.042500,-0.037500,-1.135940,3.217366,-4.614966,1.266402,-3.588387,4.067146
0.015000,-0.042500,-0.032500,-1.115592,3.161244,-3.983415,-1.363610,3.862452,-6.174380
0.015000,-0.042500,-0.027500,1.352847,-3.831940,7.235887,-1.139799,3.229774,-4.859917
0.015000,-0.042500,-0.022500,1.339616,-3.795613,7.362766,1.040830,-2.947868,7.079053
0.015000,-0.042500,-0.017500,-0.340022,0.962440,-3.787543,1.479120,-4.190322,11.118686
0.015000,-0.042500,-0.012500,-1.087892,3.081394,-12.312502,0.540952,-1.532941,4.652364
0.015000,-0.042500,-0.007500,-0.782304,2.215804,-13.852555,-0.113269,0.320397,-3.426439
0.015000,-0.042500,-0.002500,-0.247356,0.700168,-12.691443,-0.119958,0.339381,-7.773341
0.015000,-0.042500,0.002500,0.247077,-0.700873,-12.692024,0.119865,-0.339866,-7.772514
0.015000,-0.042500,0.007500,0.782035,-2.216672,-13.853425,0.113129,-0.320248,-3.423695
0.015000,-0.042500,0.012500,1.087494,-3.081707,-12.311253,-0.541130,1.534166,4.656520
0.015000,-0.042500,0.017500,0.339368,-0.960913,-3.782696,-1.479003,4.191509,11.120759
0.015000,-0.042500,0.022500,-1.339962,3.797788,7.367043,-1.039996,2.946387,7.075295
0.015000,-0.042500,0.027500,-1.351991,3.830556,7.233163,1.140486,-3.232670,-4.864930
0.015000,-0.042500,0.032500,1.116418,-3.164481,-3.988270,1.362696,-3.860848,-6.171921
0.015000,-0.042500,0.037500,1.134870,-3.215110,-4.612100,-1.267152,3.591498,4.071268
0.015000,-0.042500,0.042500,-1.460567,4.139304,4.365578,-0.674537,1.910481,2.705752
0.015000,-0.042500,0.047500,-0.019301,0.053648,0.600319,1.500678,-4.252532,-4.246895
0.015000,-0.042500,0.052500,1.210885,-3.430833,-3.338078,-0.677981,1.922101,1.322227
0.015000,-0.042500,0.057500,-1.149696,3.258361,2.509312,-0.554404,1.570161,1.675041
0.015000,-0.042500,0.062500,0.274072,-0.777555,-0.230971,1.137953,-3.224453,-2.536676
0.015000,-0.042500,0.067500,0.592136,-1.677226,-1.453186,-0.893658,2.532902,1.600451
0.015000,-0.042500,0.072500,-0.958413,2.715737,1.841434,0.212832,-0.603950,-0.110275
0.015000,-0.042500,0.077500,0.788813,-2.235714,-1.243352,0.432771,-1.225663,-0.979696
0.015000,-0.037500,-0.077500,0.201628,-0.503264,0.543617,-0.940072,2.349950,-1.250796
0.015000,-0.037500,-0.072500,0.453155,-1.133414,0.400854,0.954866,-2.386455,1.549346
0.015000,-0.037500,-0.067500,-1.056997,2.642441,-1.545711,-0.487728,1.218391,-1.088722
0.015000,-0.037500,-0.062500,1.222107,-3.054567,2.227567,-0.393118,0.983484,-0.310042
0.015000,-0.037500,-0.057500,-0.627681,1.568166,-1.573822,1.269606,-3.173990,2.186338
0.015000,-0.037500,-0.052500,-0.620518,1.551983,-0.809726,-1.432212,3.579677,-3.145699
0.015000,-0.037500,-0.047500,1.675865,-4.189353,3.684072,0.363010,-0.906414,1.398068
0.015000,-0.037500,-0.042500,-1.260560,3.150227,-3.705689,1.383745,-3.459658,3.056448
0.015000,-0.037500,-0.037500,-0.828586,2.072228,-1.661751,-1.843082,4.606698,-5.632939
0.015000,-0.037500,-0.032500,2.117432,-5.292770,7.177683,-0.325480,0.814721,-0.165059
0.015000,-0.037500,-0.027500,0.109622,-0.275150,-0.649180,2.204207,-5.509773,8.712257
0.015000,-0.037500,-0.022500,-2.151263,5.377271,-10.511906,0.315745,-0.790329,0.277571
0.015000,-0.037500,-0.017500,-0.914407,2.286529,-4.374694,-1.776277,4.439548,-11.622429
0.015000,-0.037500,-0.012500,0.780275,-1.949592,8.151097,-1.440339,3.600494,-11.690846
0.015000,-0.037500,-0.007500,0.997863,-2.493640,15.060533,-0.427280,1.068343,-4.563860
0.015000,-0.037500,-0.002500,0.380541,-0.950423,16.559373,-0.023889,0.059866,0.773186
0.015000,-0.037500,0.002500,-0.380224,0.951495,16.559488,0.023826,-0.059781,0.771937
0.015000,-0.037500,0.007500,-0.997504,2.494443,15.059675,0.427310,-1.069109,-4.567281
0.015000,-0.037500,0.012500,-0.779673,1.948945,8.147003,1.440311,-3.601985,-11.694046
0.015000,-0.037500,0.017500,0.915069,-2.288977,-4.380554,1.775605,-4.439375,-11.620638
0.015000,-0.037500,0.022500,2.150818,-5.377750,-10.512210,-0.316919,0.793537,0.283964
0.015000,-0.037500,0.027500,-0.111070,0.278906,-0.643060,-2.203897,5.510510,8.713245
0.015000,-0.037500,0.032500,-2.116989,5.293053,7.178112,0.327028,-0.818884,-0.170768
0.015000,-0.037500,0.037500,0.830021,-2.076439,-1.666800,1.842252,-4.605794,-5.632041
0.015000,-0.037500,0.042500,1.259257,-3.147729,-3.703271,-1.384745,3.463140,3.060254
0.015000,-0.037500,0.047500,-1.676092,4.191071,3.685950,-0.361437,0.902627,1.394624
0.015000,-0.037500,0.052500,0.621866,-1.555878,-0.813104,1.431532,-3.578926,-3.145350
0.015000,-0.037500,0.057500,0.626380,-1.565268,-1.571746,-1.270172,3.176359,2.188412
0.015000,-0.037500,0.062500,-1.221652,3.054300,2.227654,0.394361,-0.986981,-0.312578
0.015000,-0.037500,0.067500,1.057474,-2.644491,-1.547286,0.486596,-1.215842,-1.087186
0.015000,-0.037500,0.072500,-0.454169,1.136405,0.402764,-0.954350,2.385886,1.549234
0.015000,-0.037500,0.077500,-0.200595,0.500749,0.542253,0.940271,-2.351248,-1.251761
0.015000,-0.032500,-0.077500,0.998438,-2.162723,1.145985,-0.215192,0.466905,0.036119
0.015000,-0.032500,-0.072500,-0.784364,1.698580,-1.138294,0.814541,-1.765087,0.732632
0.015000,-0.032500,-0.067500,0.174752,-0.377724,0.568697,-1.243613,2.694166,-1.507390
0.015000,-0.032500,-0.062500,0.705481,-1.529082,0.605716,1.207554,-2.615500,1.836350
0.015000,-0.032500,-0.057500,-1.479442,3.205286,-2.027486,-0.497254,1.076314,-1.170577
0.015000,-0.032500,-0.052500,1.567793,-3.395958,2.760442,-0.763265,1.654425,-0.746678
0.015000,-0.032500,-0.047500,-0.516192,1.117220,-1.523519,1.877179,-4.066963,3.176874
0.015000,-0.032500,-0.042500,-1.343355,2.911132,-2.096508,-1.699505,3.681074,-3.840551
0.015000,-0.032500,-0.037500,2.367563,-5.128907,5.467901,-0.340832,0.739578,0.093928
0.015000,-0.032500,-0.032500,-0.645484,1.397151,-2.686191,2.521775,-5.463489,6.311836
0.015000,-0.032500,-0.027500,-2.448482,5.304984,-6.967551,-1.279186,2.770082,-5.033818
0.015000,-0.032500,-0.022500,1.380380,-2.989323,6.472847,-2.449329,5.306807,-8.500737
0.015000,-0.032500,-0.017500,2.548478,-5.521235,11.822439,0.799850,-1.731627,5.510478
0.015000,-0.032500,-0.012500,0.428081,-0.928302,0.970130,2.218462,-4.805575,15.409691
0.015000,-0.032500,-0.007500,-0.810656,1.755327,-11.005285,1.302851,-2.822367,13.570181
0.015000,-0.032500,-0.002500,-0.441245,0.955038,-16.307201,0.322266,-0.697851,9.066911
0.015000,-0.032500,0.002500,0.440998,-0.956249,-16.306463,-0.322029,0.698511,9.068318
0.015000,-0.032500,0.007500,0.810229,-1.755542,-11.001955,-1.302710,2.823778,13.573044
0.015000,-0.032500,0.012500,-0.428812,0.930233,0.976403,-2.217967,4.806454,15.409528
0.015000,-0.032500,0.017500,-2.548559,5.523204,11.825754,-0.798471,1.729192,5.504179
0.015000,-0.032500,0.022500,-1.378705,2.986522,6.467452,2.449919,-5.309637,-8.505398
0.015000,-0.032500,0.027500,2.449167,-5.307948,-6.971833,1.277294,-2.766679,-5.028756
0.015000,-0.032500,0.032500,0.643398,-1.392925,-2.680998,-2.522076,5.465629,6.314632
0.015000,-0.032500,0.037500,-2.367083,5.129241,5.468533,0.342872,-0.744295,0.088854
0.015000,-0.032500,0.042500,1.344842,-2.915241,-2.100570,1.698144,-3.679075,-3.838937
0.015000,-0.032500,0.047500,0.514334,-1.113406,-1.520420,-1.877572,4.069002,3.178919
0.015000,-0.032500,0.052500,-1.566942,3.395069,2.760083,0.764812,-1.658368,-0.749808
0.015000,-0.032500,0.057500,1.479897,-3.207296,-2.029184,0.495691,-1.073152,-1.168506
0.015000,-0.032500,0.062500,-0.706746,1.532410,0.607977,-1.206757,2.614559,1.836025
0.015000,-0.032500,0.067500,-0.173391,0.374795,0.567026,1.243767,-2.695420,-1.508411
0.015000,-0.032500,0.072500,0.783443,-1.697104,-1.137679,-0.815391,1.767623,0.734204
0.015000,-0.032500,0.077500,-0.998178,2.162932,1.146334,0.216311,-0.469602,0.034698
0.015000,-0.027500,-0.077500,0.756030,-1.386310,0.426405,0.768111,-1.407360,0.837258
0.015000,-0.027500,-0.072500,-1.161134,2.128526,-0.950183,-0.307344,0.562557,-0.582875
0.015000,-0.027500,-0.067500,1.282450,-2.350450,1.334336,-0.403227,0.739941,-0.037343
0.015000,-0.027500,-0.062500,-0.936296,1.715505,-1.294510,1.185981,-2.174487,0.964859
0.015000,-0.027500,-0.057500,0.049081,-0.088972,0.538517,-1.704401,3.124239,-1.898818
0.015000,-0.027500,-0.052500,1.185795,-2.174456,1.012649,1.523468,-2.791928,2.219925
0.015000,-0.027500,-0.047500,-2.163646,3.966275,-2.837647,-0.342262,0.626255,-1.122186
0.015000,-0.027500,-0.042500,1.943777,-3.562325,3.447887,-1.549288,2.840924,-1.736083
0.015000,-0.027500,-0.037500,0.080722,-0.149288,-0.811568,2.809299,-5.149656,4.868602
0.015000,-0.027500,-0.032500,-2.771380,5.080874,-4.966375,-1.490913,2.731756,-3.980858
0.015000,-0.027500,-0.027500,2.621209,-4.803986,7.079327,-2.249517,4.124702,-4.223004
0.015000,-0.027500,-0.022500,1.866734,-3.423177,3.892578,3.140595,-5.756247,9.905292
0.015000,-0.027500,-0.017500,-2.970122,5.443630,-12.166011,2.066390,-3.789011,5.937861
0.015000,-0.027500,-0.012500,-2.647416,4.853431,-12.341582,-1.775198,3.252928,-11.227278
0.015000,-0.027500,-0.007500,-0.311183,0.571221,0.071267,-2.216695,4.062720,-19.518025
0.015000,-0.027500,-0.002500,0.236101,-0.432160,8.968339,-0.777395,1.424204,-19.259679
0.015000,-0.027500,0.002500,-0.236048,0.432890,8.966471,0.777070,-1.425863,-19.260543
0.015000,-0.027500,0.007500,0.311636,-0.572272,0.065710,2.216270,-4.064270,-19.518065
0.015000,-0.027500,0.012500,2.647825,-4.855997,-12.346793,1.773892,-3.251816,-11.221720
0.015000,-0.027500,0.017500,2.968638,-5.442615,-12.162633,-2.067841,3.792858,5.945349
0.015000,-0.027500,0.022500,-1.868709,3.427818,3.899975,-3.139003,5.754956,9.902785
0.015000,-0.027500,0.027500,-2.619204,4.801595,7.076181,2.251380,-4.129323,-4.229169
0.015000,-0.027500,0.032500,2.772452,-5.084303,-4.970440,1.488390,-2.727806,-3.976579
0.015000,-0.027500,0.037500,-0.083333,0.154227,-0.806806,-2.809025,5.150625,4.869905
0.015000,-0.027500,0.042500,-1.942136,3.560300,3.446491,1.551101,-2.845184,-1.739937
0.015000,-0.027500,0.047500,2.163882,-3.967957,-2.839312,0.340031,-0.622240,-1.119221
0.015000,-0.027500,0.052500,-1.187351,2.178112,1.015371,-1.522148,2.790343,2.219148
0.015000,-0.027500,0.057500,-0.047234,0.085496,0.536373,1.704391,-3.125294,-1.899829
0.015000,-0.027500,0.062500,0.934958,-1.713577,-1.293616,-1.186980,2.177173,0.966646
0.015000,-0.027500,0.067500,-1.281967,2.350419,1.334608,0.404657,-0.742954,-0.039018
0.015000,-0.027500,0.072500,1.161463,-2.130004,-0.951173,0.306017,-0.560239,-0.581813
0.015000,-0.027500,0.077500,-0.756905,1.388570,0.427614,-0.767231,1.406258,0.836935
0.015000,-0.022500,-0.077500,-0.087125,0.129870,-0.341924,1.125408,-1.687739,0.670953
0.015000,-0.022500,-0.072500,-0.500146,0.750805,-0.028535,-1.162349,1.742771,-0.895393
0.015000,-0.022500,-0.067500,1.128560,-1.693001,0.570311,0.872068,-1.307099,0.913678
0.015000,-0.022500,-0.062500,-1.604302,2.406059,-1.174443,-0.199344,0.298004,-0.580342
0.015000,-0.022500,-0.057500,1.664019,-2.495092,1.600250,-0.792358,1.189229,-0.206815
0.015000,-0.022500,-0.052500,-1.043965,1.564695,-1.464023,1.837100,-2.755688,1.384262
0.015000,-0.022500,-0.047500,-0.351239,0.527955,0.338465,-2.409406,3.613314,-2.530559
0.015000,-0.022500,-0.042500,2.155911,-3.234186,1.888851,1.812255,-2.716950,2.688215
0.015000,-0.022500,-0.037500,-3.241207,4.860925,-4.258355,0.363735,-0.546927,-0.555758
0.015000,-0.022500,-0.032500,1.934466,-2.899974,3.943495,-3.227312,4.841074,-4.110488
0.015000,-0.022500,-0.027500,2.130835,-3.197248,2.341987,3.717530,-5.574722,7.275672
0.015000,-0.022500,-0.022500,-4.647335,6.969729,-10.303740,0.920986,-1.382988,0.006701
0.015000,-0.022500,-0.017500,-0.558684,0.839623,0.956625,-4.904252,7.355137,-13.742552
0.015000,-0.022500,-0.012500,4.315852,-6.472159,17.626002,-1.543037,2.315641,-3.026370
0.015000,-0.022500,-0.007500,2.762649,-4.143604,15.622625,1.929045,-2.891886,15.337298
0.015000,-0.022500,-0.002500,0.562756,-0.843980,7.260946,1.123714,-1.684129,23.383892
0.015000,-0.022500,0.002500,-0.562629,0.844830,7.263523,-1.123518,1.686413,23.382984
0.015000,-0.022500,0.007500,-2.762904,4.146085,15.627474,-1.928102,2.892141,15.332067
0.015000,-0.022500,0.012500,-4.314714,6.472846,17.624326,1.544936,-2.319255,-3.035454
0.015000,-0.022500,0.017500,0.561741,-0.844460,0.947326,4.903438,-7.356207,-13.743276
0.015000,-0.022500,0.022500,4.646216,-6.970092,-10.303991,-0.924435,1.388616,0.015020
0.015000,-0.022500,0.027500,-2.133844,3.202777,2.348734,-3.715394,5.573110,7.273892
0.015000,-0.022500,0.032500,-1.931313,2.896025,3.939700,3.228875,-4.844936,-4.114720
0.015000,-0.022500,0.037500,3.240635,-4.861588,-4.259380,-0.366920,0.551999,-0.551289
0.015000,-0.022500,0.042500,-2.157665,3.237977,1.892101,-1.809922,2.714257,2.686447
0.015000,-0.022500,0.047500,0.353800,-0.532112,0.335567,2.408916,-3.613834,-2.531343
0.015000,-0.022500,0.052500,1.041908,-1.562081,-1.462614,-1.838175,2.758393,1.386276
0.015000,-0.022500,0.057500,-1.663079,2.494615,1.600316,0.794197,-1.192572,-0.208845
0.015000,-0.022500,0.062500,1.604490,-2.407365,-1.175446,0.197513,-0.295260,-0.578974
0.015000,-0.022500,0.067500,-1.129545,1.695303,0.571642,-0.870751,1.305608,0.913157
0.015000,-0.022500,0.072500,0.501494,-0.753285,-0.029736,1.161752,-1.742645,-0.895590
0.015000,-0.022500,0.077500,0.085801,-0.127837,-0.341108,-1.125503,1.688722,0.671606
0.015000,-0.017500,-0.077500,-0.818418,0.953937,-0.573627,0.839606,-0.979775,0.167641
0.015000,-0.017500,-0.072500,0.430584,-0.501391,0.519956,-1.248812,1.456775,-0.484261
0.015000,-0.017500,-0.067500,0.188582,-0.220850,-0.282897,1.485897,-1.732934,0.806608
0.015000,-0.017500,-0.062500,-0.974070,1.136911,-0.174288,-1.405652,1.638932,-1.027130
0.015000,-0.017500,-0.057500,1.763843,-2.057770,0.830071,0.870926,-1.014884,0.985262
0.015000,-0.017500,-0.052500,-2.273056,2.651196,-1.543966,0.183154,-0.214767,-0.487190
0.015000,-0.017500,-0.047500,2.103384,-2.452664,1.978120,-1.635851,1.909069,-0.613785
0.015000,-0.017500,-0.042500,-0.854479,0.995386,-1.548557,3.018576,-3.521356,2.214046
0.015000,-0.017500,-0.037500,-1.541301,1.799226,-0.424796,-3.381803,3.944106,-3.574313
0.015000,-0.017500,-0.032500,4.151538,-4.843220,3.952744,1.503077,-1.751744,2.896801
0.015000,-0.017500,-0.027500,-4.388805,5.118492,-6.484495,2.830856,-3.303684,2.082622
0.015000,-0.017500,-0.022500,-0.558402,0.653340,1.424806,-6.034806,7.039380,-9.507452
0.015000,-0.017500,-0.017500,6.618622,-7.720885,12.652271,1.034567,-1.204773,5.018504
0.015000,-0.017500,-0.012500,-0.567024,0.659443,-5.445137,6.621856,-7.724359,18.050665
0.015000,-0.017500,-0.007500,-4.786361,5.582136,-24.025950,2.026091,-2.364640,4.958422
0.015000,-0.017500,-0.002500,-1.985461,2.314934,-26.647816,-0.345752,0.402397,-10.146712
0.015000,-0.017500,0.002500,1.985528,-2.318138,-26.648838,0.345735,-0.403283,-10.143153
0.015000,-0.017500,0.007500,4.785495,-5.584072,-24.023457,-2.027570,2.367335,4.967289
0.015000,-0.017500,0.012500,0.563372,-0.655549,-5.434423,-6.621682,7.726976,18.053354
0.015000,-0.017500,0.017500,-6.618796,7.723606,12.655875,-1.029768,1.199581,5.008888
0.015000,-0.017500,0.022500,0.563402,-0.659441,1.416401,6.033825,-7.040486,-9.508795
0.015000,-0.017500,0.027500,4.385831,-5.116656,-6.482678,-2.834705,3.309350,2.089095
0.015000,-0.017500,0.032500,-4.152744,4.846353,3.956092,-1.498839,1.747290,2.892782
0.015000,-0.017500,0.037500,1.544745,-1.804034,-0.428870,3.379988,-3.943393,-3.574174
0.015000,-0.017500,0.042500,0.851165,-0.991780,-1.546134,-3.019351,3.523692,2.216147
0.015000,-0.017500,0.047500,-2.101478,2.451395,1.977663,1.638124,-1.912642,-0.616300
0.015000,-0.017500,0.052500,2.272774,-2.652060,-1.544848,-0.185728,0.218005,-0.485323
0.015000,-0.017500,0.057500,-1.764803,2.059948,0.831511,-0.868870,1.012859,0.984376
0.015000,-0.017500,0.062500,0.975693,-1.139499,-0.175692,1.404489,-1.638350,-1.027118
0.015000,-0.017500,0.067500,-0.190332,0.223135,-0.281866,-1.485658,1.733591,0.807180
0.015000,-0.017500,0.072500,-0.429097,0.499836,0.519413,1.249316,-1.458252,-0.485102
0.015000,-0.017500,0.077500,0.817412,-0.953270,-0.573540,-0.840584,0.981600,0.168495
0.015000,-0.012500,-0.077500,-1.163528,0.968948,-0.445426,0.321509,-0.268576,-0.185332
0.015000,-0.012500,-0.072500,1.064623,-0.886267,0.570426,-0.854780,0.712679,-0.024163
0.015000,-0.012500,-0.067500,-0.710066,0.590667,-0.602640,1.383918,-1.153221,0.324023
0.015000,-0.012500,-0.062500,0.067052,-0.054868,0.475906,-1.785028,1.487006,-0.682099
0.015000,-0.012500,-0.057500,0.842211,-0.702578,-0.122806,1.890381,-1.574339,1.019969
0.015000,-0.012500,-0.052500,-1.897994,1.581883,-0.498064,-1.502684,1.250926,-1.192407
0.015000,-0.012500,-0.047500,2.826996,-2.355342,1.344062,0.442678,-0.367530,0.973098
0.015000,-0.012500,-0.042500,-3.148152,2.622215,-2.179698,1.335100,-1.113585,-0.077831
0.015000,-0.012500,-0.037500,2.185393,-1.819394,2.410320,-3.506070,2.921851,-1.688976
0.015000,-0.012500,-0.032500,0.657180,-0.549268,-0.960661,4.995881,-4.162098,3.973801
0.015000,-0.012500,-0.027500,-4.929959,4.108670,-3.255543,-3.719665,3.097534,-4.866455
0.015000,-0.012500,-0.022500,7.189571,-5.989562,8.630161,-2.200925,1.835876,0.056034
0.015000,-0.012500,-0.017500,-1.006760,0.836422,-4.922579,8.795439,-7.328506,11.996704
0.015000,-0.012500,-0.012500,-9.273656,7.727103,-17.300006,-2.000805,1.664623,-8.666240
0.015000,-0.012500,-0.007500,-1.019299,0.851254,2.917757,-7.962700,6.633642,-27.037422
0.015000,-0.012500,-0.002500,1.667110,-1.387437,22.911127,-2.827760,2.355382,-24.177662
0.015000,-0.012500,0.002500,-1.667377,1.390059,22.907002,2.828534,-2.359015,-24.180568
0.015000,-0.012500,0.007500,1.022398,-0.853919,2.906007,7.962358,-6.636940,-27.037225
0.015000,-0.012500,0.012500,9.274363,-7.730782,-17.304667,1.994913,-1.660549,-8.654346
0.015000,-0.012500,0.017500,0.999713,-0.830881,-4.912394,-8.795534,7.331358,12.000257
0.015000,-0.012500,0.022500,-7.186978,5.989699,8.630064,2.207295,-1.841964,0.047766
0.015000,-0.012500,0.027500,4.933287,-4.113203,-3.260711,3.714487,-3.094397,-4.863097
0.015000,-0.012500,0.032500,-0.662395,0.553996,-0.956236,-4.994865,4.163079,3.975062
0.015000,-0.012500,0.037500,-2.181438,1.816847,2.408503,3.508273,-2.925170,-1.691951
0.015000,-0.012500,0.042500,3.146512,-2.622157,-2.180014,-1.338584,1.117207,-0.075159
0.015000,-0.012500,0.047500,-2.827407,2.357038,1.345465,-0.439416,0.364874,0.971512
0.015000,-0.012500,0.052500,1.899698,-1.584355,-0.499692,1.500432,-1.249698,-1.191929
0.015000,-0.012500,0.057500,-0.844426,0.705010,-0.121462,-1.889353,1.574457,1.020298
0.015000,-0.012500,0.062500,-0.064926,0.053001,0.475058,1.785087,-1.488103,-0.682869
0.015000,-0.012500,0.067500,0.708402,-0.589609,-0.602302,-1.384762,1.154846,0.324923
0.015000,-0.012500,0.072500,-1.063592,0.886038,0.570505,0.856065,-0.714413,-0.024975
0.015000,-0.012500,0.077500,1.163144,-0.969415,-0.445784,-0.322922,0.270092,-0.184729
0.015000,-0.007500,-0.077500,-1.226579,0.612886,-0.254713,-0.106087,0.052197,-0.322800
0.015000,-0.007500,-0.072500,1.334927,-0.666728,0.426927,-0.409228,0.205291,0.226184
0.015000,-0.007500,-0.067500,-1.229412,0.613702,-0.573983,1.017587,-0.509164,-0.034247
0.015000,-0.007500,-0.062500,0.838163,-0.417932,0.644265,-1.638197,0.819041,-0.259142
0.015000,-0.007500,-0.057500,-0.108906,0.053341,-0.568040,2.139927,-1.069402,0.636203
0.015000,-0.007500,-0.052500,-0.961190,0.481432,0.261921,-2.332212,1.165039,-1.035442
0.015000,-0.007500,-0.047500,2.274539,-1.137569,0.352319,1.965842,-0.981465,1.321800
0.015000,-0.007500,-0.042500,-3.550443,1.774748,-1.294741,-0.765069,0.380961,-1.248277
0.015000,-0.007500,-0.037500,4.207793,-2.102541,2.399045,-1.455924,0.729196,0.431156
0.015000,-0.007500,-0.032500,-3.265758,1.630833,-3.043739,4.476045,-2.238305,1.562389
0.015000,-0.007500,-0.027500,-0.455937,0.229967,1.742362,-6.970145,3.483837,-4.681979
0.015000,-0.007500,-0.022500,6.882290,-3.441662,3.729314,5.567564,-2.781141,6.629226
0.015000,-0.007500,-0.017500,-10.396401,5.195925,-12.018949,3.688397,-1.846256,0.037690
0.015000,-0.007500,-0.012500,-1.161876,0.583674,4.045690,-12.699753,6.347922,-18.825239
0.015000,-0.007500,-0.007500,11.259451,-5.627097,29.390717,-3.382441,1.693173,-0.442004
0.015000,-0.007500,-0.002500,4.598731,-2.298033,28.847029,2.248608,-1.122113,25.172570
0.015000,-0.007500,0.002500,-4.601021,2.302758,28.850206,-2.249251,1.125069,25.166729
0.015000,-0.007500,0.007500,-11.258513,5.630639,29.387807,3.387665,-1.696465,-0.456021
0.015000,-0.007500,0.012500,1.170655,-0.588186,4.031746,12.698368,-6.350753,-18.826172
0.015000,-0.007500,0.017500,10.392447,-5.196775,-12.017858,-3.697094,1.851597,0.048365
0.015000,-0.007500,0.022500,-6.887184,3.446148,3.735771,-5.560441,2.779115,6.625083
0.015000,-0.007500,0.027500,0.463201,-0.233876,1.737206,6.969191,-3.485541,-4.683756
0.015000,-0.007500,0.032500,3.260662,-1.629290,-3.041946,-4.479369,2.241602,1.565906
0.015000,-0.007500,0.037500,-4.205951,2.103166,2.399635,1.460617,-0.732245,0.428284
0.015000,-0.007500,0.042500,3.551201,-1.776637,-1.296358,0.760937,-0.379059,-1.246734
0.015000,-0.007500,0.047500,-2.276788,1.139826,0.354030,-1.963118,0.980878,1.321443
0.015000,-0.007500,0.052500,0.963945,-0.483420,0.260593,2.331028,-1.165538,-1.035872
0.015000,-0.007500,0.057500,0.106339,-0.051973,-0.567250,-2.140035,1.070600,0.637019
0.015000,-0.007500,0.062500,-0.836181,0.417298,0.643984,1.639203,-0.820543,-0.260039
0.015000,-0.007500,0.067500,1.228178,-0.613754,-0.574095,-1.019082,0.510635,-0.033465
0.015000,-0.007500,0.072500,-1.334437,0.667318,0.427292,0.410859,-0.206493,0.225619
0.015000,-0.007500,0.077500,1.226723,-0.613819,-0.255198,0.104586,-0.051402,-0.322482
0.015000,-0.002500,-0.077500,-1.199966,0.199736,-0.143943,-0.326007,0.053425,-0.350882
0.015000,-0.002500,-0.072500,1.404116,-0.233412,0.315741,-0.150312,0.025857,0.311121
0.015000,-0.002500,-0.067500,-1.428704,0.237194,-0.490361,0.756843,-0.126702,-0.186625
0.015000,-0.002500,-0.062500,1.192813,-0.197653,0.628860,-1.437709,0.239801,-0.040131
0.015000,-0.002500,-0.057500,-0.620122,0.102130,-0.672924,2.090866,-0.348174,0.373660
0.015000,-0.002500,-0.052500,-0.340658,0.057861,0.542523,-2.553383,0.424720,-0.790703
0.015000,-0.002500,-0.047500,1.677305,-0.280235,-0.139666,2.587221,-0.429858,1.214690
0.015000,-0.002500,-0.042500,-3.242735,0.540462,-0.629265,-1.876215,0.311030,-1.473556
0.015000,-0.002500,-0.037500,4.628400,-0.770499,1.780262,0.068357,-0.009751,1.238999
0.015000,-0.002500,-0.032500,-4.967915,0.826135,-3.050807,3.038788,-0.507500,0.021766
0.015000,-0.002500,-0.027500,2.767885,-0.458903,3.428635,-6.925677,1.153971,-2.895771
0.015000,-0.002500,-0.022500,3.570858,-0.596930,-0.408046,8.991862,-1.496466,6.929233
0.015000,-0.002500,-0.017500,-12.083966,2.013161,-9.048126,-3.130692,0.518618,-6.740851
0.015000,-0.002500,-0.012500,8.527420,-1.417550,15.262037,-12.547368,2.091447,-11.162316
0.015000,-0.002500,-0.007500,13.144602,-2.190231,21.420696,6.962370,-1.156707,21.853499
0.015000,-0.002500,-0.002500,1.870309,-0.312658,-0.456218,6.537828,-1.086871,41.786255
0.015000,-0.002500,0.002500,-1.872282,0.313346,-0.448647,-6.542032,1.092444,41.784051
0.015000,-0.002500,0.007500,-13.149377,2.194597,21.428863,-6.956647,1.158318,21.839801
0.015000,-0.002500,0.012500,-8.517898,1.418236,15.251362,12.553412,-2.095411,-11.171939
0.015000,-0.002500,0.017500,12.086085,-2.016529,-9.052942,3.119548,-0.517546,-6.731707
0.015000,-0.002500,0.022500,-3.579717,0.599464,-0.400998,-8.987683,1.498169,6.928848
0.015000,-0.002500,0.027500,-2.760269,0.458332,3.425206,6.928269,-1.156533,-2.899227
0.015000,-0.002500,0.032500,4.964279,-0.827102,-3.050598,-3.044220,0.509553,0.025216
0.015000,-0.002500,0.037500,-4.628316,0.772196,1.781641,-0.063023,0.008724,1.236872
0.015000,-0.002500,0.042500,3.244854,-0.542214,-0.631015,1.872362,-0.311010,-1.472775
0.015000,-0.002500,0.047500,-1.680353,0.281622,-0.138186,-2.585184,0.430585,1.214855
0.015000,-0.002500,0.052500,0.343722,-0.058686,0.541550,2.552951,-0.425865,-0.791380
0.015000,-0.002500,0.057500,0.617591,-0.101895,-0.672469,-2.091612,0.349436,0.374509
0.015000,-0.002500,0.062500,-1.191068,0.197930,0.628827,1.439166,-0.240944,-0.040927
0.015000,-0.002500,0.067500,1.427792,-0.237846,-0.490615,-0.758597,0.127569,-0.186006
0.015000,-0.002500,0.072500,-1.403951,0.234280,0.316153,0.152037,-0.026367,0.310728
0.015000,-0.002500,0.077500,1.200389,-0.200664,-0.144403,0.324536,-0.053289,-0.350712
0.015000,0.002500,-0.077500,-1.199962,-0.200263,-0.143961,-0.325997,-0.055244,-0.350940
0.015000,0.002500,-0.072500,1.404107,0.234638,0.315784,-0.150322,-0.024251,0.311176
0.015000,0.002500,-0.067500,-1.428689,-0.239051,-0.490430,0.756851,0.125588,-0.186665
0.015000,0.002500,-0.062500,1.192792,0.199958,0.628951,-1.437711,-0.239450,-0.040119
0.015000,0.002500,-0.057500,-0.620097,-0.104577,-0.673027,2.090858,0.348800,0.373688
0.015000,0.002500,-0.052500,-0.340683,-0.055701,0.542621,-2.553359,-0.426427,-0.790783
0.015000,0.002500,-0.047500,1.677321,0.278887,-0.139730,2.587179,0.432564,1.214827
0.015000,0.002500,-0.042500,-3.242728,-0.540480,-0.629270,-1.876154,-0.314379,-1.473740
0.015000,0.002500,-0.037500,4.628349,0.772334,1.780378,0.068288,0.013018,1.239194
0.015000,0.002500,-0.032500,-4.967799,-0.829857,-3.051062,3.038832,0.505471,0.021635
0.015000,0.002500,-0.027500,2.767708,0.463709,3.428996,-6.925621,-1.154645,-2.895829
0.015000,0.002500,-0.022500,3.570990,0.593426,-0.408338,8.991606,1.500852,6.929607
0.015000,0.002500,-0.017500,-12.083739,-2.014901,-9.048277,-3.130291,-0.524881,-6.741440
0.015000,0.002500,-0.012500,8.526722,1.424849,15.262761,-12.547183,-2.091106,-11.162192
0.015000,0.002500,-0.007500,13.144108,2.191348,21.420458,6.961512,1.163961,21.854248
0.015000,0.002500,-0.002500,1.870283,0.310808,-0.457101,6.536865,1.092292,41.786195
0.015000,0.002500,0.002500,-1.872747,-0.310860,-0.449694,-6.542546,-1.088366,41.783655
0.015000,0.002500,0.007500,-13.149901,-2.188744,21.427859,-6.956265,-1.160521,21.840298
0.015000,0.002500,0.012500,-8.517547,-1.421047,15.251750,12.553814,2.089255,-11.171085
0.015000,0.002500,0.017500,12.086251,2.012305,-9.052447,3.119218,0.522250,-6.732239
0.015000,0.002500,0.022500,-3.579957,-0.593863,-0.401548,-8.987641,-1.497791,6.928798
0.015000,0.002500,0.027500,-2.760134,-0.461749,3.425490,6.928358,1.152971,-2.898915
0.015000,0.002500,0.032500,4.964242,0.827692,-3.050632,-3.044324,-0.505238,0.024890
0.015000,0.002500,0.037500,-4.628333,-0.770621,1.781527,-0.062948,-0.012266,1.237106
0.015000,0.002500,0.042500,3.244892,0.539442,-0.630843,1.872321,0.313117,-1.472895
0.015000,0.002500,0.047500,-1.680392,-0.278520,-0.138356,-2.585170,-0.431163,1.214879
0.015000,0.002500,0.052500,0.343753,0.055898,0.541688,2.552954,0.425142,-0.791338
0.015000,0.002500,0.057500,0.617570,0.103969,-0.672561,-2.091625,-0.347790,0.374429
0.015000,0.002500,0.062500,-1.191056,-0.199101,0.628872,1.439182,0.238794,-0.040833
0.015000,0.002500,0.067500,1.427788,0.238096,-0.490621,-0.758612,-0.125307,-0.186097
0.015000,0.002500,0.072500,-1.403952,-0.233717,0.316128,0.152049,0.024317,0.310803
0.015000,0.002500,0.077500,1.200394,0.199477,-0.144359,0.324527,0.054891,-0.350765
0.015000,0.007500,-0.077500,-1.226563,-0.613719,-0.254796,-0.106058,-0.053876,-0.322961
0.015000,0.007500,-0.072500,1.334895,0.668218,0.427082,-0.409253,-0.203963,0.226318
0.015000,0.007500,-0.067500,-1.229364,-0.615718,-0.574205,1.017600,0.508460,-0.034321
0.015000,0.007500,-0.062500,0.838103,0.420220,0.644535,-1.638189,-0.819198,-0.259165
0.015000,0.007500,-0.057500,-0.108841,-0.055530,-0.568316,2.139885,1.070563,0.636356
0.015000,0.007500,-0.052500,-0.961243,-0.479817,0.262138,-2.332127,-1.167191,-1.035743
0.015000,0.007500,-0.047500,2.274549,1.137043,0.352249,1.965711,0.984358,1.322237
0.015000,0.007500,-0.042500,-3.550370,-1.775757,-1.294919,-0.764908,-0.384037,-1.248782
0.015000,0.007500,-0.037500,4.207589,2.105258,2.399552,-1.456059,-0.726850,0.431574
0.015000,0.007500,-0.032500,-3.265410,-1.634821,-3.044554,4.476032,2.237868,1.562318
0.015000,0.007500,-0.027500,-0.456309,-0.226199,1.743212,-6.969794,-3.486317,-4.682563
0.015000,0.007500,-0.022500,6.882255,3.440822,3.729109,5.566792,2.786150,6.630515
0.015000,0.007500,-0.017500,-10.395336,-5.200193,-12.020145,3.688911,1.842557,0.036597
0.015000,0.007500,-0.012500,-1.162873,-0.578818,4.047352,-12.698322,-6.351434,-18.826127
0.015000,0.007500,-0.007500,11.257291,5.631532,29.391548,-3.382998,-1.689719,-0.440214
0.015000,0.007500,-0.002500,4.597106,2.300018,28.845475,2.247269,1.125844,25.174121
0.015000,0.007500,0.002500,-4.602608,-2.299189,28.847840,-2.249301,-1.124225,25.168043
0.015000,0.007500,0.007500,-11.258857,-5.628304,29.386923,3.389124,1.692102,-0.453381
0.015000,0.007500,0.012500,1.171921,0.583219,4.033925,12.698635,6.348067,-18.825092
0.015000,0.007500,0.017500,10.392347,5.195872,-12.017542,-3.698036,-1.846127,0.046432
0.015000,0.007500,0.022500,-6.887694,-3.441503,3.734371,-5.560035,-2.781235,6.625702
0.015000,0.007500,0.027500,0.463641,0.229590,1.738308,6.969258,3.483868,-4.683300
0.015000,0.007500,0.032500,3.260458,1.631340,-3.042391,-4.479601,-2.238017,1.565078
0.015000,0.007500,0.037500,-4.205927,-2.102882,2.399554,1.460836,0.728536,0.429032
0.015000,0.007500,0.042500,3.551269,1.774697,-1.295988,0.760790,0.381814,-1.247222
0.015000,0.007500,0.047500,-2.276886,-1.137079,0.353568,-1.963047,-0.982251,1.321652
0.015000,0.007500,0.052500,0.964036,0.480603,0.261017,2.331013,1.165543,-1.035855
0.015000,0.007500,0.057500,0.106269,0.054328,-0.567570,-2.140056,-1.069504,0.636854
0.015000,0.007500,0.062500,-0.836138,-0.418880,0.644177,1.639240,0.818726,-0.259797
0.015000,0.007500,0.067500,1.228158,0.614445,-0.574166,-1.019124,-0.508499,-0.033723
0.015000,0.007500,0.072500,-1.334434,-0.667153,0.427262,0.410897,0.204399,0.225852
0.015000,0.007500,0.077500,1.226733,0.612943,-0.255097,0.104556,0.053170,-0.322663
0.015000,0.012500,-0.077500,-1.163487,-0.970284,-0.445644,0.321543,0.267320,-0.185532
0.015000,0.012500,-0.072500,1.064561,0.888098,0.570742,-0.854799,-0.712012,-0.024052
0.015000,0.012500,-0.067500,-0.709987,-0.592739,-0.603020,1.383906,1.153364,0.324055
0.015000,0.012500,-0.062500,0.066970,0.056814,0.476287,-1.784974,-1.488077,-0.682317
0.015000,0.012500,-0.057500,0.842273,0.701205,-0.123092,1.890274,1.576290,1.020390
0.015000,0.012500,-0.052500,-1.898000,-1.581538,-0.497995,-1.502526,-1.253475,-1.192999
0.015000,0.012500,-0.047500,2.826900,2.356367,1.344334,0.442496,0.370122,0.973748
0.015000,0.012500,-0.042500,-3.147915,-2.624643,-2.180383,1.335236,1.111772,-0.078322
0.015000,0.012500,-0.037500,2.185024,1.822698,2.411339,-3.506032,-2.921738,-1.688963
0.015000,0.012500,-0.032500,0.657536,0.546390,-0.961638,4.995507,4.164279,3.974573
0.015000,0.012500,-0.027500,-4.929916,-4.108140,-3.255362,-3.718935,-3.101431,-4.867970
0.015000,0.012500,-0.022500,7.188664,5.992601,8.631500,-2.201457,-1.832932,0.057324
0.015000,0.012500,-0.017500,-1.005603,-0.840511,-4.924642,8.794488,7.330163,11.997452
0.015000,0.012500,-0.012500,-9.272383,-7.728353,-17.300344,-1.999241,-1.668740,-8.668640
0.015000,0.012500,-0.007500,-1.020187,-0.848452,2.920179,-7.960523,-6.636041,-27.037966
0.015000,0.012500,-0.002500,1.665659,1.389908,22.912936,-2.826167,-2.356363,-24.175635
0.015000,0.012500,0.002500,-1.667646,-1.389164,22.908488,2.830241,2.356770,-24.177697
0.015000,0.012500,0.007500,1.023842,0.851416,2.909062,7.963150,6.634645,-27.035677
0.015000,0.012500,0.012500,9.275198,7.727610,-17.302467,1.993658,1.663251,-8.656626
0.015000,0.012500,0.017500,0.998608,0.834349,-4.914580,-8.795995,-7.328646,11.998676
0.015000,0.012500,0.022500,-7.186935,-5.988862,8.629657,2.208175,1.837750,0.049932
0.015000,0.012500,0.027500,4.933776,4.109596,-3.259117,3.714084,3.096209,-4.863886
0.015000,0.012500,0.032500,-0.662850,-0.550436,-0.957599,-4.994911,-4.161955,3.974607
0.015000,0.012500,0.037500,-2.181202,-1.818764,2.409134,3.508510,2.922320,-1.690964
0.015000,0.012500,0.042500,3.146470,2.622129,-2.179977,-1.338830,-1.114048,-0.076125
0.015000,0.012500,0.047500,-2.827479,-2.355498,1.345016,-0.439241,-0.367347,0.972182
0.015000,0.012500,0.052500,1.899813,1.581997,-0.499085,1.500341,1.251005,-1.192237
0.015000,0.012500,0.057500,-0.844540,-0.702507,-0.122044,-1.889332,-1.574530,1.020291
0.015000,0.012500,0.062500,-0.064837,-0.055130,0.475506,1.785112,1.487145,-0.682644
0.015000,0.012500,0.067500,0.708346,0.591041,-0.602573,-1.384811,-1.153197,0.324582
0.015000,0.012500,0.072500,-1.063566,-0.886639,0.570600,0.856121,0.712452,-0.024605
0.015000,0.012500,0.077500,1.163143,0.969209,-0.445732,-0.322973,-0.268171,-0.185063
0.015000,0.017500,-0.077500,-0.818346,-0.955669,-0.574021,0.839618,0.979377,0.167555
0.015000,0.017500,-0.072500,0.430500,0.503228,0.520399,-1.248787,-1.457172,-0.484363
0.015000,0.017500,-0.067500,0.188660,0.219286,-0.283298,1.485825,1.734170,0.806934
0.015000,0.017500,-0.062500,-0.974114,-1.136038,-0.174053,-1.405528,-1.640863,-1.027671
0.015000,0.017500,-0.057500,1.763815,2.057948,0.830134,0.870765,1.017135,0.985938
0.015000,0.017500,-0.052500,-2.272920,-2.652586,-1.544431,0.183309,0.212798,-0.487826
0.015000,0.017500,-0.047500,2.103130,2.455059,1.978982,-1.635920,-1.908114,-0.613459
0.015000,0.017500,-0.042500,-0.854159,-0.998058,-1.549605,3.018449,3.522037,2.214334
0.015000,0.017500,-0.037500,-1.541508,-1.797508,-0.424063,-3.381397,-3.946496,-3.575373
0.015000,0.017500,-0.032500,4.151330,4.843733,3.953021,1.502501,1.754823,2.898311
0.015000,0.017500,-0.027500,-4.388004,-5.121367,-6.486105,2.831082,3.302130,2.081774
0.015000,0.017500,-0.022500,-0.559139,-0.650556,1.426585,-6.033955,-7.041212,-9.508608
0.015000,0.017500,-0.017500,6.617696,7.721908,12.652905,1.033407,1.207851,5.020799
0.015000,0.017500,-0.012500,-0.565808,-0.662145,-5.447594,6.620493,7.725462,18.051195
0.015000,0.017500,-0.007500,-4.784396,-5.584011,-24.027053,2.026240,2.363268,4.956131
0.015000,0.017500,-0.002500,-1.983784,-2.315977,-26.646601,-0.345147,-0.403645,-10.149169
0.015000,0.017500,0.002500,1.987015,2.316620,-26.646846,0.345494,0.403144,-10.145603
0.015000,0.017500,0.007500,4.785974,5.582906,-24.022882,-2.028939,-2.365448,4.963937
0.015000,0.017500,0.012500,0.562190,0.657557,-5.437076,-6.622405,-7.724873,18.051384
0.015000,0.017500,0.017500,-6.619363,-7.721335,12.654017,-1.028724,-1.201979,5.011208
0.015000,0.017500,0.022500,0.564324,0.656338,1.418751,6.034009,7.039025,-9.507801
0.015000,0.017500,0.027500,4.385613,5.116943,-6.482891,-2.835388,-3.305979,2.086963
0.015000,0.017500,0.032500,-4.153048,-4.844012,3.954802,-1.498393,-1.749539,2.894016
0.015000,0.017500,0.037500,1.545148,1.800964,-0.427381,3.379915,3.943362,-3.574140
0.015000,0.017500,0.042500,0.850893,0.993987,-1.547073,-3.019506,-3.521838,2.215323
0.015000,0.017500,0.047500,-2.101379,-2.452061,1.977896,1.638346,1.910024,-0.615268
0.015000,0.017500,0.052500,2.272804,2.651257,-1.544534,-0.185916,-0.215606,-0.486169
0.015000,0.017500,0.057500,-1.764901,-2.058157,0.830907,-0.868754,-1.014415,0.984864
0.015000,0.017500,0.062500,0.975807,1.137321,-0.175028,1.404446,1.638825,-1.027236
0.015000,0.017500,0.067500,-0.190431,-0.221107,-0.282429,-1.485669,-1.733051,0.807004
0.015000,0.017500,0.072500,-0.429028,-0.501331,0.519790,1.249361,1.456953,-0.484744
0.015000,0.017500,0.077500,0.817376,0.954031,-0.573708,-0.840643,-0.979888,0.168065
0.015000,0.022500,-0.077500,-0.087048,-0.131391,-0.342368,1.125363,1.688510,0.671184
0.015000,0.022500,-0.072500,-0.500201,-0.749762,-0.028214,-1.162257,-1.744231,-0.895854
0.015000,0.022500,-0.067500,1.128564,1.692782,0.570245,0.871939,1.308976,0.914309
0.015000,0.022500,-0.062500,-1.604226,-2.406865,-1.174742,-0.199206,-0.299828,-0.580996
0.015000,0.022500,-0.057500,1.663848,2.496839,1.600938,-0.792449,-1.188058,-0.206367
0.015000,0.022500,-0.052500,-1.043726,-1.566914,-1.464965,1.837069,2.755723,1.384290
0.015000,0.022500,-0.047500,-0.351451,-0.526127,0.339306,-2.409188,-3.614770,-2.531249
0.015000,0.022500,-0.042500,2.155923,3.233755,1.888648,1.811868,2.719362,2.689459
0.015000,0.022500,-0.037500,-3.240850,-4.862420,-4.259230,0.364083,0.544860,-0.556932
0.015000,0.022500,-0.032500,1.933829,2.902592,3.945188,-3.227203,-4.840981,-4.110447
0.015000,0.022500,-0.027500,2.131088,3.195850,2.340963,3.716733,5.576950,7.277319
0.015000,0.022500,-0.022500,-4.646445,-6.971305,-10.305054,0.921576,1.380987,0.004975
0.015000,0.022500,-0.017500,-0.559423,-0.837649,0.958678,-4.903169,-7.356381,-13.743662
0.015000,0.022500,-0.012500,4.314404,6.473546,17.627329,-1.543426,-2.314240,-3.024379
0.015000,0.022500,-0.007500,2.761877,4.143435,15.621271,1.927718,2.893370,15.339292
0.015000,0.022500,-0.002500,0.562317,0.843692,7.258428,1.122397,1.685117,23.384395
0.015000,0.022500,0.002500,-0.563472,-0.844383,7.260641,-1.124401,-1.685547,23.382982
0.015000,0.022500,0.007500,-2.764077,-4.144635,15.624625,-1.927950,-2.892047,15.333341
0.015000,0.022500,0.012500,-4.314958,-6.471984,17.623698,1.546071,2.317442,-3.032382
0.015000,0.022500,0.017500,0.562750,0.842387,0.950029,4.903747,7.354956,-13.742099
0.015000,0.022500,0.022500,4.646342,6.969109,-10.303195,-0.925317,-1.386143,0.012496
0.015000,0.022500,0.027500,-2.134546,-3.200023,2.346426,-3.715236,-5.573111,7.273981
0.015000,0.022500,0.032500,-1.930925,-2.897454,3.940760,3.229289,4.842592,-4.113039
0.015000,0.022500,0.037500,3.240704,4.860681,-4.258803,-0.367360,-0.549482,-0.552889
0.015000,0.022500,0.042500,-2.157952,-3.235641,1.890772,-1.809721,-2.715337,2.687044
0.015000,0.022500,0.047500,0.354076,0.529752,0.336763,2.408947,3.613155,-2.530974
0.015000,0.022500,0.052500,1.041748,1.563475,-1.463238,-1.838329,-2.756521,1.385391
0.015000,0.022500,0.057500,-1.663045,-2.494702,1.600324,0.794373,1.190360,-0.207904
0.015000,0.022500,0.062500,1.604543,2.406317,-1.175010,0.197377,0.297080,-0.579673
0.015000,0.022500,0.067500,-1.129640,-1.693573,0.571000,-0.870676,-1.306598,0.913493
0.015000,0.022500,0.072500,0.501593,0.751393,-0.029094,1.161736,1.742679,-0.895576
0.015000,0.022500,0.077500,0.085721,0.129448,-0.341609,-1.125530,-1.687920,0.671329
0.015000,0.027500,-0.077500,0.756048,1.385913,0.426267,0.768009,1.408933,0.837827
0.015000,0.027500,-0.072500,-1.161090,-2.129002,-0.950373,-0.307230,-0.564184,-0.583500
0.015000,0.027500,-0.067500,1.282332,2.351777,1.334889,-0.403314,-0.738765,-0.036863
0.015000,0.027500,-0.062500,-0.936120,-1.717342,-1.295328,1.185987,2.174246,0.964760
0.015000,0.027500,-0.057500,0.048906,0.090663,0.539328,-1.704277,-3.125176,-1.899278
0.015000,0.027500,-0.052500,1.185861,2.173712,1.012268,1.523213,2.793797,2.220912
0.015000,0.027500,-0.047500,-2.163488,-3.967024,-2.838092,-0.341977,-0.628198,-1.123304
0.015000,0.027500,-0.042500,1.943381,3.564310,3.449163,-1.549375,-2.840131,-1.735588
0.015000,0.027500,-0.037500,0.081100,0.147425,-0.812896,2.808961,5.150765,4.869407
0.015000,0.027500,-0.032500,-2.771233,-5.080876,-4.966385,-1.490298,-2.733912,-3.982606
0.015000,0.027500,-0.027500,2.620430,4.805916,7.081120,-2.249591,-4.123919,-4.222266
0.015000,0.027500,-0.022500,1.866937,3.422114,3.891374,3.139670,5.757856,9.907007
0.015000,0.027500,-0.017500,-2.969027,-5.445072,-12.167784,2.066467,3.788141,5.936585
0.015000,0.027500,-0.012500,-2.646938,-4.853173,-12.340738,-1.774108,-3.254267,-11.229314
0.015000,0.027500,-0.007500,-0.311478,-0.570391,0.073467,-2.215554,-4.063282,-19.518304
0.015000,0.027500,-0.002500,0.235672,0.432767,8.970342,-0.776411,-1.424520,-19.258464
0.015000,0.027500,0.002500,-0.236072,-0.432671,8.968406,0.778042,1.425255,-19.258841
0.015000,0.027500,0.007500,0.312313,0.571700,0.068306,2.216931,4.063478,-19.517055
0.015000,0.027500,0.012500,2.648712,4.854608,-12.344219,1.773578,3.252012,-11.222960
0.015000,0.027500,0.017500,2.968525,5.442446,-12.162868,-2.068724,-3.791092,5.942583
0.015000,0.027500,0.022500,-1.869493,-3.425781,3.897392,-3.138889,-5.754796,9.902863
0.015000,0.027500,0.027500,-2.618961,-4.801937,7.076690,2.252007,4.127144,-4.226891
0.015000,0.027500,0.032500,2.772851,5.082379,-4.968735,1.488004,2.729031,-3.977751
0.015000,0.027500,0.037500,-0.083769,-0.152165,-0.808454,-2.809142,-5.149627,4.869138
0.015000,0.027500,0.042500,-1.941995,-3.560785,3.446833,1.551439,2.842980,-1.738385
0.015000,0.027500,0.047500,2.164005,3.966723,-2.838521,0.339760,0.624057,-1.120363
0.015000,0.027500,0.052500,-1.187574,-2.176048,1.014182,-1.522055,-2.790837,2.219411
0.015000,0.027500,0.057500,-0.047044,-0.087337,0.537328,1.704448,3.124416,-1.899345
0.015000,0.027500,0.062500,0.934859,1.714505,-1.294041,-1.187111,-2.175453,0.965801
0.015000,0.027500,0.067500,-1.281960,-2.350239,1.334500,0.404794,0.741091,-0.038185
0.015000,0.027500,0.072500,1.161519,2.128915,-0.950697,0.305916,0.561661,-0.582390
0.015000,0.027500,0.077500,-0.756989,-1.386983,0.426984,-0.767182,-1.406905,0.837164
0.015000,0.032500,-0.077500,0.998353,2.163775,1.146440,-0.215269,-0.465793,0.036595
0.015000,0.032500,-0.072500,-0.784231,-1.700129,-1.139007,0.814559,1.764734,0.732475
0.015000,0.032500,-0.067500,0.174612,0.379241,0.569443,-1.243537,-2.694807,-1.507711
0.015000,0.032500,-0.062500,0.705555,1.528257,0.605283,1.207379,2.616991,1.837146
0.015000,0.032500,-0.057500,-1.479369,-3.205649,-2.027703,-0.497039,-1.078032,-1.171567
0.015000,0.032500,-0.052500,1.567546,3.397453,2.761389,-0.763385,-1.653423,-0.746053
0.015000,0.032500,-0.047500,-0.515887,-1.118993,-1.524747,1.877047,4.067420,3.177199
0.015000,0.032500,-0.042500,-1.343438,-2.910432,-2.095975,-1.699110,-3.682777,-3.841866
0.015000,0.032500,-0.037500,2.367190,5.129998,5.468849,-0.341151,-0.738122,0.095186
0.015000,0.032500,-0.032500,-0.644964,-1.398861,-2.687876,2.521492,5.463894,6.312230
0.015000,0.032500,-0.027500,-2.448268,-5.304948,-6.967483,-1.278516,-2.771722,-5.035684
0.015000,0.032500,-0.022500,1.379611,2.990783,6.474796,-2.449063,-5.306683,-8.500493
0.015000,0.032500,-0.017500,2.547953,5.521343,11.822427,0.799118,1.732859,5.512485
0.015000,0.032500,-0.012500,0.428392,0.927476,0.968242,2.217575,4.806091,15.410377
0.015000,0.032500,-0.007500,-0.809935,-1.756025,-11.006966,1.302290,2.822270,13.569056
0.015000,0.032500,-0.002500,-0.440523,-0.955506,-16.308016,0.321836,0.697749,9.064952
0.015000,0.032500,0.002500,0.441494,0.955863,-16.307002,-0.322627,-0.698289,9.066081
0.015000,0.032500,0.007500,0.810201,1.755462,-11.003211,-1.303468,-2.823105,13.570912
0.015000,0.032500,0.012500,-0.429469,-0.929462,0.973969,-2.218349,-4.805815,15.408711
0.015000,0.032500,0.017500,-2.549115,-5.522066,11.823886,-0.797985,-1.729849,5.505917
0.015000,0.032500,0.022500,-1.378313,-2.987143,6.468728,2.450477,5.308195,-8.503316
0.015000,0.032500,0.027500,2.449626,5.306410,-6.969954,1.276902,2.767527,-5.030027
0.015000,0.032500,0.032500,0.642969,1.394247,-2.682535,-2.522366,-5.464299,6.313250
0.015000,0.032500,0.037500,-2.367159,-5.128559,5.467934,0.343301,0.742482,0.090614
0.015000,0.032500,0.042500,1.345182,2.913322,-2.098947,1.698013,3.679450,-3.839278
0.015000,0.032500,0.047500,0.514077,1.114860,-1.521526,-1.877732,-4.067716,3.177942
0.015000,0.032500,0.052500,-1.566898,-3.395094,2.760089,0.765060,1.656462,-0.748496
0.015000,0.032500,0.057500,1.480015,3.206027,-2.028372,0.495517,1.074509,-1.169346
0.015000,0.032500,0.062500,-0.706917,-1.530620,0.606940,-1.206712,-2.614759,1.836116
0.015000,0.032500,0.067500,-0.173254,-0.376280,0.567807,1.243825,2.694511,-1.507902
0.015000,0.032500,0.072500,0.783378,1.697761,-1.137981,-0.815499,-1.766077,0.733423
0.015000,0.032500,0.077500,-0.998183,-2.162634,1.146169,0.216418,0.468010,0.035435
0.015000,0.037500,-0.077500,0.201517,0.504619,0.544294,-0.940023,-2.350418,-1.251034
0.015000,0.037500,-0.072500,0.453222,1.132598,0.400420,0.954740,2.387685,1.550006
0.015000,0.037500,-0.067500,-1.056961,-2.642602,-1.545807,-0.487565,-1.219899,-1.089588
0.015000,0.037500,-0.062500,1.221946,3.055729,2.228291,-0.393231,-0.982455,-0.309406
0.015000,0.037500,-0.057500,-0.627453,-1.569741,-1.574885,1.269559,3.174101,2.186417
0.015000,0.037500,-0.052500,-0.620647,-1.551032,-0.809027,-1.431967,-3.580959,-3.146647
0.015000,0.037500,-0.047500,1.675714,4.189828,3.684461,0.362718,0.907937,1.399308
0.015000,0.037500,-0.042500,-1.260171,-3.151756,-3.707077,1.383755,3.459294,3.056117
0.015000,0.037500,-0.037500,-0.828770,-2.071299,-1.660796,-1.842660,-4.607899,-5.634164
0.015000,0.037500,-0.032500,2.117003,5.293603,7.178641,-0.325804,-0.813561,-0.163692
0.015000,0.037500,-0.027500,0.110022,0.274007,-0.650753,2.203737,5.510385,8.713051
0.015000,0.037500,-0.022500,-2.150676,-5.377862,-10.512779,0.316104,0.789369,0.275978
0.015000,0.037500,-0.017500,-0.914507,-2.285909,-4.373335,-1.775548,-4.440239,-11.623660
0.015000,0.037500,-0.012500,0.779650,1.950302,8.152800,-1.439927,-3.600379,-11.690181
0.015000,0.037500,-0.007500,0.997145,2.494007,15.061177,-0.427218,-1.067978,-4.562131
0.015000,0.037500,-0.002500,0.379872,0.950661,16.559060,-0.023897,-0.059608,0.775085
0.015000,0.037500,0.002500,-0.380825,-0.951178,16.558868,0.024007,0.059813,0.773904
0.015000,0.037500,0.007500,-0.997865,-2.494107,15.059562,0.427808,1.068759,-4.565078
0.015000,0.037500,0.012500,-0.779497,-1.949061,8.148259,1.440904,3.601261,-11.692118
0.015000,0.037500,0.017500,0.915674,2.288033,-4.378233,1.775688,4.439083,-11.620560
0.015000,0.037500,0.022500,2.151019,5.377129,-10.511410,-0.317462,-0.792492,0.281841
0.015000,0.037500,0.027500,-0.111562,-0.277722,-0.645004,-2.204092,-5.509760,8.712312
0.015000,0.037500,0.032500,-2.117094,-5.292438,7.177454,0.327485,0.817474,-0.168869
0.015000,0.037500,0.037500,0.830427,2.074818,-1.664958,1.842221,4.605627,-5.631942
0.015000,0.037500,0.042500,1.259086,3.148283,-3.703869,-1.385051,-3.461554,3.058687
0.015000,0.037500,0.047500,-1.676240,-4.189993,3.685004,-0.361179,-0.903943,1.395810
0.015000,0.037500,0.052500,0.622118,1.554182,-0.811737,1.431503,3.578848,-3.145288
0.015000,0.037500,0.057500,0.626223,1.566311,-1.572505,-1.270318,-3.175045,2.187440
0.015000,0.037500,0.062500,-1.221646,-3.054107,2.227506,0.394543,0.985345,-0.311477
0.015000,0.037500,0.067500,1.057575,2.643281,-1.546516,0.486478,1.216901,-1.087830
0.015000,0.037500,0.072500,-0.454301,-1.134841,0.401856,-0.954328,-2.385935,1.549239
0.015000,0.037500,0.077500,-0.200493,-0.501989,0.542910,0.940324,2.350370,-1.251264
0.015000,0.042500,-0.077500,-0.788357,-2.233793,-1.241962,-0.433496,-1.229114,-0.981662
0.015000,0.042500,-0.072500,0.958555,2.716607,1.841731,-0.211936,-0.599876,-0.107571
0.015000,0.042500,-0.067500,-0.592899,-1.680856,-1.455560,0.893078,2.530443,1.598493
0.015000,0.042500,-0.062500,-0.273081,-0.773075,-0.227515,-1.138121,-3.225472,-2.537152
0.015000,0.042500,-0.057500,1.149175,3.256214,2.507265,0.555309,1.574437,1.678425
0.015000,0.042500,-0.052500,-1.211332,-3.433156,-3.339906,0.677007,1.917746,1.318140
0.015000,0.042500,-0.047500,0.020374,0.058669,0.605343,-1.500566,-4.252335,-4.246400
0.015000,0.042500,-0.042500,1.460022,4.137041,4.362803,0.675444,1.914963,2.710673
0.015000,0.042500,-0.037500,-1.135519,-3.218591,-4.616416,1.266391,3.588073,4.066756
0.015000,0.042500,-0.032500,-1.115636,-3.160760,-3.982729,-1.363132,-3.863510,-6.175808
0.015000,0.042500,-0.027500,1.352313,3.832872,7.237345,-1.139815,-3.229328,-4.859158
0.015000,0.042500,-0.022500,1.339476,3.795372,7.362213,1.040269,2.948714,7.080632
0.015000,0.042500,-0.017500,-0.339588,-0.963149,-3.789219,1.478701,4.190402,11.118687
0.015000,0.042500,-0.012500,-1.087289,-3.081775,-12.313387,0.540949,1.532547,4.650948
0.015000,0.042500,-0.007500,-0.781778,-2.215886,-13.852215,-0.113028,-0.320781,-3.428092
0.015000,0.042500,-0.002500,-0.246883,-0.700218,-12.690358,-0.119693,-0.339642,-7.774717
0.015000,0.042500,0.002500,0.247577,0.700688,-12.690693,0.119985,0.339721,-7.773813
0.015000,0.042500,0.007500,0.782509,2.216324,-13.852348,0.112955,0.320328,-3.425355
0.015000,0.042500,0.012500,1.087684,3.081454,-12.311217,-0.541602,-1.533678,4.654452
0.015000,0.042500,0.017500,0.339052,0.961305,-3.784275,-1.479399,-4.190862,11.119363
0.015000,0.042500,0.022500,-1.340421,-3.796854,7.365125,-1.039825,-2.946579,7.076126
0.015000,0.042500,0.027500,-1.351887,-3.830624,7.233571,1.140933,3.231547,-4.862949
0.015000,0.042500,0.032500,1.116822,3.163224,-3.986386,1.362584,3.860972,-6.172296
0.015000,0.042500,0.037500,1.134703,3.215504,-4.612730,-1.267487,-3.590189,4.069587
0.015000,0.042500,0.042500,-1.460799,-4.138135,4.364271,-0.674304,-1.911319,2.706776
0.015000,0.042500,0.047500,-0.019032,-0.054945,0.601672,1.500775,4.251817,-4.246192
0.015000,0.042500,0.052500,1.210837,3.430892,-3.338148,-0.678224,-1.920600,1.320835
0.015000,0.042500,0.057500,-1.149842,-3.257179,2.508314,-0.554248,-1.571092,1.675827
0.015000,0.042500,0.062500,0.274255,0.776092,-0.229840,1.137964,3.224149,-2.536431
0.015000,0.042500,0.067500,0.592034,1.678003,-1.453727,-0.893780,-2.531649,1.599546
0.015000,0.042500,0.072500,-0.958422,-2.715445,1.841220,0.212970,0.602533,-0.109337
0.015000,0.042500,0.077500,0.788897,2.234591,-1.242642,0.432686,1.226526,-0.980213
0.015000,0.047500,-0.077500,-0.521567,-1.652488,-1.305102,0.655536,2.075837,1.234007
0.015000,0.047500,-0.072500,-0.105458,-0.333298,0.040248,-0.901016,-2.853840,-2.077604
0.015000,0.047500,-0.067500,0.802874,2.542470,1.776391,0.565430,1.791473,1.635670
0.015000,0.047500,-0.062500,-1.018066,-3.224678,-2.781051,0.300711,0.951672,0.453693
0.015000,0.047500,-0.057500,0.352753,1.118024,1.387648,-1.088705,-3.447923,-2.994617
0.015000,0.047500,-0.052500,0.825763,2.614747,2.257819,0.909059,2.879754,3.152497
0.015000,0.047500,-0.047500,-1.245785,-3.945931,-4.474239,0.400214,1.266737,0.904006
0.015000,0.047500,-0.042500,0.009940,0.032367,0.614416,-1.379175,-4.368131,-5.340474
0.015000,0.047500,-0.037500,1.402770,4.442698,6.032349,0.283423,0.898534,1.885102
0.015000,0.047500,-0.032500,-0.353503,-1.120477,-2.508544,1.408164,4.459765,6.957971
0.015000,0.047500,-0.027500,-1.415006,-4.481584,-8.373816,-0.178137,-0.565041,-1.892292
0.015000,0.047500,-0.022500,-0.247451,-0.782995,-0.900886,-1.314370,-4.163159,-9.797360
0.015000,0.047500,-0.017500,0.886819,2.809350,9.017655,-0.765000,-2.422557,-6.431439
0.015000,0.047500,-0.012500,0.915901,2.901150,11.970858,0.088381,0.280472,2.262620
0.015000,0.047500,-0.007500,0.470829,1.491416,9.647335,0.355914,1.127822,8.752089
0.015000,0.047500,-0.002500,0.122163,0.387227,7.106560,0.162707,0.515933,11.459024
0.015000,0.047500,0.002500,-0.122551,-0.387550,7.107145,-0.163169,-0.516185,11.458492
0.015000,0.047500,0.007500,-0.471366,-1.491920,9.648528,-0.356163,-1.127709,8.750159
0.015000,0.047500,0.012500,-0.916459,-2.901458,11.970872,-0.088147,-0.279601,2.259146
0.015000,0.047500,0.017500,-0.886864,-2.808432,9.014559,0.765677,2.423754,-6.434434
0.015000,0.047500,0.022500,0.248196,0.785059,-0.905469,1.314653,4.162715,-9.796072
0.015000,0.047500,0.027500,1.415466,4.481733,-8.374010,0.177341,0.562408,-1.887410
0.015000,0.047500,0.032500,0.352631,1.117475,-2.503840,-1.408696,-4.460223,6.958744
0.015000,0.047500,0.037500,-1.403232,-4.442987,6.032879,-0.282436,-0.895247,1.880644
0.015000,0.047500,0.042500,-0.008839,-0.028953,0.610303,1.379402,4.367728,-5.340179
0.015000,0.047500,0.047500,1.245623,3.944433,-4.472829,-0.401332,-1.269872,0.907454
0.015000,0.047500,0.052500,-0.826687,-2.616931,2.260104,-0.908438,-2.877105,3.150080
0.015000,0.047500,0.057500,-0.351777,-1.114728,1.384782,1.089167,3.448459,-2.995313
0.015000,0.047500,0.062500,1.017891,3.223291,-2.780130,-0.301733,-0.954566,0.456128
0.015000,0.047500,0.067500,-0.803527,-2.543789,1.777568,-0.564689,-1.788713,1.633702
0.015000,0.047500,0.072500,0.106392,0.336072,0.038266,0.901002,2.853006,-2.077220
0.015000,0.047500,0.077500,0.520933,1.650075,-1.303631,-0.656148,-2.077120,1.235007
0.015000,0.052500,-0.077500,0.579427,2.027930,1.317009,0.517251,1.811213,1.502404
0.015000,0.052500,-0.072500,-0.827764,-2.897791,-2.294234,0.107580,0.375914,0.025935
0.015000,0.052500,-0.067500,0.450270,1.576847,1.579621,-0.774429,-2.710625,-2.119992
0.015000,0.052500,-0.062500,0.419932,1.469351,1.029407,0.862136,3.018330,2.876998
0.015000,0.052500,-0.057500,-1.020442,-3.572118,-3.489868,-0.064617,-0.226965,-0.595451
0.015000,0.052500,-0.052500,0.514311,1.801090,2.308175,-0.953888,-3.338807,-3.398933
0.015000,0.052500,-0.047500,0.770130,2.695324,2.864847,0.838756,2.936692,3.814327
0.015000,0.052500,-0.042500,-1.024984,-3.588463,-5.038703,0.588459,2.059258,2.285453
0.015000,0.052500,-0.037500,-0.499971,-1.749471,-2.103854,-1.097428,-3.842005,-6.041197
0.015000,0.052500,-0.032500,1.066238,3.732871,6.802765,-0.554255,-1.939549,-2.793804
0.015000,0.052500,-0.027500,0.742797,2.599723,4.790232,0.889318,3.113685,6.875327
0.015000,0.052500,-0.022500,-0.486989,-1.705417,-5.003321,0.949173,3.322504,7.991543
0.015000,0.052500,-0.017500,-0.910402,-3.187263,-10.422432,0.119893,0.419167,0.492866
0.015000,0.052500,-0.012500,-0.581754,-2.036521,-8.688029,-0.408669,-1.431143,-7.241231
0.015000,0.052500,-0.007500,-0.197533,-0.691447,-4.344323,-0.405596,-1.420379,-11.146882
0.015000,0.052500,-0.002500,-0.030350,-0.106274,-1.430642,-0.151616,-0.531371,-12.230477
0.015000,0.052500,0.002500,0.030473,0.106427,-1.431273,0.152093,0.531691,-12.230289
0.015000,0.052500,0.007500,0.197824,0.691855,-4.345951,0.405984,1.420512,-11.145894
0.015000,0.052500,0.012500,0.582238,2.037104,-8.689501,0.408756,1.430689,-7.238667
0.015000,0.052500,0.017500,0.910760,3.187217,-10.421613,-0.120296,-0.420377,0.496511
0.015000,0.052500,0.022500,0.486706,1.703883,-4.999411,-0.949727,-3.323292,7.993130
0.015000,0.052500,0.027500,-0.743495,-2.601344,4.793378,-0.889151,-3.112194,6.872199
0.015000,0.052500,0.032500,-1.066136,-3.731501,6.800392,0.555054,1.941753,-2.797550
0.015000,0.052500,0.037500,0.500835,1.751971,-2.107582,1.097299,3.840563,-6.039106
0.015000,0.052500,0.042500,1.024719,3.586651,-5.036423,-0.589338,-2.061740,2.288759
0.015000,0.052500,0.047500,-0.770931,-2.697384,2.867362,-0.838266,-2.934284,3.811609
0.015000,0.052500,0.052500,-0.513569,-1.798110,2.305089,0.954467,3.339946,-3.400287
0.015000,0.052500,0.057500,1.020638,3.571883,-3.489815,0.063710,0.223819,-0.592412
0.015000,0.052500,0.062500,-0.420789,-1.471893,1.031751,-0.861853,-3.016597,2.875612
0.015000,0.052500,0.067500,-0.449577,-1.574082,1.577427,0.774956,2.711711,-2.121041
0.015000,0.052500,0.072500,0.827752,2.896980,-2.293781,-0.108414,-0.378643,0.028054
0.015000,0.052500,0.077500,-0.580017,-2.029376,1.318171,-0.516719,-1.808916,1.500864
0.015000,0.057500,-0.077500,0.452427,1.735114,1.551033,-0.557091,-2.135498,-1.538381
0.015000,0.057500,-0.072500,0.186099,0.712861,0.351712,0.742512,2.846963,2.465239
0.015000,0.057500,-0.067500,-0.768921,-2.947818,-2.578335,-0.268950,-1.031801,-1.204143
0.015000,0.057500,-0.062500,0.648626,2.487294,2.643861,-0.570536,-2.186901,-1.904565
0.015000,0.057500,-0.057500,0.257949,0.988282,0.716253,0.874169,3.351760,3.666897
0.015000,0.057500,-0.052500,-0.953174,-3.654414,-4.238127,-0.055993,-0.215410,-0.639451
0.015000,0.057500,-0.047500,0.296083,1.135887,1.876548,-0.945208,-3.623694,-4.541112
0.015000,0.057500,-0.042500,0.919664,3.525676,4.876965,0.426803,1.637035,2.793871
0.015000,0.057500,-0.037500,-0.431313,-1.654321,-3.183286,0.923486,3.540349,5.555636
0.015000,0.057500,-0.032500,-0.956749,-3.668017,-6.740468,-0.290875,-1.115897,-2.664213
0.015000,0.057500,-0.027500,-0.007062,-0.026427,0.584642,-0.949158,-3.639168,-8.108954
0.015000,0.057500,-0.022500,0.760335,2.915532,8.263554,-0.403277,-1.545724,-3.589892
0.015000,0.057500,-0.017500,0.670342,2.570113,8.696801,0.290453,1.114134,4.587840
0.015000,0.057500,-0.012500,0.255387,0.978981,4.091087,0.497321,1.907194,9.708045
0.015000,0.057500,-0.007500,0.002973,0.011173,-0.733939,0.351761,1.349102,11.025670
0.015000,0.057500,-0.002500,-0.027003,-0.103731,-3.362184,0.116947,0.448916,10.812709
0.015000,0.057500,0.002500,0.027073,0.103728,-3.361633,-0.117351,-0.449224,10.812785
0.015000,0.057500,0.007500,-0.003045,-0.011422,-0.732328,-0.352158,-1.349367,11.025509
0.015000,0.057500,0.012500,-0.255696,-0.979577,4.093232,-0.497586,-1.907118,9.706686
0.015000,0.057500,0.017500,-0.670767,-2.570615,8.697824,-0.290350,-1.113289,4.584747
0.015000,0.057500,0.022500,-0.760437,-2.914899,8.261513,0.403762,1.546994,-3.593034
0.015000,0.057500,0.027500,0.007558,0.028270,0.580644,0.949439,3.639102,-8.108574
0.015000,0.057500,0.032500,0.957163,3.668532,-6.741318,0.290382,1.113742,-2.660205
0.015000,0.057500,0.037500,0.430800,1.651965,-3.179501,-0.923971,-3.541224,5.557024
0.015000,0.057500,0.042500,-0.920147,-3.526581,4.878288,-0.426227,-1.634461,2.790243
0.015000,0.057500,0.047500,-0.295407,-1.133076,1.873007,0.945600,3.624252,-4.541901
0.015000,0.057500,0.052500,0.953371,3.654243,-4.238042,0.055223,0.212481,-0.636094
0.015000,0.057500,0.057500,-0.258738,-0.990981,0.719120,-0.874076,-3.350580,3.665782
0.015000,0.057500,0.062500,-0.648204,-2.485098,2.641844,0.571195,2.188814,-1.906503
0.015000,0.057500,0.067500,0.769271,2.948375,-2.578965,0.268270,1.029007,-1.201693
0.015000,0.057500,0.072500,-0.186834,-0.715413,0.353869,-0.742426,-2.845908,2.464497
0.015000,0.057500,0.077500,-0.451931,-1.732818,1.549334,0.557603,2.136841,-1.539531
0.015000,0.062500,-0.077500,-0.566883,-2.362110,-1.892809,-0.340472,-1.419412,-1.398667
0.015000,0.062500,-0.072500,0.628640,2.620068,2.489495,-0.308290,-1.284194,-0.946540
0.015000,0.062500,-0.067500,-0.039452,-0.165061,-0.430912,0.738001,3.075499,2.988189
0.015000,0.062500,-0.062500,-0.685258,-2.855414,-2.871035,-0.365664,-1.524446,-1.869986
0.015000,0.062500,-0.057500,0.607160,2.530714,3.118550,-0.538324,-2.242888,-2.325732
0.015000,0.062500,-0.052500,0.374586,1.560427,1.635564,0.752895,3.137904,4.101066
0.015000,0.062500,-0.047500,-0.823555,-3.432270,-4.881680,0.255297,1.063264,1.095025
0.015000,0.062500,-0.042500,-0.219319,-0.913332,-0.992367,-0.843574,-3.515678,-5.564290
0.015000,0.062500,-0.037500,0.816439,3.402663,6.141582,-0.285227,-1.188039,-1.634592
0.015000,0.062500,-0.032500,0.444532,1.852041,3.312310,0.709400,2.956727,6.278072
0.015000,0.062500,-0.027500,-0.462609,-1.928397,-5.084627,0.633104,2.638139,5.989794
0.015000,0.062500,-0.022500,-0.699745,-2.916233,-8.498312,-0.056353,-0.235362,-1.301066
0.015000,0.062500,-0.017500,-0.358741,-1.494825,-5.116090,-0.467313,-1.947923,-7.738187
0.015000,0.062500,-0.012500,-0.007019,-0.028944,0.531890,-0.446557,-1.861311,-9.831696
0.015000,0.062500,-0.007500,0.112896,0.470828,4.788209,-0.255281,-1.064171,-9.072494
0.015000,0.062500,-0.002500,0.056242,0.234745,6.774696,-0.076436,-0.318934,-7.989935
0.015000,0.062500,0.002500,-0.056430,-0.234852,6.774289,0.076725,0.319182,-7.990182
0.015000,0.062500,0.007500,-0.112982,-0.470741,4.786891,0.255611,1.064470,-9.072940
0.015000,0.062500,0.012500,0.007141,0.029405,0.529701,0.446877,1.861494,-9.831465
0.015000,0.062500,0.017500,0.359083,1.495536,-5.118193,0.467431,1.947539,-7.736253
0.015000,0.062500,0.022500,0.700046,2.916384,-8.498286,0.056084,0.234195,-1.297732
0.015000,0.062500,0.027500,0.462448,1.927135,-5.081518,-0.633535,-2.639041,5.991673
0.015000,0.062500,0.032500,-0.445049,-1.853599,3.315320,-0.709345,-2.955649,6.275800
0.015000,0.062500,0.037500,-0.816455,-3.401803,6.140034,0.285802,1.190048,-1.638037
0.015000,0.062500,0.042500,0.219938,0.915609,-0.995837,0.843601,3.514877,-5.563061
0.015000,0.062500,0.047500,0.823522,3.431274,-4.880356,-0.255948,-1.065639,1.098280
0.015000,0.062500,0.052500,-0.375238,-1.562685,1.638385,-0.752732,-3.136464,4.099345
0.015000,0.062500,0.057500,-0.606814,-2.528684,3.116322,0.538909,2.244709,-2.327846
0.015000,0.062500,0.062500,0.685675,2.856398,-2.872146,0.365127,1.521896,-1.867384
0.015000,0.062500,0.067500,0.038796,0.162364,-0.428322,-0.738140,-3.075296,2.988101
0.015000,0.062500,0.072500,-0.628438,-2.618591,2.488272,0.308914,1.286396,-0.948561
0.015000,0.062500,0.077500,0.567280,2.363114,-1.893746,0.339974,1.417037,-1.396735
0.015000,0.067500,-0.077500,-0.187419,-0.844094,-0.973100,0.578403,2.603084,2.306579
0.015000,0.067500,-0.072500,-0.436413,-1.963752,-1.742586,-0.467066,-2.102570,-2.208472
0.015000,0.067500,-0.067500,0.636950,2.866954,3.079614,-0.206220,-0.927560,-0.727478
0.015000,0.067500,-0.062500,-0.034840,-0.157434,-0.457693,0.696796,3.136081,3.531440
0.015000,0.067500,-0.057500,-0.683393,-3.075586,-3.680560,-0.233435,-1.051239,-1.582162
0.015000,0.067500,-0.052500,0.364990,1.643291,2.504289,-0.644878,-2.902134,-3.741104
0.015000,0.067500,-0.047500,0.621604,2.797350,3.955580,0.422762,1.903284,3.135615
0.015000,0.067500,-0.042500,-0.402169,-1.810607,-3.349796,0.634847,2.856990,4.536785
0.015000,0.067500,-0.037500,-0.677353,-3.048417,-5.574003,-0.290755,-1.309186,-2.868390
0.015000,0.067500,-0.032500,0.075521,0.340469,1.209771,-0.701255,-3.156206,-6.814288
0.015000,0.067500,-0.027500,0.615240,2.769344,7.289304,-0.219286,-0.986518,-2.057924
0.015000,0.067500,-0.022500,0.472573,2.126832,6.370299,0.333806,1.502853,5.164012
0.015000,0.067500,-0.017500,0.083156,0.373947,0.948005,0.473753,2.132560,8.714106
0.015000,0.067500,-0.012500,-0.148460,-0.668562,-4.325016,0.329992,1.485403,8.157069
0.015000,0.067500,-0.007500,-0.165280,-0.744298,-7.433009,0.152560,0.686796,6.023846
0.015000,0.067500,-0.002500,-0.065301,-0.294355,-8.648399,0.039367,0.177399,4.485380
0.015000,0.067500,0.002500,0.065543,0.294528,-8.648156,-0.039533,-0.177563,4.485713
0.015000,0.067500,0.007500,0.165463,0.744343,-7.432115,-0.152787,-0.687061,6.024657
0.015000,0.067500,0.012500,0.148491,0.668292,-4.323199,-0.330282,-1.485718,8.157700
0.015000,0.067500,0.017500,-0.083353,-0.374618,0.950440,-0.473985,-2.132572,8.713454
0.015000,0.067500,0.022500,-0.472904,-2.127455,6.371798,-0.333762,-1.502092,5.161439
0.015000,0.067500,0.027500,-0.615352,-2.768912,7.287934,0.219646,0.987756,-2.060914
0.015000,0.067500,0.032500,-0.075173,-0.338849,1.206308,0.701500,3.156329,-6.814359
0.015000,0.067500,0.037500,0.677696,3.049068,-5.575106,0.290429,1.307400,-2.865046
0.015000,0.067500,0.042500,0.401849,1.808728,-3.346702,-0.635250,-2.857995,4.538389
0.015000,0.067500,0.047500,-0.622025,-2.798478,3.957230,-0.422414,-1.901272,3.132669
0.015000,0.067500,0.052500,-0.364576,-1.641070,2.501360,0.645269,2.903123,-3.742441
0.015000,0.067500,0.057500,0.683694,3.076144,-3.681286,0.232936,1.048793,-1.579219
0.015000,0.067500,0.062500,0.034268,0.154894,-0.454866,-0.696935,-3.135923,3.531333
0.015000,0.067500,0.067500,-0.636868,-2.865888,3.078589,0.206801,0.929873,-0.729889
0.015000,0.067500,0.072500,0.436893,1.965367,-1.744195,0.466741,2.100632,-2.206673
0.015000,0.067500,0.077500,0.186910,0.841658,-0.970939,-0.578655,-2.603534,2.307067
0.015000,0.072500,-0.077500,0.558154,2.698202,2.624460,0.004038,0.020083,0.224023
0.015000,0.072500,-0.072500,-0.251806,-1.217787,-1.467519,0.525653,2.540837,2.547510
0.015000,0.072500,-0.067500,-0.415061,-2.006040,-2.065667,-0.441511,-2.134730,-2.551449
0.015000,0.072500,-0.062500,0.560674,2.710649,3.389475,-0.279451,-1.350381,-1.394325
0.015000,0.072500,-0.057500,0.162649,0.785694,0.753595,0.622017,3.007076,4.018259
0.015000,0.072500,-0.052500,-0.647005,-3.127813,-4.539940,0.093497,0.451396,0.340133
0.015000,0.072500,-0.047500,-0.088533,-0.427407,-0.343422,-0.650884,-3.146571,-5.044297
0.015000,0.072500,-0.042500,0.631400,3.052456,5.507485,-0.155141,-0.749434,-0.974450
0.015000,0.072500,-0.037500,0.286686,1.385430,2.435376,0.562460,2.719319,5.652317
0.015000,0.072500,-0.032500,-0.400309,-1.935592,-4.810685,0.444276,2.147433,4.702113
0.015000,0.072500,-0.027500,-0.535133,-2.586949,-7.000534,-0.120156,-0.581327,-2.038176
0.015000,0.072500,-0.022500,-0.208859,-1.009383,-2.953161,-0.433845,-2.097614,-7.244942
0.015000,0.072500,-0.017500,0.111965,0.541635,2.819681,-0.381057,-1.842237,-7.803788
0.015000,0.072500,-0.012500,0.222047,1.073803,6.831575,-0.197092,-0.952810,-5.362501
0.015000,0.072500,-0.007500,0.172649,0.835030,8.588163,-0.062852,-0.303841,-2.553996
0.015000,0.072500,-0.002500,0.061349,0.297043,9.057669,-0.009865,-0.047727,-0.905119
0.015000,0.072500,0.002500,-0.061597,-0.297240,9.057581,0.009920,0.047803,-0.905467
0.015000,0.072500,0.007500,-0.172872,-0.835163,8.587716,0.062970,0.304035,-2.554954
0.015000,0.072500,0.012500,-0.222180,-1.073717,6.830345,0.197306,0.953152,-5.363664
0.015000,0.072500,0.017500,-0.111914,-0.541142,2.817488,0.381312,1.842510,-7.804229
0.015000,0.072500,0.022500,0.209115,1.010160,-2.955456,0.433963,2.097324,-7.243580
0.015000,0.072500,0.027500,0.535383,2.587219,-7.000933,0.119966,0.580244,-2.035221
0.015000,0.072500,0.032500,0.400211,1.934537,-4.808147,-0.444615,-2.148350,4.704029
0.015000,0.072500,0.037500,-0.287079,-1.386871,2.438154,-0.562452,-2.718502,5.650582
0.015000,0.072500,0.042500,-0.631456,-3.051893,5.506428,0.155567,0.751228,-0.977559
0.015000,0.072500,0.047500,0.088986,0.429423,-0.346566,0.650966,3.146138,-5.043587
0.015000,0.072500,0.052500,0.647065,3.127310,-4.539228,-0.093978,-0.453538,0.343163
0.015000,0.072500,0.057500,-0.163149,-0.787851,0.756389,-0.622007,-3.006285,4.017259
0.015000,0.072500,0.062500,-0.560547,-2.709385,3.388009,0.279945,1.352370,-1.396710
0.015000,0.072500,0.067500,0.415494,2.007587,-2.067408,0.441235,2.132916,-2.549490
0.015000,0.072500,0.072500,0.251389,1.215532,-1.465234,-0.525950,-2.541611,2.548360
0.015000,0.072500,0.077500,-0.558238,-2.697931,2.624269,-0.003539,-0.017736,0.221772
0.015000,0.077500,-0.077500,-0.185302,-0.957054,-0.809137,-0.477151,-2.465893,-2.623603
0.015000,0.077500,-0.072500,0.531060,2.744272,3.036467,0.002400,0.012951,0.225360
0.015000,0.077500,-0.067500,-0.166033,-0.858508,-1.238468,0.522571,2.700241,3.141104
0.015000,0.077500,-0.062500,-0.484932,-2.505624,-3.091959,-0.285335,-1.474962,-2.107273
0.015000,0.077500,-0.057500,0.355536,1.837688,2.775153,-0.449239,-2.321121,-3.073702
0.015000,0.077500,-0.052500,0.437244,2.259129,3.264668,0.377578,1.951574,3.202868
0.015000,0.077500,-0.047500,-0.348982,-1.803826,-3.296732,0.457619,2.364461,3.806241
0.015000,0.077500,-0.042500,-0.501354,-2.590569,-4.738470,-0.259689,-1.342436,-2.834126
0.015000,0.077500,-0.037500,0.098350,0.508722,1.443453,-0.534401,-2.761520,-5.846509
0.015000,0.077500,-0.032500,0.494903,2.557644,6.411465,-0.124202,-0.641405,-1.211598
0.015000,0.077500,-0.027500,0.337804,1.745441,4.816322,0.318223,1.644826,5.098577
0.015000,0.077500,-0.022500,-0.014413,-0.074837,-0.695588,0.404090,2.088329,7.436585
0.015000,0.077500,-0.017500,-0.220378,-1.139189,-5.560757,0.247421,1.278553,5.568423
0.015000,0.077500,-0.012500,-0.234093,-1.210042,-7.916938,0.076865,0.397103,2.111414
0.015000,0.077500,-0.007500,-0.151811,-0.784862,-8.385702,-0.005577,-0.028952,-0.782583
0.015000,0.077500,-0.002500,-0.050097,-0.259305,-8.228818,-0.010929,-0.056602,-2.285529
0.015000,0.077500,0.002500,0.050315,0.259494,-8.228858,0.010963,0.056604,-2.285216
0.015000,0.077500,0.007500,0.152030,0.785039,-8.385656,0.005556,0.028843,-0.781652
0.015000,0.077500,0.012500,0.234276,1.210102,-7.916349,-0.076985,-0.397398,2.112793
0.015000,0.077500,0.017500,0.220441,1.138922,-5.559158,-0.247637,-1.278949,5.569616
0.015000,0.077500,0.022500,0.014277,0.074140,-0.693190,-0.404287,-2.088433,7.436463
0.015000,0.077500,0.027500,-0.338068,-1.746122,4.818002,-0.318206,-1.644156,5.096452
0.015000,0.077500,0.032500,-0.495008,-2.557343,6.410513,0.124479,0.642575,-1.214359
0.015000,0.077500,0.037500,-0.098093,-0.507291,1.440425,0.534607,2.761734,-5.846799
0.015000,0.077500,0.042500,0.501634,2.591253,-4.739646,0.259461,1.340923,-2.831274
0.015000,0.077500,0.047500,0.348771,1.802289,-3.294144,-0.457946,-2.365476,3.807880
0.015000,0.077500,0.052500,-0.437594,-2.260305,3.266418,-0.377358,-1.949972,3.200442
0.015000,0.077500,0.057500,-0.355278,-1.835936,2.772743,0.449584,2.322273,-3.075285
0.015000,0.077500,0.062500,0.485238,2.506542,-3.093137,0.285015,1.472991,-2.104790
0.015000,0.077500,0.067500,0.165641,0.856334,-1.235930,-0.522793,-2.700693,3.141665
0.015000,0.077500,0.072500,-0.531147,-2.744039,3.036256,-0.001957,-0.010722,0.222928
0.015000,0.077500,0.077500,0.185744,0.959036,-0.811179,0.477063,2.464850,-2.622584
