argc=3
this is calcu field constructa
#finish read file = dipole_polar_15_3.txt
#finish read file = dipole_polar_150_4.txt
L = 15
#calcu polar info
polar info is already calculated
#set matrix mat_cup
#set matrix mat_cup
E_theata,E_phai = (0.000430817,0.00029418) (0.000430817,0.00029418),(-3.46794e-06,-1.89771e-06) (-3.46794e-06,-1.89771e-06)
E_theata,E_phai = (-0.0030708,0.0136338) (-0.0030708,0.0136338),(1.98748e-07,3.80402e-07) (1.98748e-07,3.80402e-07)
E_theata,E_phai = (0.0048932,-0.0056473) (0.0048932,-0.0056473),(-9.01836e-07,-3.91871e-07) (-9.01836e-07,-3.91871e-07)
E_theata,E_phai = (-0.00307062,0.0136326) (-0.00307062,0.0136326),(-2.76872e-07,-6.90311e-07) (-2.76872e-07,-6.90311e-07)
E_theata,E_phai = (0.00043074,0.000294045) (0.00043074,0.000294045),(7.14116e-06,3.04489e-06) (7.14116e-06,3.04489e-06)
E_theata,E_phai = (0.000430817,0.00029418) (0.000430817,0.00029418),(-3.46794e-06,-1.89771e-06) (-3.46794e-06,-1.89771e-06)
E_theata,E_phai = (-0.00294945,-0.0020296) (-0.00294945,-0.0020296),(5.5172e-07,6.24507e-07) (5.5172e-07,6.24507e-07)
E_theata,E_phai = (0.00638186,0.00411101) (0.00638186,0.00411101),(-5.85918e-07,-3.13865e-07) (-5.85918e-07,-3.13865e-07)
E_theata,E_phai = (-0.00295349,-0.00203022) (-0.00295349,-0.00203022),(-4.05021e-07,-4.96845e-07) (-4.05021e-07,-4.96845e-07)
E_theata,E_phai = (0.00043074,0.000294045) (0.00043074,0.000294045),(7.14116e-06,3.04489e-06) (7.14116e-06,3.04489e-06)
E_theata,E_phai = (0.000430817,0.00029418) (0.000430817,0.00029418),(-3.46794e-06,-1.89771e-06) (-3.46794e-06,-1.89771e-06)
E_theata,E_phai = (0.00518222,-0.0121933) (0.00518222,-0.0121933),(-2.03579e-08,9.83705e-07) (-2.03579e-08,9.83705e-07)
E_theata,E_phai = (0.000368891,0.00912423) (0.000368891,0.00912423),(-8.52732e-07,-5.32998e-07) (-8.52732e-07,-5.32998e-07)
E_theata,E_phai = (0.00518142,-0.012192) (0.00518142,-0.012192),(-2.06513e-07,-6.91039e-07) (-2.06513e-07,-6.91039e-07)
E_theata,E_phai = (0.00043074,0.000294045) (0.00043074,0.000294045),(7.14116e-06,3.04489e-06) (7.14116e-06,3.04489e-06)
E_theata,E_phai = (0.000430817,0.00029418) (0.000430817,0.00029418),(-3.46794e-06,-1.89771e-06) (-3.46794e-06,-1.89771e-06)
E_theata,E_phai = (-0.00294896,-0.00202926) (-0.00294896,-0.00202926),(5.45611e-07,6.10848e-07) (5.45611e-07,6.10848e-07)
E_theata,E_phai = (0.00638048,0.00411034) (0.00638048,0.00411034),(-5.85866e-07,-3.14058e-07) (-5.85866e-07,-3.14058e-07)
E_theata,E_phai = (-0.00295252,-0.00202984) (-0.00295252,-0.00202984),(-3.98967e-07,-4.82983e-07) (-3.98967e-07,-4.82983e-07)
E_theata,E_phai = (0.00043074,0.000294045) (0.00043074,0.000294045),(7.14116e-06,3.04489e-06) (7.14116e-06,3.04489e-06)
E_theata,E_phai = (0.000430817,0.00029418) (0.000430817,0.00029418),(-3.46794e-06,-1.89771e-06) (-3.46794e-06,-1.89771e-06)
E_theata,E_phai = (-0.0030708,0.0136338) (-0.0030708,0.0136338),(1.98748e-07,3.80402e-07) (1.98748e-07,3.80402e-07)
E_theata,E_phai = (0.0048932,-0.0056473) (0.0048932,-0.0056473),(-9.01836e-07,-3.91871e-07) (-9.01836e-07,-3.91871e-07)
E_theata,E_phai = (-0.00307062,0.0136326) (-0.00307062,0.0136326),(-2.76872e-07,-6.90311e-07) (-2.76872e-07,-6.90311e-07)
E_theata,E_phai = (0.00043074,0.000294045) (0.00043074,0.000294045),(7.14116e-06,3.04489e-06) (7.14116e-06,3.04489e-06)
finish calculating fardata
========= info calcu=========
sampling points = 16
freq = 2.7e+10
k_0 = 565.878
L = 15
P_theata = 15
P_phai = 30
========= end =========
========= info ans =========
ans.row = 900
ans.col = 1
ans =  (1.94812e-06,-1.55785e-05)  (2.50695e-06,-1.54757e-05)  (3.39364e-06,-1.52589e-05)  (4.26168e-06,-1.49805e-05)  (4.78772e-06,-1.47774e-05)   (4.7826e-06,-1.47769e-05)  (4.24685e-06,-1.49794e-05)  (3.37063e-06,-1.52583e-05)   (2.47811e-06,-1.5477e-05)  (1.91625e-06,-1.55827e-05)  (1.91202e-06,-1.55844e-05)  (2.46574e-06,-1.54818e-05)  (3.35105e-06,-1.52653e-05)  (4.22162e-06,-1.49871e-05)  (4.75371e-06,-1.47839e-05)  (4.75721e-06,-1.47823e-05)  (4.23131e-06,-1.49825e-05)  (3.36478e-06,-1.52577e-05)  (2.48062e-06,-1.54715e-05)  (1.92522e-06,-1.55717e-05)   (1.92554e-06,-1.5568e-05)    (2.4821e-06,-1.5461e-05)  (3.36872e-06,-1.52416e-05)  (4.23915e-06,-1.49628e-05)  (4.76987e-06,-1.47611e-05)  (4.77149e-06,-1.47632e-05)  (4.24428e-06,-1.49685e-05)  (3.37801e-06,-1.52498e-05)    (2.49606e-06,-1.547e-05)  (1.94421e-06,-1.55765e-05)  (-5.66777e-06,6.97526e-05)   (1.34999e-05,1.51487e-05)  (6.03101e-06,-2.34052e-05)  (-2.02393e-05,7.36329e-06)  (-3.15007e-05,6.49719e-05)  (-3.14729e-05,6.50036e-05)  (-2.01943e-05,7.44043e-06)  (6.03086e-06,-2.33257e-05)   (1.34529e-05,1.51931e-05)  (-5.70006e-06,6.97594e-05)  (-5.66514e-06,6.97562e-05)   (1.35194e-05,1.51737e-05)    (6.06126e-06,-2.337e-05)   (-2.02158e-05,7.3888e-06)  (-3.14959e-05,6.49741e-05)  (-3.14698e-05,6.49736e-05)  (-2.01499e-05,7.38129e-06)  (6.13228e-06,-2.33915e-05)   (1.35549e-05,1.51448e-05)   (-5.6831e-06,6.97319e-05)  (-5.75036e-06,6.97399e-05)     (1.34131e-05,1.517e-05)  (6.03268e-06,-2.33543e-05)  (-2.01498e-05,7.41212e-06)  (-3.14134e-05,6.49778e-05)  (-3.14673e-05,6.49465e-05)  (-2.02606e-05,7.34249e-06)  (5.96181e-06,-2.34123e-05)   (1.34246e-05,1.51544e-05)  (-5.70011e-06,6.97574e-05)  (-0.000253808,0.000230791)  (0.000447862,-4.25518e-05)    (0.00011484,-0.00041284) (-0.000360988,-0.000255271)   (0.000105745,0.000339927)   (0.000105913,0.000339899) (-0.000360714,-0.000255292)  (0.000114846,-0.000412827)  (0.000447661,-4.26112e-05)  (-0.000253883,0.000230642)   (-0.000253761,0.00023074)  (0.000447873,-4.24741e-05)  (0.000114859,-0.000412845) (-0.000360905,-0.000255352)   (0.000105778,0.000339978)    (0.000105725,0.00034003) (-0.000361004,-0.000255277)  (0.000114817,-0.000412859)  (0.000447878,-4.25147e-05)  (-0.000253783,0.000230797)  (-0.000253897,0.000230741)  (0.000447699,-4.25862e-05)  (0.000114855,-0.000412847) (-0.000360768,-0.000255262)   (0.000105871,0.000339986)   (0.000105756,0.000339962) (-0.000360942,-0.000255316)   (0.00011489,-0.000412847)  (0.000447894,-4.24862e-05)  (-0.000253799,0.000230833)  (-0.00114243,-0.000343017)     (0.00159571,0.00042769)  (-4.20794e-05,0.000155245)  (-0.00159137,-0.000428015)    (0.00116421,0.000300523)    (0.00116403,0.000300382)  (-0.00159146,-0.000428142)  (-4.21257e-05,0.000155375)    (0.00159559,0.000427844)    (-0.0011421,-0.00034301)   (-0.00114234,-0.00034299)      (0.00159546,0.0004279)   (-4.2097e-05,0.000155253)   (-0.0015915,-0.000428318)     (0.0011643,0.000300537)    (0.00116438,0.000300519)  (-0.00159146,-0.000428288)  (-4.20934e-05,0.000155242)    (0.00159557,0.000427785)   (-0.00114235,-0.00034296)  (-0.00114217,-0.000343036)    (0.00159567,0.000427732)   (-4.21175e-05,0.00015539)  (-0.00159148,-0.000428216)    (0.00116408,0.000300377)    (0.00116419,0.000300536)  (-0.00159143,-0.000428119)   (-4.20748e-05,0.00015527)    (0.00159568,0.000427693)  (-0.00114248,-0.000343073)   (0.000402939,7.42667e-05) (-0.000143794,-0.000329651)  (-0.000166312,0.000586121)  (0.000284347,-0.000209112)  (-0.00038037,-0.000133883) (-0.000380722,-0.000133821)  (0.000284476,-0.000208992)  (-0.000165925,0.000586022) (-0.000144098,-0.000329742)    (0.000402939,7.4206e-05)   (0.000402652,7.39968e-05) (-0.000143915,-0.000329785)  (-0.000165643,0.000586277)  (0.000284162,-0.000209084) (-0.000380734,-0.000133739) (-0.000380594,-0.000133839)  (0.000284168,-0.000209146)  (-0.000165842,0.000586456)  (-0.00014389,-0.000329884)    (0.000402687,7.4133e-05)   (0.000402869,7.42434e-05) (-0.000144034,-0.000329886)  (-0.000166042,0.000586385)   (0.000284497,-0.00020918)  (-0.000380654,-0.00013378) (-0.000380442,-0.000133741)  (0.000284362,-0.000209237)   (-0.00016623,0.000586305) (-0.000143755,-0.000329697)   (0.000402834,7.41678e-05)    (0.00019371,0.000569453)  (-0.000800815,-0.00102537)   (-0.000137483,0.00049631)   (0.00120605,-0.000479946)  (-0.000455677,0.000392062)   (-0.00045542,0.000392045)   (0.00120597,-0.000479907)  (-0.000137785,0.000496192)  (-0.000800628,-0.00102527)    (0.00019373,0.000569661)    (0.00019391,0.000569825)  (-0.000800653,-0.00102539)   (-0.000138108,0.00049619)   (0.00120618,-0.000479911)   (-0.000455287,0.00039188)  (-0.000455418,0.000392146)   (0.00120613,-0.000480073)  (-0.000137885,0.000496267)  (-0.000800703,-0.00102548)   (0.000193923,0.000569706)   (0.000193663,0.000569832)   (-0.00080051,-0.00102553)  (-0.000137793,0.000496321)     (0.001206,-0.000480148)  (-0.000455493,0.000392223)  (-0.000455618,0.000391974)   (0.00120613,-0.000480024)  (-0.000137713,0.000496362)  (-0.000800648,-0.00102554)    (0.00019363,0.000569742) (-0.000585298,-0.000421766)    (0.00154832,0.000497585)    (-0.0001095,0.000441213)   (-0.00157811,-0.00035006)  (0.000710394,-5.92808e-05)  (0.000710516,-5.93534e-05)  (-0.00157811,-0.000350112)  (-0.000109544,0.000441378)    (0.00154866,0.000497507) (-0.000585731,-0.000421978)   (-0.000585655,-0.0004218)    (0.00154864,0.000497522)  (-0.000109511,0.000441235)  (-0.00157784,-0.000349892)  (0.000710016,-5.93857e-05)  (0.000710144,-5.92086e-05)  (-0.00157789,-0.000350025)  (-0.000109496,0.000441235)     (0.00154845,0.00049774) (-0.000585486,-0.000421923) (-0.000585737,-0.000421921)    (0.00154859,0.000497575)  (-0.000109572,0.000441406)  (-0.00157808,-0.000350016)   (0.000710534,-5.9333e-05)  (0.000710284,-5.94374e-05)   (-0.00157804,-0.00034983)   (-0.000109543,0.00044124)    (0.00154843,0.000497435) (-0.000585473,-0.000421586)    (0.000691433,0.00021066)     (-0.00181137,4.914e-05)    (0.000339857,-0.0011843)    (0.00155377,0.000968527)  (-0.00071543,-0.000153265) (-0.000715919,-0.000153067)    (0.00155396,0.000968449)     (0.00033994,-0.0011843)   (-0.00181187,4.90304e-05)   (0.000692015,0.000210996)   (0.000691722,0.000210566)   (-0.00181179,4.92117e-05)   (0.000340024,-0.00118426)     (0.0015535,0.000968262) (-0.000715268,-0.000153054) (-0.000715169,-0.000153347)    (0.00155341,0.000968502)   (0.000340054,-0.00118435)   (-0.00181165,4.90284e-05)   (0.000691583,0.000210727)    (0.000691992,0.00021087)    (-0.00181182,4.9084e-05)   (0.000340006,-0.00118447)    (0.00155389,0.000968459) (-0.000715818,-0.000153149) (-0.000715429,-0.000153055)    (0.00155379,0.000968298)   (0.000339893,-0.00118439)    (-0.00181146,4.9377e-05)   (0.000691548,0.000210372) (-0.000585461,-0.000421437)     (0.0015485,0.000496895)  (-0.000109626,0.000442086)  (-0.00157801,-0.000350628)   (0.000710284,-5.9127e-05)  (0.000710561,-5.90879e-05)    (-0.0015781,-0.00035074)  (-0.000109605,0.000442228)    (0.00154873,0.000496886)  (-0.000585802,-0.00042171) (-0.000585574,-0.000421645)      (0.0015486,0.00049696)  (-0.000109506,0.000442107)  (-0.00157795,-0.000350588)  (0.000710154,-5.90626e-05)  (0.000709972,-5.91096e-05)   (-0.0015778,-0.000350601)  (-0.000109622,0.000442153)    (0.00154864,0.000497042) (-0.000585588,-0.000421647) (-0.000585686,-0.000421759)    (0.00154867,0.000496937)  (-0.000109632,0.000442346)    (-0.0015781,-0.00035066)  (0.000710456,-5.91768e-05)  (0.000710361,-5.91689e-05)  (-0.00157816,-0.000350534)  (-0.000109538,0.000442158)     (0.0015484,0.000496864) (-0.000585331,-0.000421485)    (0.000193731,0.00056936)  (-0.000800838,-0.00102498)  (-0.000137632,0.000495632)   (0.00120619,-0.000479568)  (-0.000455702,0.000391967)   (-0.00045544,0.000391942)    (0.00120599,-0.00047954)  (-0.000137743,0.000495565)  (-0.000800701,-0.00102492)   (0.000193764,0.000569561)   (0.000193948,0.000569732)  (-0.000800842,-0.00102502)  (-0.000137877,0.000495511)   (0.00120615,-0.000479503)  (-0.000455292,0.000391782)  (-0.000455434,0.000392064)   (0.00120633,-0.000479643)  (-0.000138036,0.000495485)   (-0.00080079,-0.00102503)   (0.000193935,0.000569628)   (0.000193678,0.000569761)  (-0.000800712,-0.00102507)  (-0.000137754,0.000495486)   (0.00120615,-0.000479678)  (-0.000455495,0.000392145)  (-0.000455615,0.000391888)   (0.00120617,-0.000479566)  (-0.000137484,0.000495579)  (-0.000800901,-0.00102512)   (0.000193659,0.000569664)    (0.000402856,7.3819e-05) (-0.000143727,-0.000328978)  (-0.000166151,0.000585671)  (0.000284226,-0.000208509) (-0.000380415,-0.000134186)  (-0.000380642,-0.00013418)  (0.000284362,-0.000208389)  (-0.000165896,0.000585595) (-0.000144063,-0.000329126)   (0.000402912,7.38467e-05)   (0.000402748,7.36917e-05)  (-0.000143874,-0.00032917)  (-0.000165747,0.000585828)  (0.000284017,-0.000208423) (-0.000380599,-0.000134188) (-0.000380707,-0.000134179)  (0.000284007,-0.000208488)  (-0.000165682,0.000585961) (-0.000143785,-0.000329154)    (0.000402671,7.3651e-05)   (0.000402977,7.38153e-05) (-0.000143922,-0.000329157)  (-0.000166014,0.000585869)  (0.000284304,-0.000208464) (-0.000380711,-0.000134209) (-0.000380375,-0.000134225)   (0.000284177,-0.00020852)  (-0.000166335,0.000585811) (-0.000143676,-0.000329025)   (0.000402998,7.38283e-05)   (-0.0011426,-0.000342805)    (0.00159575,0.000427728)  (-4.20995e-05,0.000154776)  (-0.00159152,-0.000428049)    (0.00116435,0.000300726)    (0.00116418,0.000300584)   (-0.0015916,-0.000428148)  (-4.20961e-05,0.000154923)    (0.00159573,0.000427843)  (-0.00114229,-0.000342825)   (-0.0011425,-0.000342803)     (0.0015956,0.000427871)   (-4.2018e-05,0.000154784)  (-0.00159154,-0.000428285)    (0.00116444,0.000300766)    (0.00116449,0.000300751)   (-0.0015915,-0.000428312)   (-4.21136e-05,0.00015474)    (0.00159551,0.000427834)  (-0.00114248,-0.000342719)  (-0.00114228,-0.000342793)    (0.00159561,0.000427752)  (-4.20882e-05,0.000154871)  (-0.00159142,-0.000428202)    (0.00116417,0.000300636)    (0.00116429,0.000300793)  (-0.00159138,-0.000428076)  (-4.19959e-05,0.000154767)    (0.00159573,0.000427674)  (-0.00114262,-0.000342857)  (-0.000253665,0.000230471)  (0.000447998,-4.24457e-05)  (0.000114852,-0.000412464) (-0.000361041,-0.000255131)   (0.000105725,0.000339639)    (0.00010585,0.000339599) (-0.000360844,-0.000255171)  (0.000114822,-0.000412449)  (0.000447774,-4.24803e-05)  (-0.000253784,0.000230354)  (-0.000253706,0.000230465)   (0.00044791,-4.23241e-05)   (0.000114799,-0.00041247) (-0.000361059,-0.000255256)   (0.000105671,0.000339646)   (0.000105704,0.000339724) (-0.000361006,-0.000255143)   (0.00011483,-0.000412485)  (0.000447964,-4.24144e-05)  (-0.000253639,0.000230458)  (-0.000253796,0.000230415)  (0.000447708,-4.24665e-05)  (0.000114831,-0.000412476) (-0.000360794,-0.000255153)   (0.000105806,0.000339648)   (0.000105647,0.000339612) (-0.000361045,-0.000255226)   (0.00011483,-0.000412474)  (0.000447879,-4.23417e-05)  (-0.000253743,0.000230539)  (-5.78336e-06,6.96954e-05)    (1.33596e-05,1.5167e-05)  (5.93714e-06,-2.33322e-05)  (-2.02298e-05,7.39492e-06)   (-3.1389e-05,6.49256e-05)   (-3.13253e-05,6.4951e-05)  (-2.00974e-05,7.45782e-06)  (6.02557e-06,-2.32653e-05)   (1.33515e-05,1.52051e-05)  (-5.84224e-06,6.96978e-05)  (-5.77151e-06,6.97005e-05)   (1.35052e-05,1.51988e-05)  (6.14422e-06,-2.32983e-05)  (-2.00804e-05,7.41163e-06)  (-3.13756e-05,6.49255e-05)  (-3.14212e-05,6.49378e-05)   (-2.01894e-05,7.4324e-06)  (6.03808e-06,-2.32949e-05)   (1.34629e-05,1.51825e-05)   (-5.73628e-06,6.9685e-05)  (-5.76769e-06,6.96989e-05)   (1.34084e-05,1.52207e-05)   (6.0268e-06,-2.32466e-05)  (-2.01508e-05,7.46858e-06)   (-3.1392e-05,6.49461e-05)  (-3.14101e-05,6.49085e-05)  (-2.01743e-05,7.38491e-06)  (6.04451e-06,-2.33169e-05)   (1.34588e-05,1.51988e-05)   (-5.74403e-06,6.9712e-05)  (1.94099e-06,-1.55907e-05)  (2.49397e-06,-1.54855e-05)  (3.37828e-06,-1.52662e-05)  (4.24723e-06,-1.49857e-05)  (4.77649e-06,-1.47811e-05)  (4.77557e-06,-1.47795e-05)  (4.24407e-06,-1.49813e-05)  (3.37189e-06,-1.52601e-05)  (2.48341e-06,-1.54792e-05)   (1.9258e-06,-1.55858e-05)  (1.92574e-06,-1.55887e-05)  (2.48262e-06,-1.54876e-05)   (3.3688e-06,-1.52728e-05)  (4.23694e-06,-1.49967e-05)  (4.76312e-06,-1.47957e-05)  (4.75822e-06,-1.47965e-05)   (4.2233e-06,-1.49989e-05)  (3.34928e-06,-1.52764e-05)  (2.46095e-06,-1.54923e-05)  (1.90561e-06,-1.55943e-05)  (1.91009e-06,-1.55918e-05)  (2.47401e-06,-1.54854e-05)  (3.36971e-06,-1.52661e-05)   (4.24922e-06,-1.4987e-05)  (4.78732e-06,-1.47846e-05)  (4.79314e-06,-1.47855e-05)  (4.26601e-06,-1.49892e-05)  (3.39561e-06,-1.52686e-05)  (2.50623e-06,-1.54869e-05)  (1.94542e-06,-1.55912e-05)   (1.62236e-08,-1.1756e-07)   (1.6903e-08,-1.20042e-07)   (1.79518e-08,-1.2514e-07)  (1.92297e-08,-1.32459e-07)  (2.06408e-08,-1.41014e-07)  (2.21618e-08,-1.49235e-07)  (2.38114e-08,-1.55313e-07)   (2.5595e-08,-1.57784e-07)  (2.74749e-08,-1.56063e-07)  (2.93836e-08,-1.50656e-07)  (3.12519e-08,-1.42953e-07)  (3.30107e-08,-1.34695e-07)  (3.45638e-08,-1.27419e-07)    (3.577e-08,-1.22121e-07)  (3.64676e-08,-1.19263e-07)  (3.65343e-08,-1.18998e-07)   (3.59432e-08,-1.2138e-07)  (3.47723e-08,-1.26341e-07)  (3.31643e-08,-1.33468e-07)  (3.12679e-08,-1.41763e-07)  (2.92054e-08,-1.49656e-07)  (2.70773e-08,-1.55355e-07)  (2.49801e-08,-1.57425e-07)  (2.30047e-08,-1.55318e-07)  (2.12124e-08,-1.49577e-07)  (1.96247e-08,-1.41621e-07)  (1.82498e-08,-1.33204e-07)  (1.71282e-08,-1.25859e-07)  (1.63517e-08,-1.20562e-07)   (1.60295e-08,-1.1775e-07)  (-4.21112e-08,1.35566e-07)  (-3.12241e-08,1.94407e-07)  (-1.68239e-08,2.61874e-07)  (-1.10657e-08,2.88002e-07)  (-2.17852e-08,2.56189e-07)  (-4.08412e-08,1.85073e-07)  (-5.00216e-08,1.14858e-07)  (-4.25159e-08,8.68269e-08)  (-3.19769e-08,1.17672e-07)  (-3.50622e-08,1.87686e-07)  (-5.05383e-08,2.55814e-07)   (-6.2294e-08,2.84708e-07)  (-5.94666e-08,2.58031e-07)  (-4.65232e-08,1.92557e-07)  (-3.52285e-08,1.37317e-07)  (-3.37762e-08,1.39072e-07)  (-4.30534e-08,1.96876e-07)  (-5.60502e-08,2.62465e-07)  (-6.07456e-08,2.86632e-07)  (-5.11175e-08,2.54231e-07)   (-3.64281e-08,1.8397e-07)  (-3.24175e-08,1.14442e-07)  (-4.12178e-08,8.61115e-08)  (-4.74437e-08,1.16919e-07)  (-3.83217e-08,1.88183e-07)   (-2.0718e-08,2.57544e-07)  (-1.19576e-08,2.85744e-07)  (-1.89424e-08,2.56724e-07)  (-3.32133e-08,1.89254e-07)  (-4.28981e-08,1.33433e-07)  (3.67819e-08,-2.64495e-07)  (9.49403e-09,-1.85819e-07)  (2.08559e-08,-2.04951e-07)  (6.39339e-08,-2.80143e-07)   (6.1166e-08,-2.55215e-07) (-7.19822e-10,-1.71206e-07) (-2.77486e-08,-1.40234e-07)  (3.37039e-08,-1.42438e-07)  (1.01411e-07,-1.33447e-07)  (8.55129e-08,-1.67778e-07)  (2.24778e-08,-2.59073e-07)  (6.01745e-09,-2.83659e-07)  (4.28827e-08,-2.00853e-07)  (6.29028e-08,-1.81717e-07)   (4.76401e-08,-2.7256e-07)  (4.69875e-08,-2.75323e-07)   (6.1602e-08,-1.86442e-07)  (4.16834e-08,-2.02817e-07)  (3.92425e-09,-2.84207e-07)  (1.93927e-08,-2.60503e-07)  (8.44611e-08,-1.67251e-07)  (1.02688e-07,-1.30479e-07)  (3.35436e-08,-1.42345e-07) (-2.96649e-08,-1.42838e-07)  (-1.7136e-09,-1.70565e-07)   (6.08253e-08,-2.5181e-07)  (6.33193e-08,-2.78019e-07)  (2.18951e-08,-2.02894e-07)  (1.28632e-08,-1.82305e-07)   (3.88146e-08,-2.6254e-07)    (4.49063e-10,1.8198e-07)  (-4.17112e-08,3.27419e-07)  (-6.71022e-08,2.07384e-07)  (-6.66588e-08,1.22976e-07)  (-1.88092e-08,2.27479e-07)  (-4.34867e-09,2.35214e-07)  (-9.52712e-09,1.41317e-07)  (-2.93213e-08,8.23939e-08)  (-7.20566e-08,1.41732e-07)  (-8.29535e-08,2.30171e-07)  (-5.66439e-08,2.28945e-07)  (-8.66286e-09,1.23324e-07)   (4.83739e-09,2.05234e-07)  (-2.87706e-08,3.39662e-07)  (-8.42446e-08,1.81969e-07)  (-8.36643e-08,1.82789e-07)   (-3.0252e-08,3.40673e-07)   (5.47503e-09,2.08438e-07)  (-3.44283e-09,1.27552e-07)  (-5.57561e-08,2.27087e-07)  (-8.24687e-08,2.27398e-07)  (-6.84543e-08,1.46722e-07)   (-3.11336e-08,8.3433e-08)  (-1.20093e-08,1.35701e-07)  (-1.71613e-09,2.36198e-07)  (-1.67574e-08,2.27643e-07)  (-6.76611e-08,1.16346e-07)  (-6.95518e-08,2.05219e-07)  (-4.33281e-08,3.28184e-07)   (4.54311e-11,1.81065e-07) (-2.50744e-08,-1.93102e-07)  (6.68775e-08,-1.92273e-07)  (1.00323e-07,-2.68152e-07)  (8.54925e-09,-8.32163e-08)  (4.76759e-08,-7.97275e-08) (-3.17281e-08,-3.01897e-07)  (4.88815e-08,-1.07349e-07)  (4.62166e-08,-4.51731e-08) (-4.21328e-09,-9.92852e-08)   (1.0253e-07,-3.09458e-07)  (4.00172e-08,-7.98851e-08)    (3.19616e-08,-6.672e-08) (-2.65309e-08,-2.94652e-07) (-1.52555e-08,-1.81304e-07)  (9.84055e-08,-2.08153e-07)   (1.05235e-07,-2.0309e-07) (-1.50671e-08,-1.80847e-07) (-3.18981e-08,-3.01149e-07)  (3.41011e-08,-7.02289e-08)  (3.69279e-08,-7.40974e-08)  (9.85725e-08,-3.12069e-07) (-2.29485e-09,-1.03109e-07)  (4.37726e-08,-4.37502e-08)  (5.31595e-08,-1.06958e-07) (-3.15459e-08,-2.97082e-07)   (4.10311e-08,-7.9968e-08)  (1.26373e-08,-8.32852e-08)  (1.03247e-07,-2.60232e-07)  (6.66578e-08,-1.92585e-07) (-2.59466e-08,-2.01506e-07)    (1.26145e-08,1.5411e-07)  (-3.19181e-08,1.68296e-07)  (-8.93616e-08,2.00677e-07)  (-6.73455e-08,4.13848e-08)   (9.63677e-08,1.46075e-07)  (-1.05942e-07,8.92126e-08)   (2.14541e-08,2.67914e-07) (-1.89533e-08,-1.32138e-07)  (-7.36197e-08,2.59367e-07)    (6.63035e-08,1.1512e-07)  (-1.40254e-07,1.15095e-07)   (3.98227e-09,6.43145e-08)   (7.73206e-08,1.80763e-07)  (-2.44933e-08,1.95555e-07)   (-5.24144e-08,1.4896e-07)  (-5.18652e-08,1.49007e-07)  (-2.73425e-08,1.89112e-07)   (8.04182e-08,1.92728e-07)   (4.64546e-09,6.02749e-08)  (-1.39416e-07,1.15566e-07)   (6.73867e-08,1.15163e-07)  (-6.87434e-08,2.61234e-07) (-2.45732e-08,-1.28871e-07)   (2.23059e-08,2.62903e-07)  (-1.05569e-07,8.83352e-08)   (9.61946e-08,1.45155e-07)  (-6.36461e-08,4.28123e-08)  (-9.80797e-08,1.91979e-07)  (-2.77029e-08,1.74205e-07)   (1.28583e-08,1.53677e-07)  (6.05361e-09,-9.49899e-08)  (1.93074e-08,-2.07241e-07)   (6.86731e-08,4.90993e-09)  (5.48702e-08,-2.26668e-07)  (-7.84187e-08,5.88214e-08)    (7.472e-08,-2.43039e-07)  (3.77415e-09,-6.54171e-09)  (1.42591e-09,-1.42524e-07)  (4.94863e-08,-2.28989e-08) (-6.24774e-08,-2.20677e-07)   (1.03485e-07,4.38904e-08) (-4.58339e-09,-2.20255e-07)  (-6.39978e-08,-3.1372e-09)  (1.60089e-08,-2.17546e-07)  (3.40951e-08,-9.71555e-08)   (3.27713e-08,-8.5269e-08)  (1.60297e-08,-2.25077e-07) (-6.07394e-08,-2.84602e-10) (-1.18669e-08,-2.24484e-07)   (1.09602e-07,4.70289e-08) (-6.72844e-08,-2.22328e-07)   (4.8759e-08,-2.31727e-08)  (3.86589e-09,-1.43924e-07)  (3.62287e-09,-5.75334e-09)  (7.36473e-08,-2.38006e-07)  (-7.81713e-08,5.19625e-08)  (5.47005e-08,-2.18344e-07)   (6.78548e-08,6.57627e-10)   (2.58613e-08,-2.0329e-07) (-4.86645e-09,-9.97735e-08)  (-6.62372e-10,1.08826e-07)   (-4.2596e-08,4.46757e-08)   (-7.2128e-08,7.35228e-08)   (4.05755e-08,9.68271e-08)  (-9.67925e-08,5.35594e-08)   (9.71371e-08,7.52364e-08)  (-1.18946e-07,7.42121e-08)    (-1.3296e-08,7.9625e-08)   (8.91356e-08,1.05264e-07)  (-1.18728e-07,4.51316e-08)   (7.43397e-08,7.76591e-08)   (-6.94334e-08,8.0532e-08)   (4.48839e-08,9.03479e-08)    (2.5022e-08,5.48122e-08)  (-3.26498e-08,1.04566e-07)  (-3.26101e-08,1.04571e-07)   (2.49894e-08,5.48069e-08)    (4.4896e-08,9.03494e-08)   (-6.94067e-08,8.0545e-08)   (7.43157e-08,7.76455e-08)  (-1.18712e-07,4.51255e-08)     (8.913e-08,1.05271e-07)   (-1.32721e-08,7.9629e-08)  (-1.18949e-07,7.42034e-08)   (9.71501e-08,7.52472e-08)  (-9.68192e-08,5.35648e-08)   (4.06051e-08,9.68238e-08)  (-7.21161e-08,7.35252e-08)  (-4.26284e-08,4.46699e-08)  (-6.22897e-10,1.08833e-07) (-1.51166e-08,-1.01051e-07)   (9.31655e-08,9.64712e-08)  (8.87005e-10,-1.32888e-07)  (-2.16625e-08,5.10126e-08)  (1.16393e-07,-1.80009e-07)  (-1.24276e-07,1.05782e-07)    (1.33695e-07,-1.239e-07)  (2.66403e-08,-4.12111e-08)   (-1.421e-07,-1.39103e-07)   (1.51018e-07,1.04199e-07)  (-1.0262e-07,-1.70818e-07)    (2.5754e-08,4.18236e-08)  (3.66004e-08,-1.38773e-07)  (-8.90851e-08,8.09165e-08)  (3.42978e-08,-8.75479e-08)   (3.56037e-08,-9.9438e-08)  (-8.90846e-08,8.84574e-08)  (3.33337e-08,-1.41637e-07)   (3.29957e-08,4.60411e-08)  (-1.08717e-07,-1.7394e-07)   (1.55827e-07,1.05864e-07) (-1.41391e-07,-1.38843e-07)  (2.41804e-08,-3.98148e-08)   (1.33824e-07,-1.2468e-07)  (-1.23197e-07,1.00735e-07)   (1.1617e-07,-1.73159e-07)   (-2.1536e-08,4.26868e-08)  (1.69369e-09,-1.28627e-07)    (8.6635e-08,9.25172e-08) (-4.21447e-09,-9.62699e-08)  (5.11909e-09,-1.58155e-09) (-9.01514e-08,-3.18117e-08)  (9.06073e-08,-8.68644e-08)  (-1.11437e-07,5.91733e-08)   (9.72221e-08,2.26328e-08) (-7.57966e-08,-1.52115e-08)  (2.99846e-09,-1.30761e-07)  (-3.26901e-09,2.92227e-07)   (1.29733e-08,-1.3459e-07)   (8.89961e-08,6.86031e-09) (-9.14688e-08,-7.10134e-09)   (1.40647e-07,8.28842e-08) (-1.09087e-07,-7.15466e-08)  (1.04439e-07,-3.02962e-08) (-6.32443e-09,-7.36919e-09) (-6.95029e-09,-7.43658e-09)   (1.0733e-07,-2.38455e-08)  (-1.1219e-07,-8.35024e-08)   (1.39996e-07,8.69216e-08) (-9.22779e-08,-7.57805e-09)   (8.78619e-08,6.80712e-09)  (8.15167e-09,-1.36454e-07)   (2.34414e-09,2.88959e-07)  (2.19942e-09,-1.25735e-07) (-7.62217e-08,-1.43408e-08)   (9.74201e-08,2.35671e-08)  (-1.15126e-07,5.77518e-08)   (9.93237e-08,-7.8177e-08) (-9.43245e-08,-3.77155e-08)  (4.79594e-09,-1.15371e-09)    (6.1737e-08,8.92608e-08)  (-1.16739e-07,3.12409e-08)   (1.28266e-07,1.89249e-07)  (-7.21394e-08,1.89834e-09) (-4.70841e-08,-3.13238e-08)   (9.30497e-08,1.98245e-07)  (-3.48972e-08,6.84768e-09) (-2.87329e-08,-7.42802e-08)  (2.01036e-08,-1.95453e-09)    (-1.3053e-07,1.9242e-07) (-7.57679e-09,-2.58302e-08)   (5.34961e-08,8.34056e-09)  (-1.69434e-07,1.56276e-07)   (1.08552e-07,4.12554e-08)  (-1.05085e-07,9.83087e-08)  (-1.11902e-07,9.32483e-08)   (1.08379e-07,4.07946e-08)   (-1.6411e-07,1.62764e-07)    (5.13698e-08,1.1862e-08) (-4.50072e-09,-3.16208e-08)  (-1.26574e-07,1.95031e-07)   (1.82125e-08,1.89111e-09) (-2.63756e-08,-7.57171e-08)  (-3.91427e-08,6.44551e-09)    (9.28661e-08,1.9343e-07) (-4.04533e-08,-3.10848e-08)  (-7.62111e-08,1.95942e-09)   (1.25299e-07,1.81324e-07)  (-1.16506e-07,3.15626e-08)   (6.26215e-08,9.76678e-08)  (1.83129e-08,-8.61129e-08) (-5.58201e-08,-2.19492e-07)  (3.65814e-08,-9.82349e-08)   (2.44102e-08,-7.5375e-08) (-7.87261e-09,-1.73367e-07)   (1.4647e-08,-1.07374e-07)  (-2.3677e-08,-4.47674e-08)  (1.99021e-08,-3.73948e-08)  (7.14881e-08,-4.11645e-08)  (3.26919e-08,-1.11059e-07)  (6.32003e-08,-1.69214e-07)    (3.2184e-08,-6.5053e-08) (-1.01488e-08,-9.11786e-08)  (8.73461e-08,-2.08543e-07)   (3.39421e-08,-9.5814e-08)   (3.3369e-08,-9.66186e-08)  (8.88291e-08,-2.09544e-07) (-1.07818e-08,-9.43962e-08)  (2.69839e-08,-6.92817e-08)  (6.22983e-08,-1.67351e-07)  (3.22048e-08,-1.08294e-07)  (6.79109e-08,-4.61644e-08)  (2.17196e-08,-3.84328e-08) (-2.11745e-08,-3.91334e-08)  (1.20095e-08,-1.08351e-07)  (-9.93669e-09,-1.7354e-07)  (2.54311e-08,-6.87381e-08)  (3.90315e-08,-9.60551e-08)  (-5.4198e-08,-2.20265e-07)  (1.87285e-08,-8.52102e-08)   (1.73268e-08,1.77141e-07)    (-2.184e-08,1.11774e-07)  (-2.64778e-08,1.37061e-07)  (-5.44783e-10,2.08729e-07)   (7.71201e-09,1.90543e-07)  (-1.24188e-08,1.11994e-07)  (-3.06334e-08,6.56183e-08)  (-2.29476e-08,6.38396e-08)  (-2.51344e-08,7.78995e-08)  (-5.64266e-08,1.14478e-07)  (-7.00569e-08,1.77767e-07)  (-4.61111e-08,1.97518e-07)  (-1.76066e-08,1.37423e-07)  (-2.94704e-08,1.14092e-07)  (-7.43355e-08,1.73302e-07)  (-7.36998e-08,1.76066e-07)  (-2.81946e-08,1.18817e-07)  (-1.64039e-08,1.39385e-07)   (-4.39998e-08,1.9807e-07)  (-6.69771e-08,1.79203e-07)  (-5.53957e-08,1.13952e-07)  (-2.64167e-08,7.49294e-08)   (-2.2781e-08,6.37478e-08)  (-2.87233e-08,6.82228e-08)  (-1.14444e-08,1.11346e-07)     (8.0501e-09,1.8713e-07)   (8.86784e-11,2.06607e-07)  (-2.75141e-08,1.35007e-07)  (-2.52329e-08,1.08254e-07)   (1.52784e-08,1.75179e-07)  (2.05519e-08,-9.03809e-08)  (1.21134e-08,-1.42688e-07)  (4.75868e-09,-2.02358e-07)  (4.91714e-09,-2.25634e-07)  (1.15212e-08,-1.98734e-07)  (2.06805e-08,-1.38057e-07)  (2.98819e-08,-7.73394e-08)  (3.69167e-08,-5.14171e-08)  (3.98037e-08,-7.62514e-08)  (4.03761e-08,-1.37209e-07)   (4.35834e-08,-1.9814e-07)  (5.01597e-08,-2.23513e-07)  (5.39314e-08,-1.97957e-07)  (5.00189e-08,-1.38034e-07)  (4.29454e-08,-8.84116e-08)   (4.1491e-08,-9.01689e-08)  (4.65463e-08,-1.42359e-07)  (5.05164e-08,-2.02397e-07)  (4.86169e-08,-2.25439e-07)   (4.4168e-08,-1.96555e-07)    (4.1745e-08,-1.3349e-07)    (4.02457e-08,-7.302e-08)    (3.562e-08,-5.07016e-08)   (2.7306e-08,-7.94021e-08)  (1.81647e-08,-1.41169e-07)  (1.04597e-08,-2.00089e-07)  (5.81383e-09,-2.23373e-07)  (6.87711e-09,-1.97203e-07)   (1.40984e-08,-1.3753e-07)  (2.13362e-08,-8.82467e-08)  (-7.80149e-09,9.05251e-08)   (-8.6096e-09,9.27873e-08)   (-9.93123e-09,9.7445e-08)  (-1.16382e-08,1.04124e-07)  (-1.36232e-08,1.11915e-07)  (-1.58251e-08,1.19381e-07)  (-1.82216e-08,1.24869e-07)  (-2.07995e-08,1.27044e-07)  (-2.35213e-08,1.25369e-07)  (-2.63067e-08,1.20306e-07)  (-2.90334e-08,1.13125e-07)  (-3.15496e-08,1.05429e-07)  (-3.36871e-08,9.86375e-08)  (-3.52737e-08,9.36798e-08)  (-3.61538e-08,9.09927e-08)  (-3.62206e-08,9.07283e-08)  (-3.54473e-08,9.29384e-08)   (-3.38963e-08,9.7559e-08)     (-3.1704e-08,1.042e-07)  (-2.90505e-08,1.11934e-07)  (-2.61298e-08,1.19305e-07)  (-2.31251e-08,1.24662e-07)   (-2.0186e-08,1.26685e-07)  (-1.74163e-08,1.24874e-07)   (-1.4877e-08,1.19723e-07)  (-1.26083e-08,1.12523e-07)   (-1.06594e-08,1.0487e-07)  (-9.10852e-09,9.81645e-08)  (-8.05889e-09,9.33079e-08)  (-7.60753e-09,9.07151e-08)
U_mea = (9.63832e-16,4.03781e-16)        (9.59192,-35.2446)        (9.57063,-35.2459)                     (0,0) (9.63832e-16,4.03781e-16)        (9.58922,-35.2436)        (9.56792,-35.2476)                     (0,0) (9.63832e-16,4.03781e-16)        (9.59471,-35.2443)        (9.57343,-35.2428)                     (0,0) (9.63832e-16,4.03781e-16)        (9.59192,-35.2446)        (9.57063,-35.2459)                     (0,0)      (-0.004927,0.001349)      (0.003684,-0.002552)      (-0.002984,-0.00234)       (0.004243,0.003136)      (-0.004927,0.001349)  (-0.00191615,0.00131822)   (0.00156673,0.00112691)       (0.004243,0.003136)      (-0.004927,0.001349)   (-0.00176723,0.0012336)   (0.00141756,0.00121303)       (0.004243,0.003136)      (-0.004927,0.001349)      (0.003684,-0.002552)      (-0.002984,-0.00234)       (0.004243,0.003136)
 A*ans = (-5.55112e-16,1.22125e-15)         (9.59192,-35.2446)         (9.57063,-35.2459) (2.83107e-15,-1.03806e-14) (-5.55112e-16,1.22125e-15)         (9.58922,-35.2436)         (9.56792,-35.2476) (2.83107e-15,-1.03806e-14) (-5.55112e-16,1.22125e-15)         (9.59471,-35.2443)         (9.57343,-35.2428) (2.83107e-15,-1.03806e-14) (-5.55112e-16,1.22125e-15)         (9.59192,-35.2446)         (9.57063,-35.2459) (2.83107e-15,-1.03806e-14)       (-0.004927,0.001349)       (0.003684,-0.002552)       (-0.002984,-0.00234)        (0.004243,0.003136)       (-0.004927,0.001349)   (-0.00191615,0.00131822)    (0.00156673,0.00112691)        (0.004243,0.003136)       (-0.004927,0.001349)    (-0.00176723,0.0012336)    (0.00141756,0.00121303)        (0.004243,0.003136)       (-0.004927,0.001349)       (0.003684,-0.002552)       (-0.002984,-0.00234)        (0.004243,0.003136)
error U_mea - A*ans =  (1.51894e-15,-8.17464e-16)  (5.32907e-15,-1.42109e-14)            (-1.77636e-15,0)  (-2.83107e-15,1.03806e-14)  (1.51894e-15,-8.17464e-16)  (-1.95399e-14,2.84217e-14)  (8.88178e-15,-7.10543e-15)  (-2.83107e-15,1.03806e-14)  (1.51894e-15,-8.17464e-16)  (5.32907e-15,-1.42109e-14) (-1.77636e-15,-2.13163e-14)  (-2.83107e-15,1.03806e-14)  (1.51894e-15,-8.17464e-16)  (5.32907e-15,-1.42109e-14)            (-1.77636e-15,0)  (-2.83107e-15,1.03806e-14)  (1.04083e-17,-2.38524e-18)  (-4.33681e-18,8.67362e-19) (-3.03577e-18,-4.33681e-19)            (0,-6.07153e-18)  (1.04083e-17,-2.38524e-18) (-8.67362e-19,-8.67362e-19)   (4.33681e-19,1.30104e-18)            (0,-6.07153e-18)  (1.04083e-17,-2.38524e-18)    (2.1684e-18,1.51788e-18)   (3.46945e-18,1.95156e-18)            (0,-6.07153e-18)  (1.04083e-17,-2.38524e-18)  (-4.33681e-18,8.67362e-19) (-3.03577e-18,-4.33681e-19)            (0,-6.07153e-18)
========= end info ans =========
========= info debug =========
#calcu polar info
far_Rpolar = 
    0.15     0.15     0.15     0.15     0.15     0.15     0.15     0.15     0.15     0.15     0.15     0.15     0.15     0.15     0.15     0.15     0.15     0.15     0.15     0.15     0.15     0.15     0.15     0.15     0.15
 3.14159  2.35619   1.5708 0.785398        0  3.14159  2.35619   1.5708 0.785398        0  3.14159  2.35619   1.5708 0.785398        0  3.14159  2.35619   1.5708 0.785398        0  3.14159  2.35619   1.5708 0.785398        0
       0  3.14159  3.14159  3.14159        0        0  -1.5708  -1.5708  -1.5708        0        0        0        0        0        0        0   1.5708   1.5708   1.5708        0        0  3.14159  3.14159  3.14159        0
far_Epolar = 
        (0.06808,-0.045291)      (0.0605411,-0.0436942)         (-1.8e-05,-2.6e-05)       (-0.060522,0.0437232)        (-0.068026,0.045379)         (0.06808,-0.045291)      (0.0605446,-0.0436363)         (-1.3e-05,-3.1e-05)      (-0.0604944,0.0436794)        (-0.068026,0.045379)         (0.06808,-0.045291)      (0.0605411,-0.0436942)         (-1.8e-05,-2.6e-05)       (-0.060522,0.0437232)        (-0.068026,0.045379)         (0.06808,-0.045291)        (0.06058,-0.0436872)         (-2.3e-05,-2.2e-05)       (-0.060592,0.0437013)        (-0.068026,0.045379)         (0.06808,-0.045291)      (0.0605411,-0.0436942)         (-1.8e-05,-2.6e-05)       (-0.060522,0.0437232)        (-0.068026,0.045379)
  (8.3374e-18,-5.54655e-18)         (-1.63415,-2.27605)         (-2.67584,-3.62425)         (-1.63618,-2.27471)                       (0,0)   (8.3374e-18,-5.54655e-18)          (-1.6343,-2.27566)         (-2.67597,-3.62397)         (-1.63662,-2.27461)                       (0,0)   (8.3374e-18,-5.54655e-18)         (-1.63415,-2.27605)         (-2.67584,-3.62425)         (-1.63618,-2.27471)                       (0,0)   (8.3374e-18,-5.54655e-18)          (-1.63399,-2.2764)         (-2.67547,-3.62424)         (-1.63572,-2.27478)                       (0,0)   (8.3374e-18,-5.54655e-18)         (-1.63415,-2.27605)         (-2.67584,-3.62425)         (-1.63618,-2.27471)                       (0,0)
        (-0.000183,0.00046)         (0.00015,-0.000464)       (-0.000167,-0.000188)        (-0.000485,0.000111)        (0.000505,-0.000142)         (-0.000183,0.00046)  (-7.3383e-17,-9.66416e-17)     (7.9602e-22,1.8982e-21)   (7.34811e-17,9.65944e-17)        (0.000505,-0.000142)         (-0.000183,0.00046)         (-0.00015,0.000464)         (0.000167,0.000188)        (0.000485,-0.000111)        (0.000505,-0.000142)         (-0.000183,0.00046)    (7.3371e-17,9.66717e-17) (-1.40834e-21,-1.34711e-21) (-7.34465e-17,-9.66009e-17)        (0.000505,-0.000142)         (-0.000183,0.00046)         (0.00015,-0.000464)       (-0.000167,-0.000188)        (-0.000485,0.000111)        (0.000505,-0.000142)
polar info is already calculated
near_ref_Rpolar = 
    0.015 0.0149997 0.0149997     0.015     0.015 0.0149999 0.0149999     0.015     0.015 0.0149999 0.0149999     0.015     0.015 0.0149997 0.0149997     0.015
  3.14159   2.09441   1.04718         0   3.14159    2.0944   1.04719         0   3.14159    2.0944   1.04719         0   3.14159   2.09441   1.04718         0
        0   3.14159   3.14159         0         0  -1.04721  -1.04721         0         0   1.04721   1.04721         0         0   3.14159   3.14159         0
near_ref_Epolar = 
        (7.87028,3.29713)        (5.77805,0.956199)      (-5.77759,-0.957386)       (-7.87242,-3.28639)         (7.87028,3.29713)        (5.77794,0.957525)      (-5.77657,-0.958389)       (-7.87242,-3.28639)         (7.87028,3.29713)        (5.77749,0.956391)        (-5.77795,-0.9579)       (-7.87242,-3.28639)         (7.87028,3.29713)        (5.77805,0.956199)      (-5.77759,-0.957386)       (-7.87242,-3.28639)
(9.63832e-16,4.03781e-16)        (9.59192,-35.2446)        (9.57063,-35.2459)                     (0,0) (9.63832e-16,4.03781e-16)        (9.58922,-35.2436)        (9.56792,-35.2476)                     (0,0) (9.63832e-16,4.03781e-16)        (9.59471,-35.2443)        (9.57343,-35.2428)                     (0,0) (9.63832e-16,4.03781e-16)        (9.59192,-35.2446)        (9.57063,-35.2459)                     (0,0)
     (-0.004927,0.001349)      (0.003684,-0.002552)      (-0.002984,-0.00234)       (0.004243,0.003136)      (-0.004927,0.001349)  (-0.00191615,0.00131822)   (0.00156673,0.00112691)       (0.004243,0.003136)      (-0.004927,0.001349)   (-0.00176723,0.0012336)   (0.00141756,0.00121303)       (0.004243,0.003136)      (-0.004927,0.001349)      (0.003684,-0.002552)      (-0.002984,-0.00234)       (0.004243,0.003136)
#calcu polar info
fardata_Rpolar = 
    0.15     0.15     0.15     0.15     0.15     0.15     0.15     0.15     0.15     0.15     0.15     0.15     0.15     0.15     0.15     0.15     0.15     0.15     0.15     0.15     0.15     0.15     0.15     0.15     0.15
 3.14159  2.35619   1.5708 0.785398        0  3.14159  2.35619   1.5708 0.785398        0  3.14159  2.35619   1.5708 0.785398        0  3.14159  2.35619   1.5708 0.785398        0  3.14159  2.35619   1.5708 0.785398        0
       0  3.14159  3.14159  3.14159        0        0  -1.5708  -1.5708  -1.5708        0        0        0        0        0        0        0   1.5708   1.5708   1.5708        0        0  3.14159  3.14159  3.14159        0
fardata_Epolar = 
                      (0,0)   (2.1684e-19,-8.67362e-19)                       (0,0)            (0,-1.73472e-18)                       (0,0)                       (0,0)             (-2.1684e-19,0)                       (0,0)              (2.1684e-19,0)                       (0,0)                       (0,0)             (0,1.73472e-18)                       (0,0)                       (0,0)                       (0,0)                       (0,0)                       (0,0)                       (0,0)                       (0,0)                       (0,0)                       (0,0)   (2.1684e-19,-8.67362e-19)                       (0,0)            (0,-1.73472e-18)                       (0,0)
   (0.000430817,0.00029418)      (-0.0030708,0.0136338)      (0.0048932,-0.0056473)     (-0.00307062,0.0136326)    (0.00043074,0.000294045)    (0.000430817,0.00029418)    (-0.00294945,-0.0020296)     (0.00638186,0.00411101)   (-0.00295349,-0.00203022)    (0.00043074,0.000294045)    (0.000430817,0.00029418)     (0.00518222,-0.0121933)    (0.000368891,0.00912423)      (0.00518142,-0.012192)    (0.00043074,0.000294045)    (0.000430817,0.00029418)   (-0.00294896,-0.00202926)     (0.00638048,0.00411034)   (-0.00295252,-0.00202984)    (0.00043074,0.000294045)    (0.000430817,0.00029418)      (-0.0030708,0.0136338)      (0.0048932,-0.0056473)     (-0.00307062,0.0136326)    (0.00043074,0.000294045)
(-3.46794e-06,-1.89771e-06)   (1.98748e-07,3.80402e-07) (-9.01836e-07,-3.91871e-07) (-2.76872e-07,-6.90311e-07)   (7.14116e-06,3.04489e-06) (-3.46794e-06,-1.89771e-06)    (5.5172e-07,6.24507e-07) (-5.85918e-07,-3.13865e-07) (-4.05021e-07,-4.96845e-07)   (7.14116e-06,3.04489e-06) (-3.46794e-06,-1.89771e-06)  (-2.03579e-08,9.83705e-07) (-8.52732e-07,-5.32998e-07) (-2.06513e-07,-6.91039e-07)   (7.14116e-06,3.04489e-06) (-3.46794e-06,-1.89771e-06)   (5.45611e-07,6.10848e-07) (-5.85866e-07,-3.14058e-07) (-3.98967e-07,-4.82983e-07)   (7.14116e-06,3.04489e-06) (-3.46794e-06,-1.89771e-06)   (1.98748e-07,3.80402e-07) (-9.01836e-07,-3.91871e-07) (-2.76872e-07,-6.90311e-07)   (7.14116e-06,3.04489e-06)
========= end info debug =========
======= calcu error between two field  ========
two fields Rxyz and Exyz.size() match
far_ref Exyz = 
               (0,0)  (-1.19833,-1.57851)    (1.8e-05,2.6e-05)    (1.19975,1.57755)                (0,0)                (0,0)                (0,0)                (0,0)                (0,0)                (0,0)                (0,0)    (1.19833,1.57851)  (-1.8e-05,-2.6e-05)  (-1.19975,-1.57755)                (0,0)                (0,0)                (0,0)                (0,0)                (0,0)                (0,0)                (0,0)  (-1.19833,-1.57851)    (1.8e-05,2.6e-05)    (1.19975,1.57755)                (0,0)
 (-0.000183,0.00046)  (-0.00015,0.000464)  (0.000167,0.000188) (0.000485,-0.000111) (0.000505,-0.000142)  (-0.000183,0.00046)  (-1.19844,-1.57828)    (1.3e-05,3.1e-05)    (1.20004,1.57751) (0.000505,-0.000142)  (-0.000183,0.00046)  (-0.00015,0.000464)  (0.000167,0.000188) (0.000485,-0.000111) (0.000505,-0.000142)  (-0.000183,0.00046)    (1.19824,1.57877)  (-2.3e-05,-2.2e-05)  (-1.19947,-1.57761) (0.000505,-0.000142)  (-0.000183,0.00046)  (-0.00015,0.000464)  (0.000167,0.000188) (0.000485,-0.000111) (0.000505,-0.000142)
 (-0.06808,0.045291)     (1.11271,1.6403)    (2.67584,3.62425)    (1.11416,1.63938) (-0.068026,0.045379)  (-0.06808,0.045291)    (1.11281,1.63999)    (2.67597,3.62397)    (1.11449,1.63928) (-0.068026,0.045379)  (-0.06808,0.045291)     (1.11271,1.6403)    (2.67584,3.62425)    (1.11416,1.63938) (-0.068026,0.045379)  (-0.06808,0.045291)    (1.11257,1.64055)    (2.67547,3.62424)    (1.11378,1.63942) (-0.068026,0.045379)  (-0.06808,0.045291)     (1.11271,1.6403)    (2.67584,3.62425)    (1.11416,1.63938) (-0.068026,0.045379)
fardata Exyz = 
 (-0.000430817,-0.00029418)    (-0.00217138,0.00964053)  (-2.99512e-19,3.45845e-19)    (0.00217126,-0.00963967)    (0.00043074,0.000294045)  (-0.000430817,-0.00029418)    (5.5172e-07,6.24507e-07) (-5.85918e-07,-3.13865e-07) (-4.05021e-07,-4.96845e-07)    (0.00043074,0.000294045)  (-0.000430817,-0.00029418)    (-0.00366438,0.00862197)   (2.25881e-20,5.58698e-19)    (0.00366382,-0.00862107)    (0.00043074,0.000294045)  (-0.000430817,-0.00029418) (-5.45611e-07,-6.10848e-07)   (5.85866e-07,3.14058e-07)   (3.98967e-07,4.82983e-07)    (0.00043074,0.000294045)  (-0.000430817,-0.00029418)    (-0.00217138,0.00964053)  (-2.99512e-19,3.45845e-19)    (0.00217126,-0.00963967)    (0.00043074,0.000294045)
(-3.46794e-06,-1.89771e-06) (-1.98748e-07,-3.80402e-07)   (9.01836e-07,3.91871e-07)   (2.76872e-07,6.90311e-07)   (7.14116e-06,3.04489e-06) (-3.46794e-06,-1.89771e-06)   (-0.00208558,-0.00143514) (-3.90812e-19,-2.51746e-19)     (0.00208843,0.00143558)   (7.14116e-06,3.04489e-06) (-3.46794e-06,-1.89771e-06)  (-2.03579e-08,9.83705e-07) (-8.52732e-07,-5.32998e-07) (-2.06513e-07,-6.91039e-07)   (7.14116e-06,3.04489e-06) (-3.46794e-06,-1.89771e-06)     (0.00208523,0.00143491)   (3.90656e-19,2.51666e-19)   (-0.00208775,-0.00143531)   (7.14116e-06,3.04489e-06) (-3.46794e-06,-1.89771e-06) (-1.98748e-07,-3.80402e-07)   (9.01836e-07,3.91871e-07)   (2.76872e-07,6.90311e-07)   (7.14116e-06,3.04489e-06)
(-5.27598e-20,-3.60267e-20)    (0.00217138,-0.00964053)      (-0.0048932,0.0056473)    (0.00217126,-0.00963967)                     (-0,-0) (-5.27598e-20,-3.60267e-20)     (0.00208558,0.00143514)   (-0.00638186,-0.00411101)     (0.00208843,0.00143558)                     (-0,-0) (-5.27598e-20,-3.60267e-20)    (-0.00366438,0.00862197)  (-0.000368891,-0.00912423)    (-0.00366382,0.00862107)                     (-0,-0) (-5.27598e-20,-3.60267e-20)     (0.00208523,0.00143491)   (-0.00638048,-0.00411034)     (0.00208775,0.00143531)                     (-0,-0) (-5.27598e-20,-3.60267e-20)    (0.00217138,-0.00964053)      (-0.0048932,0.0056473)    (0.00217126,-0.00963967)                     (-0,-0)
error (fardata - far_ref) = 
 (-0.000430817,-0.00029418)           (1.19616,1.58815)         (-1.8e-05,-2.6e-05)         (-1.19758,-1.58719)    (0.00043074,0.000294045)  (-0.000430817,-0.00029418)    (5.5172e-07,6.24507e-07) (-5.85918e-07,-3.13865e-07) (-4.05021e-07,-4.96845e-07)    (0.00043074,0.000294045)  (-0.000430817,-0.00029418)         (-1.20199,-1.56989)           (1.8e-05,2.6e-05)           (1.20341,1.56893)    (0.00043074,0.000294045)  (-0.000430817,-0.00029418) (-5.45611e-07,-6.10848e-07)   (5.85866e-07,3.14058e-07)   (3.98967e-07,4.82983e-07)    (0.00043074,0.000294045)  (-0.000430817,-0.00029418)           (1.19616,1.58815)         (-1.8e-05,-2.6e-05)         (-1.19758,-1.58719)    (0.00043074,0.000294045)
 (0.000179532,-0.000461898)   (0.000149801,-0.00046438) (-0.000166098,-0.000187608)   (-0.000484723,0.00011169)  (-0.000497859,0.000145045)  (0.000179532,-0.000461898)           (1.19635,1.57684)         (-1.3e-05,-3.1e-05)         (-1.19795,-1.57607)  (-0.000497859,0.000145045)  (0.000179532,-0.000461898)   (0.00014998,-0.000463016) (-0.000167853,-0.000188533)  (-0.000485207,0.000110309)  (-0.000497859,0.000145045)  (0.000179532,-0.000461898)         (-1.19615,-1.57733)           (2.3e-05,2.2e-05)           (1.19739,1.57618)  (-0.000497859,0.000145045)  (0.000179532,-0.000461898)   (0.000149801,-0.00046438) (-0.000166098,-0.000187608)   (-0.000484723,0.00011169)  (-0.000497859,0.000145045)
        (0.06808,-0.045291)         (-1.11054,-1.64994)          (-2.68073,-3.6186)         (-1.11199,-1.64902)        (0.068026,-0.045379)         (0.06808,-0.045291)         (-1.11073,-1.63855)         (-2.68235,-3.62809)          (-1.1124,-1.63784)        (0.068026,-0.045379)         (0.06808,-0.045291)         (-1.11638,-1.63168)          (-2.6762,-3.63338)         (-1.11782,-1.63076)        (0.068026,-0.045379)         (0.06808,-0.045291)         (-1.11048,-1.63912)         (-2.68185,-3.62835)          (-1.1117,-1.63798)        (0.068026,-0.045379)         (0.06808,-0.045291)         (-1.11054,-1.64994)          (-2.68073,-3.6186)         (-1.11199,-1.64902)        (0.068026,-0.045379)
sum_error = 51.4007
sum_ref = 51.3722
error (%) = 100.056
  0.0817704  0.00052169
    2.80293   0.0139753
    4.50503  0.00747231
    2.80303   0.0139741
  0.0817745 0.000521593
  0.0817704  0.00052169
     2.8027   0.0035803
    4.50489  0.00759135
     2.8032  0.00358398
  0.0817745 0.000521593
  0.0817704  0.00052169
    2.80293   0.0132489
    4.50503  0.00913168
    2.80303   0.0132474
  0.0817745 0.000521593
  0.0817704  0.00052169
    2.80312  0.00357971
     4.5048  0.00758982
    2.80282  0.00358297
  0.0817745 0.000521593
  0.0817704  0.00052169
    2.80293   0.0139753
    4.50503  0.00747231
    2.80303   0.0139741
  0.0817745 0.000521593
size = 25
val_max = 4.50503
-34.822 -4.12171 0 -4.1214 -34.8216 -34.822 -4.12242 -0.000277344 -4.12087 -34.8216 -34.822 -4.12171 0 -4.1214 -34.8216 -34.822 -4.12111 -0.000439718 -4.12205 -34.8216 -34.822 -4.12171 0 -4.1214 -34.8216 
val_max = 4.50503
-78.7257 -50.1667 -55.6049 -50.1675 -78.7273 -78.7257 -61.9956 -55.4676 -61.9866 -78.7273 -78.7257 -50.6304 -53.8629 -50.6314 -78.7273 -78.7257 -61.997 -55.4693 -61.9891 -78.7273 -78.7257 -50.1667 -55.6049 -50.1675 -78.7273 
plot "datafile" using 1:2 with linespoints title "ref", "datafile" using 1:3 with linespoints title "data1"
finish gnuplot
======= calcu error between two field  end ========
finish all calculation
