#x amp_{ref} amp_{cal} amp_{error} phase_{ref} phase_{cal}
-0.525000 -16.014271 -34.058005 
-0.508333 -15.622406 -33.669719 
-0.491667 -15.218450 -33.265191 
-0.475000 -14.804629 -32.843129 
-0.458333 -14.384043 -32.402095 
-0.441667 -13.960873 -31.940482 
-0.425000 -13.540627 -31.456483 
-0.408333 -13.130449 -30.948070 
-0.391667 -12.739488 -30.412949 
-0.375000 -12.379325 -29.848520 
-0.358333 -12.064400 -29.251827 
-0.341667 -11.812254 -28.619493 
-0.325000 -11.643067 -27.947647 
-0.308333 -11.577050 -27.231832 
-0.291667 -11.626052 -26.466901 
-0.275000 -11.770949 -25.646884 
-0.258333 -11.912070 -24.764837 
-0.241667 -11.807371 -23.812665 
-0.225000 -11.143941 -22.780914 
-0.208333 -9.891492 -21.658564 
-0.191667 -8.488163 -20.432829 
-0.175000 -7.556433 -19.089056 
-0.158333 -7.726309 -17.610863 
-0.141667 -9.466792 -15.980865 
-0.125000 -10.169064 -14.182628 
-0.108333 -7.325119 -12.205115 
-0.091667 -8.284649 -10.051757 
-0.075000 -10.449438 -7.756965 
-0.058333 -7.103068 -5.411509 
-0.041667 -11.270395 -3.190241 
-0.025000 -4.676938 -1.358433 
-0.008333 -13.377878 -0.220010 
0.008333 -11.818413 0.000000 
0.025000 -3.535015 -0.730129 
0.041667 -14.752223 -2.235854 
0.058333 -7.622147 -4.233073 
0.075000 -15.150933 -6.445949 
0.091667 -7.494167 -8.672422 
0.108333 -7.756166 -10.792939 
0.125000 -11.471703 -12.751225 
0.141667 -9.006561 -14.530657 
0.158333 -7.074013 -16.135977 
0.175000 -7.157221 -17.581698 
0.191667 -8.397967 -18.885600 
0.208333 -10.046545 -20.065450 
0.225000 -11.322196 -21.137549 
0.241667 -11.759047 -22.116228 
0.258333 -11.596158 -23.013818 
0.275000 -11.288439 -23.840811 
0.291667 -11.075445 -24.606095 
0.308333 -11.019108 -25.317195 
0.325000 -11.110727 -25.980489 
0.341667 -11.322608 -26.601404 
0.358333 -11.625912 -27.184571 
0.375000 -11.995636 -27.733960 
0.391667 -12.411381 -28.252995 
0.408333 -12.856880 -28.744633 
0.425000 -13.319296 -29.211449 
0.441667 -13.788563 -29.655690 
0.458333 -14.256850 -30.079327 
0.475000 -14.718138 -30.484096 
0.491667 -15.167891 -30.871532 
0.508333 -15.602792 -31.242998 
0.525000 -16.020536 -31.599709 
