0.000000 -45.700094 -158.365058 -0.000020 175.065343 -81.674051 
1.000000 -45.531927 -158.430324 -0.000020 -86.595206 11.911140 
2.000000 -45.385789 -159.595291 -0.000017 -70.257051 24.985165 
3.000000 -45.207862 -162.561805 -0.000012 -144.160092 -36.266201 
4.000000 -44.905833 -168.847177 -0.000006 42.728746 -68.072866 
5.000000 -44.364499 -166.421647 -0.000007 120.728759 9.894037 
6.000000 -43.502815 -160.052551 -0.000013 79.496122 -35.559948 
7.000000 -42.338828 -157.047014 -0.000016 -91.877910 147.543896 
8.000000 -40.988399 -156.334792 -0.000015 -44.711241 -172.599266 
9.000000 -39.598378 -158.030694 -0.000010 -150.509420 67.267118 
10.000000 -38.288398 -163.994745 -0.000005 -60.674382 34.341102 
11.000000 -37.133966 -169.906450 -0.000002 -146.146622 -91.414683 
12.000000 -36.172942 -160.328459 -0.000005 -56.994040 -12.193188 
13.000000 -35.415966 -158.128989 -0.000006 -161.972486 -116.267135 
14.000000 -34.854323 -160.036510 -0.000005 -108.094378 66.252607 
15.000000 -34.465562 -164.578198 -0.000003 99.750590 -82.992991 
16.000000 -34.218724 -160.240568 -0.000004 99.077927 -93.267291 
17.000000 -34.080367 -156.911408 -0.000006 -110.042654 45.203045 
18.000000 -34.021060 -157.039714 -0.000006 -164.992025 -25.794859 
19.000000 -34.020559 -160.459415 -0.000004 -60.759396 52.238107 
20.000000 -34.069624 -164.318310 -0.000003 -150.231295 -88.980434 
21.000000 -34.168014 -159.921090 -0.000004 -64.574448 -53.340358 
22.000000 -34.320210 -157.097397 -0.000006 -153.667853 -167.546362 
23.000000 -34.531147 -156.604380 -0.000007 -46.540613 -76.580402 
24.000000 -34.803447 -157.749306 -0.000006 -91.779918 -136.248359 
25.000000 -35.136393 -160.007008 -0.000005 82.115207 21.431329 
26.000000 -35.526138 -162.343105 -0.000004 126.447017 44.947784 
27.000000 -35.966500 -163.222711 -0.000004 52.101777 -55.616997 
28.000000 -36.449895 -162.998428 -0.000004 -130.602339 95.103016 
29.000000 -36.968144 -163.001839 -0.000004 -52.010875 153.120185 
30.000000 -37.513097 -163.685854 -0.000004 -63.182753 128.112515 
31.000000 -38.077039 -165.009545 -0.000004 -155.904557 26.621854 
32.000000 -45.363712 -158.562066 -0.000019 -100.383357 9.893843 
33.000000 -45.135058 -157.742612 -0.000020 74.953341 -179.954957 
34.000000 -44.957176 -157.848851 -0.000020 170.658975 -88.816792 
35.000000 -44.799333 -159.250961 -0.000016 178.097159 -83.208843 
36.000000 -44.589875 -162.908520 -0.000011 87.759950 -108.457259 
37.000000 -44.208148 -169.689880 -0.000005 -110.747053 138.837527 
38.000000 -43.517536 -163.055641 -0.000009 -68.678759 179.476545 
39.000000 -42.454364 -157.845023 -0.000015 -158.069584 85.370394 
40.000000 -41.094124 -155.792302 -0.000016 -31.582343 -154.436436 
41.000000 -39.605787 -156.286978 -0.000013 -62.272810 165.341018 
42.000000 -38.155324 -160.332136 -0.000007 96.740135 -79.073993 
43.000000 -36.856018 -172.963676 -0.000001 72.700314 132.543734 
44.000000 -35.767857 -160.962119 -0.000005 -146.276150 -100.374321 
45.000000 -34.911642 -157.503326 -0.000006 149.362696 -169.689469 
46.000000 -34.281012 -158.976982 -0.000005 -128.826439 39.713027 
47.000000 -33.850729 -164.067305 -0.000003 93.229364 -88.480474 
48.000000 -33.583913 -159.465083 -0.000004 92.506334 -99.232065 
49.000000 -33.440265 -156.087686 -0.000006 -130.909757 24.382386 
50.000000 -33.384930 -156.667606 -0.000006 146.169852 -75.864420 
51.000000 -33.395238 -161.130073 -0.000004 -150.181168 -44.120723 
52.000000 -33.462416 -163.061254 -0.000003 68.600118 111.103800 
53.000000 -33.588015 -157.995751 -0.000005 93.050111 92.557922 
54.000000 -33.777847 -156.022468 -0.000007 -64.890617 -86.074828 
55.000000 -34.036746 -156.373652 -0.000007 -32.438196 -68.972694 
56.000000 -34.365795 -158.343666 -0.000005 -156.470459 151.006921 
57.000000 -34.761813 -161.068222 -0.000004 -63.947114 -137.039898 
58.000000 -35.218159 -162.650685 -0.000004 -102.233671 157.038088 
59.000000 -35.725982 -162.502923 -0.000004 100.668673 -29.911074 
60.000000 -36.275407 -162.337919 -0.000004 -164.023627 42.375342 
61.000000 -36.856451 -162.944481 -0.000004 -165.954941 25.563016 
62.000000 -37.459643 -164.322665 -0.000004 104.343412 -73.272006 
63.000000 -38.076389 -166.131952 -0.000003 -64.535215 113.275128 
64.000000 -45.087568 -159.772420 -0.000016 -98.896869 18.665748 
65.000000 -44.776723 -157.984448 -0.000019 155.866347 -91.720625 
66.000000 -44.530851 -157.073932 -0.000020 -25.942006 81.313268 
67.000000 -44.341857 -157.233709 -0.000020 66.696137 169.762720 
68.000000 -44.168600 -158.945363 -0.000016 63.771146 167.900751 
69.000000 -43.913775 -163.555615 -0.000009 -45.808699 178.494434 
70.000000 -43.418971 -168.216569 -0.000005 85.770154 -24.603947 
71.000000 -42.530527 -159.924978 -0.000012 85.275214 -27.641468 
72.000000 -41.229253 -155.914484 -0.000016 -61.440113 -179.754398 
73.000000 -39.670537 -155.022772 -0.000015 -9.198569 -135.094177 
74.000000 -38.072277 -157.410911 -0.000009 -133.135125 85.102497 
75.000000 -36.604357 -167.263368 -0.000003 -88.196442 -16.262309 
76.000000 -35.362620 -162.343787 -0.000004 111.489212 159.365036 
77.000000 -34.384960 -156.969483 -0.000006 93.338332 132.015856 
78.000000 -33.669933 -157.839918 -0.000005 -152.929013 -5.358793 
79.000000 -33.189488 -163.474953 -0.000003 85.411689 -94.758447 
80.000000 -32.899290 -158.617516 -0.000004 84.630377 -106.226280 
81.000000 -32.750201 -155.221676 -0.000007 -155.165828 0.353130 
82.000000 -32.700591 -156.406121 -0.000006 89.958238 -133.503824 
83.000000 -32.725213 -162.186493 -0.000003 107.457669 -157.231957 
84.000000 -32.816371 -160.788607 -0.000003 -92.244893 -68.993524 
85.000000 -32.977853 -156.237673 -0.000006 -136.465404 -146.649376 
86.000000 -33.216515 -155.268710 -0.000007 -11.017034 -38.979046 
87.000000 -33.536150 -156.609018 -0.000006 -60.932333 -104.819723 
88.000000 -33.935105 -159.430804 -0.000005 88.913341 25.180418 
89.000000 -34.406640 -161.882458 -0.000004 93.309235 1.158059 
90.000000 -34.940512 -162.025389 -0.000004 -33.646474 -159.522788 
91.000000 -35.524712 -161.651889 -0.000004 81.222818 -70.911452 
92.000000 -36.146857 -162.137309 -0.000004 90.045526 -78.258764 
93.000000 -36.795151 -163.563634 -0.000004 3.855006 -173.999704 
94.000000 -37.458931 -165.547976 -0.000003 -167.400394 10.082227 
95.000000 -38.128938 -167.069891 -0.000003 -54.809613 125.403104 
96.000000 -44.892220 -162.286006 -0.000012 171.157643 -65.024984 
97.000000 -44.487740 -159.408933 -0.000016 147.318712 -92.780983 
98.000000 -44.147498 -157.373491 -0.000019 50.747392 165.626273 
99.000000 -43.881654 -156.351967 -0.000021 -127.806727 -17.959352 
100.000000 -43.679729 -156.582866 -0.000020 -38.785188 67.570453 
101.000000 -43.485231 -158.709353 -0.000015 -53.926682 59.794213 
102.000000 -43.163212 -164.633432 -0.000007 173.663953 53.112675 
103.000000 -42.506494 -164.435333 -0.000007 -90.489201 158.973339 
104.000000 -41.360839 -157.099637 -0.000014 -142.142910 103.717692 
105.000000 -39.793068 -154.372093 -0.000016 1.885279 -118.655358 
106.000000 -38.053884 -155.117217 -0.000012 -35.898277 -166.617656 
107.000000 -36.392762 -161.389656 -0.000005 86.912908 -125.090345 
108.000000 -34.964430 -165.298079 -0.000003 -6.601129 44.615775 
109.000000 -33.836214 -156.603657 -0.000006 28.252203 66.247150 
110.000000 -33.016332 -156.628542 -0.000006 178.801299 -123.247964 
111.000000 -32.474339 -162.757462 -0.000003 75.987520 -101.778620 
112.000000 -32.156434 -157.683005 -0.000005 75.138050 -114.451453 
113.000000 -32.001888 -154.316053 -0.000007 176.389007 -27.614565 
114.000000 -31.960537 -156.333329 -0.000005 24.672402 159.428429 
115.000000 -32.004531 -163.398918 -0.000002 -10.730048 66.823086 
116.000000 -32.128101 -158.138405 -0.000004 83.024738 89.920806 
117.000000 -32.337578 -154.766310 -0.000007 -38.642462 -56.895527 
118.000000 -32.640043 -154.973370 -0.000007 1.244698 -33.619341 
119.000000 -33.036684 -157.475697 -0.000005 -139.714411 166.655807 
120.000000 -33.521448 -160.744923 -0.000004 -84.061022 -165.779620 
121.000000 -34.082717 -161.565865 -0.000004 -175.041461 65.267296 
122.000000 -34.705808 -160.955547 -0.000004 -36.979707 172.641632 
123.000000 -35.375153 -161.254907 -0.000004 -15.487035 176.327916 
124.000000 -36.075810 -162.716558 -0.000004 -97.546161 84.237650 
125.000000 -36.794330 -164.909100 -0.000003 88.493448 -94.520281 
126.000000 -37.519162 -166.566008 -0.000003 -167.022161 13.291694 
127.000000 -38.240745 -166.312564 -0.000003 -134.955739 106.442196 
128.000000 -44.788536 -165.119614 -0.000008 -19.169254 105.070804 
129.000000 -44.291866 -162.345949 -0.000011 39.700531 165.288911 
130.000000 -43.844699 -159.072862 -0.000015 30.532572 153.014918 
131.000000 -43.469524 -156.727319 -0.000019 -56.077259 61.675851 
132.000000 -43.180253 -155.568020 -0.000021 129.109222 -117.888720 
133.000000 -42.962918 -155.895350 -0.000020 -146.194848 -35.448023 
134.000000 -42.737620 -158.596008 -0.000014 -175.947392 -42.655691 
135.000000 -42.313187 -166.033107 -0.000006 24.135025 -90.714099 
136.000000 -41.424255 -160.285658 -0.000010 76.592147 -34.284536 
137.000000 -39.956220 -154.630422 -0.000016 -37.611573 -153.282054 
138.000000 -38.114234 -153.472974 -0.000015 21.290837 -102.457601 
139.000000 -36.240107 -157.082621 -0.000008 -127.490603 89.897230 
140.000000 -34.584613 -171.691127 -0.000001 -144.367387 -86.583663 
141.000000 -33.267170 -156.546248 -0.000006 -48.159746 -9.539052 
142.000000 -32.314710 -155.353181 -0.000006 145.296912 171.544501 
143.000000 -31.695831 -161.848372 -0.000003 64.539629 -109.205412 
144.000000 -31.344616 -156.641957 -0.000005 63.609492 -124.166361 
145.000000 -31.184853 -153.379083 -0.000007 142.682981 -60.496867 
146.000000 -31.155527 -156.592662 -0.000005 -51.947122 80.305873 
147.000000 -31.226408 -163.164879 -0.000002 -148.536461 -98.234385 
148.000000 -31.394731 -155.601399 -0.000005 -131.042276 -136.534338 
149.000000 -31.669231 -153.723720 -0.000007 19.480668 -5.891348 
150.000000 -32.055461 -155.354453 -0.000006 -36.511081 -79.636170 
151.000000 -32.549564 -159.047992 -0.000004 81.747435 12.316023 
152.000000 -33.138918 -161.085638 -0.000003 34.409391 -76.813736 
153.000000 -33.805555 -160.272275 -0.000004 -159.605415 52.216195 
154.000000 -34.529609 -160.287027 -0.000004 -122.968844 68.888109 
155.000000 -35.291789 -161.760732 -0.000004 159.902354 -18.830155 
156.000000 -36.074801 -164.204103 -0.000003 -17.162580 159.100960 
157.000000 -36.863985 -166.023753 -0.000003 77.993950 -101.839397 
158.000000 -37.647438 -165.513850 -0.000004 95.991448 4.265417 
159.000000 -38.415865 -164.060408 -0.000005 46.067759 2.059164 
160.000000 -44.770482 -163.030308 -0.000011 40.686855 140.046307 
161.000000 -44.198840 -164.628722 -0.000008 -177.293440 -55.560171 
162.000000 -43.649772 -162.503006 -0.000010 -97.732225 29.276523 
163.000000 -43.151852 -158.787716 -0.000014 -90.018439 35.288529 
164.000000 -42.734655 -156.045225 -0.000019 -165.064527 -43.926023 
165.000000 -42.417549 -154.711238 -0.000021 24.461951 141.371309 
166.000000 -42.181227 -155.172668 -0.000019 103.895492 -139.277751 
167.000000 -41.908718 -158.699893 -0.000013 56.364628 -131.202606 
168.000000 -41.324010 -165.836374 -0.000005 -137.318330 110.815469 
169.000000 -40.105960 -156.484207 -0.000013 -138.594684 109.956239 
170.000000 -38.258632 -152.661645 -0.000017 29.161564 -88.696507 
171.000000 -36.171025 -153.854911 -0.000011 -18.685014 -148.193890 
172.000000 -34.240888 -165.715101 -0.000002 53.070332 137.557235 
173.000000 -32.682284 -157.086887 -0.000005 -138.972386 -98.242028 
174.000000 -31.558797 -154.037146 -0.000007 105.094175 124.515191 
175.000000 -30.841827 -160.656027 -0.000003 50.493053 -115.794782 
176.000000 -30.449878 -155.468371 -0.000005 49.466123 -135.715287 
177.000000 -30.285624 -152.430190 -0.000007 102.247696 -99.636977 
178.000000 -30.274121 -157.475893 -0.000004 -142.964275 -14.922562 
179.000000 -30.383393 -159.948334 -0.000003 48.968457 70.313271 
180.000000 -30.614833 -153.445445 -0.000006 -21.609889 -36.291574 
181.000000 -30.978353 -153.336543 -0.000007 28.830975 -3.725168 
182.000000 -31.474712 -156.738284 -0.000005 -134.900870 169.270228 
183.000000 -32.091456 -160.419147 -0.000003 -128.258741 132.485404 
184.000000 -32.806760 -159.647088 -0.000004 71.968108 -73.272338 
185.000000 -33.594881 -159.223525 -0.000005 127.018519 -41.186441 
186.000000 -34.430363 -160.669019 -0.000004 55.872822 -123.574714 
187.000000 -35.290456 -163.419067 -0.000003 -124.788985 50.439788 
188.000000 -36.156167 -165.435328 -0.000003 -40.476977 139.073093 
189.000000 -37.012444 -164.583505 -0.000004 -38.699392 -101.396486 
190.000000 -37.847894 -162.961186 -0.000005 -108.737137 -147.051555 
191.000000 -38.654312 -161.909337 -0.000006 118.585446 80.883432 
192.000000 -44.805255 -159.335168 -0.000016 -19.135636 36.658766 
193.000000 -44.193643 -161.100112 -0.000012 -154.566432 -71.023524 
194.000000 -43.569168 -163.459485 -0.000009 13.956837 129.651033 
195.000000 -42.959623 -162.714683 -0.000009 117.293804 -115.121954 
196.000000 -42.400932 -158.592481 -0.000013 144.622709 -87.050060 
197.000000 -41.932510 -155.329201 -0.000019 83.150578 -151.678731 
198.000000 -41.581837 -153.767884 -0.000021 -82.235029 39.605910 
199.000000 -41.320976 -154.421888 -0.000019 -9.336076 116.235060 
200.000000 -40.971679 -159.191496 -0.000011 -78.954233 133.222095 
201.000000 -40.130982 -161.624841 -0.000007 44.974590 -65.019372 
202.000000 -38.462363 -153.166014 -0.000016 -24.444099 -136.915852 
203.000000 -36.213591 -151.588332 -0.000015 43.568745 -78.066753 
204.000000 -33.960718 -157.747940 -0.000006 -141.293510 69.420824 
205.000000 -32.090907 -158.957591 -0.000004 111.536856 156.887727 
206.000000 -30.741681 -152.728746 -0.000007 56.132540 73.682635 
207.000000 -29.896402 -159.074516 -0.000003 33.033043 -117.249224 
208.000000 -29.453624 -154.127917 -0.000005 31.888133 -149.587314 
209.000000 -29.286533 -151.511797 -0.000007 53.017869 -146.952518 
210.000000 -29.302134 -159.669136 -0.000003 107.367648 -133.863077 
211.000000 -29.467964 -155.809272 -0.000004 -145.128772 -143.642013 
212.000000 -29.790188 -151.906342 -0.000007 41.759451 19.811500 
213.000000 -30.276441 -154.026940 -0.000006 -22.420513 -64.403738 
214.000000 -30.917119 -159.117540 -0.000003 52.569206 -29.912315 
215.000000 -31.686381 -159.165425 -0.000004 -64.271766 154.778355 
216.000000 -32.550387 -158.056770 -0.000005 13.637132 -154.773269 
217.000000 -33.474665 -159.405738 -0.000004 -50.099871 129.478865 
218.000000 -34.428467 -162.537225 -0.000003 125.026789 -61.224159 
219.000000 -35.386589 -164.785355 -0.000003 -163.419369 14.489311 
220.000000 -36.329639 -163.474584 -0.000004 179.464550 138.303807 
221.000000 -37.243525 -161.720966 -0.000005 86.257118 53.217919 
222.000000 -38.118637 -160.783761 -0.000006 -72.450831 -106.932171 
223.000000 -38.948991 -160.518363 -0.000007 72.254456 35.209159 
224.000000 -44.825090 -157.281995 -0.000021 151.073444 -159.914706 
225.000000 -44.222901 -157.714141 -0.000018 96.425101 149.418103 
226.000000 -43.572227 -159.034577 -0.000015 -7.162440 62.718960 
227.000000 -42.891732 -161.521629 -0.000010 -168.291832 -63.934212 
228.000000 -42.213087 -162.748663 -0.000008 -37.381243 88.931172 
229.000000 -41.581293 -158.552076 -0.000012 12.992768 144.379173 
230.000000 -41.049553 -154.587172 -0.000018 -32.340700 97.687497 
231.000000 -40.657690 -152.720330 -0.000022 168.306824 -63.511908 
232.000000 -40.362876 -153.662632 -0.000019 -127.115094 11.365739 
233.000000 -39.880724 -160.316226 -0.000008 135.112095 7.933893 
234.000000 -38.628550 -156.300750 -0.000011 -155.673067 95.575313 
235.000000 -36.386181 -150.523322 -0.000017 45.939058 -68.675408 
236.000000 -33.785538 -152.623725 -0.000010 -17.270063 -147.735954 
237.000000 -31.511372 -165.029877 -0.000002 -22.749856 35.272700 
238.000000 -29.856344 -151.528115 -0.000007 -4.580891 13.548214 
239.000000 -28.838115 -157.014959 -0.000003 10.966102 -103.083804 
240.000000 -28.330347 -152.576587 -0.000005 9.674790 -166.561638 
241.000000 -28.163902 -150.716473 -0.000006 -8.002260 154.682043 
242.000000 -28.222165 -164.485704 -0.000001 -27.016659 61.894257 
243.000000 -28.474076 -152.239616 -0.000006 -20.463827 -30.447808 
244.000000 -28.929077 -151.388837 -0.000007 46.091529 17.153838 
245.000000 -29.584828 -156.573060 -0.000004 -149.864380 148.836754 
246.000000 -30.412679 -158.980085 -0.000003 148.616442 14.809379 
247.000000 -31.367663 -156.787663 -0.000005 -104.365533 86.812827 
248.000000 -32.401679 -157.924061 -0.000005 -158.698512 19.564201 
249.000000 -33.471774 -161.539595 -0.000003 11.438605 -176.955430 
250.000000 -34.543516 -164.034893 -0.000003 67.774994 -118.882687 
251.000000 -35.591401 -162.114923 -0.000004 28.390314 1.122575 
252.000000 -36.597856 -160.309224 -0.000006 -91.762921 -119.802998 
253.000000 -37.551788 -159.570957 -0.000007 79.652855 48.571872 
254.000000 -38.447124 -159.559650 -0.000008 -167.179821 158.435149 
255.000000 -39.281524 -159.979863 -0.000008 -103.840009 -141.599355 
256.000000 -44.734561 -157.022844 -0.000021 -179.390901 -124.466832 
257.000000 -44.189027 -156.373621 -0.000021 -156.310402 -102.834789 
258.000000 -43.573720 -156.260195 -0.000020 -174.581025 -120.123330 
259.000000 -42.890373 -156.980357 -0.000017 118.050646 -179.043986 
260.000000 -42.154009 -159.032224 -0.000012 -8.049563 81.064333 
261.000000 -41.398308 -161.953607 -0.000008 155.175656 -83.538666 
262.000000 -40.678666 -158.768127 -0.000011 -127.026620 7.031001 
263.000000 -40.067600 -153.840250 -0.000018 -152.885412 -16.944390 
264.000000 -39.624161 -151.545576 -0.000022 55.004233 -168.551006 
265.000000 -39.277634 -152.944265 -0.000018 108.647635 -94.266893 
266.000000 -38.551163 -161.403266 -0.000006 -26.198197 -142.204415 
267.000000 -36.652317 -151.531532 -0.000016 -30.135014 -138.405425 
268.000000 -33.772597 -149.221483 -0.000015 51.034477 -69.177505 
269.000000 -30.978622 -163.412813 -0.000002 169.128942 -25.911707 
270.000000 -28.897226 -150.655086 -0.000007 -81.558517 -59.937102 
271.000000 -27.637223 -154.444800 -0.000004 -17.527675 -88.013264 
272.000000 -27.043839 -150.762460 -0.000006 -19.004354 171.910443 
273.000000 -26.885295 -150.256376 -0.000006 -85.320494 80.675914 
274.000000 -27.013626 -160.122928 -0.000002 164.960960 -171.362929 
275.000000 -27.400844 -149.725458 -0.000007 49.207411 32.409737 
276.000000 -28.052210 -152.866266 -0.000005 -26.511038 -66.271064 
277.000000 -28.940473 -159.240706 -0.000003 -14.245691 -133.617209 
278.000000 -30.005858 -155.440982 -0.000005 131.051828 -38.493182 
279.000000 -31.178861 -156.163099 -0.000005 89.032529 -94.481471 
280.000000 -32.396971 -160.407529 -0.000003 -106.817931 61.595186 
281.000000 -33.611456 -163.073138 -0.000003 -68.926837 84.401531 
282.000000 -34.787969 -160.399330 -0.000005 -134.913416 -152.849548 
283.000000 -35.904527 -158.690269 -0.000006 73.263722 50.064874 
284.000000 -36.948782 -158.269799 -0.000007 -149.880169 -177.319899 
285.000000 -37.915441 -158.599982 -0.000008 -72.651048 -104.064863 
286.000000 -38.804122 -159.325257 -0.000008 -45.595019 -80.952227 
287.000000 -39.617666 -160.213553 -0.000008 -61.032480 -100.498743 
288.000000 -44.450090 -158.759212 -0.000017 58.490906 120.489425 
289.000000 -43.977220 -157.181335 -0.000019 154.822760 -144.351707 
290.000000 -43.439528 -155.913412 -0.000021 -142.407427 -82.903647 
291.000000 -42.823046 -155.124867 -0.000021 -119.797267 -60.678826 
292.000000 -42.119264 -155.090101 -0.000020 -145.764662 -83.267432 
293.000000 -41.333636 -156.327769 -0.000015 128.908080 -153.988492 
294.000000 -40.496473 -159.600030 -0.000010 -29.546321 80.569396 
295.000000 -39.672688 -159.328966 -0.000009 81.377508 -143.396912 
296.000000 -38.961222 -153.140015 -0.000017 79.431737 -137.382531 
297.000000 -38.451652 -150.213050 -0.000022 -63.876831 83.327381 
298.000000 -38.015480 -152.393048 -0.000017 -25.198669 155.347837 
299.000000 -36.816117 -157.304201 -0.000008 149.030055 40.902532 
300.000000 -33.977079 -147.739023 -0.000018 42.733225 -67.286119 
301.000000 -30.558085 -152.112410 -0.000007 -46.700647 171.608773 
302.000000 -27.864437 -150.658467 -0.000006 178.081143 -149.324204 
303.000000 -26.250916 -151.407315 -0.000005 -55.364234 -103.678792 
304.000000 -25.540464 -148.637495 -0.000006 -57.080719 142.765315 
305.000000 -25.405340 -150.671242 -0.000005 173.973516 -16.905564 
306.000000 -25.654654 -151.900723 -0.000004 -50.301668 -51.375507 
307.000000 -26.260709 -149.038346 -0.000006 43.734396 21.843524 
308.000000 -27.202929 -158.751935 -0.000002 158.872663 74.702783 
309.000000 -28.403577 -154.107687 -0.000005 -3.352038 -174.140250 
310.000000 -29.758099 -154.045492 -0.000005 -28.587841 145.491808 
311.000000 -31.170695 -159.129042 -0.000003 128.280744 -68.301794 
312.000000 -32.569243 -161.598990 -0.000003 143.386456 -167.927075 
313.000000 -33.906280 -158.200384 -0.000005 45.129409 34.004872 
314.000000 -35.154544 -156.838216 -0.000007 -144.343524 -162.763507 
315.000000 -36.301525 -156.904185 -0.000008 -47.779494 -71.271895 
316.000000 -37.344696 -157.694726 -0.000008 -11.694916 -39.764769 
317.000000 -38.287802 -158.795657 -0.000008 -25.491310 -58.175935 
318.000000 -39.138168 -159.938662 -0.000008 -80.778041 -118.567855 
319.000000 -39.904821 -160.959053 -0.000008 -170.859799 145.007188 
320.000000 -43.957464 -162.786353 -0.000010 133.740537 -163.907264 
321.000000 -43.526455 -160.644235 -0.000012 -62.697709 2.320757 
322.000000 -43.053507 -158.371857 -0.000015 74.963603 141.243259 
323.000000 -42.522646 -156.279897 -0.000018 -178.544758 -112.043893 
324.000000 -41.913683 -154.597620 -0.000020 -110.051148 -43.721222 
325.000000 -41.205743 -153.588216 -0.000021 -88.558990 -21.266221 
326.000000 -40.387063 -153.716332 -0.000019 -126.056615 -52.621666 
327.000000 -39.473243 -156.000580 -0.000013 121.523766 -143.509882 
328.000000 -38.531111 -159.679481 -0.000008 -86.827517 45.211378 
329.000000 -37.692645 -152.613329 -0.000016 -58.795744 93.232465 
330.000000 -37.095882 -148.680989 -0.000023 168.705125 -30.542077 
331.000000 -36.476776 -152.363127 -0.000014 -174.239757 30.383296 
332.000000 -34.345840 -150.070911 -0.000014 -74.087479 -175.429954 
333.000000 -30.366611 -146.236377 -0.000014 27.475699 -94.891475 
334.000000 -26.774956 -153.316956 -0.000004 42.462062 122.214923 
335.000000 -24.614800 -148.023389 -0.000006 -107.517144 -144.535347 
336.000000 -23.736518 -146.197439 -0.000007 -109.549930 99.473261 
337.000000 -23.659870 -153.490138 -0.000003 38.110592 -153.432039 
338.000000 -24.129819 -147.003428 -0.000006 25.588855 19.622651 
339.000000 -25.096687 -153.264658 -0.000003 -67.190145 -99.702025 
340.000000 -26.462945 -153.077803 -0.000004 -153.347135 33.579266 
341.000000 -28.064067 -151.478503 -0.000006 -154.447747 16.360581 
342.000000 -29.742950 -157.709035 -0.000003 -6.534311 148.420803 
343.000000 -31.386563 -159.007512 -0.000004 -20.210365 3.297222 
344.000000 -32.927543 -155.429750 -0.000007 -158.298991 -164.072370 
345.000000 -34.333458 -154.783643 -0.000008 -33.068021 -46.699153 
346.000000 -35.595061 -155.574823 -0.000009 16.189047 -2.981499 
347.000000 -36.716959 -156.986500 -0.000008 5.033503 -19.265829 
348.000000 -37.711061 -158.529044 -0.000008 -54.729434 -84.612301 
349.000000 -38.592301 -159.881842 -0.000007 -154.046763 168.743256 
350.000000 -39.376062 -160.899250 -0.000007 74.102601 23.789314 
351.000000 -40.076769 -161.601993 -0.000007 -84.774751 -174.961099 
352.000000 -43.329758 -163.998379 -0.000008 35.730154 64.935754 
353.000000 -42.886132 -164.405627 -0.000007 -101.118022 -56.181432 
354.000000 -42.417914 -163.784865 -0.000007 103.335426 161.071637 
355.000000 -41.917242 -161.514464 -0.000009 -74.829304 -8.015217 
356.000000 -41.371306 -158.382935 -0.000012 79.288248 151.770932 
357.000000 -40.760115 -155.359277 -0.000016 -161.109434 -85.708264 
358.000000 -40.055451 -152.941772 -0.000020 -85.338481 -8.794194 
359.000000 -39.225760 -151.559695 -0.000021 -66.457403 11.564063 
360.000000 -38.256352 -152.087181 -0.000018 -122.853341 -36.928328 
361.000000 -37.193797 -156.777406 -0.000009 79.897106 -161.082374 
362.000000 -36.199729 -152.586710 -0.000013 146.456124 -51.046819 
363.000000 -35.483892 -146.889218 -0.000023 27.258930 -156.351000 
364.000000 -34.415278 -153.958619 -0.000009 10.604932 -119.481146 
365.000000 -30.569829 -144.148978 -0.000018 -6.118824 -103.958006 
366.000000 -25.692753 -156.200352 -0.000003 -149.677960 1.881010 
367.000000 -22.626675 -144.537503 -0.000007 176.811563 150.038896 
368.000000 -21.492605 -143.602115 -0.000007 174.360015 29.066973 
369.000000 -21.560094 -152.593528 -0.000002 -153.795491 -12.217268 
370.000000 -22.454315 -146.215914 -0.000006 -3.298804 -7.476990 
371.000000 -24.015502 -153.327854 -0.000003 29.738668 -149.076553 
372.000000 -25.969445 -148.371036 -0.000007 66.044879 -127.561983 
373.000000 -28.033631 -156.152414 -0.000003 -157.078674 -18.262878 
374.000000 -30.016778 -154.794869 -0.000005 151.936274 169.800243 
375.000000 -31.821317 -152.168760 -0.000008 -36.248905 -37.616699 
376.000000 -33.414123 -152.729163 -0.000009 33.881976 25.091553 
377.000000 -34.798740 -154.590045 -0.000009 27.356651 12.950367 
378.000000 -35.996206 -156.816742 -0.000008 -37.967695 -58.106772 
379.000000 -37.033543 -158.743859 -0.000007 -149.150193 -177.345230 
380.000000 -37.937628 -160.012692 -0.000007 63.343371 11.638307 
381.000000 -38.732408 -160.702524 -0.000007 -113.347032 80.807317 
382.000000 -39.438011 -161.090197 -0.000007 46.209538 -144.239763 
383.000000 -40.070814 -161.378705 -0.000007 -173.795209 -11.557417 
384.000000 -42.681697 -160.323034 -0.000011 114.566568 89.863917 
385.000000 -42.185139 -160.401812 -0.000011 28.023462 9.002264 
386.000000 -41.664703 -160.842125 -0.000010 -70.801218 -81.205898 
387.000000 -41.117684 -161.842743 -0.000008 175.430418 179.640250 
388.000000 -40.539969 -163.482670 -0.000006 43.245304 73.001569 
389.000000 -39.924642 -163.866429 -0.000006 -111.983059 -50.216604 
390.000000 -39.259369 -159.622066 -0.000008 63.404255 145.975169 
391.000000 -38.522100 -154.514243 -0.000014 -159.634188 -69.330216 
392.000000 -37.676676 -150.641023 -0.000020 -74.596651 15.865830 
393.000000 -36.678527 -148.644599 -0.000022 -62.208440 26.401448 
394.000000 -35.521371 -150.483151 -0.000016 -153.911952 -54.781601 
395.000000 -34.358903 -153.761800 -0.000009 -36.366242 137.240343 
396.000000 -33.469173 -144.739954 -0.000024 -139.668251 52.342721 
397.000000 -31.101469 -152.997947 -0.000007 144.775988 66.728877 
398.000000 -24.807286 -143.594305 -0.000010 -80.036118 108.053888 
399.000000 -20.113692 -141.502985 -0.000007 58.622644 55.827483 
400.000000 -18.557574 -141.552528 -0.000006 55.656171 -95.736334 
401.000000 -19.000096 -142.959203 -0.000006 -82.003892 -38.214906 
402.000000 -20.740358 -154.478429 -0.000002 160.379115 -160.419842 
403.000000 -23.234905 -144.728098 -0.000007 -98.519252 62.328017 
404.000000 -25.901588 -154.092486 -0.000003 25.238947 130.583069 
405.000000 -28.379476 -149.367449 -0.000008 -75.474929 -60.431001 
406.000000 -30.528955 -148.884916 -0.000010 32.207221 34.454839 
407.000000 -32.337380 -151.353609 -0.000010 34.883023 30.958947 
408.000000 -33.846076 -154.812559 -0.000008 -37.213429 -46.388660 
409.000000 -35.110500 -157.780394 -0.000006 -163.992621 178.943057 
410.000000 -36.182654 -159.192468 -0.000006 28.249961 -139.419553 
411.000000 -37.105351 -159.529902 -0.000007 -170.892632 -0.997529 
412.000000 -37.911800 -159.635690 -0.000007 -34.541854 130.452783 
413.000000 -38.627069 -159.817748 -0.000008 82.343830 -116.029936 
414.000000 -39.269903 -160.110997 -0.000008 -176.466566 -17.649298 
415.000000 -39.854333 -160.486528 -0.000008 -88.104742 68.228499 
416.000000 -42.110854 -159.144408 -0.000012 1.516490 -31.889987 
417.000000 -41.550441 -158.359021 -0.000013 -45.603034 -77.827666 
418.000000 -40.956454 -157.630246 -0.000013 -99.721933 -130.830429 
419.000000 -40.325344 -157.014520 -0.000013 -162.411370 167.457762 
420.000000 -39.653099 -156.614072 -0.000012 124.261594 94.888577 
421.000000 -38.935136 -156.628957 -0.000011 37.526717 8.677551 
422.000000 -38.166046 -157.502498 -0.000009 -66.411097 -94.440620 
423.000000 -37.338942 -160.409684 -0.000006 167.098454 146.819387 
424.000000 -36.443736 -164.218173 -0.000004 10.183778 118.680159 
425.000000 -35.463113 -153.922233 -0.000010 170.422785 -74.392386 
426.000000 -34.366533 -147.048139 -0.000020 -93.595631 10.287323 
427.000000 -33.122255 -144.424744 -0.000024 -99.931477 -7.667386 
428.000000 -31.824700 -151.359364 -0.000009 87.030682 -93.745285 
429.000000 -30.589335 -142.061306 -0.000023 -0.468282 -155.120468 
430.000000 -24.547902 -140.873724 -0.000013 159.471827 143.653688 
431.000000 -16.762738 -139.318053 -0.000006 -147.849395 -68.543832 
432.000000 -14.440413 -141.737324 -0.000004 -151.104626 8.870792 
433.000000 -15.945377 -142.418737 -0.000004 167.821264 176.212184 
434.000000 -19.335730 -141.202804 -0.000007 43.140195 -159.154650 
435.000000 -23.060174 -149.055998 -0.000004 154.728274 -147.878190 
436.000000 -26.308568 -144.063302 -0.000011 -13.605056 -1.564736 
437.000000 -28.913077 -147.130976 -0.000011 11.416547 16.044076 
438.000000 -30.962846 -153.032648 -0.000007 -67.682258 -67.334495 
439.000000 -32.595239 -157.661114 -0.000005 144.903746 87.101389 
440.000000 -33.926686 -157.597129 -0.000006 -49.329020 126.329275 
441.000000 -35.041640 -156.988175 -0.000007 83.133280 -104.522159 
442.000000 -35.998295 -156.987945 -0.000008 -168.855551 0.481202 
443.000000 -36.836377 -157.384606 -0.000008 -79.281963 87.178956 
444.000000 -37.583282 -157.981091 -0.000008 -3.932127 159.769225 
445.000000 -38.258261 -158.664879 -0.000008 60.227531 -138.708209 
446.000000 -38.875156 -159.375736 -0.000008 115.432829 -86.009949 
447.000000 -39.444154 -160.082509 -0.000008 163.365832 -40.449500 
448.000000 -41.669890 -161.184856 -0.000009 49.455521 18.727266 
449.000000 -41.056546 -159.973326 -0.000010 29.460568 -0.256823 
450.000000 -40.398906 -158.687144 -0.000011 6.248353 -22.522646 
451.000000 -39.690462 -157.326145 -0.000011 -20.925965 -48.896510 
452.000000 -38.923266 -155.895296 -0.000012 -53.052907 -80.494560 
453.000000 -38.087530 -154.409858 -0.000013 -91.476945 -118.859806 
454.000000 -37.171101 -152.905996 -0.000014 -138.065897 -166.188543 
455.000000 -36.158813 -151.464121 -0.000015 164.515583 134.267689 
456.000000 -35.031786 -150.265199 -0.000015 92.347467 57.393225 
457.000000 -33.766993 -149.744075 -0.000014 -0.558300 -45.961899 
458.000000 -32.338321 -150.991027 -0.000010 -123.881288 157.330755 
459.000000 -30.723755 -151.263998 -0.000008 64.724759 -143.279756 
460.000000 -28.938109 -141.887275 -0.000020 165.518242 -90.566454 
461.000000 -27.156139 -141.775849 -0.000016 85.660016 135.319223 
462.000000 -23.994326 -140.097756 -0.000014 -8.543770 -142.364595 
463.000000 -11.958080 -134.560020 -0.000006 139.809092 -62.807595 
464.000000 -8.198809 -136.337425 -0.000003 139.577717 -73.860535 
465.000000 -12.839939 -142.050363 -0.000003 34.678727 -123.561534 
466.000000 -18.790787 -141.594140 -0.000006 160.157976 179.286236 
467.000000 -23.373893 -143.228153 -0.000009 -95.868983 -92.168479 
468.000000 -26.615987 -154.793005 -0.000003 -172.448106 157.414899 
469.000000 -28.976723 -152.514503 -0.000006 15.804218 -153.766661 
470.000000 -30.788305 -151.089231 -0.000008 148.823992 -24.984764 
471.000000 -32.246759 -151.691628 -0.000009 -112.741319 70.488333 
472.000000 -33.466129 -152.933726 -0.000009 -37.282327 142.993800 
473.000000 -34.515168 -154.345273 -0.000009 22.184282 -160.621247 
474.000000 -35.437343 -155.743857 -0.000008 70.093920 -115.902005 
475.000000 -36.261467 -157.058487 -0.000008 109.391578 -79.854744 
476.000000 -37.007477 -158.266862 -0.000008 142.105871 -50.401257 
477.000000 -37.689693 -159.368527 -0.000007 169.677994 -26.057829 
478.000000 -38.318743 -160.372153 -0.000007 -166.840937 -5.739912 
479.000000 -38.902728 -161.289351 -0.000007 -146.666801 11.361077 
480.000000 -41.366693 -166.812011 -0.000005 -106.716826 -127.151306 
481.000000 -40.719353 -165.749925 -0.000005 -112.967334 -132.434667 
482.000000 -40.020662 -164.554434 -0.000005 -120.469524 -138.904087 
483.000000 -39.261928 -163.203232 -0.000006 -129.520982 -146.898120 
484.000000 -38.432091 -161.671001 -0.000006 -140.521290 -156.873831 
485.000000 -37.516807 -159.929584 -0.000007 -154.019563 -169.458042 
486.000000 -36.497042 -157.948607 -0.000007 -170.791100 174.470683 
487.000000 -35.346855 -155.697093 -0.000008 168.033898 153.644201 
488.000000 -34.029748 -153.147544 -0.000010 140.743580 126.160528 
489.000000 -32.492403 -150.286847 -0.000011 104.621629 89.024673 
490.000000 -30.653323 -147.147607 -0.000013 55.103258 37.223740 
491.000000 -28.381101 -143.907557 -0.000015 -16.052484 -38.296816 
492.000000 -25.450622 -141.255081 -0.000014 -125.117897 -155.480010 
493.000000 -21.451429 -141.975772 -0.000008 51.671587 7.981742 
494.000000 -15.511865 -138.546926 -0.000006 38.943323 118.115258 
495.000000 -3.829063 -142.904929 -0.000001 39.318366 -89.646733 
496.000000 0.000000 -144.340054 -0.000001 63.475048 25.218042 
497.000000 -11.021143 -135.106771 -0.000005 125.583207 55.334498 
498.000000 -18.468863 -140.275968 -0.000007 -174.563283 13.572340 
499.000000 -22.923661 -141.293098 -0.000010 26.846338 -138.279433 
500.000000 -25.927381 -144.805959 -0.000010 142.240184 -17.026614 
501.000000 -28.157565 -148.349659 -0.000008 -143.950015 60.750148 
502.000000 -29.923202 -151.444805 -0.000007 -93.173889 114.254603 
503.000000 -31.382958 -154.033916 -0.000006 -56.418802 152.967165 
504.000000 -32.627158 -156.174820 -0.000006 -28.806776 -177.921989 
505.000000 -33.711566 -157.953425 -0.000005 -7.477010 -155.313543 
506.000000 -34.672852 -159.451246 -0.000005 9.355389 -137.186402 
507.000000 -35.536365 -160.734578 -0.000005 22.860106 -122.034149 
508.000000 -36.320342 -161.853556 -0.000005 33.834881 -108.346133 
509.000000 -37.038335 -162.844887 -0.000004 42.842081 -93.247320 
510.000000 -37.700690 -163.735220 -0.000004 50.289333 -61.725016 
511.000000 -38.315484 -164.544013 -0.000004 56.479209 41.033513 
512.000000 -41.175494 -164.216261 -0.000006 -109.761021 39.994724 
513.000000 -40.510001 -163.217012 -0.000006 -116.258685 35.452921 
514.000000 -39.789697 -162.116411 -0.000007 -124.052008 29.642645 
515.000000 -39.004864 -160.898880 -0.000007 -133.451398 22.261450 
516.000000 -38.143000 -159.546317 -0.000007 -144.874715 12.900953 
517.000000 -37.187666 -158.037889 -0.000008 -158.897998 0.996727 
518.000000 -36.116681 -156.350068 -0.000008 -176.337791 -14.252819 
519.000000 -34.899206 -154.457315 -0.000009 161.609440 -34.023277 
520.000000 -33.490759 -152.334475 -0.000010 133.118909 -60.106685 
521.000000 -31.824282 -149.963807 -0.000011 95.266831 -95.367172 
522.000000 -29.792998 -147.355229 -0.000012 43.067941 -144.661354 
523.000000 -27.215009 -144.608279 -0.000012 -32.692373 143.130193 
524.000000 -23.753877 -142.128022 -0.000010 -150.996744 30.122610 
525.000000 -18.730728 -141.377567 -0.000006 2.653055 -163.859999 
526.000000 -10.789976 -136.360483 -0.000005 -66.985097 171.215100 
527.000000 -0.055051 -142.216743 -0.000001 -146.711982 106.901193 
528.000000 -3.008042 -141.320424 -0.000001 -130.374478 -130.904916 
529.000000 -12.669913 -135.969798 -0.000006 -28.828316 -33.555698 
530.000000 -18.385756 -140.140067 -0.000007 103.511272 -158.119581 
531.000000 -22.218093 -140.953286 -0.000010 -13.988139 38.518430 
532.000000 -25.031984 -143.760937 -0.000010 115.069554 146.347998 
533.000000 -27.227322 -146.637730 -0.000009 -164.661825 -145.930055 
534.000000 -29.015172 -149.262434 -0.000008 -110.088361 -99.610308 
535.000000 -30.517476 -151.601363 -0.000008 -70.804614 -66.118647 
536.000000 -31.809940 -153.678848 -0.000007 -41.371369 -40.952789 
537.000000 -32.942354 -155.529021 -0.000006 -18.658143 -21.504738 
538.000000 -33.949011 -157.184181 -0.000006 -0.733838 -6.153519 
539.000000 -34.854439 -158.672233 -0.000006 13.657756 6.162863 
540.000000 -35.676744 -160.016626 -0.000005 25.369097 16.169433 
541.000000 -36.429639 -161.236919 -0.000005 34.998993 24.377951 
542.000000 -37.123746 -162.349451 -0.000005 42.980372 31.159809 
543.000000 -37.767452 -163.367927 -0.000005 49.633970 36.790950 
544.000000 -41.050539 -159.737504 -0.000010 40.076791 -161.767059 
545.000000 -40.373582 -158.654834 -0.000011 19.274257 179.457814 
546.000000 -39.639389 -157.501067 -0.000011 -4.902325 157.395514 
547.000000 -38.837459 -156.278250 -0.000012 -33.248680 131.255456 
548.000000 -37.954175 -154.995465 -0.000012 -66.830558 99.976149 
549.000000 -36.971493 -153.675242 -0.000013 -107.108002 62.099685 
550.000000 -35.864893 -152.366655 -0.000013 -156.134565 15.569531 
551.000000 -34.600111 -151.174408 -0.000013 143.110623 -42.610350 
552.000000 -33.127763 -150.331431 -0.000012 66.143327 -116.987511 
553.000000 -31.374296 -150.410785 -0.000010 -34.093546 145.101835 
554.000000 -29.226764 -152.906081 -0.000006 -169.328537 9.547298 
555.000000 -26.508651 -150.807083 -0.000005 -0.416848 22.207928 
556.000000 -22.952352 -141.457602 -0.000010 72.309593 93.276542 
557.000000 -18.237210 -141.545833 -0.000006 -37.401146 8.027102 
558.000000 -12.498739 -141.028722 -0.000003 -172.874395 60.042478 
559.000000 -8.466481 -136.000538 -0.000004 -85.990343 129.147844 
560.000000 -12.107752 -137.473530 -0.000005 -84.220882 116.358833 
561.000000 -19.613983 -139.393612 -0.000009 -154.803985 19.899649 
562.000000 -22.218194 -141.160204 -0.000010 -7.326388 14.548826 
563.000000 -23.820645 -141.207385 -0.000012 119.028543 79.669290 
564.000000 -25.576826 -149.765429 -0.000005 70.368816 1.324935 
565.000000 -27.262763 -151.304153 -0.000005 -73.110619 -5.088753 
566.000000 -28.793231 -149.686975 -0.000008 81.019376 135.275279 
567.000000 -30.161802 -149.763443 -0.000009 -166.739905 -127.840434 
568.000000 -31.385094 -150.595337 -0.000010 -82.148931 -54.183415 
569.000000 -32.483723 -151.729156 -0.000009 -16.317623 3.545614 
570.000000 -33.476687 -152.969617 -0.000009 36.264355 49.855741 
571.000000 -34.380088 -154.227222 -0.000009 79.142392 87.709972 
572.000000 -35.207199 -155.459582 -0.000008 114.695482 119.134796 
573.000000 -35.968876 -156.646867 -0.000008 144.580156 145.561126 
574.000000 -36.674010 -157.780591 -0.000008 169.986398 168.026799 
575.000000 -37.329919 -158.858130 -0.000007 -168.208259 -172.697893 
576.000000 -40.940543 -158.526649 -0.000011 -14.917480 150.815132 
577.000000 -40.249032 -157.738383 -0.000012 -63.593805 104.689293 
578.000000 -39.496478 -156.989454 -0.000012 -119.607078 51.468132 
579.000000 -38.671153 -156.332637 -0.000011 175.351244 -10.450657 
580.000000 -37.757801 -155.860881 -0.000011 99.033504 -83.138987 
581.000000 -36.736256 -155.744727 -0.000010 8.390643 -169.230477 
582.000000 -35.579432 -156.307684 -0.000008 -100.812356 88.349918 
583.000000 -34.250478 -158.021837 -0.000006 125.380336 -29.042010 
584.000000 -32.698952 -158.448450 -0.000004 -41.932206 -89.645946 
585.000000 -30.856490 -151.889736 -0.000008 103.658502 97.507165 
586.000000 -28.634628 -146.067570 -0.000012 -179.481963 -174.353537 
587.000000 -25.934886 -143.976277 -0.000011 152.574773 167.659650 
588.000000 -22.703014 -149.695697 -0.000004 -43.256405 51.973291 
589.000000 -19.108796 -140.736101 -0.000007 -161.469104 51.398547 
590.000000 -15.941652 -142.602964 -0.000004 -47.972799 -20.590221 
591.000000 -14.831353 -141.881777 -0.000004 -22.628892 173.811368 
592.000000 -17.337411 -139.127274 -0.000007 -25.186808 131.264966 
593.000000 -22.514332 -140.309083 -0.000011 -42.333964 -42.157210 
594.000000 -27.062771 -138.884624 -0.000022 -143.223521 -5.966308 
595.000000 -28.007681 -151.267822 -0.000006 -15.773473 83.007613 
596.000000 -28.170331 -144.412007 -0.000013 -170.090901 167.133825 
597.000000 -28.776574 -145.838936 -0.000012 -130.046868 -177.118219 
598.000000 -29.649602 -150.955507 -0.000007 167.487162 101.337103 
599.000000 -30.613451 -156.383379 -0.000004 37.338033 -45.448923 
600.000000 -31.580802 -156.529930 -0.000005 -140.836339 147.513394 
601.000000 -32.513451 -155.149419 -0.000006 5.147913 51.057804 
602.000000 -33.396631 -154.576946 -0.000008 123.908489 163.097548 
603.000000 -34.226437 -154.606269 -0.000008 -138.127462 -107.258026 
604.000000 -35.003886 -154.980851 -0.000009 -56.196259 -32.559632 
605.000000 -35.732092 -155.549768 -0.000009 13.204032 30.766725 
606.000000 -36.414916 -156.226621 -0.000009 72.658347 85.116527 
607.000000 -37.056332 -156.960591 -0.000009 124.098255 132.229969 
608.000000 -40.802534 -159.560626 -0.000010 89.942159 -91.248920 
609.000000 -40.087747 -159.332115 -0.000009 0.816096 -175.010314 
610.000000 -39.306417 -159.313588 -0.000009 -101.195159 90.444014 
611.000000 -38.445603 -159.583221 -0.000008 141.031102 -15.240019 
612.000000 -37.488844 -160.092589 -0.000006 3.713556 -128.029000 
613.000000 -36.415157 -160.063089 -0.000006 -158.206967 119.927893 
614.000000 -35.197941 -157.729738 -0.000006 8.364554 -31.725063 
615.000000 -33.804120 -153.674803 -0.000009 133.793667 113.312426 
616.000000 -32.194461 -149.970739 -0.000011 -155.691785 -164.659664 
617.000000 -30.327388 -147.848030 -0.000012 -160.296335 -160.071859 
618.000000 -28.171608 -149.352991 -0.000008 89.543191 100.730470 
619.000000 -25.738358 -155.066869 -0.000003 -173.135974 2.881684 
620.000000 -23.149961 -144.245255 -0.000008 58.155989 -99.890939 
621.000000 -20.746953 -155.194117 -0.000002 -50.422607 -89.376682 
622.000000 -19.137749 -143.138922 -0.000005 56.413195 148.047084 
623.000000 -18.994973 -141.513119 -0.000006 -178.359644 64.364865 
624.000000 -20.806802 -141.984310 -0.000008 178.799040 -160.079940 
625.000000 -24.192628 -142.593045 -0.000010 55.297703 -63.767713 
626.000000 -28.112543 -153.258779 -0.000005 -41.233102 -42.749141 
627.000000 -31.303891 -142.861334 -0.000023 76.763637 -144.184507 
628.000000 -31.900710 -151.799215 -0.000009 -147.021909 -30.731210 
629.000000 -31.603115 -151.133588 -0.000009 123.018704 110.402622 
630.000000 -31.611496 -148.138184 -0.000013 -118.679406 -161.204113 
631.000000 -31.950000 -149.795987 -0.000011 -104.853262 -163.255207 
632.000000 -32.483040 -153.476217 -0.000008 -165.151981 122.156243 
633.000000 -33.112704 -158.147383 -0.000005 80.210277 -6.115601 
634.000000 -33.781433 -161.036636 -0.000004 -75.641166 -173.998088 
635.000000 -34.457054 -160.219423 -0.000004 96.282760 -5.239348 
636.000000 -35.122042 -158.875514 -0.000006 -117.538844 -75.739615 
637.000000 -35.767209 -158.088913 -0.000007 7.807607 47.048870 
638.000000 -36.388104 -157.772116 -0.000007 116.162638 148.628747 
639.000000 -36.982981 -157.767188 -0.000008 -149.438936 -123.388133 
640.000000 -40.611862 -161.590222 -0.000008 1.480548 -141.591799 
641.000000 -39.865837 -161.502003 -0.000007 -139.272431 100.239897 
642.000000 -39.048025 -161.117447 -0.000007 60.356527 -30.235739 
643.000000 -38.145453 -159.986023 -0.000007 -123.836277 173.298051 
644.000000 -37.142525 -157.901942 -0.000008 22.700928 -20.617218 
645.000000 -36.020911 -155.284929 -0.000009 132.802584 102.895680 
646.000000 -34.759978 -152.796219 -0.000011 -163.104270 177.114845 
647.000000 -33.338477 -151.056303 -0.000011 -158.020407 -169.081082 
648.000000 -31.738756 -150.946403 -0.000010 130.102745 128.102984 
649.000000 -29.955780 -154.950777 -0.000005 -43.912516 -29.031983 
650.000000 -28.014349 -156.496144 -0.000003 4.179552 176.704433 
651.000000 -25.997718 -147.364067 -0.000007 -136.647558 54.558498 
652.000000 -24.083874 -150.792971 -0.000004 -178.464571 30.233248 
653.000000 -22.560928 -146.777458 -0.000005 140.926273 -176.388467 
654.000000 -21.762338 -150.009544 -0.000003 -19.152286 144.009958 
655.000000 -21.958412 -143.563325 -0.000007 -60.762227 -156.328248 
656.000000 -23.356894 -144.631192 -0.000008 -63.249864 -71.186716 
657.000000 -25.775078 -152.507214 -0.000004 -22.567367 -162.772911 
658.000000 -28.623216 -143.899685 -0.000015 143.731541 101.407654 
659.000000 -31.747322 -155.870933 -0.000005 -166.972453 172.771900 
660.000000 -34.199937 -146.666387 -0.000021 -117.705514 24.243809 
661.000000 -34.725343 -153.290000 -0.000010 29.416511 152.820656 
662.000000 -34.333346 -157.730311 -0.000006 -12.665231 -13.581630 
663.000000 -34.052929 -151.438200 -0.000012 167.625557 124.976106 
664.000000 -34.058019 -150.922876 -0.000012 -113.702643 -170.818589 
665.000000 -34.282662 -152.554055 -0.000011 -111.401297 179.567134 
666.000000 -34.647264 -155.442220 -0.000008 -167.584634 111.978896 
667.000000 -35.094210 -159.201033 -0.000005 90.564405 -1.101710 
668.000000 -35.585842 -162.938293 -0.000004 -47.652176 -150.315222 
669.000000 -36.098274 -164.211885 -0.000003 144.630884 31.317822 
670.000000 -36.616529 -163.067095 -0.000004 -47.399806 -171.479345 
671.000000 -37.131306 -161.755438 -0.000005 100.283871 153.747669 
672.000000 -40.365171 -161.357137 -0.000008 88.300578 13.412053 
673.000000 -39.585791 -160.121549 -0.000008 -113.581220 -172.634885 
674.000000 -38.732290 -158.497690 -0.000009 17.445363 -29.105889 
675.000000 -37.793525 -156.668337 -0.000010 115.856664 79.401833 
676.000000 -36.757373 -154.908878 -0.000011 174.607269 146.771949 
677.000000 -35.611558 -153.548231 -0.000011 -175.390910 164.722851 
678.000000 -34.345390 -153.046626 -0.000010 134.005818 122.351727 
679.000000 -32.953052 -154.316781 -0.000007 7.161306 6.491993 
680.000000 -31.439331 -159.950580 -0.000003 143.259307 -174.868170 
681.000000 -29.828811 -156.867693 -0.000004 154.408500 -41.301619 
682.000000 -28.178908 -149.790177 -0.000007 3.208865 -175.971952 
683.000000 -26.594211 -150.471881 -0.000006 -0.024254 -167.825403 
684.000000 -25.232179 -155.384003 -0.000003 80.446933 107.176812 
685.000000 -24.280666 -147.444168 -0.000006 166.040032 -140.312462 
686.000000 -23.903593 -152.249069 -0.000003 170.280070 13.833878 
687.000000 -24.225044 -146.303862 -0.000007 14.817263 -75.061267 
688.000000 -25.357427 -147.519111 -0.000007 12.713334 1.105608 
689.000000 -27.202671 -150.767910 -0.000006 166.328990 15.351897 
690.000000 -29.379913 -146.302504 -0.000012 165.290701 56.788763 
691.000000 -31.792431 -149.718265 -0.000011 86.410945 41.285524 
692.000000 -34.401056 -154.312454 -0.000009 13.036192 -116.199241 
693.000000 -36.384712 -149.772719 -0.000019 22.427339 166.349834 
694.000000 -36.897173 -155.167890 -0.000011 179.031228 -55.534725 
695.000000 -36.543001 -163.744505 -0.000004 173.006053 -171.625598 
696.000000 -36.143252 -154.858930 -0.000010 42.093620 -2.118057 
697.000000 -35.950049 -152.779419 -0.000013 174.377131 116.366612 
698.000000 -35.961595 -153.045926 -0.000012 -129.238771 162.321825 
699.000000 -36.125714 -154.552057 -0.000010 -133.102415 148.793818 
700.000000 -36.393834 -156.905843 -0.000008 174.598803 87.029581 
701.000000 -36.729648 -159.930146 -0.000006 82.858048 -14.136547 
702.000000 -37.107666 -163.354238 -0.000004 -41.413728 -147.844120 
703.000000 -37.510365 -166.109976 -0.000003 167.152288 51.173440 
704.000000 -40.076236 -159.225179 -0.000010 0.360547 -48.871293 
705.000000 -39.268844 -157.869101 -0.000010 89.659902 48.447418 
706.000000 -38.389533 -156.568997 -0.000011 144.084772 110.202905 
707.000000 -37.430582 -155.509478 -0.000011 156.917560 130.117572 
708.000000 -36.385085 -154.952912 -0.000010 119.736936 100.366374 
709.000000 -35.248365 -155.341352 -0.000009 21.901991 11.619379 
710.000000 -34.020296 -157.606401 -0.000006 -150.129560 -143.961959 
711.000000 -32.708850 -162.860994 -0.000003 -53.691425 39.450222 
712.000000 -31.335150 -157.185551 -0.000004 -71.040351 85.585412 
713.000000 -29.939875 -151.684201 -0.000007 129.278783 -59.216976 
714.000000 -28.589633 -151.314313 -0.000006 150.954339 -27.792898 
715.000000 -27.379330 -160.044861 -0.000002 -51.321668 -26.364407 
716.000000 -26.423375 -150.664060 -0.000005 -172.041730 -143.378926 
717.000000 -25.830981 -151.284654 -0.000005 87.317523 157.606830 
718.000000 -25.682880 -151.305063 -0.000005 -55.524532 163.034048 
719.000000 -26.048561 -149.071330 -0.000006 67.053478 -23.198252 
720.000000 -26.997461 -150.379418 -0.000006 65.268738 50.410847 
721.000000 -28.471787 -149.033577 -0.000008 -59.407062 105.837830 
722.000000 -30.221378 -152.741500 -0.000006 84.821372 -64.437158 
723.000000 -32.115363 -147.551419 -0.000015 -169.866261 116.479266 
724.000000 -34.246325 -156.606293 -0.000007 -43.048304 -101.333089 
725.000000 -36.475368 -154.559265 -0.000011 165.148633 36.039963 
726.000000 -38.134819 -152.211294 -0.000017 148.722095 -66.692391 
727.000000 -38.642837 -156.822002 -0.000011 -46.871319 76.253233 
728.000000 -38.366775 -168.595352 -0.000003 -25.040976 3.378298 
729.000000 -37.938773 -158.334845 -0.000008 -117.020454 -162.225221 
730.000000 -37.635905 -154.938793 -0.000012 59.588695 0.402868 
731.000000 -37.504833 -154.194058 -0.000013 162.199836 93.360744 
732.000000 -37.521004 -154.739319 -0.000012 -155.609900 126.993755 
733.000000 -37.648447 -156.097294 -0.000010 -163.199448 111.217846 
734.000000 -37.855771 -158.061552 -0.000008 147.823254 54.174561 
735.000000 -38.118751 -160.534188 -0.000007 64.121033 -37.578078 
736.000000 -39.767965 -157.930662 -0.000011 108.532244 70.020095 
737.000000 -38.943826 -157.096604 -0.000011 123.141347 90.890583 
738.000000 -38.054526 -156.583615 -0.000010 95.160320 69.550654 
739.000000 -37.096512 -156.638250 -0.000009 16.883287 -0.888943 
740.000000 -36.068461 -157.693554 -0.000007 -121.178462 -127.469298 
741.000000 -34.972854 -160.531416 -0.000005 29.235004 51.443096 
742.000000 -33.818185 -163.339036 -0.000003 93.547975 -151.763960 
743.000000 -32.621842 -157.581074 -0.000005 53.640768 -156.011239 
744.000000 -31.413470 -153.209938 -0.000007 -112.966044 50.638626 
745.000000 -30.238064 -152.414889 -0.000007 -73.963224 98.563128 
746.000000 -29.157053 -157.626914 -0.000003 137.035996 -52.107271 
747.000000 -28.244439 -156.530506 -0.000003 120.272037 136.762024 
748.000000 -27.575332 -150.551663 -0.000006 -169.331251 -140.258536 
749.000000 -27.210430 -156.882502 -0.000003 -59.560016 86.646722 
750.000000 -27.192986 -151.374523 -0.000005 44.021679 -91.412158 
751.000000 -27.569066 -151.650645 -0.000005 105.034453 11.491196 
752.000000 -28.384534 -153.061819 -0.000005 103.502750 84.189441 
753.000000 -29.602634 -149.201354 -0.000009 40.397100 125.864392 
754.000000 -31.056368 -161.399996 -0.000003 -62.836372 117.780944 
755.000000 -32.611547 -149.345400 -0.000013 -169.544482 69.258487 
756.000000 -34.318158 -150.959386 -0.000013 124.908129 56.399081 
757.000000 -36.237390 -161.844754 -0.000005 147.025586 78.841418 
758.000000 -38.170512 -155.276865 -0.000012 -58.910761 -173.311302 
759.000000 -39.593184 -154.114509 -0.000016 -93.338727 49.715121 
760.000000 -40.094470 -158.130117 -0.000011 77.461782 -167.753661 
761.000000 -39.901088 -170.018496 -0.000003 121.356650 148.770386 
762.000000 -39.491824 -161.954802 -0.000007 60.974436 16.849316 
763.000000 -39.136602 -157.265566 -0.000011 -85.460343 -145.021802 
764.000000 -38.913989 -155.687140 -0.000013 56.694440 -12.482564 
765.000000 -38.823424 -155.501209 -0.000013 139.215950 62.030653 
766.000000 -38.842181 -156.142072 -0.000012 171.607391 87.038737 
767.000000 -38.945394 -157.359383 -0.000010 161.570566 69.887067 
768.000000 -39.464671 -157.971618 -0.000010 64.180104 33.498829 
769.000000 -38.638001 -157.895585 -0.000009 -0.051324 -23.886721 
770.000000 -37.756350 -158.426433 -0.000008 -114.223491 -128.933003 
771.000000 -36.820212 -159.950865 -0.000006 73.214180 74.652787 
772.000000 -35.833134 -162.764802 -0.000004 -167.957175 -118.675199 
773.000000 -34.803113 -162.990291 -0.000003 -130.121109 -9.012008 
774.000000 -33.744300 -158.036804 -0.000005 171.712444 -42.914992 
775.000000 -32.678862 -154.480429 -0.000007 -0.606151 156.500156 
776.000000 -31.638602 -153.527281 -0.000007 51.112210 -143.514529 
777.000000 -30.665490 -156.601049 -0.000004 -59.041820 110.588412 
778.000000 -29.809792 -163.257988 -0.000002 -1.260943 7.755506 
779.000000 -29.124441 -153.235834 -0.000005 -169.690386 -154.066582 
780.000000 -28.656140 -152.337515 -0.000006 118.764313 148.182369 
781.000000 -28.438805 -162.576846 -0.000002 106.823032 -56.133592 
782.000000 -28.499049 -152.068874 -0.000006 120.509326 -12.860973 
783.000000 -28.870626 -153.976175 -0.000005 133.689370 35.332144 
784.000000 -29.584996 -155.509880 -0.000004 132.357695 106.555731 
785.000000 -30.617311 -150.095489 -0.000009 117.184433 -173.095674 
786.000000 -31.853554 -158.401128 -0.000004 103.257998 -104.573679 
787.000000 -33.175611 -152.999777 -0.000009 117.114527 -47.055351 
788.000000 -34.584738 -150.335816 -0.000014 -167.664234 99.179098 
789.000000 -36.161635 -155.056132 -0.000010 5.343468 -65.137654 
790.000000 -37.903574 -162.158648 -0.000005 -47.735977 -120.363099 
791.000000 -39.599904 -156.092698 -0.000013 66.837131 -28.464452 
792.000000 -40.842651 -155.618701 -0.000016 19.173555 154.081195 
793.000000 -41.333671 -159.140185 -0.000011 -164.741368 -69.514704 
794.000000 -41.214755 -168.936894 -0.000004 -102.981073 -84.182733 
795.000000 -40.846505 -165.826176 -0.000005 -137.292126 -177.736002 
796.000000 -40.475347 -159.715077 -0.000009 107.413767 48.886159 
797.000000 -40.197792 -157.382070 -0.000012 -76.425858 -145.307325 
798.000000 -40.032296 -156.593605 -0.000013 41.442058 -35.420553 
799.000000 -39.968483 -156.676159 -0.000013 109.485530 25.629295 
800.000000 -39.186937 -159.318335 -0.000009 -121.208086 -142.399632 
801.000000 -38.372085 -160.210203 -0.000007 93.121672 83.452475 
802.000000 -37.514297 -161.978130 -0.000005 -109.262513 -94.767404 
803.000000 -36.617424 -164.117119 -0.000004 -17.303340 58.661497 
804.000000 -35.688629 -162.664238 -0.000004 -1.627235 121.555669 
805.000000 -34.739432 -158.524432 -0.000006 -74.855963 66.581062 
806.000000 -33.786798 -155.568452 -0.000007 108.056280 -100.123456 
807.000000 -32.854025 -154.578191 -0.000007 169.487184 -31.034993 
808.000000 -31.971025 -156.476329 -0.000005 88.863880 -106.424990 
809.000000 -31.173344 -164.220845 -0.000002 -157.478353 -149.649108 
810.000000 -30.499222 -157.374662 -0.000004 123.836889 130.654599 
811.000000 -29.984591 -152.805740 -0.000006 -176.189999 -160.886252 
812.000000 -29.657833 -155.233497 -0.000005 -7.714474 23.395810 
813.000000 -29.538917 -162.653751 -0.000002 -120.067738 85.988457 
814.000000 -29.646703 -153.030946 -0.000006 -179.081046 47.629569 
815.000000 -30.007164 -156.036801 -0.000004 155.916100 52.068922 
816.000000 -30.642426 -157.706793 -0.000004 154.744138 119.483269 
817.000000 -31.534860 -151.275201 -0.000009 177.883533 -116.244231 
818.000000 -32.604651 -155.588573 -0.000006 -123.675152 6.756263 
819.000000 -33.754833 -157.902293 -0.000005 -10.197937 157.174479 
820.000000 -34.958084 -151.626124 -0.000013 -175.969669 51.033725 
821.000000 -36.269863 -152.658773 -0.000013 127.820126 44.862867 
822.000000 -37.742387 -159.225560 -0.000007 -149.299327 138.249595 
823.000000 -39.329820 -161.224302 -0.000007 101.209342 28.126956 
824.000000 -40.833557 -156.896207 -0.000014 -174.246547 108.450047 
825.000000 -41.935337 -156.835326 -0.000016 127.963812 -160.038973 
826.000000 -42.413416 -159.936621 -0.000012 -51.531923 9.301246 
827.000000 -42.357286 -167.730730 -0.000005 24.968200 35.974210 
828.000000 -42.038664 -169.952514 -0.000003 12.492773 -22.389075 
829.000000 -41.674096 -162.278273 -0.000008 -76.277080 -132.143914 
830.000000 -41.367553 -159.207922 -0.000011 129.328630 61.677442 
831.000000 -41.151435 -157.889146 -0.000013 -81.717461 -157.811367 
832.000000 -38.949397 -161.907617 -0.000006 -76.321915 -78.235834 
833.000000 -38.158926 -163.650506 -0.000005 55.313796 88.834026 
834.000000 -37.337995 -164.735801 -0.000004 124.172289 -143.416809 
835.000000 -36.492884 -162.503968 -0.000004 121.049905 -115.202519 
836.000000 -35.633024 -159.023642 -0.000006 35.194335 173.487930 
837.000000 -34.771658 -156.521084 -0.000007 -145.924847 1.593128 
838.000000 -33.926361 -155.549223 -0.000007 -76.841212 77.757874 
839.000000 -33.119189 -156.751770 -0.000006 -134.281586 25.715439 
840.000000 -32.376129 -162.118240 -0.000003 22.727834 128.638110 
841.000000 -31.725480 -162.274707 -0.000003 12.911282 13.237612 
842.000000 -31.194982 -155.035523 -0.000006 173.043728 179.580278 
843.000000 -30.808290 -153.722437 -0.000006 118.608040 134.104223 
844.000000 -30.582736 -159.040662 -0.000003 -175.101473 -134.632194 
845.000000 -30.531220 -160.663889 -0.000003 -11.406653 -162.951055 
846.000000 -30.668541 -154.089012 -0.000006 -130.310261 95.459190 
847.000000 -31.015142 -157.843787 -0.000004 173.527322 64.090497 
848.000000 -31.586886 -159.652486 -0.000003 172.484620 123.823491 
849.000000 -32.370775 -152.555015 -0.000009 -133.082983 -67.630935 
850.000000 -33.309532 -154.588532 -0.000007 -14.935235 101.655991 
851.000000 -34.325928 -162.040762 -0.000004 -178.046655 -29.897501 
852.000000 -35.380536 -153.989581 -0.000010 117.606819 -54.230940 
853.000000 -36.500561 -152.474615 -0.000014 175.054641 69.243678 
854.000000 -37.741329 -155.518071 -0.000011 18.549133 -61.124918 
855.000000 -39.121159 -162.609891 -0.000006 32.183570 -41.014634 
856.000000 -40.572453 -160.704074 -0.000009 -121.094427 167.775508 
857.000000 -41.917495 -157.655214 -0.000014 -60.129658 -123.480717 
858.000000 -42.906091 -157.846299 -0.000016 -125.908781 -125.996849 
859.000000 -43.369617 -160.590841 -0.000012 58.335324 88.611581 
860.000000 -43.364748 -166.885732 -0.000006 147.192994 152.978234 
861.000000 -43.097037 -173.656842 -0.000003 153.249356 124.417759 
862.000000 -42.752389 -164.958888 -0.000007 87.302335 35.580997 
863.000000 -42.435020 -161.129028 -0.000010 -41.409236 -106.775001 
864.000000 -38.760608 -164.891916 -0.000004 -150.255981 -95.403848 
865.000000 -38.004353 -164.944125 -0.000004 -101.448974 -0.098721 
866.000000 -37.229482 -162.486530 -0.000005 -120.707311 3.007102 
867.000000 -36.443778 -159.521772 -0.000006 142.705120 -81.546705 
868.000000 -35.657763 -157.369666 -0.000007 -41.861012 102.131354 
869.000000 -34.885016 -156.440728 -0.000007 33.403441 -176.058903 
870.000000 -34.142260 -157.207162 -0.000006 -5.366313 150.469141 
871.000000 -33.449034 -160.914036 -0.000004 -173.788893 -19.662118 
872.000000 -32.826751 -166.190202 -0.000002 -129.223006 -133.480516 
873.000000 -32.297002 -158.129087 -0.000004 109.393533 109.243603 
874.000000 -31.879290 -154.562728 -0.000006 161.914040 168.810509 
875.000000 -31.588987 -155.445529 -0.000006 7.621338 24.086504 
876.000000 -31.437039 -163.758691 -0.000002 -13.831311 144.284443 
877.000000 -31.432749 -159.516892 -0.000003 78.803681 -72.279651 
878.000000 -31.588405 -155.161462 -0.000006 -90.227026 134.107085 
879.000000 -31.920285 -159.418675 -0.000004 -172.285991 72.960233 
880.000000 -32.439944 -161.355831 -0.000003 -173.222610 120.784765 
881.000000 -33.137496 -153.849270 -0.000008 -92.767072 -25.810900 
882.000000 -33.970871 -154.426099 -0.000008 75.410745 -176.393700 
883.000000 -34.879214 -161.562323 -0.000004 -17.010328 117.782030 
884.000000 -35.820615 -157.056066 -0.000008 5.807733 168.907778 
885.000000 -36.801346 -153.435708 -0.000013 162.468639 22.174232 
886.000000 -37.863858 -154.212567 -0.000013 113.011303 20.095248 
887.000000 -39.045444 -158.574355 -0.000009 -122.193817 159.593441 
888.000000 -40.339651 -164.206835 -0.000006 -163.281210 123.948186 
889.000000 -41.670703 -160.551557 -0.000010 8.516382 -59.344226 
890.000000 -42.883466 -158.363157 -0.000015 50.487772 -2.857618 
891.000000 -43.779338 -158.708740 -0.000016 -21.751765 -31.623606 
892.000000 -44.227541 -161.151865 -0.000012 165.692823 179.764119 
893.000000 -44.263809 -166.349331 -0.000007 -94.945961 -92.502114 
894.000000 -44.044557 -174.921863 -0.000002 -72.977650 -96.384070 
895.000000 -43.727129 -167.748593 -0.000005 -119.102814 -165.632594 
896.000000 -38.624017 -164.991750 -0.000004 27.331176 133.736223 
897.000000 -37.908881 -162.571383 -0.000005 -5.921558 117.510870 
898.000000 -37.185686 -160.011373 -0.000006 -111.739543 21.917456 
899.000000 -36.462926 -158.135814 -0.000007 60.716507 -158.208445 
900.000000 -35.751307 -157.259221 -0.000007 141.074638 -71.794360 
901.000000 -35.063808 -157.740468 -0.000006 117.656726 -90.117957 
902.000000 -34.415468 -160.401332 -0.000004 -22.582244 131.897035 
903.000000 -33.822821 -166.400940 -0.000002 65.943939 59.897153 
904.000000 -33.302858 -161.696682 -0.000003 7.541461 2.034895 
905.000000 -32.871572 -156.436195 -0.000006 145.453182 145.771405 
906.000000 -32.542416 -155.074641 -0.000006 102.241172 110.023999 
907.000000 -32.325418 -157.761360 -0.000005 -139.635918 -120.803220 
908.000000 -32.227930 -168.455445 -0.000001 122.955242 -48.594376 
909.000000 -32.257351 -159.031026 -0.000004 154.768092 3.416042 
910.000000 -32.424148 -156.209261 -0.000006 -56.795687 165.909666 
911.000000 -32.741379 -160.787727 -0.000003 -160.709520 79.695847 
912.000000 -33.217577 -162.832270 -0.000003 -161.557920 113.689528 
913.000000 -33.845030 -155.116569 -0.000008 -59.131468 11.056051 
914.000000 -34.592168 -154.688486 -0.000009 151.534113 -105.324068 
915.000000 -35.411081 -159.763619 -0.000005 119.681826 -114.934433 
916.000000 -36.262101 -160.377922 -0.000005 -141.979916 5.393604 
917.000000 -37.138439 -155.109246 -0.000011 101.733845 -72.719060 
918.000000 -38.067324 -154.188513 -0.000014 147.490698 33.223384 
919.000000 -39.086235 -156.373652 -0.000012 12.567076 -74.349511 
920.000000 -40.213766 -161.545342 -0.000007 74.148707 -2.906913 
921.000000 -41.428123 -164.336109 -0.000006 -11.194326 -82.635883 
922.000000 -42.652896 -160.620704 -0.000011 132.124017 68.144371 
923.000000 -43.754231 -159.021950 -0.000015 158.475649 112.276760 
924.000000 -44.572850 -159.461698 -0.000016 80.906553 68.148249 
925.000000 -45.005544 -161.650597 -0.000013 -88.881974 -83.076373 
926.000000 -45.074494 -166.030736 -0.000008 19.513345 19.762497 
927.000000 -44.899540 -173.827192 -0.000003 55.284780 36.235078 
928.000000 -38.539290 -162.726058 -0.000005 106.117417 -130.831565 
929.000000 -37.869482 -160.488272 -0.000006 -7.721778 124.193264 
930.000000 -37.200572 -158.834968 -0.000007 162.137792 -59.227056 
931.000000 -36.541151 -158.012723 -0.000007 -113.235494 31.013997 
932.000000 -35.901490 -158.301545 -0.000007 -123.811811 25.289957 
933.000000 -35.293402 -160.273331 -0.000005 119.353405 -88.237551 
934.000000 -34.729886 -165.076869 -0.000003 -115.888828 -110.387375 
935.000000 -34.224471 -165.216585 -0.000002 -122.731309 -132.531522 
936.000000 -33.790276 -158.869225 -0.000005 84.720287 79.656770 
937.000000 -33.438907 -156.004900 -0.000006 131.684050 132.952250 
938.000000 -33.179567 -156.204286 -0.000006 3.065585 12.332993 
939.000000 -33.018948 -160.607544 -0.000004 43.960245 68.476569 
940.000000 -32.962407 -168.919972 -0.000001 -119.713554 72.724945 
941.000000 -33.016233 -158.938010 -0.000004 -140.484531 67.612854 
942.000000 -33.189432 -157.214299 -0.000005 -28.568101 -167.515698 
943.000000 -33.492540 -161.978609 -0.000003 -151.167817 84.950623 
944.000000 -33.931937 -164.102574 -0.000003 -151.941961 106.866608 
945.000000 -34.501475 -156.336886 -0.000007 -30.724877 44.761889 
946.000000 -35.177007 -155.181299 -0.000009 -143.553708 -43.338562 
947.000000 -35.920640 -158.620226 -0.000006 -122.996291 -4.319199 
948.000000 -36.696874 -162.814516 -0.000004 41.279173 177.971632 
949.000000 -37.491801 -157.264473 -0.000009 1.791221 164.405574 
950.000000 -38.319771 -154.934905 -0.000013 132.498967 -11.992338 
951.000000 -39.211490 -155.569642 -0.000013 88.113579 -12.112644 
952.000000 -40.193301 -158.737982 -0.000010 -116.480735 159.960600 
953.000000 -41.269358 -164.032143 -0.000006 -106.682410 177.557549 
954.000000 -42.409335 -164.015831 -0.000007 131.488182 62.009521 
955.000000 -43.540067 -160.818360 -0.000012 -108.846124 -168.779355 
956.000000 -44.546624 -159.636008 -0.000015 -95.562100 -136.529291 
957.000000 -45.299954 -160.131876 -0.000016 -177.601473 168.497046 
958.000000 -45.717335 -162.105950 -0.000013 15.023999 16.185321 
959.000000 -45.812077 -165.862690 -0.000009 131.270000 130.015853 
960.000000 -38.503578 -160.950304 -0.000007 95.065234 -134.489406 
961.000000 -37.881063 -159.478511 -0.000007 -97.358016 39.214654 
962.000000 -37.266728 -158.709047 -0.000007 -9.103359 132.687714 
963.000000 -36.668837 -158.864900 -0.000007 -8.781702 137.610802 
964.000000 -36.096833 -160.361600 -0.000005 -105.879562 44.145892 
965.000000 -35.561103 -164.043664 -0.000003 49.230468 -173.949863 
966.000000 -35.072548 -167.512357 -0.000002 85.317684 72.262932 
967.000000 -34.641967 -161.621103 -0.000004 -9.625514 -19.192145 
968.000000 -34.279286 -157.604230 -0.000006 111.766937 107.684136 
969.000000 -33.992819 -156.309103 -0.000007 76.469819 79.094207 
970.000000 -33.788885 -157.778094 -0.000005 -128.603051 -117.041908 
971.000000 -33.672140 -164.002458 -0.000003 -156.171569 -113.034284 
972.000000 -33.646828 -166.719085 -0.000002 -18.077720 175.611854 
973.000000 -33.718493 -159.079729 -0.000005 -84.720431 122.738837 
974.000000 -33.894913 -158.169111 -0.000005 -4.486671 -145.020769 
975.000000 -34.184635 -163.018145 -0.000003 -143.242811 89.140987 
976.000000 -34.592476 -165.191192 -0.000003 -143.953760 102.423771 
977.000000 -35.113451 -157.501111 -0.000007 -6.486316 77.133726 
978.000000 -35.728764 -155.802225 -0.000009 -87.627946 11.127175 
979.000000 -36.408238 -158.059699 -0.000007 -21.318350 92.538419 
980.000000 -37.121004 -163.202700 -0.000004 -159.057224 -30.065908 
981.000000 -37.849949 -159.698824 -0.000007 -130.426341 17.767032 
982.000000 -38.599942 -156.195770 -0.000011 76.346083 -98.390561 
983.000000 -39.393282 -155.613375 -0.000013 113.843429 -6.300729 
984.000000 -40.255988 -157.288132 -0.000012 -5.015116 -97.769825 
985.000000 -41.203449 -161.155246 -0.000009 92.634806 11.415058 
986.000000 -42.229882 -165.606878 -0.000006 59.298336 -14.922699 
987.000000 -43.300839 -163.720781 -0.000008 -93.103296 -160.205142 
988.000000 -44.348211 -161.090170 -0.000013 6.614055 -49.375290 
989.000000 -45.273429 -160.210137 -0.000016 8.806821 -28.209660 
990.000000 -45.970896 -160.737766 -0.000016 -77.034941 -91.420815 
991.000000 -46.373398 -162.529508 -0.000014 117.713985 116.023108 
992.000000 -38.512559 -160.075076 -0.000007 2.406569 137.217972 
993.000000 -37.937553 -159.355211 -0.000007 93.782028 -126.542155 
994.000000 -37.376421 -159.417486 -0.000007 103.466643 -112.501479 
995.000000 -36.836824 -160.574390 -0.000006 23.232400 170.957969 
996.000000 -36.327179 -163.432773 -0.000004 -155.875868 -8.764534 
997.000000 -35.856375 -167.809848 -0.000002 -83.524980 -98.420467 
998.000000 -35.433351 -164.455987 -0.000003 -130.041949 -143.395443 
999.000000 -35.066561 -159.593329 -0.000005 53.684180 45.073029 
1000.000000 -34.763409 -157.230601 -0.000007 96.357821 93.593765 
1001.000000 -34.529822 -157.098405 -0.000006 -13.501608 -9.088165 
1002.000000 -34.370206 -159.714790 -0.000005 72.732140 87.866944 
1003.000000 -34.287998 -167.892885 -0.000002 -15.848985 107.701524 
1004.000000 -34.286794 -165.008523 -0.000003 70.724975 -95.066466 
1005.000000 -34.371571 -159.364796 -0.000005 -36.258013 170.564336 
1006.000000 -34.549049 -159.071746 -0.000005 16.238607 -125.771610 
1007.000000 -34.826196 -163.930857 -0.000003 -136.623504 92.534368 
1008.000000 -35.206685 -166.124107 -0.000002 -137.280136 100.209322 
1009.000000 -35.686413 -158.605913 -0.000006 14.377362 110.043063 
1010.000000 -36.250519 -156.493199 -0.000008 -39.011422 59.389079 
1011.000000 -36.874767 -157.879061 -0.000008 67.556860 177.950586 
1012.000000 -37.532722 -162.398424 -0.000005 -18.848309 104.384063 
1013.000000 -38.206427 -162.075674 -0.000006 70.520545 -151.009176 
1014.000000 -38.894357 -157.818597 -0.000010 -14.341776 149.420687 
1015.000000 -39.611050 -156.214515 -0.000013 97.379501 -49.562403 
1016.000000 -40.378754 -156.756602 -0.000013 56.929829 -48.894911 
1017.000000 -41.216433 -159.192825 -0.000011 -124.346566 147.402819 
1018.000000 -42.130672 -163.460490 -0.000007 -75.275434 -154.536897 
1019.000000 -43.109284 -166.221548 -0.000006 -145.060305 142.493772 
1020.000000 -44.116427 -163.550630 -0.000009 36.565587 -27.917409 
1021.000000 -45.089731 -161.404118 -0.000013 119.237378 66.943335 
1022.000000 -45.944567 -160.748813 -0.000016 111.899956 77.956187 
1023.000000 -46.593727 -161.292419 -0.000016 22.785011 8.215838 
