# x amp_{ref} amp_{cal} amp_{error} phase_{ref} phase_{cal}
0.000000 -28.024243 -28.802457 -21.340511 13.157331 31.134871 
1.000000 -27.389570 -28.032908 -22.927187 74.872909 57.901560 
2.000000 -26.753157 -27.270057 -24.765333 64.496239 48.670744 
3.000000 -26.118351 -26.517490 -26.952623 36.068578 50.601274 
4.000000 -25.489262 -25.779233 -29.673778 37.874704 50.964572 
5.000000 -24.870847 -25.059798 -33.343594 68.737773 57.237660 
6.000000 -24.268982 -24.364272 -39.242936 65.907988 75.682937 
7.000000 -23.690482 -23.698449 -60.754927 70.923788 78.862398 
8.000000 -23.143070 -23.069023 -41.349121 64.991637 58.962677 
9.000000 -22.635254 -22.483801 -35.094910 6.666830 10.765221 
10.000000 -22.176105 -21.951851 -31.649124 85.500176 83.284844 
11.000000 -21.774911 -21.483467 -29.339059 7.559410 8.019090 
12.000000 -21.440717 -21.089802 -27.696210 84.241027 85.323535 
13.000000 -21.181776 -20.782090 -26.541298 9.689335 12.016739 
14.000000 -21.004963 -20.570492 -25.798925 44.157967 40.956626 
15.000000 -20.915228 -20.462784 -25.437792 72.355107 68.704790 
16.000000 -20.915160 -20.463189 -25.447105 72.352869 68.707387 
17.000000 -21.004762 -20.571699 -25.827830 44.151280 40.964525 
18.000000 -21.181443 -20.784072 -26.592924 9.700400 12.003244 
19.000000 -21.440254 -21.092514 -27.776746 84.256354 85.303963 
20.000000 -21.774321 -21.486845 -29.460128 7.539973 8.045242 
21.000000 -22.175392 -21.955818 -31.834652 85.523536 83.251564 
22.000000 -22.634421 -22.488267 -35.406920 6.639750 10.806105 
23.000000 -23.142121 -23.073897 -42.063356 65.022216 58.913811 
24.000000 -23.689423 -23.703641 -55.726069 70.889940 78.919492 
25.000000 -24.267815 -24.369704 -38.664655 65.871100 75.748379 
26.000000 -24.869576 -25.065402 -33.036616 68.777476 57.163877 
27.000000 -25.487891 -25.784957 -29.467325 37.832404 51.046606 
28.000000 -26.116884 -26.523299 -26.799298 36.023888 50.691398 
29.000000 -26.751596 -27.275929 -24.644976 64.543124 48.572735 
30.000000 -27.387917 -28.038835 -22.829185 74.921808 57.795896 
31.000000 -28.022501 -28.808440 -21.258512 13.106586 31.247954 
32.000000 -28.117954 -29.008814 -20.221723 74.827086 55.536748 
33.000000 -27.444626 -28.186658 -21.736200 86.710979 68.359621 
34.000000 -26.766270 -27.368750 -23.476934 2.183583 19.445533 
35.000000 -26.086190 -26.558971 -25.518410 3.255886 19.267195 
36.000000 -25.408566 -25.761722 -27.992944 87.029841 78.378617 
37.000000 -24.738591 -24.981959 -31.172399 63.149901 76.140177 
38.000000 -24.082584 -24.225264 -35.760303 79.612857 68.389599 
39.000000 -23.448077 -23.497976 -44.839256 6.738572 16.043949 
40.000000 -22.843817 -22.807419 -47.536581 50.432162 43.159500 
41.000000 -22.279683 -22.162193 -37.317461 84.159917 78.979679 
42.000000 -21.766454 -21.572477 -32.924119 72.443625 75.547526 
43.000000 -21.315406 -21.050145 -30.169857 46.619357 47.757632 
44.000000 -20.937738 -20.608485 -28.260526 6.463193 5.851807 
45.000000 -20.643848 -20.261315 -26.930940 58.509392 60.548288 
46.000000 -20.442517 -20.021489 -26.078716 23.205873 20.156977 
47.000000 -20.340131 -19.899051 -25.664452 65.613930 62.043706 
48.000000 -20.340060 -19.899527 -25.675537 65.611540 62.046912 
49.000000 -20.442302 -20.022907 -26.113270 23.198731 20.166736 
50.000000 -20.643493 -20.263634 -26.993227 58.521198 60.531597 
51.000000 -20.937245 -20.611640 -28.359161 6.446863 5.876004 
52.000000 -21.314778 -21.054047 -30.321769 46.598687 47.789943 
53.000000 -21.765696 -21.577019 -33.167406 72.418834 75.588573 
54.000000 -22.278799 -22.167256 -37.771590 84.188585 78.929380 
55.000000 -22.842811 -22.812884 -49.239961 50.464454 43.099621 
56.000000 -23.446955 -23.503736 -43.720652 6.702922 16.113570 
57.000000 -24.081351 -24.231225 -35.336571 79.651607 68.310231 
58.000000 -24.737249 -24.988051 -30.914772 63.108305 76.229173 
59.000000 -25.407120 -25.767894 -27.811357 86.985667 78.280239 
60.000000 -26.084643 -26.565193 -25.380689 3.209318 19.374710 
61.000000 -26.764625 -27.375009 -23.367626 2.134875 19.561873 
62.000000 -27.442885 -28.192956 -21.646571 86.761695 68.234768 
63.000000 -28.116120 -29.015164 -20.146318 74.879627 55.403687 
64.000000 -28.260024 -29.281424 -19.098065 64.401588 43.768512 
65.000000 -27.546225 -28.402512 -20.548531 2.233581 22.015726 
66.000000 -26.823520 -27.524626 -22.208809 7.336746 11.442203 
67.000000 -26.095050 -26.651940 -24.137850 77.981546 84.423827 
68.000000 -25.364946 -25.789267 -26.433695 68.227390 84.439990 
69.000000 -24.638523 -24.942083 -29.282727 47.641155 33.007727 
70.000000 -23.922465 -24.116575 -33.112208 78.238078 88.905689 
71.000000 -23.224985 -23.319745 -39.291136 72.681967 83.545262 
72.000000 -22.555913 -22.559635 -67.362289 78.412847 69.696400 
73.000000 -21.926671 -21.845703 -40.569452 29.836234 23.379180 
74.000000 -21.350068 -21.189293 -34.571408 23.298172 27.467347 
75.000000 -20.839849 -20.604009 -31.205755 66.044827 68.006642 
76.000000 -20.409993 -20.105643 -28.956209 84.256818 84.221685 
77.000000 -20.073743 -19.711260 -27.408656 65.309750 63.624442 
78.000000 -19.842479 -19.437285 -26.419656 1.140346 4.004538 
79.000000 -19.724581 -19.296895 -25.939075 57.548136 54.071748 
80.000000 -19.724504 -19.297461 -25.952461 57.545569 54.075723 
81.000000 -19.842249 -19.438964 -26.461620 1.148008 3.992451 
82.000000 -20.073362 -19.713993 -27.485167 65.297098 63.645164 
83.000000 -20.409465 -20.109337 -29.079657 84.239350 84.251712 
84.000000 -20.839178 -20.608535 -31.401922 66.022765 68.046767 
85.000000 -21.349259 -21.194502 -34.905815 23.271778 27.518234 
86.000000 -21.925730 -21.851438 -41.320309 29.866671 23.317057 
87.000000 -22.554844 -22.565746 -58.031407 78.447028 69.622788 
88.000000 -23.223794 -23.326102 -38.629131 72.644346 83.630373 
89.000000 -23.921157 -24.123078 -32.773409 78.197312 88.810057 
90.000000 -24.637101 -24.948660 -29.060812 47.684790 32.900224 
91.000000 -25.363415 -25.795874 -26.272723 68.181156 84.558147 
92.000000 -26.093414 -26.658560 -24.014109 77.932956 84.295486 
93.000000 -26.821782 -27.531260 -22.109829 7.387463 11.580439 
94.000000 -27.544387 -28.409176 -20.466889 2.180989 22.163416 
95.000000 -28.258088 -29.288146 -19.028987 64.455994 43.611761 
96.000000 -28.459519 -29.633432 -17.963913 36.214995 58.200880 
97.000000 -27.703666 -28.693647 -19.354046 3.359119 24.607139 
98.000000 -26.934392 -27.750692 -20.944243 78.034850 81.613523 
99.000000 -26.154523 -26.808984 -22.783785 71.107389 89.593372 
100.000000 -25.367976 -25.873753 -24.948779 27.781881 9.821678 
101.000000 -24.580019 -24.951066 -27.572567 50.293476 33.861815 
102.000000 -23.797546 -24.047850 -30.931768 9.456775 5.204391 
103.000000 -23.029347 -23.171942 -35.765451 80.330154 87.026555 
104.000000 -22.286330 -22.332272 -45.554952 23.382060 33.775642 
105.000000 -21.581601 -21.539265 -46.220813 17.060439 9.090700 
106.000000 -20.930343 -20.805481 -36.785179 58.448981 52.994206 
107.000000 -20.349361 -20.146360 -32.524608 61.636522 64.608240 
108.000000 -19.856230 -19.580551 -29.830011 33.738420 33.058410 
109.000000 -19.468022 -19.129161 -28.005874 0.082188 1.174086 
110.000000 -19.199714 -18.813392 -26.843432 29.679706 32.316872 
111.000000 -19.062512 -18.650827 -26.278340 47.842088 44.476941 
112.000000 -19.062429 -18.651506 -26.294801 47.839318 44.481899 
113.000000 -19.199466 -18.815399 -26.895400 29.687971 32.301762 
114.000000 -19.467612 -19.132410 -28.101998 0.070463 1.148292 
115.000000 -19.855663 -19.584902 -29.988836 33.757192 33.020815 
116.000000 -20.348642 -20.151629 -32.787711 61.612877 64.658413 
117.000000 -20.929477 -20.811461 -37.278364 58.477180 52.930746 
118.000000 -21.580595 -21.545747 -47.915277 17.092848 9.013569 
119.000000 -22.285189 -22.339072 -44.174259 23.345790 33.866525 
120.000000 -23.028078 -23.178911 -35.281703 80.290377 86.922297 
121.000000 -23.796153 -24.054884 -30.648353 9.499729 5.321851 
122.000000 -24.578508 -24.958104 -27.378975 50.339300 33.731671 
123.000000 -25.366351 -25.880766 -24.805958 27.830281 9.679492 
124.000000 -26.152787 -26.815974 -22.673043 71.056676 89.450810 
125.000000 -26.932548 -27.757682 -20.855103 77.982063 81.448988 
126.000000 -27.701718 -28.700672 -19.280061 3.304494 24.782162 
127.000000 -28.457467 -29.640540 -17.900877 36.158658 58.385888 
128.000000 -28.727364 -30.080600 -16.816652 38.075651 61.397542 
129.000000 -27.928209 -29.076118 -18.145768 87.185931 70.086381 
130.000000 -27.110457 -28.063071 -19.669897 68.338299 89.647048 
131.000000 -26.276434 -27.045996 -21.433354 27.723557 6.727314 
132.000000 -25.429619 -26.030472 -23.499617 31.624995 11.809709 
133.000000 -24.574988 -25.023185 -25.970044 44.465214 62.845504 
134.000000 -23.719396 -24.031931 -29.034113 6.705426 23.368910 
135.000000 -22.872003 -23.065622 -33.133947 19.494752 34.144238 
136.000000 -22.044669 -22.134360 -39.766181 65.493533 77.832036 
137.000000 -21.252249 -21.249761 -70.858100 54.227740 44.459830 
138.000000 -20.512632 -20.425709 -39.950154 0.197760 7.193905 
139.000000 -19.846367 -19.679514 -34.246059 27.955438 32.179068 
140.000000 -19.275697 -19.032960 -30.951894 8.695754 10.275516 
141.000000 -18.822903 -18.512089 -28.770414 76.473954 77.161867 
142.000000 -18.508038 -18.144514 -27.383232 63.483206 65.835884 
143.000000 -18.346404 -17.954131 -26.707634 36.071476 32.839978 
144.000000 -18.346314 -17.954954 -26.728342 36.068467 32.846215 
145.000000 -18.507769 -18.146940 -27.449208 63.492175 65.816845 
146.000000 -18.822459 -18.515986 -28.894745 76.488711 77.129156 
147.000000 -19.275085 -19.038117 -31.163757 8.675478 10.323012 
148.000000 -19.845591 -19.685664 -34.617758 27.929984 32.242364 
149.000000 -20.511700 -20.432563 -40.769114 0.171379 7.273656 
150.000000 -21.251168 -21.257049 -63.390720 54.262360 44.363430 
151.000000 -22.043447 -22.141861 -38.964261 65.454951 77.944819 
152.000000 -22.870645 -23.073180 -32.747336 19.452607 34.272841 
153.000000 -23.717908 -24.039452 -28.791769 6.660100 23.512596 
154.000000 -24.573375 -25.030628 -25.800793 44.417043 63.003501 
155.000000 -25.427886 -26.037838 -23.373565 31.675693 11.638192 
156.000000 -26.274584 -27.053315 -21.334988 27.776503 6.543033 
157.000000 -27.108493 -28.070395 -19.590186 68.283352 89.471889 
158.000000 -27.926134 -29.083508 -18.079075 87.129293 69.878435 
159.000000 -28.725181 -30.088125 -16.759284 38.017326 61.616496 
160.000000 -29.076854 -30.641670 -15.657690 68.479654 43.874765 
161.000000 -28.233602 -29.569358 -16.921065 63.367426 87.525889 
162.000000 -27.365928 -28.481663 -18.376963 47.468497 23.901738 
163.000000 -26.475430 -27.383009 -20.068436 50.171774 27.397240 
164.000000 -25.564870 -26.279140 -22.053732 44.529500 66.282510 
165.000000 -24.638598 -25.177265 -24.417827 44.131747 64.593740 
166.000000 -23.703061 -24.086121 -27.301775 65.869802 47.010159 
167.000000 -22.767414 -23.015954 -30.992347 57.825815 74.733378 
168.000000 -21.844178 -21.978462 -36.282814 36.220427 50.806473 
169.000000 -20.949842 -20.986914 -47.413797 28.056587 39.960172 
170.000000 -20.105240 -20.056791 -45.046423 10.114138 19.039461 
171.000000 -19.335415 -19.207300 -36.560095 42.147308 36.355413 
172.000000 -18.668649 -18.463446 -32.429796 26.503409 29.232855 
173.000000 -18.134371 -17.857083 -29.778631 12.616851 12.648494 
174.000000 -17.759947 -17.424389 -28.092621 75.983454 73.994628 
175.000000 -17.566780 -17.198488 -27.267634 21.652279 18.583842 
176.000000 -17.566682 -17.199502 -27.294464 21.648986 18.591779 
177.000000 -17.759654 -17.427361 -28.179183 75.973652 74.018889 
178.000000 -18.133889 -17.861806 -29.945859 12.600764 12.690285 
179.000000 -18.667983 -18.469596 -32.726622 26.481380 29.293564 
180.000000 -19.334574 -19.214482 -37.125925 42.174846 36.274690 
181.000000 -20.104231 -20.064610 -46.797816 10.081571 19.140636 
182.000000 -20.948675 -20.995030 -45.477587 28.019486 40.081538 
183.000000 -21.842861 -21.986630 -35.694791 36.179281 50.947250 
184.000000 -22.765954 -23.024025 -30.670211 57.781085 74.892509 
185.000000 -23.701463 -24.094034 -27.093473 65.917697 46.833814 
186.000000 -24.636869 -25.185021 -24.270900 44.081069 64.786210 
187.000000 -25.563013 -26.286782 -21.943656 44.476371 66.490097 
188.000000 -26.473449 -27.390609 -19.981930 50.227059 27.175431 
189.000000 -27.363826 -28.489306 -18.306198 47.525684 23.666496 
190.000000 -28.231381 -29.577136 -16.861158 63.308560 87.773006 
191.000000 -29.074518 -30.649680 -15.605461 68.540015 43.614689 
192.000000 -29.524399 -31.338623 -14.493798 66.223702 87.975276 
193.000000 -28.636842 -30.196606 -15.683320 79.331987 53.799057 
194.000000 -27.718438 -29.030792 -17.063180 78.474694 76.391353 
195.000000 -26.769800 -27.845113 -18.677698 9.268354 15.277842 
196.000000 -25.792640 -26.645104 -20.585511 6.840963 30.568723 
197.000000 -24.790254 -25.438198 -22.867491 65.798186 43.157238 
198.000000 -23.768163 -24.233947 -25.644438 62.097053 40.875443 
199.000000 -22.734935 -23.044094 -29.126757 0.392693 19.771005 
200.000000 -21.703177 -21.882460 -33.794996 78.964815 61.807987 
201.000000 -20.690604 -20.764749 -41.411717 36.299596 50.730842 
202.000000 -19.720981 -19.708755 -57.024314 40.448360 29.185621 
203.000000 -18.824536 -18.735802 -39.770017 21.785583 29.562020 
204.000000 -18.037266 -17.873950 -34.433955 12.791336 17.015249 
205.000000 -17.398483 -17.161424 -31.160348 83.105941 84.087144 
206.000000 -16.946294 -16.645648 -29.064420 26.660087 25.148445 
207.000000 -16.711478 -16.373465 -28.028073 3.758125 0.892343 
208.000000 -16.711370 -16.374736 -28.064271 3.754490 0.902637 
209.000000 -16.945972 -16.649345 -29.183329 26.649285 25.179864 
210.000000 -17.397954 -17.167211 -31.398099 83.088271 84.141347 
211.000000 -18.036536 -17.881317 -34.879651 12.767245 17.094041 
212.000000 -18.823618 -18.744166 -40.734495 21.755625 29.666336 
213.000000 -19.719884 -19.717582 -71.535065 40.483587 29.055912 
214.000000 -20.689338 -20.773639 -40.301809 36.259704 50.884885 
215.000000 -21.701751 -21.891170 -33.322326 79.008798 61.631178 
216.000000 -22.733356 -23.052525 -28.854975 0.349740 19.968882 
217.000000 -23.766438 -24.242099 -25.467084 62.147705 40.658062 
218.000000 -24.788389 -25.446137 -22.741891 65.851529 42.921791 
219.000000 -25.790639 -26.652933 -20.490759 6.785294 30.821003 
220.000000 -26.767666 -27.852952 -18.602390 9.326054 15.545876 
221.000000 -27.716174 -29.038770 -17.000647 78.415211 76.108456 
222.000000 -28.634450 -30.204851 -15.629449 79.393040 53.502035 
223.000000 -29.521882 -31.347259 -14.445944 66.161276 87.666818 
224.000000 -30.090654 -32.196646 -13.338880 71.298296 81.893811 
225.000000 -29.159302 -30.985101 -14.444142 7.084396 33.839862 
226.000000 -28.190180 -29.739682 -15.735681 72.986343 80.429577 
227.000000 -27.182650 -28.463294 -17.260176 80.589765 73.172592 
228.000000 -26.136995 -27.160647 -19.080043 19.705315 45.381519 
229.000000 -25.054945 -25.838771 -21.280859 57.975700 82.826750 
230.000000 -23.940416 -24.507520 -23.985036 0.480429 24.138340 
231.000000 -22.800549 -23.179955 -27.383209 8.993005 31.118578 
232.000000 -21.647082 -21.872412 -31.832342 61.874425 81.923018 
233.000000 -20.498045 -20.604128 -38.316376 46.766691 29.373430 
234.000000 -19.379595 -19.396696 -54.124276 12.918708 27.039446 
235.000000 -18.327499 -18.274553 -44.273230 26.802855 37.108789 
236.000000 -17.387334 -17.268598 -37.225159 42.050790 35.851367 
237.000000 -16.612073 -16.423156 -33.156238 51.048668 48.780408 
238.000000 -16.055918 -15.799727 -30.476599 34.440130 35.307484 
239.000000 -15.764556 -15.465805 -29.120298 18.819498 21.428787 
240.000000 -15.764436 -15.467432 -29.172121 18.823554 21.415302 
241.000000 -16.055561 -15.804410 -30.651703 34.452155 35.265996 
242.000000 -16.611487 -16.430326 -33.524262 51.068257 48.708578 
243.000000 -17.386529 -17.277433 -37.965489 42.077337 35.747212 
244.000000 -18.326489 -18.284198 -46.230128 26.770067 37.245642 
245.000000 -19.378392 -19.406463 -49.825146 12.880434 27.207640 
246.000000 -20.496661 -20.613599 -37.475596 46.809723 29.176252 
247.000000 -21.645527 -21.881414 -31.439884 61.827308 82.146495 
248.000000 -22.798831 -23.188490 -27.156691 8.942396 31.366052 
249.000000 -23.938541 -24.515691 -23.837485 0.431902 24.407686 
250.000000 -25.052919 -25.846735 -21.175775 57.919551 83.116158 
251.000000 -26.134822 -27.168580 -18.999663 19.646975 45.689788 
252.000000 -27.180333 -28.471375 -17.195001 80.529563 72.846839 
253.000000 -28.187722 -29.748087 -15.680267 72.924496 80.087434 
254.000000 -29.156704 -30.993994 -14.395190 7.021138 34.197706 
255.000000 -30.087919 -32.206184 -13.294298 71.233782 81.521427 
256.000000 -30.802313 -33.243395 -12.216615 64.556463 36.990864 
257.000000 -29.828517 -31.965612 -13.226459 50.025069 22.276575 
258.000000 -28.809695 -30.642358 -14.414863 78.036286 50.216640 
259.000000 -27.743701 -29.274823 -15.830408 23.718746 51.468909 
260.000000 -26.629002 -27.866020 -17.539936 65.782768 86.707267 
261.000000 -25.465191 -26.421528 -19.637846 36.455748 63.458155 
262.000000 -24.253764 -24.950390 -22.262286 78.793857 52.600133 
263.000000 -22.999314 -23.466053 -25.627126 61.966103 86.930179 
264.000000 -21.711268 -21.987093 -30.101167 76.330731 80.442269 
265.000000 -20.406319 -20.537237 -36.501634 63.314221 42.517447 
266.000000 -19.111521 -19.144298 -48.481500 30.513191 12.934974 
267.000000 -17.867625 -17.838664 -49.525607 44.965307 31.428468 
268.000000 -16.731377 -16.654943 -41.072357 28.256956 37.110118 
269.000000 -15.774364 -15.642000 -36.274620 38.736742 34.676218 
270.000000 -15.075332 -14.877007 -32.729403 68.192002 68.225985 
271.000000 -14.704607 -14.458473 -30.829475 47.919227 50.195525 
272.000000 -14.704472 -14.460612 -30.911264 47.923813 50.177330 
273.000000 -15.074930 -14.883064 -33.020217 68.178449 68.282216 
274.000000 -15.773708 -15.650968 -36.935125 38.758686 34.578618 
275.000000 -16.730480 -16.665471 -42.484281 28.227451 37.250865 
276.000000 -17.866504 -17.849526 -54.170124 45.001424 31.245948 
277.000000 -19.110192 -19.154709 -45.827926 30.554967 12.714349 
278.000000 -20.404794 -20.546878 -35.796332 63.360776 42.262932 
279.000000 -21.709558 -21.995963 -29.779485 76.280180 80.157855 
280.000000 -22.997427 -23.474328 -25.445084 61.912195 87.240417 
281.000000 -24.251708 -24.958318 -22.143597 78.850571 52.264228 
282.000000 -25.462969 -26.429376 -19.551808 36.396667 63.816541 
283.000000 -26.626619 -27.874047 -17.472229 65.721693 86.329335 
284.000000 -27.741160 -29.283271 -15.773626 23.655963 51.867611 
285.000000 -28.806999 -30.651448 -14.364866 78.100527 49.799685 
286.000000 -29.825667 -31.975546 -13.180783 50.090582 21.842450 
287.000000 -30.799310 -33.254358 -12.173716 64.623082 36.540534 
288.000000 -31.695106 -34.506669 -11.165225 7.163739 35.120884 
289.000000 -30.681153 -33.170466 -12.069647 83.684144 55.301722 
290.000000 -29.614814 -31.776116 -13.140232 29.393809 0.730410 
291.000000 -28.492220 -30.322343 -14.425681 16.651025 12.316412 
292.000000 -27.309673 -28.809388 -15.995186 53.854760 24.808586 
293.000000 -26.064062 -27.239913 -17.950531 28.382395 57.318850 
294.000000 -24.753574 -25.620280 -20.448599 36.566615 65.124028 
295.000000 -23.378901 -23.962208 -23.748365 46.571666 18.765555 
296.000000 -21.945201 -22.284669 -28.329487 63.206886 36.666028 
297.000000 -20.465208 -20.615436 -35.316269 41.786863 17.218433 
298.000000 -18.963828 -18.990980 -50.113732 18.508417 3.172842 
299.000000 -17.484280 -17.453348 -48.952724 38.567751 20.939282 
300.000000 -16.094569 -16.046023 -45.028930 23.607715 36.063364 
301.000000 -14.890583 -14.820814 -41.868116 73.509432 66.875220 
302.000000 -13.988807 -13.867553 -37.041605 32.501398 31.151339 
303.000000 -13.502057 -13.329469 -33.949614 86.479079 88.311660 
304.000000 -13.501903 -13.332381 -34.106855 86.484353 88.286259 
305.000000 -13.988350 -13.875580 -37.675991 32.516908 31.072460 
306.000000 -14.889839 -14.832070 -43.513542 73.534329 66.738265 
307.000000 -16.093558 -16.058274 -47.807174 23.574606 36.258318 
308.000000 -17.483022 -17.464992 -53.647178 38.607802 20.691826 
309.000000 -18.962343 -19.001351 -46.972728 18.554202 3.464249 
310.000000 -20.463509 -20.624531 -34.718998 41.837342 16.887212 
311.000000 -21.943301 -22.292804 -28.081419 63.261186 36.301079 
312.000000 -23.376806 -23.969799 -23.610106 46.629082 18.370575 
313.000000 -24.751292 -25.627747 -20.356241 36.506638 65.546290 
314.000000 -26.061597 -27.247637 -17.880568 28.320298 57.766152 
315.000000 -27.307028 -28.817708 -15.937230 53.918629 24.338140 
316.000000 -28.489398 -30.331559 -14.374541 16.716376 12.808236 
317.000000 -29.611816 -31.786490 -13.093068 29.460450 0.340699 
318.000000 -30.677982 -33.182232 -12.024795 83.751843 54.770940 
319.000000 -31.691762 -34.520038 -11.121650 7.095065 35.669197 
320.000000 -32.819034 -36.008554 -10.247793 84.944065 57.122969 
321.000000 -31.768204 -34.628065 -11.040120 72.969340 78.514598 
322.000000 -30.657809 -33.176563 -11.981535 23.809438 52.935841 
323.000000 -29.482125 -31.649628 -13.118317 57.962661 28.288115 
324.000000 -28.235032 -30.043635 -14.518038 0.717554 30.758616 
325.000000 -26.910243 -28.356631 -16.283749 10.536022 40.969301 
326.000000 -25.501804 -26.589768 -18.582302 40.079626 9.533895 
327.000000 -24.005083 -24.749521 -21.709280 13.229095 43.598571 
328.000000 -22.418627 -22.850931 -26.275759 30.285225 0.628631 
329.000000 -20.747553 -20.921764 -34.041725 18.381616 10.121815 
330.000000 -19.009446 -19.006318 -68.869870 11.698226 37.960413 
331.000000 -17.243927 -17.165095 -40.802811 10.437785 33.098647 
332.000000 -15.526120 -15.464932 -43.012216 86.248721 68.919398 
333.000000 -13.980208 -13.967530 -56.709240 3.104009 13.537091 
334.000000 -12.779973 -12.763335 -54.346123 11.771288 15.144946 
335.000000 -12.114730 -12.050817 -42.632545 40.507041 39.280126 
336.000000 -12.114550 -12.054964 -43.243631 40.500843 39.317035 
337.000000 -12.779442 -12.774253 -64.470862 11.753193 15.260812 
338.000000 -13.979350 -13.981462 -72.282788 3.075375 13.736892 
339.000000 -15.524964 -15.478332 -45.379270 86.286207 68.642507 
340.000000 -17.242498 -17.176359 -42.333992 10.393094 33.438993 
341.000000 -19.007765 -19.015411 -61.112007 11.647881 38.352173 
342.000000 -20.745636 -20.929304 -33.587263 18.436399 10.556420 
343.000000 -22.416485 -22.857664 -26.103640 30.343515 0.349627 
344.000000 -24.002723 -24.756129 -21.609688 13.168025 44.104431 
345.000000 -25.499232 -26.596828 -18.510453 40.142945 8.998023 
346.000000 -26.907461 -28.364621 -16.224539 10.470888 41.533146 
347.000000 -28.232045 -30.052953 -14.465078 0.659451 31.347817 
348.000000 -29.478934 -31.660611 -13.068494 58.030608 27.675587 
349.000000 -30.654416 -33.189499 -11.933175 23.740402 53.569858 
350.000000 -31.764610 -34.643208 -10.992252 72.899382 77.861031 
351.000000 -32.815240 -36.026131 -10.199819 85.014736 56.450937 
352.000000 -34.248023 -37.751846 -9.578543 8.161758 35.123444 
353.000000 -33.164595 -36.349550 -10.258090 47.201248 75.088644 
354.000000 -32.014923 -34.864667 -11.066119 66.611961 84.590084 
355.000000 -30.791417 -33.289269 -12.043970 62.188863 88.132312 
356.000000 -29.485436 -31.615089 -13.253193 28.491498 58.936454 
357.000000 -28.087252 -29.834081 -14.790060 41.640204 10.459876 
358.000000 -26.586177 -27.939558 -16.815793 22.260598 54.072455 
359.000000 -24.971049 -25.928328 -19.629761 27.229786 59.495527 
360.000000 -23.231474 -23.804565 -23.896781 44.603795 12.176800 
361.000000 -21.360671 -21.586391 -31.817486 38.292939 6.195124 
362.000000 -19.361519 -19.315835 -45.558117 10.598807 41.555412 
363.000000 -17.258733 -17.069887 -33.159510 51.282306 79.710050 
364.000000 -15.121246 -14.960195 -34.556339 12.023175 35.740999 
365.000000 -13.096209 -13.097353 -77.612093 24.742168 8.606356 
366.000000 -11.438557 -11.563604 -36.897265 0.290939 6.920493 
367.000000 -10.480420 -10.589880 -38.045825 36.155045 36.539738 
368.000000 -10.480204 -10.596172 -37.547455 36.162549 36.482674 
369.000000 -11.437927 -11.578754 -35.872877 0.273417 7.101555 
370.000000 -13.095202 -13.113533 -53.521411 24.775776 8.302258 
371.000000 -15.119901 -14.972745 -35.347052 11.980162 36.142364 
372.000000 -17.257081 -17.078544 -33.652291 51.232177 80.182821 
373.000000 -19.359582 -19.321949 -47.246016 10.543388 42.084958 
374.000000 -21.358465 -21.591397 -31.547917 38.352359 5.619153 
375.000000 -23.229009 -23.809618 -23.787307 44.666249 11.558340 
376.000000 -24.968331 -25.934301 -19.555519 27.164976 60.151101 
377.000000 -26.583211 -27.947114 -16.753645 22.193920 54.760934 
378.000000 -28.084041 -29.843729 -14.732564 41.708396 9.742395 
379.000000 -29.481982 -31.627233 -13.197285 28.422048 59.680793 
380.000000 -30.787721 -33.304240 -11.988184 62.118364 87.375038 
381.000000 -32.010986 -34.882746 -11.009677 66.540557 83.802176 
382.000000 -33.160418 -36.370984 -10.200546 47.129032 75.896989 
383.000000 -34.243607 -37.776856 -9.519622 8.088899 35.949151 
384.000000 -36.098482 -39.691036 -9.402672 83.588233 58.450748 
385.000000 -34.987671 -38.298929 -9.979521 7.110242 33.376863 
386.000000 -33.804774 -36.816174 -10.663159 84.849930 67.711505 
387.000000 -32.540463 -35.231626 -11.488351 33.126189 4.615775 
388.000000 -31.183684 -33.532434 -12.507478 9.315110 38.939846 
389.000000 -29.721307 -31.703995 -13.803694 27.096937 57.839992 
390.000000 -28.137762 -29.730253 -15.518828 13.370503 45.201260 
391.000000 -26.414751 -27.594738 -17.922059 41.511155 8.630026 
392.000000 -24.531325 -25.283279 -21.625728 28.757689 62.593947 
393.000000 -22.465004 -22.790272 -28.693574 24.047159 58.611346 
394.000000 -20.195703 -20.132096 -42.674367 85.881821 51.090387 
395.000000 -17.716730 -17.373006 -27.879665 12.233166 46.288342 
396.000000 -15.062527 -14.663207 -26.549431 65.412141 83.339113 
397.000000 -12.370551 -12.243350 -36.622781 39.583044 15.143025 
398.000000 -9.984781 -10.283755 -29.412687 72.861501 85.267568 
399.000000 -8.505072 -8.923778 -26.546613 24.682423 25.427100 
400.000000 -8.504806 -8.934279 -26.331421 24.672948 25.523268 
401.000000 -9.984012 -10.304477 -28.820418 72.834782 85.573894 
402.000000 -12.369339 -12.258513 -37.827958 39.623191 14.663612 
403.000000 -15.060925 -14.670716 -26.754490 65.362449 82.753183 
404.000000 -17.714774 -17.376267 -28.015138 12.176887 46.951846 
405.000000 -20.193414 -20.134122 -43.286647 85.942325 50.365444 
406.000000 -22.462395 -22.793058 -28.553388 23.982959 59.388135 
407.000000 -24.528405 -25.288099 -21.540588 28.691051 63.414833 
408.000000 -26.411524 -27.602422 -17.847448 41.579658 7.772635 
409.000000 -28.134232 -29.741361 -15.446450 13.300548 46.091851 
410.000000 -29.717476 -31.718927 -13.730905 27.025746 58.757967 
411.000000 -31.179552 -33.551495 -12.433200 9.242985 39.881325 
412.000000 -32.536032 -35.255067 -11.412072 33.199259 3.658720 
413.000000 -33.800046 -36.844208 -10.584602 84.776554 66.732815 
414.000000 -34.982645 -38.331752 -9.898520 7.035870 34.370163 
415.000000 -36.093159 -39.728827 -9.319121 83.663186 57.445274 
416.000000 -38.564117 -41.679782 -10.416588 9.062902 13.282039 
417.000000 -37.431959 -40.335607 -10.928825 57.846529 34.292838 
418.000000 -36.223022 -38.898919 -11.530523 65.960890 89.141953 
419.000000 -34.926511 -37.356674 -12.250350 1.043319 26.800579 
420.000000 -33.529305 -35.692958 -13.131913 75.796345 48.470232 
421.000000 -32.015276 -33.888265 -14.245256 13.293250 41.928548 
422.000000 -30.364408 -31.918627 -15.711570 83.715480 66.225745 
423.000000 -28.551620 -29.754751 -17.764648 50.405174 18.974783 
424.000000 -26.545298 -27.361599 -20.944232 38.115039 5.197060 
425.000000 -24.305698 -24.699798 -27.060461 72.903068 38.409684 
426.000000 -21.784086 -21.732946 -44.575520 3.708128 39.715037 
427.000000 -18.925894 -18.452117 -25.026841 24.299220 13.097166 
428.000000 -15.689362 -14.946195 -20.980326 39.297740 1.762079 
429.000000 -12.117033 -11.560456 -23.586009 25.120285 59.648198 
430.000000 -8.555389 -8.946512 -27.124844 35.659044 13.157877 
431.000000 -6.051258 -7.122305 -18.710137 1.910690 0.295386 
432.000000 -6.050917 -7.142984 -18.551607 1.923348 0.261030 
433.000000 -8.554421 -8.970445 -26.601113 35.693355 12.592049 
434.000000 -12.115535 -11.566565 -23.709382 25.071592 60.405395 
435.000000 -15.687400 -14.944987 -20.989515 39.355204 0.985339 
436.000000 -18.923502 -18.450612 -25.043560 24.362080 14.039774 
437.000000 -21.781281 -21.734422 -45.336958 3.642849 40.720817 
438.000000 -24.302491 -24.705738 -26.865701 72.971900 37.356359 
439.000000 -26.541694 -27.372666 -20.796737 38.185693 4.113796 
440.000000 -28.547623 -29.771246 -17.627961 50.477235 17.858791 
441.000000 -30.360020 -31.940704 -15.577746 83.642847 65.089011 
442.000000 -32.010498 -33.916026 -14.111333 13.219151 43.080891 
443.000000 -33.524138 -35.726494 -12.996459 75.871298 47.306226 
444.000000 -34.920956 -37.396078 -12.112549 0.990962 27.973089 
445.000000 -36.217079 -38.944294 -11.389855 65.884480 88.009831 
446.000000 -37.425629 -40.387063 -10.784932 57.923629 33.111009 
447.000000 -38.557400 -41.737435 -10.269209 9.140291 14.465042 
448.000000 -41.945259 -43.412007 -16.172228 44.824592 63.730892 
449.000000 -40.798448 -42.142124 -16.873574 23.898866 44.019759 
450.000000 -39.571573 -40.784939 -17.696071 1.207680 20.897407 
451.000000 -38.252781 -39.327683 -18.680817 29.005908 6.439747 
452.000000 -36.827434 -37.754371 -19.894622 62.772947 39.032275 
453.000000 -35.277171 -36.044682 -21.455527 76.642514 78.348054 
454.000000 -33.578586 -34.172348 -23.599233 27.384788 53.561846 
455.000000 -31.701264 -32.102784 -26.902136 33.732943 6.257679 
456.000000 -29.604848 -29.789579 -33.537701 68.889681 82.212369 
457.000000 -27.234560 -27.169413 -42.465730 31.789081 1.448055 
458.000000 -24.514374 -24.155480 -27.496911 12.532149 44.713202 
459.000000 -21.337184 -20.633250 -21.471296 1.426526 35.353118 
460.000000 -17.554782 -16.482665 -17.629868 73.458319 69.504429 
461.000000 -12.994730 -11.752987 -16.267384 35.216757 3.963942 
462.000000 -7.678950 -7.504768 -33.868948 14.002762 48.808125 
463.000000 -3.000220 -5.668293 -11.552245 68.489523 70.016689 
464.000000 -2.999772 -5.724973 -11.395319 68.508158 69.635054 
465.000000 -7.677725 -7.521955 -34.848618 13.957306 49.810244 
466.000000 -12.992865 -11.754470 -16.292551 35.275538 5.104360 
467.000000 -17.552341 -16.487501 -17.692735 73.393121 68.245703 
468.000000 -21.334196 -20.645167 -21.664741 1.382001 36.670016 
469.000000 -24.510850 -24.174607 -28.074555 12.461036 46.057231 
470.000000 -27.230508 -27.195248 -47.812910 31.861996 0.484544 
471.000000 -29.600271 -29.821700 -31.982080 68.815558 80.858605 
472.000000 -31.696165 -32.140950 -26.034721 33.808211 4.909900 
473.000000 -33.572966 -34.216466 -22.925082 27.308567 54.907491 
474.000000 -35.271031 -36.094758 -20.869231 76.565754 77.010003 
475.000000 -36.820774 -37.810474 -19.356366 62.850797 37.702383 
476.000000 -38.245603 -39.389919 -18.171243 29.084449 5.121050 
477.000000 -39.563876 -40.853433 -17.204279 1.239006 22.208038 
478.000000 -40.790233 -42.217009 -16.392795 23.818882 45.319298 
479.000000 -41.936526 -43.493415 -15.697949 44.743930 65.018127 
480.000000 -46.039428 -44.451462 -13.953386 72.950103 89.448419 
481.000000 -44.885269 -43.241416 -13.624142 66.249840 83.862363 
482.000000 -43.649354 -41.951013 -13.312787 58.217473 76.900932 
483.000000 -42.319277 -40.568921 -13.023889 48.543014 68.244228 
484.000000 -40.879596 -39.080914 -12.762338 36.807584 57.461692 
485.000000 -39.310762 -37.468795 -12.533400 22.441468 43.961184 
486.000000 -37.587532 -35.708773 -12.342556 4.849229 26.905570 
487.000000 -35.676558 -33.768854 -12.194765 18.134697 5.073055 
488.000000 -33.532552 -31.604513 -12.092125 47.133927 23.399897 
489.000000 -31.091960 -29.150969 -12.027256 85.319914 61.471884 
490.000000 -28.261959 -26.308472 -11.965033 41.343076 65.824386 
491.000000 -24.900262 -22.912079 -11.794115 35.315921 10.740260 
492.000000 -20.776113 -18.666926 -11.218058 25.615523 49.985446 
493.000000 -15.495727 -13.033558 -9.689784 1.997428 23.158654 
494.000000 -8.432713 -5.488698 -7.883943 67.679200 44.470196 
495.000000 -0.000417 -1.732852 -14.854971 46.101451 42.296140 
496.000000 0.000000 -1.799120 -14.559120 46.073064 42.573279 
497.000000 -8.431592 -5.545667 -8.087707 67.736452 43.580876 
498.000000 -15.494046 -13.093078 -9.940438 2.031224 24.376625 
499.000000 -20.773932 -18.724424 -11.498401 25.545656 51.330488 
500.000000 -24.897603 -22.967207 -12.080289 35.387747 9.364606 
501.000000 -28.258834 -26.362722 -12.253707 41.269949 67.197774 
502.000000 -31.088376 -29.205918 -12.323560 85.388584 60.112091 
503.000000 -33.528511 -31.661437 -12.402802 47.208819 22.056413 
504.000000 -35.672063 -33.828738 -12.526293 18.209956 6.400613 
505.000000 -37.582584 -35.772380 -12.700916 4.778120 28.218275 
506.000000 -39.305362 -37.536730 -12.924219 22.364681 45.259742 
507.000000 -40.873746 -39.153666 -13.191084 36.730093 58.746635 
508.000000 -42.312976 -40.646897 -13.496020 48.464950 69.515687 
509.000000 -43.642603 -42.034551 -13.833859 58.138894 78.158638 
510.000000 -44.878069 -43.330803 -14.199878 66.170812 85.105648 
511.000000 -46.031778 -44.546939 -14.589706 72.870761 89.321425 
512.000000 -46.031067 -44.451049 -14.001065 73.034956 89.553950 
513.000000 -44.877447 -43.240572 -13.664687 66.329397 84.017395 
514.000000 -43.642071 -41.949713 -13.346529 58.291602 77.067231 
515.000000 -42.312533 -40.567139 -13.051109 48.611656 68.422240 
516.000000 -40.873391 -39.078618 -12.783262 36.870697 57.653109 
517.000000 -39.305096 -37.465954 -12.548194 22.498945 44.168485 
518.000000 -37.582405 -35.705352 -12.351331 4.897494 27.132258 
519.000000 -35.671970 -33.764822 -12.197585 18.088188 5.326833 
520.000000 -33.528504 -31.599853 -12.089052 47.092799 23.121821 
521.000000 -31.088451 -29.145701 -12.018472 85.287110 61.154200 
522.000000 -28.258989 -26.302707 -11.951162 41.373194 66.190937 
523.000000 -24.897832 -22.906142 -11.776984 35.291306 10.308073 
524.000000 -20.774225 -18.661591 -11.202084 25.634608 50.512049 
525.000000 -15.494381 -13.030386 -9.682389 1.990699 23.798924 
526.000000 -8.431914 -5.490785 -7.893984 67.670954 43.721211 
527.000000 -0.000193 -1.784480 -14.623867 46.105253 43.287012 
528.000000 -0.000317 -1.650014 -15.239999 46.077454 42.722702 
529.000000 -8.432240 -5.471841 -7.827081 67.726541 44.041627 
530.000000 -15.495013 -13.040891 -9.722429 2.023487 23.939597 
531.000000 -20.775232 -18.685751 -11.309846 25.568480 50.957424 
532.000000 -24.899245 -22.937437 -11.923801 35.358433 9.678968 
533.000000 -28.260823 -26.338803 -12.122405 41.305843 66.933898 
534.000000 -31.090713 -29.185955 -12.209711 85.348961 60.337058 
535.000000 -33.531200 -31.644250 -12.300531 47.159845 22.253293 
536.000000 -35.675104 -33.813571 -12.431488 18.154775 6.230788 
537.000000 -37.585978 -35.758728 -12.610692 4.836296 28.064525 
538.000000 -39.309110 -37.524248 -12.836490 22.433237 45.120992 
539.000000 -40.877847 -39.142108 -13.104277 36.805238 58.620501 
540.000000 -42.317432 -40.636082 -13.408893 48.546593 69.400171 
541.000000 -43.647414 -42.024347 -13.745391 58.226981 78.051939 
542.000000 -44.883234 -43.321106 -14.109191 66.265255 85.005190 
543.000000 -46.037298 -44.537671 -14.496021 72.971362 89.382779 
544.000000 -41.935609 -43.408037 -16.141424 44.922826 64.121456 
545.000000 -40.789421 -42.136784 -16.851571 23.990678 44.429014 
546.000000 -39.563168 -40.778120 -17.685500 1.177417 21.327753 
547.000000 -38.245000 -39.319250 -18.685766 28.926745 5.995441 
548.000000 -36.820275 -37.744148 -19.921880 62.700157 38.556187 
549.000000 -35.270635 -36.032439 -21.517538 76.708803 77.839870 
550.000000 -33.572673 -34.157778 -23.722527 27.444878 54.100522 
551.000000 -31.695974 -32.085461 -27.160450 33.679187 5.686854 
552.000000 -29.600181 -29.768898 -34.317365 68.937043 81.584796 
553.000000 -27.230517 -27.144485 -40.040017 31.748042 0.877728 
554.000000 -24.510956 -24.124970 -26.851146 12.566741 45.454160 
555.000000 -21.334392 -20.595132 -21.028096 1.445427 36.165333 
556.000000 -17.552617 -16.434034 -17.237629 73.480296 68.615368 
557.000000 -12.993196 -11.690507 -15.819988 35.200913 4.926183 
558.000000 -7.678061 -7.429684 -30.749566 14.012940 49.933665 
559.000000 -3.000012 -5.625042 -11.673086 68.483265 68.725878 
560.000000 -3.000204 -5.530468 -11.947411 68.501232 69.276380 
561.000000 -7.678603 -7.405678 -29.918594 13.969426 48.937461 
562.000000 -12.994110 -11.689196 -15.804026 35.256600 4.273039 
563.000000 -17.553953 -16.436248 -17.244891 73.419326 68.994493 
564.000000 -21.336185 -20.600404 -21.070819 1.404579 36.009701 
565.000000 -24.513226 -24.134266 -27.014249 12.502404 45.473258 
566.000000 -27.233277 -27.158392 -41.250932 31.813111 0.756256 
567.000000 -29.603437 -29.787700 -33.559489 68.871913 81.321263 
568.000000 -31.699731 -32.109315 -26.733401 33.744215 5.335760 
569.000000 -33.576934 -34.186801 -23.374739 27.380177 54.523367 
570.000000 -35.275403 -36.066742 -21.201698 76.644509 77.358947 
571.000000 -36.825551 -37.783848 -19.621024 62.764082 38.026089 
572.000000 -38.250786 -39.364473 -18.391918 28.990285 5.425703 
573.000000 -39.569465 -40.828995 -17.394276 1.200273 21.931832 
574.000000 -40.796230 -42.193440 -16.560294 23.928242 45.060997 
575.000000 -41.942930 -43.470601 -15.848333 44.860826 64.775999 
576.000000 -38.556912 -41.669288 -10.424215 8.989801 13.799055 
577.000000 -37.425220 -40.323143 -10.943262 57.777942 33.763345 
578.000000 -36.216747 -38.884342 -11.553577 66.024712 88.602451 
579.000000 -34.920703 -37.339806 -12.284698 1.085753 27.365922 
580.000000 -33.523962 -35.673576 -13.181729 75.742055 47.886117 
581.000000 -32.010400 -33.866088 -14.317516 13.342789 42.533633 
582.000000 -30.359998 -31.893301 -15.819104 83.759988 65.597469 
583.000000 -28.547676 -29.725828 -17.934684 50.365079 18.324545 
584.000000 -26.541821 -27.328514 -21.250554 38.079693 4.528472 
585.000000 -24.302689 -24.661867 -27.849059 72.872456 37.708212 
586.000000 -21.781545 -21.689386 -39.439390 3.733676 40.441172 
587.000000 -18.923824 -18.402180 -24.166681 24.278018 13.846280 
588.000000 -15.687765 -14.889574 -20.332005 39.281087 1.072234 
589.000000 -12.115915 -11.498584 -22.655423 25.132662 60.451050 
590.000000 -8.554767 -8.886129 -28.535367 35.650309 12.321428 
591.000000 -6.051150 -7.057157 -19.222413 1.904085 0.616228 
592.000000 -6.051291 -7.021571 -19.518965 1.916276 0.383401 
593.000000 -8.555176 -8.849420 -29.548855 35.683189 13.033015 
594.000000 -12.116592 -11.489655 -22.516449 25.086322 59.733761 
595.000000 -15.688732 -14.890817 -20.335149 39.335316 1.597877 
596.000000 -18.925106 -18.406391 -24.217053 24.336769 13.391807 
597.000000 -21.783163 -21.695065 -39.832839 3.673512 40.110689 
598.000000 -24.304655 -24.669182 -27.723339 72.935337 37.927434 
599.000000 -26.544146 -27.337997 -21.175403 38.143548 4.648213 
600.000000 -28.550366 -29.738010 -17.869615 50.429434 18.358883 
601.000000 -30.363056 -31.908634 -15.755801 83.695736 65.556017 
602.000000 -32.013830 -33.884945 -14.253047 13.278241 42.641956 
603.000000 -33.527768 -35.696268 -13.114801 75.806563 47.718971 
604.000000 -34.924885 -37.366599 -12.214665 1.040250 27.584854 
605.000000 -36.221308 -38.915474 -11.480090 65.960433 88.350709 
606.000000 -37.430159 -40.358824 -10.866120 57.841950 33.458433 
607.000000 -38.562231 -41.709711 -10.343297 9.053412 14.138946 
608.000000 -36.092968 -39.674960 -9.423328 83.532282 57.908412 
609.000000 -34.982514 -38.280903 -10.007317 7.162601 33.928198 
610.000000 -33.799974 -36.796100 -10.700129 84.898461 67.150361 
611.000000 -32.536020 -35.209388 -11.537539 33.080990 4.053273 
612.000000 -31.179599 -33.507893 -12.573686 9.356636 39.519917 
613.000000 -29.717580 -31.676993 -13.895063 27.134872 58.429502 
614.000000 -28.134393 -29.700610 -15.650590 13.404800 45.800783 
615.000000 -26.411741 -27.562261 -18.127308 41.480483 8.023722 
616.000000 -24.528673 -25.247784 -21.997446 28.784758 63.210722 
617.000000 -22.462711 -22.751626 -29.704958 24.070642 59.235438 
618.000000 -20.193772 -20.090309 -38.428858 85.861921 50.460106 
619.000000 -17.715162 -17.328425 -26.833877 12.249666 46.923655 
620.000000 -15.061326 -14.616891 -25.596961 65.425307 82.699591 
621.000000 -12.369725 -12.197513 -33.968775 39.572805 14.504846 
622.000000 -9.984342 -10.239144 -30.779322 72.869451 85.861468 
623.000000 -8.505026 -8.868059 -27.758250 24.689236 25.888941 
624.000000 -8.505131 -8.849594 -28.205101 24.680130 25.739210 
625.000000 -9.984652 -10.205862 -31.990580 72.843823 85.427595 
626.000000 -12.370237 -12.176602 -32.939624 39.611150 15.076453 
627.000000 -15.062047 -14.608923 -25.424398 65.378105 83.263253 
628.000000 -17.716107 -17.327446 -26.789806 12.196596 46.417353 
629.000000 -20.194956 -20.092818 -38.541424 85.918489 50.895107 
630.000000 -22.464148 -22.756186 -29.613119 24.011009 58.872563 
631.000000 -24.530371 -25.253976 -21.945552 28.723366 62.917129 
632.000000 -26.413707 -27.570109 -18.085895 41.543068 8.251776 
633.000000 -28.136633 -29.710315 -15.612911 13.341485 45.632920 
634.000000 -29.720099 -31.688816 -13.858392 27.070984 58.317718 
635.000000 -31.182398 -33.522105 -12.536667 9.292541 39.459763 
636.000000 -32.539104 -35.226251 -11.499418 33.145412 4.065600 
637.000000 -33.803343 -36.815862 -10.660458 84.834248 67.119514 
638.000000 -34.986170 -38.303796 -9.965815 7.098331 33.998939 
639.000000 -36.096912 -39.701200 -9.379811 83.596443 57.801270 
640.000000 -34.243609 -37.732775 -9.608115 8.206663 35.643852 
641.000000 -33.160468 -36.328885 -10.295542 47.243270 75.611508 
642.000000 -32.011082 -34.842368 -11.113835 66.651057 84.060836 
643.000000 -30.787864 -33.265292 -12.105556 62.225050 87.603470 
644.000000 -29.482170 -31.589389 -13.334412 28.524788 59.470809 
645.000000 -28.084273 -29.806618 -14.900829 41.609824 9.923854 
646.000000 -26.583486 -27.910305 -16.975015 22.288093 54.612000 
647.000000 -24.968646 -25.897290 -19.879481 27.254400 60.036498 
648.000000 -23.229360 -23.771807 -24.358949 44.582045 11.635913 
649.000000 -21.358846 -21.552085 -33.150859 38.274008 5.656101 
650.000000 -19.359986 -19.280341 -40.713264 10.615025 42.095195 
651.000000 -17.257494 -17.033861 -31.673520 51.295864 80.245416 
652.000000 -15.120306 -14.924603 -32.846282 12.034345 36.268128 
653.000000 -13.095575 -13.062714 -48.426362 24.733103 8.105451 
654.000000 -11.438236 -11.527121 -39.844086 0.297678 7.361403 
655.000000 -10.480413 -10.543167 -42.854847 36.148168 36.201392 
656.000000 -10.480496 -10.531867 -44.587580 36.155379 36.295680 
657.000000 -11.438482 -11.501703 -42.790602 0.280806 7.080750 
658.000000 -13.095981 -13.038749 -43.594946 24.765267 8.524026 
659.000000 -15.120875 -14.909159 -32.155140 11.993352 35.794320 
660.000000 -17.258233 -17.026063 -31.343840 51.248299 79.775393 
661.000000 -19.360904 -19.277673 -40.328879 10.562744 41.655227 
662.000000 -21.359955 -21.552711 -33.172336 38.329763 6.054285 
663.000000 -23.230667 -23.774704 -24.334322 44.640283 11.990529 
664.000000 -24.970159 -25.901974 -19.851430 27.194362 59.726459 
665.000000 -26.585210 -27.916605 -16.947345 22.226740 54.345765 
666.000000 -28.086213 -29.814532 -14.873642 41.672157 10.147695 
667.000000 -29.484329 -31.599007 -13.307299 28.461757 59.287087 
668.000000 -30.790245 -33.276751 -12.078111 62.161498 87.746880 
669.000000 -32.013687 -34.855825 -11.085739 66.587143 84.170037 
670.000000 -33.163299 -36.344508 -10.266554 47.179108 75.536159 
671.000000 -34.246668 -37.750733 -9.578055 8.142457 35.600354 
672.000000 -32.815372 -35.988609 -10.284603 84.906799 56.642046 
673.000000 -31.764781 -34.606938 -11.085687 73.004213 78.032615 
674.000000 -30.654624 -33.154256 -12.038630 23.841919 53.417308 
675.000000 -29.479179 -31.626147 -13.191157 57.932594 27.806797 
676.000000 -28.232325 -30.018997 -14.613416 0.742371 31.239875 
677.000000 -26.907775 -28.330872 -16.413432 10.561300 41.449533 
678.000000 -25.499577 -26.562951 -18.768830 40.056745 9.056199 
679.000000 -24.003096 -24.721752 -22.002716 13.249640 44.075026 
680.000000 -22.416881 -22.822387 -26.818306 30.267027 0.364431 
681.000000 -20.746049 -20.892721 -35.522616 18.365695 10.590919 
682.000000 -19.008187 -18.977175 -48.930149 11.712015 38.423023 
683.000000 -17.242916 -17.136336 -38.169411 10.449536 33.550790 
684.000000 -15.525361 -15.436827 -39.789763 86.238762 68.486351 
685.000000 -13.979706 -13.939258 -46.618171 3.112459 13.935236 
686.000000 -12.779732 -12.731768 -45.133920 11.778653 15.487119 
687.000000 -12.114749 -12.010975 -38.402583 40.513957 39.545157 
688.000000 -12.114817 -12.003358 -37.778193 40.508001 39.480190 
689.000000 -12.779934 -12.712738 -42.195680 11.761285 15.292703 
690.000000 -13.980040 -13.917254 -42.787553 3.085038 13.628388 
691.000000 -15.525828 -15.418471 -38.105950 86.274558 68.864512 
692.000000 -17.243519 -17.123706 -37.146240 10.406995 33.144402 
693.000000 -19.008933 -18.969672 -46.877286 11.664282 38.017574 
694.000000 -20.746945 -20.889119 -35.790880 18.417428 10.202586 
695.000000 -22.417934 -22.821664 -26.855549 30.321805 0.550284 
696.000000 -24.004312 -24.723226 -21.999726 13.192559 43.739711 
697.000000 -25.500961 -26.566221 -18.754359 40.115636 9.361367 
698.000000 -26.909332 -28.335734 -16.394890 10.501076 41.174439 
699.000000 -28.234058 -30.025371 -14.593124 0.688752 30.994722 
700.000000 -29.481091 -31.634034 -13.169885 57.994739 28.022726 
701.000000 -30.656718 -33.163705 -12.016612 23.779146 53.229674 
702.000000 -31.767059 -34.618030 -11.062960 72.940946 78.192940 
703.000000 -32.817835 -36.001443 -10.261134 84.970253 56.776336 
704.000000 -31.691985 -34.487110 -11.208380 7.195583 35.559054 
705.000000 -30.678236 -33.150080 -12.122496 83.654358 54.864931 
706.000000 -29.612101 -31.754932 -13.205929 29.366087 0.399387 
707.000000 -28.489712 -30.300398 -14.509043 16.625359 12.749798 
708.000000 -27.307370 -28.786734 -16.103971 53.831110 24.378123 
709.000000 -26.061963 -27.216624 -18.098132 28.404027 57.746514 
710.000000 -24.751681 -25.596460 -20.660392 36.586245 65.548117 
711.000000 -23.377214 -23.938001 -24.079212 46.554006 18.345842 
712.000000 -21.943722 -22.260273 -28.925197 63.191142 36.251562 
713.000000 -20.463937 -20.591099 -36.752642 41.772982 16.811273 
714.000000 -18.962769 -18.966969 -66.312569 18.496307 3.569104 
715.000000 -17.483434 -17.429807 -44.161854 38.557241 20.557386 
716.000000 -16.093941 -16.022646 -41.679408 23.616828 36.421681 
717.000000 -14.890177 -14.796326 -39.280610 73.501441 66.552004 
718.000000 -13.988624 -13.839476 -35.229240 32.494164 30.875450 
719.000000 -13.502095 -13.294846 -32.342590 86.472137 88.094828 
720.000000 -13.502153 -13.289368 -32.110888 86.477204 88.142546 
721.000000 -13.988795 -13.824989 -34.407633 32.509056 31.018206 
722.000000 -14.890460 -14.777565 -37.666246 73.525311 66.783031 
723.000000 -16.094337 -16.004428 -39.655210 23.585149 36.122383 
724.000000 -17.483944 -17.414928 -41.962834 38.595464 20.897838 
725.000000 -18.963396 -18.956159 -61.581725 18.539870 3.212875 
726.000000 -20.464687 -20.584003 -37.301854 41.820842 17.169349 
727.000000 -21.944600 -22.256237 -29.058650 63.242425 36.599904 
728.000000 -23.378224 -23.936422 -24.118132 46.608019 18.678501 
729.000000 -24.752829 -25.596889 -20.667440 36.530064 65.234368 
730.000000 -26.063253 -27.218759 -18.092192 28.346119 57.453402 
731.000000 -27.308805 -28.790392 -16.092013 53.890403 24.649794 
732.000000 -28.491296 -30.305481 -14.493963 16.685761 12.499887 
733.000000 -29.613836 -31.761403 -13.189024 29.427381 0.562502 
734.000000 -30.680124 -33.157944 -12.104369 83.716280 55.072181 
735.000000 -31.694028 -34.496400 -11.189318 7.133071 35.372509 
736.000000 -30.799599 -33.224849 -12.265583 64.528704 36.593185 
737.000000 -29.825981 -31.946519 -13.286072 49.999098 21.881503 
738.000000 -28.807338 -30.622760 -14.488640 78.012079 49.824076 
739.000000 -27.741522 -29.254773 -15.923707 23.741181 51.858312 
740.000000 -26.627002 -27.845587 -17.661340 65.803435 86.321550 
741.000000 -25.463370 -26.400800 -19.802014 36.474695 63.839917 
742.000000 -24.252124 -24.929478 -22.496446 78.776598 52.223003 
743.000000 -22.997854 -23.445097 -25.988081 61.981668 87.299037 
744.000000 -21.709990 -21.966252 -30.730401 76.344668 80.077952 
745.000000 -20.405225 -20.516670 -37.890718 63.301797 42.162478 
746.000000 -19.110613 -19.124085 -56.194264 30.502217 12.592757 
747.000000 -17.866905 -17.818668 -45.084618 44.955623 31.103775 
748.000000 -16.730848 -16.634576 -39.058086 28.265536 37.410487 
749.000000 -15.774030 -15.620029 -34.948714 38.729026 34.407779 
750.000000 -15.075191 -14.851643 -31.676841 68.199161 68.455205 
751.000000 -14.704659 -14.427900 -29.795509 47.912269 50.012586 
752.000000 -14.704708 -14.423774 -29.663328 47.916676 50.049188 
753.000000 -15.075339 -14.840350 -31.237571 68.186145 68.345570 
754.000000 -15.774275 -15.604369 -34.087028 38.750077 34.587291 
755.000000 -16.731191 -16.617844 -37.631341 28.237278 37.171214 
756.000000 -17.867346 -17.803396 -42.627550 44.990144 31.386631 
757.000000 -19.111154 -19.111559 -86.627639 30.542050 12.901808 
758.000000 -20.405869 -20.507191 -38.712780 63.346061 42.483288 
759.000000 -21.710741 -21.959613 -30.980930 76.296742 80.399839 
760.000000 -22.998717 -23.440920 -26.084012 61.930732 86.984167 
761.000000 -24.253102 -24.927394 -22.534282 78.829984 52.529109 
762.000000 -25.464467 -26.400509 -19.814196 36.419273 63.546719 
763.000000 -26.628221 -27.846870 -17.660918 65.746352 86.599146 
764.000000 -27.742866 -29.257480 -15.916552 23.682740 51.595171 
765.000000 -28.808810 -30.626799 -14.477607 78.071629 50.071235 
766.000000 -29.827584 -31.951842 -13.272632 50.059594 22.112516 
767.000000 -30.801333 -33.231439 -12.250524 64.589962 36.808093 
768.000000 -30.088255 -32.179371 -13.393316 71.322887 81.532072 
769.000000 -29.157062 -30.967488 -14.510164 7.107452 34.198247 
770.000000 -28.188099 -29.721781 -15.817140 73.007809 80.074421 
771.000000 -27.180727 -28.445162 -17.362906 80.609672 72.821290 
772.000000 -26.135232 -27.142356 -19.213320 19.723734 45.728467 
773.000000 -25.053341 -25.820406 -21.460348 57.992603 83.168342 
774.000000 -23.938972 -24.489181 -24.239391 0.495078 24.474858 
775.000000 -22.799266 -23.161748 -27.771188 9.007038 31.448300 
776.000000 -21.645962 -21.854433 -32.499386 61.887058 82.244065 
777.000000 -20.497089 -20.586428 -39.800093 46.755345 29.062826 
778.000000 -19.378804 -19.379203 -86.773919 12.928877 27.336149 
779.000000 -18.326877 -18.256964 -41.850104 26.811956 37.387351 
780.000000 -17.386883 -17.250261 -35.997465 42.042579 35.595846 
781.000000 -16.611794 -16.403042 -32.279081 51.041131 48.552887 
782.000000 -16.055811 -15.776573 -29.716809 34.433017 35.112516 
783.000000 -15.764618 -15.438452 -28.343911 18.812527 21.270923 
784.000000 -15.764662 -15.435232 -28.255792 18.816425 21.300018 
785.000000 -16.055941 -15.767565 -29.432524 34.444568 35.199673 
786.000000 -16.612011 -16.389989 -31.737121 51.059929 48.696439 
787.000000 -17.387185 -17.235402 -35.075846 42.068023 35.790342 
788.000000 -18.327265 -18.242328 -40.151831 26.780584 37.151537 
789.000000 -19.379280 -19.366152 -56.405731 12.892330 27.070854 
790.000000 -20.497653 -20.575613 -40.977804 46.796346 29.346190 
791.000000 -21.646619 -21.846000 -32.882097 61.842275 81.952151 
792.000000 -22.800019 -23.155570 -27.935405 8.959080 31.154676 
793.000000 -23.939823 -24.485032 -24.316199 0.449171 24.184590 
794.000000 -25.054293 -25.818051 -21.496251 57.939699 82.884918 
795.000000 -26.136289 -27.141591 -19.228156 19.668948 45.453886 
796.000000 -27.181891 -28.445827 -17.366093 80.553304 73.085371 
797.000000 -28.189373 -29.723760 -15.813491 72.950105 80.327025 
798.000000 -29.158448 -30.970703 -14.502280 7.048665 33.957492 
799.000000 -30.089755 -32.183773 -13.382665 71.263119 81.760403 
800.000000 -29.522253 -31.322675 -14.553468 66.245807 87.646598 
801.000000 -28.634838 -30.180475 -15.755500 79.311250 53.473225 
802.000000 -27.716577 -29.014526 -17.152030 78.494018 76.069235 
803.000000 -26.768082 -27.828768 -18.789494 9.250399 15.595723 
804.000000 -25.791066 -26.628746 -20.730193 6.857629 30.881816 
805.000000 -24.788823 -25.421898 -23.061798 65.782855 42.849582 
806.000000 -23.766876 -24.217778 -25.919119 62.083003 40.574097 
807.000000 -22.733794 -23.028120 -29.546453 0.404966 20.064846 
808.000000 -21.702183 -21.866712 -34.533595 78.953159 61.523357 
809.000000 -20.689759 -20.749186 -43.326388 36.310140 51.004047 
810.000000 -19.720286 -19.693204 -50.109226 40.438817 28.926641 
811.000000 -18.823993 -18.719897 -38.375486 21.794259 29.803480 
812.000000 -18.036876 -17.857086 -33.590932 12.799293 17.235712 
813.000000 -17.398248 -17.142787 -30.501747 83.113345 84.283330 
814.000000 -16.946213 -16.624345 -28.461277 26.667169 25.317394 
815.000000 -16.711548 -16.348726 -27.400364 3.765107 1.030974 
816.000000 -16.711587 -16.346143 -27.336509 3.761613 1.007159 
817.000000 -16.946330 -16.617011 -28.258773 26.656792 25.246207 
818.000000 -17.398442 -17.131836 -30.125274 83.096381 84.165759 
819.000000 -18.037146 -17.844065 -32.964787 12.776192 17.074775 
820.000000 -18.824340 -18.706358 -37.280972 21.765570 29.605107 
821.000000 -19.720710 -19.680377 -46.642954 40.472496 29.154534 
822.000000 -20.690262 -20.737841 -45.251681 36.272073 50.755132 
823.000000 -21.702767 -21.857212 -35.077923 78.995038 61.785476 
824.000000 -22.734461 -23.020543 -29.789101 0.364100 19.795973 
825.000000 -23.767629 -24.212048 -26.041689 62.131006 40.844798 
826.000000 -24.789664 -25.417873 -23.126421 65.833276 43.118431 
827.000000 -25.791997 -26.626270 -20.763920 6.805164 30.617452 
828.000000 -26.769107 -27.827702 -18.805611 9.304650 15.337721 
829.000000 -27.717698 -29.014753 -17.157574 78.438256 76.319612 
830.000000 -28.636057 -30.181906 -15.754405 79.368290 53.715162 
831.000000 -29.523571 -31.325246 -14.548028 66.187649 87.877886 
832.000000 -29.074915 -30.627004 -15.722445 68.459544 43.573811 
833.000000 -28.231792 -29.554618 -16.999253 63.386281 87.821016 
834.000000 -27.364248 -28.466894 -18.473055 47.450866 23.608665 
835.000000 -26.473879 -27.368260 -20.189193 50.155354 27.108678 
836.000000 -25.563450 -26.264464 -22.209907 44.544730 66.565972 
837.000000 -24.637309 -25.162714 -24.627790 44.145820 64.871391 
838.000000 -23.701904 -24.071738 -27.600415 65.856845 46.739253 
839.000000 -22.766390 -23.001759 -31.458745 57.837690 74.996225 
840.000000 -21.843288 -21.964429 -37.170941 36.231294 51.059757 
841.000000 -20.949087 -20.972939 -51.237811 28.066519 40.201886 
842.000000 -20.104622 -20.042654 -42.901837 10.123235 19.267292 
843.000000 -19.334937 -19.192631 -35.640593 42.138954 36.143930 
844.000000 -18.668310 -18.447725 -31.794229 26.511169 29.425541 
845.000000 -18.134172 -17.839680 -29.247136 12.624175 12.820164 
846.000000 -17.759887 -17.404663 -27.588003 75.990512 74.143242 
847.000000 -17.566858 -17.175911 -26.737725 21.659268 18.707251 
848.000000 -17.566893 -17.173793 -26.688936 21.656103 18.687415 
849.000000 -17.759992 -17.398584 -27.435001 75.981096 74.083842 
850.000000 -18.134347 -17.830409 -28.968180 12.608730 12.721802 
851.000000 -18.668554 -18.436352 -31.342606 26.490038 29.290151 
852.000000 -19.335250 -19.180330 -34.896595 42.165342 36.312655 
853.000000 -20.105005 -20.030460 -41.290585 10.092072 19.070535 
854.000000 -20.949541 -20.961612 -57.146831 28.031073 39.983281 
855.000000 -21.843813 -21.954432 -37.954924 36.192054 50.825487 
856.000000 -22.766989 -22.993308 -31.794792 57.795114 74.751840 
857.000000 -23.702578 -24.064882 -27.775358 65.902335 46.989165 
858.000000 -24.638061 -25.157405 -24.725562 44.097791 64.619590 
859.000000 -25.564283 -26.260612 -22.265833 44.494499 66.315061 
860.000000 -26.474794 -27.365760 -20.220736 50.207495 27.356628 
861.000000 -27.365247 -28.465648 -18.489657 47.504664 23.852128 
862.000000 -28.232877 -29.554541 -17.006318 63.331046 87.584103 
863.000000 -29.076088 -30.628028 -15.723205 68.516020 43.805282 
864.000000 -28.725597 -30.067124 -16.886431 38.094111 61.673468 
865.000000 -27.926560 -29.062642 -18.229938 87.203177 69.814290 
866.000000 -27.108927 -28.049635 -19.773298 68.354525 89.402450 
867.000000 -26.275023 -27.032638 -21.563370 27.708411 6.464575 
868.000000 -25.428329 -26.017231 -23.668209 31.610906 11.552177 
869.000000 -24.573818 -25.010090 -26.198362 44.478280 63.096993 
870.000000 -23.718348 -24.018996 -29.364992 6.717528 23.613360 
871.000000 -22.871077 -23.052830 -33.677353 19.505897 34.380441 
872.000000 -22.043866 -22.121644 -40.998100 65.503785 78.058545 
873.000000 -21.251571 -21.236982 -55.488269 54.218289 44.244640 
874.000000 -20.512080 -20.412632 -38.774623 0.206097 7.395894 
875.000000 -19.845942 -19.665799 -33.573724 27.963552 32.366107 
876.000000 -19.275400 -19.018174 -30.441054 8.703375 10.445827 
877.000000 -18.822733 -18.495748 -28.321710 76.466698 77.009808 
878.000000 -18.507996 -18.126149 -26.946882 63.476162 65.703529 
879.000000 -18.346487 -17.933370 -26.247449 36.078471 32.951076 
880.000000 -18.346519 -17.931602 -26.208765 36.075579 32.934228 
881.000000 -18.508091 -18.121033 -26.826519 63.484779 65.753997 
882.000000 -18.822892 -18.487823 -28.105515 76.480868 77.093468 
883.000000 -19.275622 -19.008225 -30.099110 8.683919 10.330212 
884.000000 -19.846227 -19.654716 -33.036486 27.939150 32.220958 
885.000000 -20.512428 -20.401260 -37.801011 0.180673 7.224828 
886.000000 -21.251984 -21.226010 -50.472544 54.251395 44.437186 
887.000000 -22.044344 -22.111558 -42.260606 65.466946 77.849316 
888.000000 -22.871620 -23.043924 -34.136400 19.465726 34.159084 
889.000000 -23.718959 -24.011408 -29.601096 6.674408 23.383959 
890.000000 -24.574499 -25.003853 -26.333763 44.432535 62.862936 
891.000000 -25.429081 -26.012316 -23.749394 31.658953 11.788122 
892.000000 -26.275848 -27.028985 -21.612656 27.758480 6.700213 
893.000000 -27.109827 -28.047173 -19.802748 68.302680 89.614429 
894.000000 -27.927537 -29.061301 -18.246545 87.149836 70.044864 
895.000000 -28.726652 -30.066841 -16.894446 38.039340 61.447003 
896.000000 -28.457897 -29.621032 -18.038759 36.232088 58.454692 
897.000000 -27.702154 -28.681296 -19.444342 3.375236 24.856944 
898.000000 -26.932990 -27.738422 -21.055312 78.049917 81.368156 
899.000000 -26.153231 -26.796821 -22.923904 71.121489 89.366531 
900.000000 -25.366795 -25.861719 -25.131808 27.768725 9.586890 
901.000000 -24.578950 -24.939172 -27.824378 50.281230 33.633238 
902.000000 -23.796589 -24.036082 -31.309886 9.445422 5.425716 
903.000000 -23.028504 -23.160256 -36.446942 80.340681 86.813661 
904.000000 -22.285601 -22.320576 -47.918513 23.391837 33.979287 
905.000000 -21.580988 -21.527403 -44.168737 17.051373 8.897913 
906.000000 -20.929846 -20.793228 -35.997697 58.440528 52.813680 
907.000000 -20.348981 -20.133415 -31.996657 61.644444 64.775149 
908.000000 -19.855968 -19.566561 -29.401007 33.730916 32.906358 
909.000000 -19.467878 -19.113752 -27.615463 0.088879 1.038157 
910.000000 -19.199687 -18.796216 -26.457521 29.672672 32.197784 
911.000000 -19.062600 -18.631614 -25.870641 47.849089 44.577883 
912.000000 -19.062629 -18.630114 -25.839111 47.846426 44.563359 
913.000000 -19.199775 -18.791853 -26.359988 29.680614 32.241289 
914.000000 -19.468024 -19.106913 -27.442285 0.077396 1.110129 
915.000000 -19.856172 -19.557825 -29.132230 33.748934 33.006365 
916.000000 -20.349244 -20.123460 -31.589299 61.621768 64.648938 
917.000000 -20.930166 -20.782735 -35.330694 58.467545 52.963596 
918.000000 -21.581366 -21.516973 -42.567267 17.082389 9.068275 
919.000000 -22.286039 -22.310675 -50.957047 23.357174 33.792075 
920.000000 -23.029002 -23.151207 -37.095547 80.302718 87.013756 
921.000000 -23.797148 -24.028079 -31.621846 9.486352 5.215821 
922.000000 -24.579572 -24.932308 -28.003044 50.324816 33.849843 
923.000000 -25.367481 -25.856021 -25.241417 27.814679 9.807485 
924.000000 -26.153983 -26.792270 -22.993145 71.073429 89.575217 
925.000000 -26.933809 -27.734978 -21.099305 77.999988 81.590731 
926.000000 -27.703042 -28.678910 -19.471826 3.323701 24.635489 
927.000000 -28.458855 -29.619654 -18.055083 36.179030 58.235461 
928.000000 -28.258526 -29.269984 -19.178151 64.385640 43.534361 
929.000000 -27.544830 -28.391151 -20.645310 2.248653 22.245751 
930.000000 -26.822227 -27.513365 -22.328275 7.322649 11.667679 
931.000000 -26.093859 -26.640794 -24.289611 77.994774 84.203435 
932.000000 -25.363859 -25.778243 -26.634595 68.239774 84.654662 
933.000000 -24.637540 -24.931173 -29.566588 47.629585 32.799274 
934.000000 -23.921587 -24.105747 -33.564270 78.248858 88.705830 
935.000000 -23.224212 -23.308936 -40.258497 72.692018 83.738416 
936.000000 -22.555247 -22.548740 -62.505150 78.403458 69.512379 
937.000000 -21.926113 -21.834565 -39.497486 29.827468 23.205389 
938.000000 -21.349617 -21.177703 -33.983923 23.306404 27.629809 
939.000000 -20.839508 -20.591711 -30.770172 66.052602 68.156784 
940.000000 -20.409761 -20.092349 -28.584637 84.264231 84.358598 
941.000000 -20.073620 -19.696679 -27.061654 65.316916 63.747331 
942.000000 -19.842464 -19.421154 -26.072745 1.133328 3.896464 
943.000000 -19.724673 -19.279015 -25.572467 57.555141 54.164175 
944.000000 -19.724700 -19.277727 -25.546212 57.552674 54.151499 
945.000000 -19.842545 -19.417390 -25.991888 1.140690 3.934420 
946.000000 -20.073755 -19.690724 -26.919385 65.304764 63.684295 
947.000000 -20.409950 -20.084639 -28.367145 84.247461 84.271115 
948.000000 -20.839750 -20.582769 -30.449441 66.031437 68.045943 
949.000000 -21.349914 -21.168077 -33.491579 23.281105 27.497402 
950.000000 -21.926463 -21.824764 -38.579097 29.856613 23.356988 
951.000000 -22.555651 -22.539191 -54.439541 78.436148 69.680406 
952.000000 -23.224672 -23.299964 -41.278898 72.656081 83.556943 
953.000000 -23.922102 -24.097573 -33.979768 78.209970 88.896530 
954.000000 -24.638112 -24.923931 -29.796989 47.671143 32.999277 
955.000000 -25.364489 -25.772000 -26.776469 68.195807 84.449174 
956.000000 -26.094550 -26.635570 -24.381119 77.948644 84.412382 
957.000000 -26.822979 -27.509150 -22.388464 7.370716 11.456823 
958.000000 -27.545644 -28.387918 -20.684951 2.198934 22.034416 
959.000000 -28.259404 -29.267698 -19.203807 64.437003 43.745051 
960.000000 -28.116565 -28.998223 -20.307382 74.812108 55.320164 
961.000000 -27.443332 -28.176159 -21.840083 86.696811 68.147235 
962.000000 -26.765072 -27.358356 -23.605992 2.196945 19.653311 
963.000000 -26.085088 -26.548686 -25.684234 3.268438 19.469884 
964.000000 -25.407561 -25.751540 -28.217077 87.041531 78.181586 
965.000000 -24.737683 -24.971858 -31.502308 63.160906 76.330913 
966.000000 -24.081775 -24.215198 -36.338295 79.602535 68.205902 
967.000000 -23.447366 -23.487871 -46.646260 6.748246 16.219791 
968.000000 -22.843206 -22.797165 -45.490398 50.423102 42.992354 
969.000000 -22.279173 -22.151641 -36.600099 84.151382 78.822124 
970.000000 -21.766045 -21.561440 -32.455490 72.451673 75.694707 
971.000000 -21.315098 -21.038406 -29.797646 46.627015 47.893661 
972.000000 -20.937533 -20.595811 -27.931413 6.470548 5.976019 
973.000000 -20.643744 -20.247477 -26.617645 58.502255 60.436470 
974.000000 -20.442513 -20.006285 -25.762993 23.212894 20.255805 
975.000000 -20.340227 -19.882330 -25.330980 65.620939 62.128894 
976.000000 -20.340252 -19.881211 -25.308737 65.618642 62.117712 
977.000000 -20.442588 -20.003005 -25.694733 23.206031 20.222300 
978.000000 -20.643869 -20.242250 -26.498411 58.513596 60.492111 
979.000000 -20.937708 -20.588970 -27.751333 6.454869 5.898661 
980.000000 -21.315323 -21.030360 -29.537639 46.607181 47.795435 
981.000000 -21.766320 -21.552631 -32.073595 72.427902 75.576891 
982.000000 -22.279498 -22.142497 -35.973237 84.178845 78.957800 
983.000000 -22.843581 -22.788065 -43.860057 50.454005 43.143759 
984.000000 -23.447792 -23.479123 -48.872560 6.714171 16.054988 
985.000000 -24.082253 -24.207032 -36.915784 79.639529 68.381720 
986.000000 -24.738213 -24.964431 -31.798615 63.121245 76.146374 
987.000000 -25.408145 -25.744949 -28.396589 86.999463 78.372719 
988.000000 -26.085727 -26.542981 -25.800752 3.224179 19.273995 
989.000000 -26.765766 -27.353554 -23.684120 2.150734 19.454287 
990.000000 -27.444083 -28.172254 -21.893153 86.744854 68.348039 
991.000000 -28.117374 -28.995197 -20.343365 74.861807 55.521626 
992.000000 -28.022948 -28.792611 -21.432268 13.171479 31.335700 
993.000000 -27.388365 -28.023157 -23.039118 74.859531 57.704960 
994.000000 -26.752042 -27.260404 -24.905758 64.483613 48.478766 
995.000000 -26.117327 -26.507932 -27.136099 36.080477 50.788174 
996.000000 -25.488328 -25.769752 -29.929385 37.885906 51.145874 
997.000000 -24.870005 -25.050363 -33.743610 68.727231 57.062547 
998.000000 -24.268232 -24.354827 -40.069675 65.917895 75.851225 
999.000000 -23.689825 -23.688916 -79.595524 70.933111 79.023172 
1000.000000 -23.142507 -23.059293 -40.330768 64.982839 58.810129 
1001.000000 -22.634785 -22.473737 -34.556526 6.675159 10.908860 
1002.000000 -22.175731 -21.941289 -31.258082 85.492259 83.150739 
1003.000000 -21.774633 -21.472224 -29.012756 7.566978 8.143117 
1004.000000 -21.440534 -21.077688 -27.399792 84.233726 85.210089 
1005.000000 -21.181688 -20.768923 -26.255034 9.682223 11.914318 
1006.000000 -21.004969 -20.556116 -25.508797 44.164984 41.047568 
1007.000000 -20.915326 -20.447082 -25.131662 72.362119 68.783752 
1008.000000 -20.915350 -20.446101 -25.112549 72.359969 68.773798 
1009.000000 -21.005040 -20.553231 -25.450310 44.158558 41.017739 
1010.000000 -21.181805 -20.764300 -26.153470 9.692853 11.963868 
1011.000000 -21.440698 -21.071585 -27.247902 84.248444 85.279064 
1012.000000 -21.774843 -21.464965 -28.797063 7.548324 8.055357 
1013.000000 -22.175989 -21.933232 -30.951192 85.514663 83.256339 
1014.000000 -22.635089 -22.465240 -34.089945 6.649208 10.786737 
1015.000000 -23.142858 -23.050687 -39.438302 65.012119 58.947149 
1016.000000 -23.690224 -23.680483 -59.000193 70.900733 78.873108 
1017.000000 -24.268678 -24.346796 -40.960340 65.882649 75.690052 
1018.000000 -24.870499 -25.042899 -34.131606 68.765121 57.232886 
1019.000000 -25.488872 -25.762972 -30.154783 37.845589 50.968215 
1020.000000 -26.117921 -26.501907 -27.281268 36.037940 50.604884 
1021.000000 -26.752687 -27.255172 -25.003853 64.528175 48.666188 
1022.000000 -27.389062 -28.018732 -23.106962 74.905937 57.895210 
1023.000000 -28.023699 -28.788991 -21.479579 13.123396 31.143731 
