antenna name=patcharray
antenna size=1.500000000000e-02
measurement surface=plane
freq=27000000000.000000
sampling point=256
sampling space=1.000000000000e-02
#data
x,y,z,realEx,realEy,realEz,imgEx,imgEy,imgEz
-5.000000000000e-01,-5.000000000000e-01,1.000000000000e-01,-1.917605664374e-01,2.095992509747e-01,5.469328643876e-02,1.755156272180e-01,-2.460236376342e-01,-3.026256371005e-01
-5.000000000000e-01,-4.333333333333e-01,1.000000000000e-01,-1.377474056808e-01,2.273958536158e-01,2.608430035451e-01,1.318625489371e-01,-2.313020733116e-01,-2.894192631992e-01
-5.000000000000e-01,-3.666666666667e-01,1.000000000000e-01,1.219084543787e-01,-2.954819754762e-01,-4.037148142113e-01,-4.420382991833e-02,-2.533735411505e-02,-3.191893016894e-01
-5.000000000000e-01,-3.000000000000e-01,1.000000000000e-01,1.887817910943e-01,-1.142781946997e-01,6.202109684228e-01,7.403907904358e-02,-2.601956188235e-01,-3.363997288618e-01
-5.000000000000e-01,-2.333333333333e-01,1.000000000000e-01,5.604913913970e-02,-2.174575360209e-01,-1.576437037516e-01,-3.435051554380e-01,3.370591666123e-01,-9.678656275904e-01
-5.000000000000e-01,-1.666666666667e-01,1.000000000000e-01,4.245398312048e-01,-5.965980147531e-01,1.204567956773e+00,-1.705556098036e-01,1.555517168808e-01,-5.805935462271e-01
-5.000000000000e-01,-1.000000000000e-01,1.000000000000e-01,-4.579497621038e-01,7.100874716647e-01,-1.657508320431e+00,1.604845250726e-01,-3.133807259023e-01,5.212498026317e-01
-5.000000000000e-01,-3.333333333333e-02,1.000000000000e-01,6.352179242390e-02,-3.321278341562e-01,2.831258598329e-01,4.475372382589e-01,-6.722893593201e-01,2.089902597194e+00
-5.000000000000e-01,3.333333333333e-02,1.000000000000e-01,2.881605607762e-02,-3.446882055704e-01,3.801152344290e-01,4.310125365583e-01,-3.801806213297e-01,2.337182386713e+00
-5.000000000000e-01,1.000000000000e-01,1.000000000000e-01,-4.660738445956e-01,-4.493275100584e-02,-2.290099636556e+00,1.064915616006e-01,-2.177984808813e-01,8.936797956616e-01
-5.000000000000e-01,1.666666666667e-01,1.000000000000e-01,5.320485435273e-01,3.413086845394e-01,2.061560967517e+00,-2.327968190178e-01,-6.603243094695e-02,-1.185164348016e+00
-5.000000000000e-01,2.333333333333e-01,1.000000000000e-01,-1.020117184550e-01,-9.510130060016e-02,-4.002440743531e-01,-6.902593030369e-01,-5.671304248465e-01,-2.134609235607e+00
-5.000000000000e-01,3.000000000000e-01,1.000000000000e-01,7.141002945756e-01,6.035939228273e-01,1.745266285820e+00,-3.307195213915e-01,-3.267264022118e-01,-7.576137920829e-01
-5.000000000000e-01,3.666666666667e-01,1.000000000000e-01,-5.437672332619e-01,-4.900233387667e-01,-9.792662278986e-01,-6.239385459046e-01,-4.919379480126e-01,-1.294949184022e+00
-5.000000000000e-01,4.333333333333e-01,1.000000000000e-01,7.286109599925e-01,5.486777521086e-01,1.267660111976e+00,-3.803784139998e-01,-3.306196787219e-01,-5.114853675860e-01
-5.000000000000e-01,5.000000000000e-01,1.000000000000e-01,5.206178631051e-01,3.497891105791e-01,8.522163945810e-01,-5.857226216781e-01,-4.384299432700e-01,-7.671138892256e-01
-4.333333333333e-01,-5.000000000000e-01,1.000000000000e-01,-3.316494222278e-01,3.141296884640e-01,7.160849951004e-02,5.183217599643e-02,-1.070660760654e-01,-2.906394393882e-01
-4.333333333333e-01,-4.333333333333e-01,1.000000000000e-01,5.242478820120e-02,-1.104478171538e-02,1.770084828237e-01,-2.714529884261e-01,3.626331390972e-01,3.282550517392e-01
-4.333333333333e-01,-3.666666666667e-01,1.000000000000e-01,-4.109696912099e-02,7.492599204278e-02,7.253795885654e-02,-1.729899238373e-01,3.531877954629e-01,4.791075452960e-01
-4.333333333333e-01,-3.000000000000e-01,1.000000000000e-01,1.332514266242e-01,-4.832704067470e-02,4.456184753653e-01,9.122605779731e-02,-3.231494306469e-01,-4.988956691509e-01
-4.333333333333e-01,-2.333333333333e-01,1.000000000000e-01,3.220400806830e-01,-1.880412325361e-01,9.661626137865e-01,1.377247778928e-01,-3.296895150192e-01,-9.276117618299e-02
-4.333333333333e-01,-1.666666666667e-01,1.000000000000e-01,-5.433332423015e-01,6.228315143102e-01,-1.380838707823e+00,4.630747160894e-02,8.591851195516e-02,2.995371687280e-01
-4.333333333333e-01,-1.000000000000e-01,1.000000000000e-01,2.170550479181e-01,-3.350191920820e-01,6.371497664430e-01,5.963711901166e-01,-8.120706567676e-01,1.850826902902e+00
-4.333333333333e-01,-3.333333333333e-02,1.000000000000e-01,5.307704720279e-01,-8.610219569149e-01,2.129332091959e+00,3.167061922091e-01,-1.991881681865e-01,1.283774408306e+00
-4.333333333333e-01,3.333333333333e-02,1.000000000000e-01,4.984713652467e-01,-5.687418225244e-01,2.479820966733e+00,3.452630355412e-01,5.583928612430e-02,1.393877527615e+00
-4.333333333333e-01,1.000000000000e-01,1.000000000000e-01,1.833426432944e-01,-1.917612970946e-01,1.151371836957e+00,6.587949582008e-01,1.446254108217e-01,2.694644865717e+00
-4.333333333333e-01,1.666666666667e-01,1.000000000000e-01,-8.097670134568e-01,-5.087084800248e-01,-2.653221141405e+00,1.566319828225e-01,5.098961378261e-02,7.418364183413e-01
-4.333333333333e-01,2.333333333333e-01,1.000000000000e-01,9.540939279651e-01,7.440165905986e-01,2.413073109950e+00,-4.787042628521e-02,-7.535536980183e-02,-1.456019311958e-01
-4.333333333333e-01,3.000000000000e-01,1.000000000000e-01,7.979604653708e-01,5.945475292659e-01,1.642664543137e+00,-6.370126694303e-01,-5.476059495639e-01,-1.191453043443e+00
-4.333333333333e-01,3.666666666667e-01,1.000000000000e-01,-2.153666084130e-01,-1.106632071036e-01,-4.851266981237e-01,9.906820084490e-01,7.451305592396e-01,1.592908899145e+00
-4.333333333333e-01,4.333333333333e-01,1.000000000000e-01,-8.653526022775e-02,-2.186037019833e-02,-2.547041859737e-01,9.511725087383e-01,6.494291998235e-01,1.333216789074e+00
-4.333333333333e-01,5.000000000000e-01,1.000000000000e-01,7.527351643952e-01,4.530623392456e-01,1.009749839889e+00,-4.391429155588e-01,-2.931318258243e-01,-4.624045387086e-01
-3.666666666667e-01,-5.000000000000e-01,1.000000000000e-01,6.394327718530e-02,-1.075267447813e-01,-2.813590061042e-01,4.082932736222e-01,-2.935888935481e-01,9.774361127902e-02
-3.666666666667e-01,-4.333333333333e-01,1.000000000000e-01,2.139658777095e-01,-1.322494153902e-01,2.411722970487e-01,-3.128263011427e-01,3.452935131708e-01,2.811152776007e-01
-3.666666666667e-01,-3.666666666667e-01,1.000000000000e-01,1.717931248581e-01,-3.138539716763e-01,-4.625913506503e-01,2.283499885242e-01,-2.654786630040e-01,-8.795236994184e-02
-3.666666666667e-01,-3.000000000000e-01,1.000000000000e-01,1.411498138188e-01,-4.044299382480e-01,-6.176180158018e-01,-3.800419134779e-02,1.537045952799e-03,-1.388051086800e-01
-3.666666666667e-01,-2.333333333333e-01,1.000000000000e-01,1.667993131843e-01,1.521942967279e-01,9.188326311591e-01,2.545860808227e-01,-3.565750674360e-01,1.677906294497e-01
-3.666666666667e-01,-1.666666666667e-01,1.000000000000e-01,4.932028738897e-01,-5.901718074537e-01,9.019015962204e-01,-3.980451406145e-01,1.732331887100e-01,-1.153414837520e+00
-3.666666666667e-01,-1.000000000000e-01,1.000000000000e-01,5.308479647219e-01,-6.297913567954e-01,1.369711614851e+00,-6.688298018237e-01,7.683428587032e-01,-1.747798623916e+00
-3.666666666667e-01,-3.333333333333e-02,1.000000000000e-01,6.956364458394e-01,-6.027384832529e-01,2.359322828057e+00,-5.566940949900e-01,8.835561891131e-01,-1.879451154817e+00
-3.666666666667e-01,3.333333333333e-02,1.000000000000e-01,7.382273257400e-01,-1.311826293868e-01,2.689462055899e+00,-5.223844520004e-01,6.273778512435e-01,-2.301563020363e+00
-3.666666666667e-01,1.000000000000e-01,1.000000000000e-01,6.700736673163e-01,3.218067895374e-01,1.998732819665e+00,-7.870399942610e-01,-4.906115011336e-02,-2.978356072458e+00
-3.666666666667e-01,1.666666666667e-01,1.000000000000e-01,7.776619800058e-01,4.839959100861e-01,1.930033853101e+00,-9.325530566813e-01,-5.732430659070e-01,-2.579198286309e+00
-3.666666666667e-01,2.333333333333e-01,1.000000000000e-01,1.254995872645e+00,9.159972764799e-01,2.517653146936e+00,4.182578196773e-01,2.362499681387e-01,8.825088613161e-01
-3.666666666667e-01,3.000000000000e-01,1.000000000000e-01,-1.090934540491e+00,-7.901144188607e-01,-1.686007505803e+00,-7.294995703786e-01,-4.498075621567e-01,-1.282017653667e+00
-3.666666666667e-01,3.666666666667e-01,1.000000000000e-01,-8.306300192884e-01,-5.608021313378e-01,-1.033551397184e+00,-8.858766607882e-01,-5.296999720758e-01,-1.299097142482e+00
-3.666666666667e-01,4.333333333333e-01,1.000000000000e-01,-1.750269494635e-01,-7.196756132997e-02,-3.153412466955e-01,1.065358301023e+00,6.153508405075e-01,1.269462253836e+00
-3.666666666667e-01,5.000000000000e-01,1.000000000000e-01,-6.831935133539e-01,-3.645200517804e-01,-7.097041879955e-01,-6.509796194842e-01,-3.261314834653e-01,-7.680812792155e-01
-3.000000000000e-01,-5.000000000000e-01,1.000000000000e-01,-4.592911126804e-01,2.662331491141e-01,-1.234367496615e-01,-1.933799754611e-01,6.467847879724e-02,-2.675177907678e-01
-3.000000000000e-01,-4.333333333333e-01,1.000000000000e-01,-4.939019333638e-01,3.271110244791e-01,-1.464848650887e-01,-5.468109493721e-03,-8.021307984378e-02,-3.447903247946e-01
-3.000000000000e-01,-3.666666666667e-01,1.000000000000e-01,2.028840683928e-01,-3.023159183926e-01,-4.395739637708e-01,3.858838320520e-01,-2.794057527792e-01,1.979303675354e-01
-3.000000000000e-01,-3.000000000000e-01,1.000000000000e-01,-2.638503519880e-01,3.944502977394e-01,3.135812634871e-01,5.583739884940e-02,-2.521843362524e-01,-5.471371196030e-01
-3.000000000000e-01,-2.333333333333e-01,1.000000000000e-01,1.694149654508e-01,-2.081164055583e-01,5.021942180597e-02,-6.150978590282e-03,-4.095745389042e-01,-8.914730558408e-01
-3.000000000000e-01,-1.666666666667e-01,1.000000000000e-01,5.940217622744e-01,-1.844999203755e-01,1.457592671267e+00,3.382751702478e-01,-5.500129599816e-01,1.767120202449e-01
-3.000000000000e-01,-1.000000000000e-01,1.000000000000e-01,-8.806865935494e-01,9.068088690376e-01,-1.798629898430e+00,7.874866423355e-01,-6.355822982037e-01,1.767730420939e+00
-3.000000000000e-01,-3.333333333333e-02,1.000000000000e-01,-1.024427043724e+00,1.197877746216e+00,-2.824947381097e+00,-9.259466124871e-01,5.984883742423e-01,-2.546589278739e+00
-3.000000000000e-01,3.333333333333e-02,1.000000000000e-01,-1.040694466765e+00,7.205832345892e-01,-3.556766118562e+00,-1.034381775537e+00,-2.291593187710e-02,-2.955721620336e+00
-3.000000000000e-01,1.000000000000e-01,1.000000000000e-01,-1.229332465023e+00,-5.058763210746e-01,-3.024059255491e+00,1.137277410453e+00,2.207075939794e-01,3.370337873105e+00
-3.000000000000e-01,1.666666666667e-01,1.000000000000e-01,1.804568511513e+00,1.058957427854e+00,3.697436476474e+00,4.081202884727e-01,1.905563777346e-01,7.398795292958e-01
-3.000000000000e-01,2.333333333333e-01,1.000000000000e-01,7.407726408473e-01,3.804910149387e-01,1.249885225687e+00,-1.671857846234e+00,-1.066274306413e+00,-2.587824711911e+00
-3.000000000000e-01,3.000000000000e-01,1.000000000000e-01,1.533504092715e+00,8.598852940718e-01,2.027516346924e+00,-5.929272459218e-01,-3.961228634805e-01,-6.490843223929e-01
-3.000000000000e-01,3.666666666667e-01,1.000000000000e-01,-1.209567301144e+00,-6.403986922497e-01,-1.320231086225e+00,-7.141446448048e-01,-3.415099226000e-01,-8.837937172090e-01
-3.000000000000e-01,4.333333333333e-01,1.000000000000e-01,8.453708248704e-01,3.816035459731e-01,8.958226039886e-01,-8.244954663920e-01,-3.893050908407e-01,-8.190103758467e-01
-3.000000000000e-01,5.000000000000e-01,1.000000000000e-01,8.433767396780e-01,3.497831377201e-01,8.029201771558e-01,-5.326610950827e-01,-2.218701995968e-01,-5.144010656758e-01
-2.333333333333e-01,-5.000000000000e-01,1.000000000000e-01,-5.061380284890e-01,1.970602002400e-01,-2.329450222609e-01,3.466706022230e-01,-1.423248960786e-01,1.631129782720e-01
-2.333333333333e-01,-4.333333333333e-01,1.000000000000e-01,-3.681515810344e-01,1.982092449019e-01,-7.680343929439e-02,-5.260808890158e-01,2.112652935496e-01,-3.580938427041e-01
-2.333333333333e-01,-3.666666666667e-01,1.000000000000e-01,-2.291638855519e-01,2.254915728150e-01,2.200960205111e-01,-5.924452553194e-01,2.765465905544e-01,-4.419816205643e-01
-2.333333333333e-01,-3.000000000000e-01,1.000000000000e-01,-4.801309216107e-01,2.521403659838e-01,-4.350728210129e-01,2.187330249084e-01,-3.708643962086e-01,-5.157648200794e-01
-2.333333333333e-01,-2.333333333333e-01,1.000000000000e-01,-1.249642114826e-02,4.298844672890e-01,9.021964601471e-01,-1.777679493575e-01,3.032619285150e-01,2.088709504945e-01
-2.333333333333e-01,-1.666666666667e-01,1.000000000000e-01,5.232296325432e-01,-3.664916045680e-01,6.168399624106e-01,-2.799922408856e-01,-4.458583113220e-01,-1.304566204094e+00
-2.333333333333e-01,-1.000000000000e-01,1.000000000000e-01,-6.886841955751e-01,1.204515439390e-01,-1.479065908483e+00,-1.513015460405e+00,1.176299369919e+00,-2.407283620129e+00
-2.333333333333e-01,-3.333333333333e-02,1.000000000000e-01,7.856507029860e-01,-9.231999763761e-01,1.710185916891e+00,2.239294526176e+00,-1.483550875972e+00,4.755539974958e+00
-2.333333333333e-01,3.333333333333e-02,1.000000000000e-01,8.057508047652e-01,-7.546825422812e-01,2.450548485333e+00,2.564489049106e+00,-2.699766653884e-01,5.988214897839e+00
-2.333333333333e-01,1.000000000000e-01,1.000000000000e-01,-1.392143607050e+00,-3.681876107557e-01,-3.133714407462e+00,-2.601717941731e+00,-9.363017848327e-01,-4.984978213872e+00
-2.333333333333e-01,1.666666666667e-01,1.000000000000e-01,1.996319942484e+00,9.361915895956e-01,2.980828267378e+00,-2.074201675720e+00,-1.104250633234e+00,-3.127255414759e+00
-2.333333333333e-01,2.333333333333e-01,1.000000000000e-01,1.402488407786e+00,7.514427191999e-01,1.602513337469e+00,2.022857409745e+00,9.573158748946e-01,2.463390602902e+00
-2.333333333333e-01,3.000000000000e-01,1.000000000000e-01,6.854688799914e-01,2.771371627294e-01,7.459370438129e-01,-1.845932204719e+00,-8.268611677836e-01,-1.873580559662e+00
-2.333333333333e-01,3.666666666667e-01,1.000000000000e-01,1.523361033191e+00,5.957221442382e-01,1.411813645251e+00,3.349773459412e-01,1.302092843963e-01,2.922439180450e-01
-2.333333333333e-01,4.333333333333e-01,1.000000000000e-01,1.238563075315e+00,4.331353394605e-01,1.046148436640e+00,-2.297465766098e-01,-6.790948073489e-02,-2.647944322128e-01
-2.333333333333e-01,5.000000000000e-01,1.000000000000e-01,-3.078189965275e-01,-8.013330187827e-02,-3.438550093510e-01,-1.001126609619e+00,-3.190913792048e-01,-7.679363225486e-01
-1.666666666667e-01,-5.000000000000e-01,1.000000000000e-01,-4.517552376264e-01,1.052987986923e-01,-2.859670466911e-01,-6.240959347704e-01,2.060746456595e-01,-2.751098413999e-02
-1.666666666667e-01,-4.333333333333e-01,1.000000000000e-01,3.800620511061e-01,-9.825528895098e-02,2.788276569229e-01,7.660579226581e-01,-2.554338035952e-01,2.058183358863e-01
-1.666666666667e-01,-3.666666666667e-01,1.000000000000e-01,-8.741899385148e-01,3.038457652731e-01,-4.417014149056e-01,-3.284085854574e-01,1.027436733473e-01,-1.422183322502e-01
-1.666666666667e-01,-3.000000000000e-01,1.000000000000e-01,-1.709350389688e-01,1.728368179944e-01,1.351723354011e-01,-9.443486523402e-01,3.294854751559e-01,-6.714059811799e-01
-1.666666666667e-01,-2.333333333333e-01,1.000000000000e-01,-7.349475570676e-01,3.799234296785e-01,-4.760923046265e-01,-2.966644735354e-01,-2.199250096289e-01,-9.347207523619e-01
-1.666666666667e-01,-1.666666666667e-01,1.000000000000e-01,4.562942725270e-01,5.263131586366e-01,1.553057547796e+00,1.394782318642e-01,1.477539991041e-01,3.513406728594e-01
-1.666666666667e-01,-1.000000000000e-01,1.000000000000e-01,-2.176624380338e+00,4.946294954999e-01,-3.075065371271e+00,-7.737872616035e-01,1.049185636705e+00,-2.554044074021e-01
-1.666666666667e-01,-3.333333333333e-02,1.000000000000e-01,-4.735629796873e+00,2.338977678540e+00,-7.153137851263e+00,2.718028190822e-01,-3.710977434120e-01,5.669756430718e-01
-1.666666666667e-01,3.333333333333e-02,1.000000000000e-01,-5.879201276826e+00,3.125938555343e-01,-9.846409185458e+00,2.026526328802e-01,-7.862450230648e-01,1.096038515228e+00
-1.666666666667e-01,1.000000000000e-01,1.000000000000e-01,-5.378513968212e+00,-1.640295404309e+00,-7.404731353257e+00,-1.760843429597e+00,-5.828178771796e-01,-2.012356708049e+00
-1.666666666667e-01,1.666666666667e-01,1.000000000000e-01,2.381346974909e+00,9.482726450861e-01,2.525467853760e+00,3.702133786526e+00,1.364762876181e+00,3.835145725284e+00
-1.666666666667e-01,2.333333333333e-01,1.000000000000e-01,2.008730963917e+00,6.952390183910e-01,1.707822419096e+00,-2.392303286943e+00,-8.240431822201e-01,-2.135388472038e+00
-1.666666666667e-01,3.000000000000e-01,1.000000000000e-01,2.229544937283e+00,6.676625477307e-01,1.761128637422e+00,2.521214016225e-01,1.102040570777e-01,6.152168731450e-02
-1.666666666667e-01,3.666666666667e-01,1.000000000000e-01,9.036855783663e-01,2.748816537922e-01,4.958903577450e-01,-1.435763068243e+00,-3.583919533566e-01,-1.128107379516e+00
-1.666666666667e-01,4.333333333333e-01,1.000000000000e-01,-1.276173367310e+00,-3.161069706226e-01,-7.805061581920e-01,4.505785287196e-01,7.003474457255e-02,4.858499077184e-01
-1.666666666667e-01,5.000000000000e-01,1.000000000000e-01,9.476116333470e-01,2.229595697211e-01,4.735093179553e-01,-6.117724750466e-01,-1.035549746156e-01,-5.424126251945e-01
-1.000000000000e-01,-5.000000000000e-01,1.000000000000e-01,2.286066249025e-01,1.452055103343e-02,3.337442595102e-01,9.035637950450e-01,-2.055892561668e-01,-1.050857726880e-01
-1.000000000000e-01,-4.333333333333e-01,1.000000000000e-01,1.042123510570e+00,-2.602035765016e-01,-6.303819887900e-02,-3.473905232235e-01,2.357894326841e-03,-3.843386016735e-01
-1.000000000000e-01,-3.666666666667e-01,1.000000000000e-01,-1.066574892823e+00,2.004371150817e-01,-4.046600437083e-01,-7.762539466620e-01,2.633260604413e-01,2.043354095788e-01
-1.000000000000e-01,-3.000000000000e-01,1.000000000000e-01,1.193365404335e+00,-2.359098399758e-01,5.949433927377e-01,1.075591291542e+00,-3.392924891218e-01,4.130073966141e-02
-1.000000000000e-01,-2.333333333333e-01,1.000000000000e-01,-1.653810451764e+00,4.066085036165e-01,-7.083423297330e-01,1.009109206077e+00,-2.188815382585e-01,6.669711192057e-01
-1.000000000000e-01,-1.666666666667e-01,1.000000000000e-01,-1.093503718359e+00,-2.423115177712e-02,-9.433738820878e-01,1.895222383059e+00,-2.711751712513e-01,1.604617610840e+00
-1.000000000000e-01,-1.000000000000e-01,1.000000000000e-01,-3.534330098071e+00,-2.702877903898e-01,-3.680681030964e+00,-1.413160578245e+00,8.098097257465e-01,-3.523951559561e-01
-1.000000000000e-01,-3.333333333333e-02,1.000000000000e-01,7.256304226091e+00,-1.387093697842e+00,7.036480577813e+00,9.166668505587e+00,-2.767061645320e+00,7.936748518883e+00
-1.000000000000e-01,3.333333333333e-02,1.000000000000e-01,9.224865979926e+00,-5.921472558697e-01,9.961939173446e+00,1.322067877598e+01,6.896280838235e-01,1.243359824368e+01
-1.000000000000e-01,1.000000000000e-01,1.000000000000e-01,-7.647854035681e+00,-1.432121408927e+00,-6.436733656416e+00,-8.038125364991e+00,-1.783593559400e+00,-6.008480725698e+00
-1.000000000000e-01,1.666666666667e-01,1.000000000000e-01,-6.019632856184e+00,-1.241460078267e+00,-4.015888219247e+00,-1.475871079536e+00,-4.667280099016e-01,-6.061658217410e-01
-1.000000000000e-01,2.333333333333e-01,1.000000000000e-01,-2.114383519449e+00,-2.747007469455e-01,-1.545478512733e+00,-3.069385268993e+00,-6.451530247535e-01,-1.570010194798e+00
-1.000000000000e-01,3.000000000000e-01,1.000000000000e-01,-1.626443771470e+00,-3.429126901399e-01,-5.858120297248e-01,1.943015288891e+00,2.435151909416e-01,1.271077568305e+00
-1.000000000000e-01,3.666666666667e-01,1.000000000000e-01,1.021352775045e+00,2.122081929347e-01,2.217996044799e-01,-1.598924965101e+00,-1.863733366338e-01,-9.636925288572e-01
-1.000000000000e-01,4.333333333333e-01,1.000000000000e-01,6.139711512610e-01,2.622511917767e-02,5.479389015916e-01,1.387427721650e+00,2.031040943069e-01,5.112558652061e-01
-1.000000000000e-01,5.000000000000e-01,1.000000000000e-01,-1.178575727603e+00,-1.557297388077e-01,-4.025013919801e-01,4.676697084495e-01,1.440515093432e-02,4.395267823329e-01
-3.333333333333e-02,-5.000000000000e-01,1.000000000000e-01,1.029742378792e+00,-1.131922794855e-01,-2.149717148611e-01,1.239183435121e-01,-9.278390678655e-02,-4.286537622922e-01
-3.333333333333e-02,-4.333333333333e-01,1.000000000000e-01,8.867398071916e-01,-1.922085671583e-01,-5.385484103150e-01,-9.091177139110e-01,4.122777453996e-02,-1.401517055248e-01
-3.333333333333e-02,-3.666666666667e-01,1.000000000000e-01,-7.257200045655e-01,-3.919484593609e-02,-4.113415467229e-01,-1.449685970136e+00,2.729311078928e-01,5.125003511343e-01
-3.333333333333e-02,-3.000000000000e-01,1.000000000000e-01,-1.760292817512e+00,4.081749463152e-01,6.402975764141e-01,1.311310283539e+00,-6.247284972225e-03,4.641432431185e-01
-3.333333333333e-02,-2.333333333333e-01,1.000000000000e-01,3.213884337354e+00,-5.623434805943e-01,-2.103403992254e-01,-4.102492104667e-01,-3.135673142982e-01,-9.504793726290e-01
-3.333333333333e-02,-1.666666666667e-01,1.000000000000e-01,-1.416723614146e+00,8.361825775446e-01,1.081561926141e+00,5.272224959166e+00,-6.687508595780e-01,7.439341717836e-01
-3.333333333333e-02,-1.000000000000e-01,1.000000000000e-01,1.152193019823e+01,-1.297158412442e+00,2.532929471913e+00,5.672538293740e-01,-1.186927909495e+00,-1.452837963410e+00
-3.333333333333e-02,-3.333333333333e-02,1.000000000000e-01,8.482803605499e+00,1.502327692904e+00,3.931428922312e+00,3.211762564354e+01,-2.285584892515e+00,9.366322245699e+00
-3.333333333333e-02,3.333333333333e-02,1.000000000000e-01,5.221383686048e-01,-1.016086357724e+00,9.330562160827e-01,4.237330943814e+01,1.046038258197e+00,1.349838066767e+01
-3.333333333333e-02,1.000000000000e-01,1.000000000000e-01,1.125837776348e+01,-2.179330287700e-01,4.010796991703e+00,1.353614751208e+01,1.132237476918e+00,3.314765303551e+00
-3.333333333333e-02,1.666666666667e-01,1.000000000000e-01,-7.594894352311e+00,-2.703593282253e-01,-2.090022689972e+00,1.091688416262e+00,-4.092374524401e-01,1.096722698638e+00
-3.333333333333e-02,2.333333333333e-01,1.000000000000e-01,1.739235744742e+00,-1.847800019512e-01,1.064452915532e+00,3.984120703925e+00,1.754820111953e-01,9.114657740141e-01
-3.333333333333e-02,3.000000000000e-01,1.000000000000e-01,-2.279989066657e+00,5.005035363910e-02,-9.509118386516e-01,-1.841308709450e+00,-1.436644824987e-01,-1.502093258369e-01
-3.333333333333e-02,3.666666666667e-01,1.000000000000e-01,1.653224754450e+00,8.847513157433e-02,2.018929039629e-01,-1.436553813015e+00,4.631985391177e-02,-6.907436743458e-01
-3.333333333333e-02,4.333333333333e-01,1.000000000000e-01,1.523447782388e+00,-6.792361638279e-03,5.655478053072e-01,8.500207294932e-01,6.993685478315e-02,-5.502994292363e-02
-3.333333333333e-02,5.000000000000e-01,1.000000000000e-01,2.326526990566e-01,-4.257922707213e-02,3.324004889240e-01,1.430429387236e+00,2.998584006446e-02,3.268444328806e-01
3.333333333333e-02,-5.000000000000e-01,1.000000000000e-01,1.026038904159e+00,-4.080411270135e-03,-3.730595181726e-01,2.689145314212e-01,-8.756216572699e-02,-5.188633279660e-01
3.333333333333e-02,-4.333333333333e-01,1.000000000000e-01,1.050118414146e+00,-1.002723325006e-01,-7.844987960438e-01,-7.904084156329e-01,-7.441239654296e-02,-4.366604682664e-02
3.333333333333e-02,-3.666666666667e-01,1.000000000000e-01,-4.929325241345e-01,-1.595271953673e-01,-4.044235348697e-01,-1.638255534709e+00,1.009700518356e-01,9.223508681935e-01
3.333333333333e-02,-3.000000000000e-01,1.000000000000e-01,-2.159887504135e+00,2.005951933578e-01,1.325840567470e+00,1.034814962325e+00,2.349819883403e-01,3.408677503733e-01
3.333333333333e-02,-2.333333333333e-01,1.000000000000e-01,3.740603741812e+00,-9.539805444135e-02,-1.484381531206e+00,3.161884925200e-01,-5.539284921351e-01,-1.381690451349e+00
3.333333333333e-02,-1.666666666667e-01,1.000000000000e-01,-3.115742475910e+00,1.145519718617e+00,2.935481353858e+00,6.319190859444e+00,2.266306275908e-01,-1.750514194781e+00
3.333333333333e-02,-1.000000000000e-01,1.000000000000e-01,1.693914023351e+01,-5.163788304182e-01,-6.174022436013e+00,1.432108977486e+00,-2.560805142078e+00,-2.993688016604e+00
3.333333333333e-02,-3.333333333333e-02,1.000000000000e-01,2.192279330550e+01,1.628342135275e+00,-6.998100632017e+00,3.483467357341e+01,-1.689392168759e+00,-1.206050470854e+01
3.333333333333e-02,3.333333333333e-02,1.000000000000e-01,9.602358810978e+00,-1.637089541745e+00,-3.512492153717e+00,3.278245145311e+01,1.208269907531e+00,-1.139091133851e+01
3.333333333333e-02,1.000000000000e-01,1.000000000000e-01,9.750623758198e+00,-1.617548411559e+00,-1.993117324999e+00,1.049402692407e+01,-5.313693048467e-01,-2.726429181028e+00
3.333333333333e-02,1.666666666667e-01,1.000000000000e-01,-7.205544826803e+00,1.074059294325e+00,6.116492830902e-01,9.567139927685e-01,-5.562498976358e-01,4.868714748582e-01
3.333333333333e-02,2.333333333333e-01,1.000000000000e-01,1.729122625945e+00,-4.706036232976e-01,4.988765887739e-01,4.157655063403e+00,-5.427847263609e-01,-1.188449810007e-01
3.333333333333e-02,3.000000000000e-01,1.000000000000e-01,-2.430454050585e+00,4.143913983476e-01,-4.365671461895e-01,-2.022946627045e+00,1.671632158370e-01,1.853628294452e-01
3.333333333333e-02,3.666666666667e-01,1.000000000000e-01,1.832913763795e+00,-1.582982326713e-01,-4.858077134284e-02,-1.554242127725e+00,2.514084788130e-01,-4.199428670236e-01
3.333333333333e-02,4.333333333333e-01,1.000000000000e-01,1.670979408018e+00,-2.042623495209e-01,3.407008867992e-01,9.550183231431e-01,-4.505184905462e-02,-1.486783991842e-01
3.333333333333e-02,5.000000000000e-01,1.000000000000e-01,2.421985412243e-01,-6.729169607876e-02,2.849987027104e-01,1.580521046761e+00,-1.387033941715e-01,1.615398085887e-01
1.000000000000e-01,-5.000000000000e-01,1.000000000000e-01,-1.715160058743e-01,7.369087739589e-02,5.228238270949e-01,1.012533078084e+00,8.622681495615e-02,-6.047832297562e-01
1.000000000000e-01,-4.333333333333e-01,1.000000000000e-01,1.256530476915e+00,1.156791653964e-01,-7.833376057183e-01,1.811850808022e-01,-1.113520705283e-01,-6.428434194341e-01
1.000000000000e-01,-3.666666666667e-01,1.000000000000e-01,-6.692102285393e-01,-2.371199260152e-01,-1.594650714601e-01,-1.504216674475e+00,-4.966670563180e-02,1.338701366662e+00
1.000000000000e-01,-3.000000000000e-01,1.000000000000e-01,5.705492995674e-01,3.752750133200e-01,5.048858386962e-01,2.211073394376e+00,1.312066135778e-01,-1.848619375865e+00
1.000000000000e-01,-2.333333333333e-01,1.000000000000e-01,-3.464259729144e+00,-4.225644197031e-01,2.544008215689e+00,-2.435998614140e-01,5.898106779895e-01,1.558859719858e+00
1.000000000000e-01,-1.666666666667e-01,1.000000000000e-01,-4.851921259307e+00,1.609919518369e-01,5.114176624491e+00,3.335792331016e+00,1.461941756316e+00,-1.064161557423e+00
1.000000000000e-01,-1.000000000000e-01,1.000000000000e-01,-1.054615962581e+01,-8.579525735042e-01,9.760246469816e+00,6.104349109423e-02,2.681974253464e+00,2.250743557893e+00
1.000000000000e-01,-3.333333333333e-02,1.000000000000e-01,1.517302785319e+01,-6.245360053466e-01,-1.535443568468e+01,2.228103335152e+00,-2.135712653293e+00,-2.286708091878e+00
1.000000000000e-01,3.333333333333e-02,1.000000000000e-01,1.090338358390e+01,-1.082546057619e+00,-1.070904560085e+01,2.271776370994e+00,1.957856731730e+00,-2.567486152472e+00
1.000000000000e-01,1.000000000000e-01,1.000000000000e-01,-4.675969548326e+00,4.437441294871e-01,4.573636110526e+00,-2.553633647960e+00,-4.648267532426e-01,2.761831022798e+00
1.000000000000e-01,1.666666666667e-01,1.000000000000e-01,-3.935363921625e+00,1.055889019097e+00,2.282187999891e+00,-1.158681302287e+00,1.649115850853e-01,6.313278538318e-01
1.000000000000e-01,2.333333333333e-01,1.000000000000e-01,-1.613525955149e+00,6.035982557950e-01,3.296734865026e-01,-2.996676559941e+00,8.425853985506e-01,9.709848360505e-01
1.000000000000e-01,3.000000000000e-01,1.000000000000e-01,-1.987162737137e+00,4.888803050311e-01,4.789078617844e-01,1.941621973381e+00,-6.217213231541e-01,-1.255123409550e-01
1.000000000000e-01,3.666666666667e-01,1.000000000000e-01,1.381711360910e+00,-2.889917765965e-01,-3.037050006881e-01,-1.819317932481e+00,5.056006727929e-01,-1.533159055335e-02
1.000000000000e-01,4.333333333333e-01,1.000000000000e-01,6.578819434102e-01,-2.006704386913e-01,2.046132865621e-01,1.793784029061e+00,-3.848364125092e-01,-1.274338761799e-01
1.000000000000e-01,5.000000000000e-01,1.000000000000e-01,-1.542309789531e+00,2.977400960481e-01,5.790100318580e-02,5.186131280437e-01,-1.446918428875e-01,2.084910437295e-01
1.666666666667e-01,-5.000000000000e-01,1.000000000000e-01,8.679338044738e-02,-7.951710338627e-02,-5.222888621506e-01,-9.685140349342e-01,-1.713500352140e-01,7.905289824978e-01
1.666666666667e-01,-4.333333333333e-01,1.000000000000e-01,-4.024923880614e-01,5.701846835756e-02,9.058451471149e-01,1.122856766637e+00,2.565904490311e-01,-8.053095749659e-01
1.666666666667e-01,-3.666666666667e-01,1.000000000000e-01,-4.531015809750e-01,-3.063964827738e-01,-3.210221728778e-01,-1.453443280536e+00,-2.383827250630e-01,1.586612932929e+00
1.666666666667e-01,-3.000000000000e-01,1.000000000000e-01,1.513444553621e+00,1.085476947977e-01,-2.214889383307e+00,-1.359461498342e+00,-6.040200298788e-01,5.353233798257e-01
1.666666666667e-01,-2.333333333333e-01,1.000000000000e-01,-4.026967916256e-01,-7.929093755243e-01,-1.080837675730e+00,-2.802553171420e+00,-6.538123513479e-01,3.224652607399e+00
1.666666666667e-01,-1.666666666667e-01,1.000000000000e-01,3.918405086372e+00,1.234662109672e+00,-4.607448408180e+00,5.126512495276e-01,-1.166785396542e+00,-2.634596989708e+00
1.666666666667e-01,-1.000000000000e-01,1.000000000000e-01,-4.163980875026e+00,6.248557580383e-01,7.410978830341e+00,2.881543903631e+00,2.133472151464e+00,-2.997260395088e+00
1.666666666667e-01,-3.333333333333e-02,1.000000000000e-01,-3.044458653598e+00,1.616529498774e+00,5.213387421050e+00,4.571551833395e+00,-2.045478138604e-01,-7.830759383785e+00
1.666666666667e-01,3.333333333333e-02,1.000000000000e-01,-2.320799072240e+00,-3.646707528749e-01,3.812807153997e+00,3.786076046195e+00,-1.614764973861e+00,-5.824377108778e+00
1.666666666667e-01,1.000000000000e-01,1.000000000000e-01,-1.964057630818e+00,-5.792703785838e-01,3.935654306740e+00,1.133700789801e+00,-1.024351379205e+00,-1.011693679042e+00
1.666666666667e-01,1.666666666667e-01,1.000000000000e-01,1.001908099383e+00,-1.247222941294e-01,-1.683739457054e+00,1.126330542037e+00,2.327440162245e-02,-1.858643326715e+00
1.666666666667e-01,2.333333333333e-01,1.000000000000e-01,1.361376507564e+00,-4.802416540173e-01,-1.047483968773e+00,-1.122863655234e+00,4.065678506483e-01,1.078918494310e+00
1.666666666667e-01,3.000000000000e-01,1.000000000000e-01,1.760228356737e+00,-7.174217179707e-01,-8.284690350277e-01,6.268728274135e-01,-2.078718590243e-01,-3.047743289111e-01
1.666666666667e-01,3.666666666667e-01,1.000000000000e-01,1.250957377948e+00,-4.341253948542e-01,-4.387890842412e-01,-1.284401027615e+00,5.178537241356e-01,2.991703131184e-01
1.666666666667e-01,4.333333333333e-01,1.000000000000e-01,-1.624865027456e+00,5.484979309100e-01,3.266990017410e-01,2.626175713809e-01,-1.334817515149e-01,9.325789442001e-02
1.666666666667e-01,5.000000000000e-01,1.000000000000e-01,1.354796587493e+00,-4.041774957213e-01,-2.286780032536e-01,-6.108383731409e-01,2.222934315712e-01,-6.740833651122e-02
2.333333333333e-01,-5.000000000000e-01,1.000000000000e-01,-8.249004339238e-01,-2.691326526057e-01,6.251073861349e-01,-3.952220857745e-01,-9.514936366660e-03,8.737793602107e-01
2.333333333333e-01,-4.333333333333e-01,1.000000000000e-01,5.953674796269e-01,4.316304665062e-02,-1.208793662123e+00,-9.314643669155e-01,-3.676077615060e-01,6.368324004369e-01
2.333333333333e-01,-3.666666666667e-01,1.000000000000e-01,1.123574358610e+00,2.367305589009e-01,-1.787752333654e+00,-7.793961417172e-01,-4.745759236848e-01,1.429288684471e-01
2.333333333333e-01,-3.000000000000e-01,1.000000000000e-01,-8.088652434382e-01,-6.839095776271e-01,-7.830248535959e-02,-1.511778097878e+00,-3.821524958323e-01,2.428679857831e+00
2.333333333333e-01,-2.333333333333e-01,1.000000000000e-01,2.114768338741e+00,9.375593509333e-01,-2.854401343119e+00,1.414472767765e-01,-6.622406844937e-01,-1.784507553584e+00
2.333333333333e-01,-1.666666666667e-01,1.000000000000e-01,-4.987321827516e-01,-1.362018858862e+00,-9.067552586747e-01,-2.400635995467e+00,-6.804733071762e-01,4.529668670775e+00
2.333333333333e-01,-1.000000000000e-01,1.000000000000e-01,-2.540687294798e+00,-3.481027564085e-01,5.629785421664e+00,-1.343037832610e-01,1.521699658971e+00,1.554271434910e+00
2.333333333333e-01,-3.333333333333e-02,1.000000000000e-01,2.423619915413e+00,-7.247770153060e-01,-5.882752432312e+00,6.208550875137e-01,-9.959744704822e-01,-1.502718144711e+00
2.333333333333e-01,3.333333333333e-02,1.000000000000e-01,2.198965694068e+00,-1.181517216444e+00,-4.683843287891e+00,4.455822985388e-01,3.529537804843e-01,-1.029763887584e+00
2.333333333333e-01,1.000000000000e-01,1.000000000000e-01,-1.462289099456e+00,3.897143918170e-01,3.050959928673e+00,7.878428764621e-02,-1.059481707304e+00,8.679342510310e-01
2.333333333333e-01,1.666666666667e-01,1.000000000000e-01,-5.701120312790e-02,5.675185242557e-01,-7.818360935920e-01,-7.111873955286e-01,-1.417451352406e-01,2.015864562154e+00
2.333333333333e-01,2.333333333333e-01,1.000000000000e-01,3.726916475483e-01,-1.775981037618e-02,-9.808731342972e-01,5.483744676392e-01,-3.566028687950e-02,-1.177477000866e+00
2.333333333333e-01,3.000000000000e-01,1.000000000000e-01,5.822266258847e-01,-2.619319957043e-01,-4.753766970399e-01,-7.659043973359e-01,3.108920590867e-01,9.528833967295e-01
2.333333333333e-01,3.666666666667e-01,1.000000000000e-01,9.854182133941e-01,-4.663448382535e-01,-6.519381556846e-01,5.982087358709e-01,-2.679232769534e-01,-3.247914420955e-01
2.333333333333e-01,4.333333333333e-01,1.000000000000e-01,1.208699269217e+00,-5.405848998765e-01,-4.923168755208e-01,1.518695258372e-01,-4.260898774046e-02,-9.139848338018e-02
2.333333333333e-01,5.000000000000e-01,1.000000000000e-01,-2.917045515636e-02,3.858342355855e-02,-6.840452821105e-02,-1.205627871422e+00,4.940681779502e-01,3.453569233920e-01
3.000000000000e-01,-5.000000000000e-01,1.000000000000e-01,1.761847825708e-01,-5.523241928294e-02,-7.975131810782e-01,-8.354465883362e-01,-3.399755041122e-01,8.581340293472e-01
3.000000000000e-01,-4.333333333333e-01,1.000000000000e-01,-2.168965262608e-02,-1.937418716716e-01,-7.500388254783e-01,-1.005403676750e+00,-4.191995626086e-01,1.258754997247e+00
3.000000000000e-01,-3.666666666667e-01,1.000000000000e-01,-1.125227455779e+00,-4.423040909469e-01,1.811712368640e+00,3.782494523565e-01,4.480680776068e-01,4.519393391562e-01
3.000000000000e-01,-3.000000000000e-01,1.000000000000e-01,3.852695305388e-01,-2.258433083550e-01,-1.801259788323e+00,-1.321604806646e+00,-8.220009951894e-01,1.599062412340e+00
3.000000000000e-01,-2.333333333333e-01,1.000000000000e-01,-8.336367946085e-01,-1.048102494272e+00,1.948184381917e-01,-1.265723555543e+00,-3.138671461151e-01,3.089204079102e+00
3.000000000000e-01,-1.666666666667e-01,1.000000000000e-01,9.959178410581e-01,-3.307504270499e-01,-3.465781279356e+00,-1.153989101414e+00,-1.188831663777e+00,1.653904009647e+00
3.000000000000e-01,-1.000000000000e-01,1.000000000000e-01,3.960967191960e-01,1.093474280940e+00,-3.121080029436e-01,1.364027763766e+00,-3.172528794735e-01,-4.363235343462e+00
3.000000000000e-01,-3.333333333333e-02,1.000000000000e-01,-1.324015408022e+00,9.237171966097e-01,4.162296605589e+00,3.625371313392e-01,3.151419218688e-01,-1.144743407015e+00
3.000000000000e-01,3.333333333333e-02,1.000000000000e-01,-1.258797601147e+00,7.789983873063e-01,3.414694917143e+00,4.037015094822e-01,-5.731667810311e-01,-1.077283560739e+00
3.000000000000e-01,1.000000000000e-01,1.000000000000e-01,4.056962705499e-01,-9.026285245711e-01,-3.066180152854e-01,9.529981235738e-01,-2.401938432116e-01,-2.593242902753e+00
3.000000000000e-01,1.666666666667e-01,1.000000000000e-01,3.004920647240e-01,4.726652204879e-01,-1.740265455599e+00,-5.341196168377e-01,5.485000402954e-01,7.057447788563e-01
3.000000000000e-01,2.333333333333e-01,1.000000000000e-01,-1.175785912004e-01,2.534326785509e-01,-1.973923879033e-01,-2.677753863972e-01,-2.170818314721e-01,1.401511572779e+00
3.000000000000e-01,3.000000000000e-01,1.000000000000e-01,3.616285478282e-01,-3.984957254265e-02,-9.941694984822e-01,-7.800320765362e-02,-2.624930147577e-02,4.255406914091e-01
3.000000000000e-01,3.666666666667e-01,1.000000000000e-01,-3.673010359278e-01,1.519328059716e-01,6.424367078658e-01,-4.786989434804e-01,2.406774149798e-01,5.028329380194e-01
3.000000000000e-01,4.333333333333e-01,1.000000000000e-01,7.228671015065e-01,-3.729931946630e-01,-5.283914166603e-01,-2.770941201153e-01,1.428957946219e-01,3.026561652675e-01
3.000000000000e-01,5.000000000000e-01,1.000000000000e-01,8.552633736910e-01,-4.230159941124e-01,-4.444598581672e-01,-1.529018374809e-01,8.786361079173e-02,9.451234977195e-02
3.666666666667e-01,-5.000000000000e-01,1.000000000000e-01,-7.838589650214e-01,-3.719343867361e-01,1.067922101395e+00,4.973379916625e-02,1.639230262723e-01,6.177763706483e-01
3.666666666667e-01,-4.333333333333e-01,1.000000000000e-01,5.799118574342e-01,4.688789797568e-01,-1.543245646856e-01,6.786818122688e-01,2.358453289749e-01,-1.500261211601e+00
3.666666666667e-01,-3.666666666667e-01,1.000000000000e-01,-9.905994750726e-01,-5.639905187948e-01,1.635034777083e+00,1.156181913686e-01,3.684475411072e-01,8.805892943132e-01
3.666666666667e-01,-3.000000000000e-01,1.000000000000e-01,-9.741844037247e-01,-4.580597599460e-01,2.249819382130e+00,4.428687952360e-01,7.000905414545e-01,3.832008013804e-01
3.666666666667e-01,-2.333333333333e-01,1.000000000000e-01,7.560314438627e-01,3.808873141378e-02,-2.672745949600e+00,-7.578300837001e-01,-9.639632404390e-01,6.644277096443e-01
3.666666666667e-01,-1.666666666667e-01,1.000000000000e-01,-4.564579389224e-01,-9.841375717038e-01,1.978274926958e-01,-8.690775696771e-01,1.143839902626e-03,3.177218589642e+00
3.666666666667e-01,-1.000000000000e-01,1.000000000000e-01,-3.871814999703e-01,-7.222938806314e-01,8.585339283070e-01,-7.826899788164e-01,5.096784181712e-01,3.304224167563e+00
3.666666666667e-01,-3.333333333333e-02,1.000000000000e-01,-9.549952714032e-02,-3.309586393603e-01,3.741612243669e-01,-8.481381931860e-01,7.310140351777e-01,3.274649091642e+00
3.666666666667e-01,3.333333333333e-02,1.000000000000e-01,-1.239509839697e-01,2.798019387188e-01,4.188004461043e-01,-8.537215226130e-01,7.397037030308e-01,2.798537605906e+00
3.666666666667e-01,1.000000000000e-01,1.000000000000e-01,-3.951651100315e-01,7.371493444007e-01,6.928757155373e-01,-6.458065781062e-01,2.221617501356e-01,2.100445832086e+00
3.666666666667e-01,1.666666666667e-01,1.000000000000e-01,-3.509186386749e-01,6.844319494235e-01,1.175415296428e-01,-4.138365336821e-01,-8.356028890551e-02,1.669513710634e+00
3.666666666667e-01,2.333333333333e-01,1.000000000000e-01,1.326284507348e-01,3.170345985544e-01,-1.285924126262e+00,-2.800892660800e-01,3.675118420751e-01,1.767464270744e-01
3.666666666667e-01,3.000000000000e-01,1.000000000000e-01,-1.355044668200e-01,-1.248506893682e-01,9.558354863136e-01,2.829180559794e-02,-1.707346460242e-01,3.978831504887e-01
3.666666666667e-01,3.666666666667e-01,1.000000000000e-01,-1.071518184432e-01,-2.138425198834e-02,5.658018897129e-01,-2.122887057399e-01,4.651321618017e-02,6.061730688174e-01
3.666666666667e-01,4.333333333333e-01,1.000000000000e-01,-2.401465896584e-01,1.426358441644e-01,2.006096052912e-01,3.376125851197e-01,-1.564758002868e-01,-6.274442887365e-01
3.666666666667e-01,5.000000000000e-01,1.000000000000e-01,-1.850206515088e-01,9.720376968258e-02,2.729003143951e-01,-5.216115770591e-01,2.909955563468e-01,4.421611719289e-01
4.333333333333e-01,-5.000000000000e-01,1.000000000000e-01,1.134365791259e-01,-8.297481448158e-02,-8.998087998015e-01,-6.998551066716e-01,-4.416258610734e-01,8.843082885072e-01
4.333333333333e-01,-4.333333333333e-01,1.000000000000e-01,5.838604268011e-01,5.274262049210e-01,-3.115600644793e-01,5.074685268412e-01,1.736098122853e-01,-1.471266960312e+00
4.333333333333e-01,-3.666666666667e-01,1.000000000000e-01,5.934286674795e-01,6.438089765524e-01,-2.941144541614e-01,5.625884592002e-01,1.891901509528e-01,-1.766188487105e+00
4.333333333333e-01,-3.000000000000e-01,1.000000000000e-01,-1.804935414352e-01,-5.640029676139e-01,-8.277190317495e-01,-7.993736667456e-01,-5.297239785352e-01,1.939950746285e+00
4.333333333333e-01,-2.333333333333e-01,1.000000000000e-01,2.324063495194e-01,-3.946771917318e-01,-1.857599207219e+00,-7.259542705563e-01,-7.254227686371e-01,1.557884623510e+00
4.333333333333e-01,-1.666666666667e-01,1.000000000000e-01,-7.859440222508e-02,7.039906624367e-01,1.387064352404e+00,6.557794887095e-01,3.764036727028e-01,-2.282335126200e+00
4.333333333333e-01,-1.000000000000e-01,1.000000000000e-01,5.771701558083e-01,-1.368413937538e-01,-2.647112225623e+00,5.414373441795e-02,-7.090792722544e-01,-7.968584625172e-01
4.333333333333e-01,-3.333333333333e-02,1.000000000000e-01,5.153750202754e-01,-6.783474083282e-01,-2.355680530102e+00,-2.618094931392e-01,-1.875704033048e-02,1.203315403401e+00
4.333333333333e-01,3.333333333333e-02,1.000000000000e-01,5.328051567480e-01,-5.365536475510e-01,-2.039151156271e+00,-2.855290340215e-01,3.962780186284e-01,1.122971668349e+00
4.333333333333e-01,1.000000000000e-01,1.000000000000e-01,5.698883445637e-01,-5.511346231045e-01,-1.861922158067e+00,2.226010111735e-02,3.424497378909e-01,-4.252978697852e-01
4.333333333333e-01,1.666666666667e-01,1.000000000000e-01,2.011811432825e-02,-4.766419226899e-01,7.281348022678e-01,4.618496642975e-01,-3.869278420698e-01,-1.324987726660e+00
4.333333333333e-01,2.333333333333e-01,1.000000000000e-01,-2.182240680644e-02,4.300448261875e-01,-9.503649720596e-01,-3.233825478004e-01,2.827705085681e-01,7.371813308467e-01
4.333333333333e-01,3.000000000000e-01,1.000000000000e-01,-1.209821793060e-01,3.346188094864e-01,-5.093020392686e-01,-1.344450934314e-01,-6.743328029698e-02,8.368726487496e-01
4.333333333333e-01,3.666666666667e-01,1.000000000000e-01,3.456219909578e-02,-6.599493513113e-02,6.332912868487e-02,6.136299066281e-02,1.289774990355e-01,-8.074300248386e-01
4.333333333333e-01,4.333333333333e-01,1.000000000000e-01,-7.900067630926e-02,4.921639559154e-02,8.090118459345e-02,1.478879967943e-01,-9.227892231863e-03,-6.652404574776e-01
4.333333333333e-01,5.000000000000e-01,1.000000000000e-01,3.029560998172e-01,-1.634455078004e-01,-5.141453690061e-01,-3.400064682414e-03,-2.163998057453e-02,1.996814452061e-01
5.000000000000e-01,-5.000000000000e-01,1.000000000000e-01,-1.427530810348e-01,-2.574143190148e-01,-5.428466358709e-01,-6.117494366527e-01,-3.950908526725e-01,1.137385304903e+00
5.000000000000e-01,-4.333333333333e-01,1.000000000000e-01,3.758318864536e-02,-1.905268424649e-01,-9.894899920841e-01,-6.566244452781e-01,-5.239230965883e-01,1.081280566475e+00
5.000000000000e-01,-3.666666666667e-01,1.000000000000e-01,-6.373660240032e-01,-4.621333279927e-01,1.551617262941e+00,1.751811522491e-01,4.404801270397e-01,6.773163839275e-01
5.000000000000e-01,-3.000000000000e-01,1.000000000000e-01,-5.130903401439e-02,-4.562016952273e-01,-1.039780282753e+00,-6.242230144151e-01,-5.234813161537e-01,1.621277790804e+00
5.000000000000e-01,-2.333333333333e-01,1.000000000000e-01,-5.486758093299e-01,-5.108782894623e-01,1.631048159792e+00,-6.637522846571e-02,4.843493431926e-01,1.377256033286e+00
5.000000000000e-01,-1.666666666667e-01,1.000000000000e-01,-7.823894800724e-02,-6.615520078706e-01,-5.864563605055e-01,-4.569370592426e-01,-6.331817543186e-02,2.199412523289e+00
5.000000000000e-01,-1.000000000000e-01,1.000000000000e-01,-4.525607332915e-02,5.882569667647e-01,6.893009108222e-01,4.059741392630e-01,-1.676624626595e-01,-2.200837395831e+00
5.000000000000e-01,-3.333333333333e-02,1.000000000000e-01,3.792292219005e-01,-3.675009006918e-01,-2.007522020955e+00,1.713727501096e-01,-4.570873953719e-01,-9.001915779666e-01
5.000000000000e-01,3.333333333333e-02,1.000000000000e-01,4.089502012022e-01,-5.466001499240e-01,-1.820947872669e+00,1.782344663021e-01,-1.811270717469e-01,-7.569597070891e-01
5.000000000000e-01,1.000000000000e-01,1.000000000000e-01,-3.877207540334e-02,-2.199040424528e-01,3.947220350166e-01,4.400713260521e-01,-5.144138291040e-01,-1.627617920229e+00
5.000000000000e-01,1.666666666667e-01,1.000000000000e-01,-1.012849717471e-01,4.544855092488e-01,-2.736623008221e-01,-3.747916024462e-01,2.917656421070e-01,1.348067220213e+00
5.000000000000e-01,2.333333333333e-01,1.000000000000e-01,-3.023746108483e-01,2.690916478702e-01,8.625082791121e-01,5.540235828056e-02,-4.124780936198e-01,7.187290844617e-01
5.000000000000e-01,3.000000000000e-01,1.000000000000e-01,-1.291174164726e-01,3.880659447954e-01,-5.613664711855e-01,-1.746846168178e-01,4.999196600421e-02,7.401383887600e-01
5.000000000000e-01,3.666666666667e-01,1.000000000000e-01,-6.796547584040e-02,-7.166773726433e-02,6.522679865443e-01,9.571469157150e-02,-2.398349168384e-01,4.300466508191e-01
5.000000000000e-01,4.333333333333e-01,1.000000000000e-01,1.734786665845e-02,1.002051066404e-01,-5.566710440129e-01,-3.234714245930e-02,-3.246561220677e-02,3.588333223699e-01
5.000000000000e-01,5.000000000000e-01,1.000000000000e-01,1.187706653675e-01,-4.113704890349e-02,-3.941587640762e-01,-4.240416163371e-02,-2.344455000293e-02,3.996817932396e-01
