antenna name=patcharray
antenna size=1.500000000000e-02
measurement surface=plane
freq=27000000000.000000
sampling point=256
sampling space=1.000000000000e-02
#data
x,y,z,realEx,realEy,realEz,imgEx,imgEy,imgEz
-7.500000000000e-02,-7.500000000000e-02,1.500000000000e-02,1.552827981014e+00,-2.256464983079e+00,-1.761132338042e+00,6.493572654099e-02,1.539432312549e-02,5.315821798390e-01
-7.500000000000e-02,-6.500000000000e-02,1.500000000000e-02,-1.154776846287e+00,2.139319943106e+00,1.909707011422e+00,-3.584761950099e-01,8.816601866780e-01,1.445226459654e+00
-7.500000000000e-02,-5.500000000000e-02,1.500000000000e-02,9.854295200644e-01,-2.091985943074e+00,-1.065487176535e+00,-1.592077693604e-01,-7.335722938877e-01,-3.121728510435e+00
-7.500000000000e-02,-4.500000000000e-02,1.500000000000e-02,-7.284964006417e-01,2.070277401354e+00,8.475096241130e-01,1.240062940501e+00,-7.320855045381e-01,4.632390947601e+00
-7.500000000000e-02,-3.500000000000e-02,1.500000000000e-02,-7.836052341735e-01,5.666720936675e-03,-3.631012411746e+00,-2.079308438573e+00,2.847678423292e+00,-5.658392726048e+00
-7.500000000000e-02,-2.500000000000e-02,1.500000000000e-02,2.806307110176e+00,-4.115958980432e+00,9.275600693349e+00,3.103001769201e-02,-5.681665754945e-02,-5.191835383925e-02
-7.500000000000e-02,-1.500000000000e-02,1.500000000000e-02,2.670715946560e-01,-2.067221765441e+00,1.489856758323e+00,2.958815527532e+00,-4.649719594845e+00,1.197035006272e+01
-7.500000000000e-02,-5.000000000000e-03,1.500000000000e-02,-2.132809622411e+00,4.487623405296e-01,-8.174347267758e+00,2.036274567979e+00,-4.857227691749e+00,1.204777092861e+01
-7.500000000000e-02,5.000000000000e-03,1.500000000000e-02,-2.563828643806e+00,-5.975410304294e-01,-8.623026702408e+00,1.812836037622e+00,-3.227335727270e+00,1.371422113137e+01
-7.500000000000e-02,1.500000000000e-02,1.500000000000e-02,-6.924710398176e-01,-1.315093670787e+00,3.577176675753e+00,3.501599910729e+00,3.475294239353e-01,1.626166299455e+01
-7.500000000000e-02,2.500000000000e-02,1.500000000000e-02,4.062085545714e+00,2.317337076046e+00,1.584191437071e+01,6.961597558335e-01,3.058429350351e-02,-1.940683463170e+00
-7.500000000000e-02,3.500000000000e-02,1.500000000000e-02,-2.319134146658e+00,-2.696924610629e+00,-8.842374173720e+00,-4.087248568907e+00,-2.669271754995e+00,-1.146253567090e+01
-7.500000000000e-02,4.500000000000e-02,1.500000000000e-02,7.672625143438e-01,1.683782820493e+00,2.147738458506e+00,5.078085040687e+00,4.152429929343e+00,1.244342085881e+01
-7.500000000000e-02,5.500000000000e-02,1.500000000000e-02,-1.111839170968e+00,-1.733623036872e+00,-1.634950916211e+00,-5.193864269952e+00,-4.155717133310e+00,-1.062610833463e+01
-7.500000000000e-02,6.500000000000e-02,1.500000000000e-02,3.081208710724e+00,2.889014538427e+00,4.544105279822e+00,4.225893374370e+00,2.968156041441e+00,7.820237624379e+00
-7.500000000000e-02,7.500000000000e-02,1.500000000000e-02,-4.845284837203e+00,-3.604590391780e+00,-7.137730038123e+00,-1.093837238211e+00,-4.100845392608e-01,-2.569759630906e+00
-6.500000000000e-02,-7.500000000000e-02,1.500000000000e-02,-1.047407639033e+00,1.463467564603e+00,1.743589241625e+00,-1.608946794291e+00,1.801784529991e+00,1.394751214704e-01
-6.500000000000e-02,-6.500000000000e-02,1.500000000000e-02,-6.103648670089e-02,3.476253475423e-04,-5.357941442001e-01,1.611652608485e+00,-2.563278122580e+00,-2.121975244269e+00
-6.500000000000e-02,-5.500000000000e-02,1.500000000000e-02,6.694417881397e-02,-7.587565104877e-01,-1.916720565105e+00,-1.209489515657e+00,2.529269514906e+00,2.243451962474e+00
-6.500000000000e-02,-4.500000000000e-02,1.500000000000e-02,9.104109928412e-01,2.481233431031e-02,4.092137122831e+00,1.014360359995e+00,-2.558415069271e+00,-1.403891507659e+00
-6.500000000000e-02,-3.500000000000e-02,1.500000000000e-02,-2.366023423310e+00,2.436746895947e+00,-6.176151095350e+00,-2.089699476131e-02,1.553604339339e+00,2.340744296635e+00
-6.500000000000e-02,-2.500000000000e-02,1.500000000000e-02,1.789996371982e+00,-2.608377985172e+00,4.698423113427e+00,-2.886004179621e+00,3.395108730509e+00,-8.665581664285e+00
-6.500000000000e-02,-1.500000000000e-02,1.500000000000e-02,3.179414394407e+00,-5.469160185251e+00,1.141956496519e+01,2.268965208981e+00,-1.811838896893e+00,7.592350395363e+00
-6.500000000000e-02,-5.000000000000e-03,1.500000000000e-02,-2.037231255903e-01,-3.601724708517e+00,2.742324141886e+00,4.071664814226e+00,-4.457003907110e+00,1.707540272275e+01
-6.500000000000e-02,5.000000000000e-03,1.500000000000e-02,-8.214336410607e-01,-3.057054815401e+00,3.900446262519e+00,4.394700764974e+00,-1.949074482273e+00,1.915094099854e+01
-6.500000000000e-02,1.500000000000e-02,1.500000000000e-02,3.326089866377e+00,4.422592466375e-02,1.762076430758e+01,3.850651981952e+00,1.485532165216e+00,9.170798875135e+00
-6.500000000000e-02,2.500000000000e-02,1.500000000000e-02,3.324731510013e+00,1.162927378015e+00,6.803587456465e+00,-4.700972231679e+00,-3.183256397196e+00,-1.716661811945e+01
-6.500000000000e-02,3.500000000000e-02,1.500000000000e-02,-5.989530204791e+00,-3.997276063589e+00,-1.473158730619e+01,2.023485037547e+00,2.808764078336e+00,6.449114694138e+00
-6.500000000000e-02,4.500000000000e-02,1.500000000000e-02,6.386329717713e+00,4.686331190442e+00,1.314434457688e+01,-1.516697109873e+00,-2.318286159056e+00,-2.833264149059e+00
-6.500000000000e-02,5.500000000000e-02,1.500000000000e-02,-5.403982144180e+00,-3.577775728869e+00,-9.723898164124e+00,3.480084581330e+00,3.278103779118e+00,5.181162295794e+00
-6.500000000000e-02,6.500000000000e-02,1.500000000000e-02,1.827714643746e+00,7.619705305043e-01,3.638340511356e+00,-5.737305094313e+00,-4.119666703280e+00,-8.210564102997e+00
-6.500000000000e-02,7.500000000000e-02,1.500000000000e-02,3.396456122100e+00,2.406304941320e+00,3.891327811495e+00,4.313697120700e+00,2.536796665660e+00,6.236630367677e+00
-5.500000000000e-02,-7.500000000000e-02,1.500000000000e-02,-2.394683352785e-01,-1.165299007342e-01,-1.747570868183e+00,2.259804653257e+00,-2.218635312214e+00,-1.674004699774e-01
-5.500000000000e-02,-6.500000000000e-02,1.500000000000e-02,1.768101746471e+00,-2.056940301671e+00,-8.364840095621e-02,-1.033855988105e+00,1.622215290496e+00,2.122779568188e+00
-5.500000000000e-02,-5.500000000000e-02,1.500000000000e-02,-1.607012966213e+00,2.958404404469e+00,2.618216445019e+00,8.345957545132e-02,-1.462580589526e-01,-6.247571099991e-01
-5.500000000000e-02,-4.500000000000e-02,1.500000000000e-02,1.196219365898e+00,-3.083964357379e+00,-2.826603057465e+00,-6.079896578663e-01,-2.494493094679e-01,-2.574224238411e+00
-5.500000000000e-02,-3.500000000000e-02,1.500000000000e-02,-6.109054277365e-01,2.750575310687e+00,2.412955192099e+00,2.318104062922e+00,-1.617963898081e+00,5.681858539949e+00
-5.500000000000e-02,-2.500000000000e-02,1.500000000000e-02,-2.260801414635e+00,1.401791534832e+00,-6.782196214881e+00,-3.414981415207e+00,4.184697528679e+00,-7.680929387487e+00
-5.500000000000e-02,-1.500000000000e-02,1.500000000000e-02,5.044087922738e+00,-5.506423577963e+00,1.475943501937e+01,-1.663048461116e+00,3.536141611721e+00,-5.514385035770e+00
-5.500000000000e-02,-5.000000000000e-03,1.500000000000e-02,4.102386582568e+00,-6.887198859580e+00,1.742803266202e+01,4.328668342865e+00,-4.735377544697e-01,1.208243235575e+01
-5.500000000000e-02,5.000000000000e-03,1.500000000000e-02,4.051933797972e+00,-3.808508890645e+00,2.077667419308e+01,5.432391345483e+00,1.280664719259e+00,1.288673733750e+01
-5.500000000000e-02,1.500000000000e-02,1.500000000000e-02,7.558082612596e+00,2.087979273487e+00,2.156451207578e+01,-1.082056068534e+00,9.632100620600e-02,-1.125102159287e+01
-5.500000000000e-02,2.500000000000e-02,1.500000000000e-02,-5.040225245992e+00,-4.087215381212e+00,-1.593968828269e+01,-6.594847764124e+00,-2.723559285492e+00,-1.449664962062e+01
-5.500000000000e-02,3.500000000000e-02,1.500000000000e-02,2.761168241218e+00,3.510122643590e+00,6.287899355578e+00,8.119316371772e+00,4.989499894074e+00,1.655730759688e+01
-5.500000000000e-02,4.500000000000e-02,1.500000000000e-02,-4.343196709954e+00,-4.014716139141e+00,-6.706321735087e+00,-7.072332420935e+00,-4.223545232912e+00,-1.231746258877e+01
-5.500000000000e-02,5.500000000000e-02,1.500000000000e-02,7.091299341444e+00,4.831423107450e+00,9.848136875907e+00,2.764352689147e+00,1.097230387990e+00,4.880162155608e+00
-5.500000000000e-02,6.500000000000e-02,1.500000000000e-02,-5.543175389509e+00,-3.034109928238e+00,-7.511523408331e+00,3.876113568486e+00,2.625804151835e+00,4.321134691275e+00
-5.500000000000e-02,7.500000000000e-02,1.500000000000e-02,-1.660212730438e+00,-1.109592261184e+00,-1.508261515870e+00,-5.702697885396e+00,-3.009518924842e+00,-6.766226909360e+00
-4.500000000000e-02,-7.500000000000e-02,1.500000000000e-02,1.260427336220e+00,-5.710168843068e-01,1.731124059806e+00,-2.402743995601e+00,1.931904251034e+00,-5.041964036832e-01
-4.500000000000e-02,-6.500000000000e-02,1.500000000000e-02,-2.494442373352e+00,2.441032796641e+00,-1.714828064684e-01,-4.419343298247e-01,-1.445772213090e-01,-2.199273605544e+00
-4.500000000000e-02,-5.500000000000e-02,1.500000000000e-02,1.009436774570e+00,-1.934497660990e+00,-2.700633156753e+00,1.844561467403e+00,-2.266353006489e+00,1.789958206902e-01
-4.500000000000e-02,-4.500000000000e-02,1.500000000000e-02,-5.211539558691e-01,6.869360444571e-01,9.311211234046e-01,-1.375933893255e+00,3.433583190629e+00,3.345010358819e+00
-4.500000000000e-02,-3.500000000000e-02,1.500000000000e-02,2.107019322178e+00,-1.226117488904e+00,3.579486308150e+00,7.438563642338e-01,-3.627856132993e+00,-4.042335346202e+00
-4.500000000000e-02,-2.500000000000e-02,1.500000000000e-02,-4.618082834699e+00,4.609495727151e+00,-8.255269552444e+00,1.549982738161e+00,9.126197420346e-01,5.881536800444e+00
-4.500000000000e-02,-1.500000000000e-02,1.500000000000e-02,1.445738948961e+00,-2.148410395686e-01,2.397890204299e+00,-7.389431929590e+00,7.431389664513e+00,-1.805437234029e+01
-4.500000000000e-02,-5.000000000000e-03,1.500000000000e-02,9.408558110688e+00,-5.763684037317e+00,2.608640693989e+01,-7.471287104358e-01,6.359555434161e+00,-7.586164356183e+00
-4.500000000000e-02,5.000000000000e-03,1.500000000000e-02,1.119372836356e+01,-1.032232707189e+00,3.023060667524e+01,1.485327458517e-01,4.313625222206e+00,-1.092900966852e+01
-4.500000000000e-02,1.500000000000e-02,1.500000000000e-02,3.425627131807e+00,4.040880106449e-01,-2.084309488966e-01,-1.170761876081e+01,-3.562672032431e+00,-3.068143523727e+01
-4.500000000000e-02,2.500000000000e-02,1.500000000000e-02,-1.044615333110e+01,-4.191229555435e+00,-1.959389926385e+01,6.511547347818e+00,5.493073875236e+00,1.578205950543e+01
-4.500000000000e-02,3.500000000000e-02,1.500000000000e-02,9.603027980350e+00,4.682461564118e+00,1.586318306495e+01,-6.484837671765e+00,-5.472683794671e+00,-1.058813416986e+01
-4.500000000000e-02,4.500000000000e-02,1.500000000000e-02,-3.951898261547e+00,-1.288167139587e+00,-6.203855408029e+00,9.457256455152e+00,5.912913006559e+00,1.269034105080e+01
-4.500000000000e-02,5.500000000000e-02,1.500000000000e-02,-4.866747683676e+00,-3.056785390749e+00,-5.342276782629e+00,-7.281887147073e+00,-3.582968465493e+00,-9.100350431612e+00
-4.500000000000e-02,6.500000000000e-02,1.500000000000e-02,7.077684224573e+00,3.354141391820e+00,7.747780544599e+00,-2.244088268891e+00,-1.337026330556e+00,-2.247233372421e+00
-4.500000000000e-02,7.500000000000e-02,1.500000000000e-02,1.605691073091e+00,8.214928056884e-01,1.761850321818e+00,6.140826076265e+00,2.679005969084e+00,6.087926083406e+00
-3.500000000000e-02,-7.500000000000e-02,1.500000000000e-02,-1.441273650116e+00,4.774645848126e-01,-7.270133555884e-01,3.178441605049e+00,-1.776059761595e+00,1.668148998245e+00
-3.500000000000e-02,-6.500000000000e-02,1.500000000000e-02,2.990564032415e+00,-2.137504543660e+00,1.412884289103e+00,1.575485408404e+00,-4.806370296526e-01,1.795175529638e+00
-3.500000000000e-02,-5.500000000000e-02,1.500000000000e-02,7.868857259462e-01,3.018484498231e-01,2.743004469876e+00,-2.831297953203e+00,2.660724299213e+00,-1.036477133934e+00
-3.500000000000e-02,-4.500000000000e-02,1.500000000000e-02,-1.713415461993e+00,2.259338642381e+00,-1.010009222208e+00,8.223803207607e-01,-2.515529426923e+00,-3.561663396589e+00
-3.500000000000e-02,-3.500000000000e-02,1.500000000000e-02,2.436383219348e-01,-3.682851616225e+00,-4.460930567941e+00,-1.511335177573e+00,2.205052865568e+00,1.836398309712e+00
-3.500000000000e-02,-2.500000000000e-02,1.500000000000e-02,1.983858471004e+00,2.554018051797e+00,7.448690273728e+00,5.220685167288e+00,-4.824846444041e+00,5.181244949422e+00
-3.500000000000e-02,-1.500000000000e-02,1.500000000000e-02,-9.908872303636e+00,7.462808766875e+00,-1.932583438915e+01,-5.384948273202e+00,4.161296926055e+00,-7.674353896019e+00
-3.500000000000e-02,-5.000000000000e-03,1.500000000000e-02,7.272446219387e+00,3.317611180149e+00,8.929018782939e+00,-1.508993211999e+01,1.056515135540e+01,-3.589256306634e+01
-3.500000000000e-02,5.000000000000e-03,1.500000000000e-02,1.007708513233e+01,4.010633478885e+00,7.355565400697e+00,-1.827618865907e+01,2.593160863009e+00,-4.466030725287e+01
-3.500000000000e-02,1.500000000000e-02,1.500000000000e-02,-1.861531271935e+01,-6.335471019108e+00,-3.866076842881e+01,-9.655525025585e+00,-6.608198141444e-01,-9.480689795917e+00
-3.500000000000e-02,2.500000000000e-02,1.500000000000e-02,1.293083765373e+01,8.217799592407e+00,2.150212124781e+01,1.331818773365e+01,3.867584544363e+00,1.922452952484e+01
-3.500000000000e-02,3.500000000000e-02,1.500000000000e-02,-1.443358271058e+01,-7.679527728020e+00,-1.837518680425e+01,-5.178073992776e+00,-8.698726695321e-01,-6.866714923169e+00
-3.500000000000e-02,4.500000000000e-02,1.500000000000e-02,9.908051996107e+00,4.108832178851e+00,1.099054852090e+01,-7.249440379963e+00,-3.957220575070e+00,-7.811648717669e+00
-3.500000000000e-02,5.500000000000e-02,1.500000000000e-02,3.869752999132e+00,1.886975619645e+00,4.068956673300e+00,9.079920826808e+00,3.674281447490e+00,8.739636389244e+00
-3.500000000000e-02,6.500000000000e-02,1.500000000000e-02,-7.353666675393e+00,-2.728280258460e+00,-6.196929624641e+00,3.438736228389e+00,1.386374153376e+00,3.678888149720e+00
-3.500000000000e-02,7.500000000000e-02,1.500000000000e-02,-4.232988681853e+00,-1.465438857443e+00,-4.143806011359e+00,-5.400910732499e+00,-1.829288220518e+00,-3.781690890285e+00
-2.500000000000e-02,-7.500000000000e-02,1.500000000000e-02,-1.178266094749e+00,5.071609159079e-01,-1.676066856638e+00,-4.525590078325e+00,1.642355463618e+00,-8.400076369126e-01
-2.500000000000e-02,-6.500000000000e-02,1.500000000000e-02,-4.868672664227e+00,2.055240378254e+00,-2.137248761749e+00,-7.213171136368e-01,1.933008747165e-02,7.616680085595e-01
-2.500000000000e-02,-5.500000000000e-02,1.500000000000e-02,-1.843321751709e+00,2.022268247322e-01,-8.974730609602e-01,4.516439844420e+00,-2.428608753284e+00,2.856671985469e+00
-2.500000000000e-02,-4.500000000000e-02,1.500000000000e-02,3.727814228576e+00,-2.797672533754e+00,3.091887884972e+00,1.592240250213e+00,6.530154759522e-01,2.811002540043e+00
-2.500000000000e-02,-3.500000000000e-02,1.500000000000e-02,4.029273371892e-01,3.346384228031e+00,4.405098558254e+00,-1.311931658216e+00,1.437750410651e+00,-3.508361480150e+00
-2.500000000000e-02,-2.500000000000e-02,1.500000000000e-02,2.441737761973e+00,-5.633034171195e+00,-4.683755682387e+00,-4.976896367691e+00,-1.423852183665e+00,-6.129361983360e+00
-2.500000000000e-02,-1.500000000000e-02,1.500000000000e-02,-6.852651412222e+00,6.822151516871e+00,-2.874191552750e+00,1.685016614383e+01,-7.937480092591e+00,2.178102970926e+01
-2.500000000000e-02,-5.000000000000e-03,1.500000000000e-02,-2.780178093030e+01,1.477965097612e+01,-4.902851722306e+01,-2.178868425846e+01,-4.074977572881e-01,-2.346222150645e+01
-2.500000000000e-02,5.000000000000e-03,1.500000000000e-02,-3.613721981245e+01,2.050398629091e+00,-6.503795117042e+01,-2.853718262495e+01,-4.313631069032e+00,-2.396516676606e+01
-2.500000000000e-02,1.500000000000e-02,1.500000000000e-02,-1.043223720769e+01,1.934989253430e+00,-4.291364858300e+00,3.742844666538e+01,1.026169855185e+01,5.170669003108e+01
-2.500000000000e-02,2.500000000000e-02,1.500000000000e-02,3.224190441595e+00,-2.011635570571e+00,1.651280462576e+00,-2.774375314448e+01,-1.020322534596e+01,-3.107055827854e+01
-2.500000000000e-02,3.500000000000e-02,1.500000000000e-02,1.431234552797e+01,5.916312210487e+00,1.412513305051e+01,1.367472961545e+01,4.109725856250e+00,1.208299869138e+01
-2.500000000000e-02,4.500000000000e-02,1.500000000000e-02,-1.169531224904e+01,-3.672640369408e+00,-8.691563330354e+00,8.666517640098e+00,3.088769828265e+00,8.186760441646e+00
-2.500000000000e-02,5.500000000000e-02,1.500000000000e-02,-7.919485387418e+00,-2.362025849500e+00,-6.890174762022e+00,-8.013628448224e+00,-2.332473142958e+00,-4.633223354790e+00
-2.500000000000e-02,6.500000000000e-02,1.500000000000e-02,3.891591787170e+00,1.049586005623e+00,1.008855722441e+00,-8.265435146217e+00,-2.170055969479e+00,-6.082178172527e+00
-2.500000000000e-02,7.500000000000e-02,1.500000000000e-02,7.674199433265e+00,1.826657490655e+00,4.443477769339e+00,-4.185267862597e-01,-6.567459978944e-02,-1.849559372703e+00
-1.500000000000e-02,-7.500000000000e-02,1.500000000000e-02,5.905689907183e+00,-1.470898794331e+00,-3.278804150881e-01,-5.555528859214e-01,-5.288553342506e-02,-2.223419770414e+00
-1.500000000000e-02,-6.500000000000e-02,1.500000000000e-02,3.595054629404e+00,-1.104857223410e+00,-1.881306520634e+00,-5.771134613427e+00,1.493428413070e+00,-1.673788871335e+00
-1.500000000000e-02,-5.500000000000e-02,1.500000000000e-02,-3.389551070261e+00,1.041819299297e+00,-2.991363519027e+00,-7.004634658572e+00,2.103520354887e+00,-8.823223662660e-02
-1.500000000000e-02,-4.500000000000e-02,1.500000000000e-02,-8.647168929062e+00,2.806362329394e+00,-3.036753710834e+00,6.910937209216e-02,-5.698958339568e-01,2.669980104671e+00
-1.500000000000e-02,-3.500000000000e-02,1.500000000000e-02,-2.672129219423e+00,-1.095195624330e+00,7.503054665848e-01,8.134699439597e+00,-2.769620549514e+00,6.321444963676e+00
-1.500000000000e-02,-2.500000000000e-02,1.500000000000e-02,4.660333728626e+00,1.274471605947e+00,9.849799512209e+00,6.802003283784e+00,2.272167539382e+00,1.076071499568e+00
-1.500000000000e-02,-1.500000000000e-02,1.500000000000e-02,2.389622599029e+01,-1.161797691250e+01,4.781025522198e+00,-2.028217940143e+01,-5.263493597059e-01,-1.807788405067e+01
-1.500000000000e-02,-5.000000000000e-03,1.500000000000e-02,-1.177310081475e+01,-5.436700288837e+00,1.088681661920e+01,9.231433067071e+01,-1.892602090960e+01,7.974007093894e+01
-1.500000000000e-02,5.000000000000e-03,1.500000000000e-02,-1.300992188248e+01,-3.383720877207e+00,1.922130923876e+01,1.216234435885e+02,3.466964254974e+00,1.061695828831e+02
-1.500000000000e-02,1.500000000000e-02,1.500000000000e-02,5.895455995174e+01,6.631918268402e+00,3.973254526650e+01,-4.737123489247e+01,-1.133247876930e+01,-4.601498685223e+01
-1.500000000000e-02,2.500000000000e-02,1.500000000000e-02,-9.299668267509e+00,-7.334109951468e-01,-1.889745341082e+00,4.061367142590e+01,9.085212643527e+00,2.849035127960e+01
-1.500000000000e-02,3.500000000000e-02,1.500000000000e-02,-2.386173725380e+01,-4.947478934857e+00,-1.512355197092e+01,-9.412661953218e+00,-1.940160195879e+00,-2.066336891140e+00
-1.500000000000e-02,4.500000000000e-02,1.500000000000e-02,2.144178883511e+00,5.824842237677e-01,-2.047730427971e+00,-1.758223691350e+01,-3.201500599533e+00,-9.318499208482e+00
-1.500000000000e-02,5.500000000000e-02,1.500000000000e-02,1.245170315049e+01,2.062372172949e+00,4.742913983614e+00,-4.732518386877e+00,-6.093385665613e-01,-4.698820310499e+00
-1.500000000000e-02,6.500000000000e-02,1.500000000000e-02,8.860299578715e+00,1.201698300197e+00,5.005713652044e+00,5.879083321568e+00,9.308553566878e-01,5.467499544270e-01
-1.500000000000e-02,7.500000000000e-02,1.500000000000e-02,1.075743456797e+00,6.736736952672e-02,2.396212690156e+00,8.783915655476e+00,1.131205566184e+00,3.197696892619e+00
-5.000000000000e-03,-7.500000000000e-02,1.500000000000e-02,4.382017632044e+00,-2.673261690860e-01,8.150493898044e-01,5.207069429268e+00,-9.802701301924e-01,-2.959015882713e+00
-5.000000000000e-03,-6.500000000000e-02,1.500000000000e-02,8.190459056903e+00,-1.183381137692e+00,-1.512881070647e+00,7.650019809712e-01,-6.615966226957e-01,-3.201663130627e+00
-5.000000000000e-03,-5.500000000000e-02,1.500000000000e-02,7.649863366775e+00,-1.764213003871e+00,-3.834710324877e+00,-6.875409985268e+00,6.355601050347e-01,-1.610410499454e+00
-5.000000000000e-03,-4.500000000000e-02,1.500000000000e-02,-7.675975752173e-01,-7.228933579353e-01,-4.697742883013e+00,-1.342435988806e+01,2.591141958438e+00,1.761178902645e+00
-5.000000000000e-03,-3.500000000000e-02,1.500000000000e-02,-1.627555971167e+01,2.925993983941e+00,-2.694021619139e+00,-9.128730984714e+00,2.602304637505e+00,5.874968733922e+00
-5.000000000000e-03,-2.500000000000e-02,1.500000000000e-02,-2.300232918025e+01,4.098723147383e+00,4.635331862539e+00,1.719089065454e+01,-2.984638115659e+00,9.137106030070e+00
-5.000000000000e-03,-1.500000000000e-02,1.500000000000e-02,3.539964777469e+01,-5.257027229554e-01,1.843192477545e+01,5.581012429721e+01,-6.556537324649e+00,-6.955543955480e+00
-5.000000000000e-03,-5.000000000000e-03,1.500000000000e-02,-1.402894975098e+02,3.384165025383e+00,-4.923356198571e+01,-1.864384999922e+02,1.940106103780e+01,-2.148028928236e+01
-5.000000000000e-03,5.000000000000e-03,1.500000000000e-02,-1.415061626663e+02,-2.171373556049e+00,-5.372049915291e+01,-2.512638280121e+02,-7.610809320425e+00,-6.026429768914e+01
-5.000000000000e-03,1.500000000000e-02,1.500000000000e-02,-4.954586198261e+00,-5.932211159070e+00,8.219538885697e+00,1.275331241271e+02,6.507029241571e+00,3.339887930432e+01
-5.000000000000e-03,2.500000000000e-02,1.500000000000e-02,-4.894001954992e+01,-4.673921216970e-01,-1.579855746156e+01,-2.834642585453e+01,-3.752385961199e+00,-8.798550488353e-01
-5.000000000000e-03,3.500000000000e-02,1.500000000000e-02,9.302434726763e+00,1.610680036650e+00,-2.736522615551e+00,-3.033444056444e+01,-4.280853570550e-01,-9.044205678122e+00
-5.000000000000e-03,4.500000000000e-02,1.500000000000e-02,2.046396856705e+01,5.882190170575e-01,4.086023271239e+00,-5.013272107954e+00,5.744681709408e-01,-5.079986680034e+00
-5.000000000000e-03,5.500000000000e-02,1.500000000000e-02,1.244208300858e+01,-8.335380007068e-03,4.878336001995e+00,9.299482849472e+00,4.530735756967e-01,-2.169847187949e-01
-5.000000000000e-03,6.500000000000e-02,1.500000000000e-02,1.571174928418e+00,-1.792199778183e-01,2.860329352729e+00,1.213859504843e+01,2.108655248841e-01,2.588646374381e+00
-5.000000000000e-03,7.500000000000e-02,1.500000000000e-02,-5.882530171585e+00,-1.798300935575e-01,3.082904457038e-01,8.189533985434e+00,4.711176532026e-02,3.149273707469e+00
5.000000000000e-03,-7.500000000000e-02,1.500000000000e-02,3.557254385982e+00,4.092003006227e-01,5.127358650699e-01,6.169818046354e+00,-4.678209973868e-01,-4.123189048700e+00
5.000000000000e-03,-6.500000000000e-02,1.500000000000e-02,8.421774298858e+00,-3.811995695696e-02,-2.996756922312e+00,2.556623057307e+00,-8.669265337054e-01,-4.130331797642e+00
5.000000000000e-03,-5.500000000000e-02,1.500000000000e-02,1.001847427546e+01,-9.643699793452e-01,-6.471931112197e+00,-5.481081013117e+00,-8.387713277654e-01,-9.308205202279e-01
5.000000000000e-03,-4.500000000000e-02,1.500000000000e-02,3.254762564324e+00,-1.990300810578e+00,-6.578287046556e+00,-1.560415297227e+01,3.467584213362e-01,5.996698279067e+00
5.000000000000e-03,-3.500000000000e-02,1.500000000000e-02,-1.765603567023e+01,-1.290244862430e+00,2.642653037410e+00,-1.764632072543e+01,3.269764826106e+00,1.300280323670e+01
5.000000000000e-03,-2.500000000000e-02,1.500000000000e-02,-4.171020553160e+01,5.515909840019e+00,2.269046752639e+01,2.142897197233e+01,4.266007088488e+00,5.767439286311e-01
5.000000000000e-03,-1.500000000000e-02,1.500000000000e-02,7.971513961689e+01,4.421510871130e+00,-2.140536646338e+01,7.629452197767e+01,-1.451857069416e+01,-4.028492996763e+01
5.000000000000e-03,-5.000000000000e-03,1.500000000000e-02,-2.098342151190e+02,-4.251086180623e+00,7.526607862592e+01,-1.232754609129e+02,1.503597903343e+01,4.118847777735e+01
5.000000000000e-03,5.000000000000e-03,1.500000000000e-02,-1.398932235790e+02,-5.224259838628e-01,7.093845673872e+01,-1.859447224667e+02,-9.478756458036e+00,4.148877266169e+01
5.000000000000e-03,1.500000000000e-02,1.500000000000e-02,-1.633678576348e+00,-1.406666389118e+01,-5.350094690085e+00,1.059180674595e+02,-5.789706770452e+00,-2.727011557092e+01
5.000000000000e-03,2.500000000000e-02,1.500000000000e-02,-4.603581383788e+01,9.479712654425e+00,3.930782082968e+00,-2.419148760595e+01,-2.625488362500e+00,6.737016361361e+00
5.000000000000e-03,3.500000000000e-02,1.500000000000e-02,7.707785370474e+00,1.524641928164e+00,-4.477705591470e+00,-3.065226539959e+01,5.367078216915e+00,-3.362080009939e-01
5.000000000000e-03,4.500000000000e-02,1.500000000000e-02,2.105292067814e+01,-2.620593561896e+00,-2.351640367961e-01,-6.249414735534e+00,2.104910397522e+00,-3.677358573789e+00
5.000000000000e-03,5.500000000000e-02,1.500000000000e-02,1.367257230928e+01,-2.085508835459e+00,2.639000437017e+00,9.364026289956e+00,-6.454863220259e-01,-1.683208336841e+00
5.000000000000e-03,6.500000000000e-02,1.500000000000e-02,2.140704996665e+00,-5.897448425272e-01,2.536931612861e+00,1.302915233047e+01,-1.390047941638e+00,8.786531482294e-01
5.000000000000e-03,7.500000000000e-02,1.500000000000e-02,-6.125545992554e+00,4.304557397552e-01,9.581866979578e-01,9.048505689112e+00,-1.009579484895e+00,2.123781465714e+00
1.500000000000e-02,-7.500000000000e-02,1.500000000000e-02,6.372576530051e+00,7.925812457179e-01,-3.259924619083e+00,2.892948650153e+00,-3.964227878503e-01,-4.185325449988e+00
1.500000000000e-02,-6.500000000000e-02,1.500000000000e-02,7.890772366124e+00,2.854157359901e-01,-6.756296134283e+00,-3.581366372925e+00,-1.211362598096e+00,-3.166997029473e-01
1.500000000000e-02,-5.500000000000e-02,1.500000000000e-02,2.383281373835e+00,-1.242040325682e+00,-5.646207338983e+00,-1.100444760345e+01,-1.395722468323e+00,7.116927870594e+00
1.500000000000e-02,-4.500000000000e-02,1.500000000000e-02,-1.171043969083e+01,-2.981699496013e+00,5.269474130806e+00,-1.036498371747e+01,7.719332135743e-01,1.200652916944e+01
1.500000000000e-02,-3.500000000000e-02,1.500000000000e-02,-2.016268854650e+01,1.895131964512e-01,2.058492712962e+01,1.249918100570e+01,5.740582340971e+00,-3.463265942275e+00
1.500000000000e-02,-2.500000000000e-02,1.500000000000e-02,2.438380235128e+01,1.140577003411e+01,-1.355616037745e+01,3.138110231039e+01,-3.649895129873e+00,-3.475594500645e+01
1.500000000000e-02,-1.500000000000e-02,1.500000000000e-02,3.826105332452e+00,-2.219644121316e+01,-7.965989013238e+00,-7.063260095116e+01,-8.124374453408e-02,6.911043077653e+01
1.500000000000e-02,-5.000000000000e-03,1.500000000000e-02,6.607226272098e+01,-8.113458448948e-01,-7.385895398659e+01,7.883079051110e+01,-1.207920407578e+01,-6.082806267030e+01
1.500000000000e-02,5.000000000000e-03,1.500000000000e-02,2.775365698602e+01,-5.809162043014e+00,-4.564675870005e+01,6.414384673980e+01,9.347538062825e+00,-6.010293499261e+01
1.500000000000e-02,1.500000000000e-02,1.500000000000e-02,3.161929971860e+01,2.144178132640e+00,-1.854116018752e+01,-2.722453011972e+01,4.662650098988e+00,3.538470834589e+01
1.500000000000e-02,2.500000000000e-02,1.500000000000e-02,-7.890057505916e+00,-3.167817338770e+00,1.448702822566e+00,2.924036866891e+01,-7.703360189371e+00,-1.737690168616e+01
1.500000000000e-02,3.500000000000e-02,1.500000000000e-02,-2.194585450418e+01,7.352452341712e+00,6.747480119082e+00,-8.392232335466e+00,-5.919891949962e-01,3.951920804889e+00
1.500000000000e-02,4.500000000000e-02,1.500000000000e-02,1.482736283588e+00,1.327884977214e+00,-2.440816466463e+00,-1.874030620795e+01,5.381616447761e+00,3.236280664168e+00
1.500000000000e-02,5.500000000000e-02,1.500000000000e-02,1.406353083994e+01,-3.211259972105e+00,-2.203282179635e+00,-6.220100953064e+00,2.487190372229e+00,-1.382502503029e+00
1.500000000000e-02,6.500000000000e-02,1.500000000000e-02,1.106412926941e+01,-2.842644140195e+00,5.427702517460e-01,6.523570217728e+00,-1.013322842669e+00,-1.936009109500e+00
1.500000000000e-02,7.500000000000e-02,1.500000000000e-02,1.852568394808e+00,-7.297570089301e-01,1.687782360549e+00,1.077717046269e+01,-2.176497277837e+00,-3.336248923914e-01
2.500000000000e-02,-7.500000000000e-02,1.500000000000e-02,3.744583476334e+00,7.206149251976e-02,-5.476104021128e+00,-5.464269270579e+00,-1.480737694678e+00,3.299457486469e+00
2.500000000000e-02,-6.500000000000e-02,1.500000000000e-02,-3.590913252830e+00,-1.789361218147e+00,2.455637360546e-01,-7.263619113485e+00,-1.039371156334e+00,8.245015667494e+00
2.500000000000e-02,-5.500000000000e-02,1.500000000000e-02,-1.023190544145e+01,-2.296536411692e+00,1.050134304974e+01,9.168135818197e-01,2.028693780057e+00,3.724072830746e+00
2.500000000000e-02,-4.500000000000e-02,1.500000000000e-02,-9.426956886806e-01,2.912586975245e+00,7.531362188426e+00,1.350887034271e+01,3.879557586551e+00,-1.400417083827e+01
2.500000000000e-02,-3.500000000000e-02,1.500000000000e-02,1.834090463942e+01,4.727284710026e+00,-2.297871721866e+01,-1.678837623076e+00,-6.585479650619e+00,-7.044141744576e+00
2.500000000000e-02,-2.500000000000e-02,1.500000000000e-02,-1.698051022902e+01,-1.262478154234e+01,1.704359517924e+01,-1.855296618029e+01,3.996183516038e+00,3.345142274301e+01
2.500000000000e-02,-1.500000000000e-02,1.500000000000e-02,1.890931759719e+01,1.255478950773e+01,-3.074537640464e+01,2.760855520610e+01,-1.082976416047e+01,-4.543494252370e+01
2.500000000000e-02,-5.000000000000e-03,1.500000000000e-02,-3.744634890324e+01,9.693715048432e+00,5.329912057623e+01,1.051592415195e+01,1.100257094492e-01,-2.813335127444e+01
2.500000000000e-02,5.000000000000e-03,1.500000000000e-02,-2.537998548649e+01,-1.701735285109e+00,4.160646826412e+01,7.171918359599e+00,-9.605975616770e+00,-1.581833933300e+01
2.500000000000e-02,1.500000000000e-02,1.500000000000e-02,9.055970278024e-01,-2.654902950848e+00,-9.142131882852e+00,1.283392004726e+01,3.765773817640e+00,-2.763877101474e+01
2.500000000000e-02,2.500000000000e-02,1.500000000000e-02,3.808920543987e+00,7.887145470744e-01,2.535552661620e+00,-1.190419764836e+01,1.754208781092e+00,1.793146301310e+01
2.500000000000e-02,3.500000000000e-02,1.500000000000e-02,7.464411190828e+00,-4.095715669854e+00,-8.050702256453e+00,1.091955560137e+01,-2.316005452951e+00,-7.026211310395e+00
2.500000000000e-02,4.500000000000e-02,1.500000000000e-02,-1.136548627264e+01,3.408832122368e+00,5.510977880496e+00,6.268854322298e+00,-3.833258348861e+00,-3.049443700669e+00
2.500000000000e-02,5.500000000000e-02,1.500000000000e-02,-7.859085657322e+00,3.753895384938e+00,1.698592553685e+00,-9.220554294663e+00,2.608357922674e+00,3.479807777424e+00
2.500000000000e-02,6.500000000000e-02,1.500000000000e-02,5.046619044157e+00,-1.032075892317e+00,-2.135030760190e+00,-9.795630952581e+00,3.667435754464e+00,1.407967292646e+00
2.500000000000e-02,7.500000000000e-02,1.500000000000e-02,9.912092775908e+00,-3.050826191694e+00,-1.372323577736e+00,-4.053812649295e-01,6.271326859844e-01,-1.235741478219e+00
3.500000000000e-02,-7.500000000000e-02,1.500000000000e-02,-6.119155469270e+00,-1.929040370590e+00,6.366721220049e+00,-4.431845716192e-01,7.496128298732e-01,3.612453930519e+00
3.500000000000e-02,-6.500000000000e-02,1.500000000000e-02,-2.219614303154e+00,5.098406211992e-01,6.511852915111e+00,6.994494945666e+00,2.792485414890e+00,-6.748885974836e+00
3.500000000000e-02,-5.500000000000e-02,1.500000000000e-02,8.418883453631e+00,3.955620133937e+00,-8.514709460820e+00,2.985681046822e+00,-8.595129971660e-01,-9.025553756657e+00
3.500000000000e-02,-4.500000000000e-02,1.500000000000e-02,1.045690784306e+00,-3.182817835395e+00,-9.082734437194e+00,-1.089628189377e+01,-5.011737258116e+00,1.428169731101e+01
3.500000000000e-02,-3.500000000000e-02,1.500000000000e-02,-1.133718219615e+01,-1.631026321953e+00,2.334127147669e+01,6.703373144566e+00,8.466062446331e+00,-2.682330413993e+00
3.500000000000e-02,-2.500000000000e-02,1.500000000000e-02,1.499414700055e+01,2.888580457186e+00,-3.165990133005e+01,-1.798746632386e+00,-1.091756476419e+01,-4.490399684194e+00
3.500000000000e-02,-1.500000000000e-02,1.500000000000e-02,-1.499756549865e+01,7.449234680610e+00,3.453798450468e+01,7.667522697524e+00,8.228454501941e+00,-1.903285573949e+01
3.500000000000e-02,-5.000000000000e-03,1.500000000000e-02,-8.994959542182e+00,2.735451855982e+00,2.654978816679e+01,-1.556493484578e+01,7.128005559552e+00,2.895033358850e+01
3.500000000000e-02,5.000000000000e-03,1.500000000000e-02,-8.521292408911e+00,7.760562890412e+00,1.950751026109e+01,-1.123486953260e+01,-6.806236520394e-01,2.311406923477e+01
3.500000000000e-02,1.500000000000e-02,1.500000000000e-02,-5.922753357656e+00,-3.730432652917e+00,1.988203693468e+01,3.469818033051e+00,-4.501979795380e+00,-7.329197237145e+00
3.500000000000e-02,2.500000000000e-02,1.500000000000e-02,2.826281382685e+00,1.269847359290e+00,-1.416212982019e+01,2.753016509031e+00,1.815911244998e+00,-5.764457800665e+00
3.500000000000e-02,3.500000000000e-02,1.500000000000e-02,-4.256754158979e+00,1.014403485628e+00,1.062260778536e+01,-3.899138930537e+00,3.876787925533e-01,2.209353148237e+00
3.500000000000e-02,4.500000000000e-02,1.500000000000e-02,7.055954498015e+00,-2.446518772642e+00,-6.175828608703e+00,-1.942012731844e+00,1.748150125378e+00,4.201762126580e+00
3.500000000000e-02,5.500000000000e-02,1.500000000000e-02,1.007766914090e+00,-1.454906730821e+00,-1.193626527277e+00,8.044279305462e+00,-3.371862929753e+00,-4.957416477318e+00
3.500000000000e-02,6.500000000000e-02,1.500000000000e-02,-8.072637311743e+00,3.264831471681e+00,3.490761978531e+00,1.902996639732e+00,-1.599937461383e+00,-5.100049693079e-01
3.500000000000e-02,7.500000000000e-02,1.500000000000e-02,-3.977845906080e+00,2.115786610761e+00,5.887061364495e-01,-7.057354239941e+00,2.543336419817e+00,2.442751921187e+00
4.500000000000e-02,-7.500000000000e-02,1.500000000000e-02,4.873232630316e+00,2.556307866026e+00,-4.241512305414e+00,2.767762581128e+00,2.877317343733e-01,-6.794705971320e+00
4.500000000000e-02,-6.500000000000e-02,1.500000000000e-02,2.824270752316e+00,-3.196324804401e-02,-8.296066601537e+00,-5.858568309957e+00,-3.429091224344e+00,5.701519667479e+00
4.500000000000e-02,-5.500000000000e-02,1.500000000000e-02,-7.461954507763e+00,-4.268927112123e+00,1.012063731756e+01,-1.007086321904e+00,1.827384212219e+00,7.961807290956e+00
4.500000000000e-02,-4.500000000000e-02,1.500000000000e-02,4.117135126757e+00,5.750673375949e+00,2.145482431259e-01,7.466030710024e+00,2.435998924223e+00,-1.663258675069e+01
4.500000000000e-02,-3.500000000000e-02,1.500000000000e-02,1.178999918929e-01,-6.110878609948e+00,-9.272599119274e+00,-9.174098449807e+00,-5.108833687228e+00,1.918634076928e+01
4.500000000000e-02,-2.500000000000e-02,1.500000000000e-02,-1.317622890797e-02,8.540495284435e+00,6.254853525853e+00,9.285535818130e+00,2.433604104085e+00,-2.541335551736e+01
4.500000000000e-02,-1.500000000000e-02,1.500000000000e-02,-6.428212460369e+00,-3.001143156967e+00,2.107297626152e+01,-6.974158000975e+00,7.221982281479e+00,2.026463762949e+01
4.500000000000e-02,-5.000000000000e-03,1.500000000000e-02,4.766165714259e+00,-3.535236359729e+00,-7.834472640560e+00,-8.694501220555e+00,5.065965563194e+00,2.690702158820e+01
4.500000000000e-02,5.000000000000e-03,1.500000000000e-02,2.989513889323e+00,2.414795050793e+00,-6.482987116658e+00,-8.187173474370e+00,5.785181671807e+00,2.176247164256e+01
4.500000000000e-02,1.500000000000e-02,1.500000000000e-02,-4.763064984565e+00,4.146383462177e+00,1.145996499246e+01,-2.791926668810e+00,-3.555003259291e+00,1.238425571168e+01
4.500000000000e-02,2.500000000000e-02,1.500000000000e-02,5.596012759642e-02,-3.479885594938e+00,4.916958982026e+00,2.161581822692e+00,1.034491707105e+00,-1.179589155701e+01
4.500000000000e-02,3.500000000000e-02,1.500000000000e-02,1.687248817231e+00,1.146404818738e+00,-6.320972111409e+00,-4.730907325088e-01,-6.919003269138e-01,7.615847853653e+00
4.500000000000e-02,4.500000000000e-02,1.500000000000e-02,-2.711126931488e+00,5.427336326299e-01,2.476999698379e+00,1.949965528062e+00,-5.441623341568e-01,-7.150501153675e+00
4.500000000000e-02,5.500000000000e-02,1.500000000000e-02,-4.981050419470e-01,7.985890977125e-01,2.735166964077e+00,-4.610778727262e+00,1.938421832013e+00,4.976843102003e+00
4.500000000000e-02,6.500000000000e-02,1.500000000000e-02,5.480693626687e+00,-2.697884587133e+00,-4.202630028320e+00,4.767631874801e-01,4.270040116715e-01,4.576358981412e-01
4.500000000000e-02,7.500000000000e-02,1.500000000000e-02,-3.785766108281e-01,-3.960463033853e-01,1.278596780515e-01,5.951412680761e+00,-2.868261001544e+00,-3.156676642255e+00
5.500000000000e-02,-7.500000000000e-02,1.500000000000e-02,-4.502467955389e+00,-2.950445612983e+00,4.336858781810e+00,-2.300513285008e+00,-2.365703506761e-01,7.230871902609e+00
5.500000000000e-02,-6.500000000000e-02,1.500000000000e-02,-5.818879292092e-01,1.306723063190e+00,6.513778453724e+00,5.626438073214e+00,3.569209099955e+00,-8.019449115252e+00
5.500000000000e-02,-5.500000000000e-02,1.500000000000e-02,5.297065241982e+00,2.235993823796e+00,-1.272492016824e+01,-3.218095980769e+00,-4.308380121601e+00,-4.642027967195e-01
5.500000000000e-02,-4.500000000000e-02,1.500000000000e-02,-6.500229280745e+00,-4.717126367258e+00,1.310525038468e+01,-1.795778286283e-01,3.713551393106e+00,8.509098915135e+00
5.500000000000e-02,-3.500000000000e-02,1.500000000000e-02,6.285980907946e+00,4.919707515769e+00,-1.528986835944e+01,1.125370123228e+00,-4.823601715075e+00,-1.087458710997e+01
5.500000000000e-02,-2.500000000000e-02,1.500000000000e-02,-5.868672379198e+00,1.945732891055e-01,2.146742032368e+01,1.084897718326e+00,6.925404582060e+00,6.905249305114e-01
5.500000000000e-02,-1.500000000000e-02,1.500000000000e-02,1.929059794855e+00,-5.746421336650e+00,-5.650372507263e+00,-5.561127562618e+00,1.484787525387e+00,2.196349565861e+01
5.500000000000e-02,-5.000000000000e-03,1.500000000000e-02,6.072839858076e+00,-5.117002662436e+00,-1.971099871029e+01,-1.159680365269e+00,5.157632311427e-01,8.438586114853e+00
5.500000000000e-02,5.000000000000e-03,1.500000000000e-02,5.531947066523e+00,-3.150104383261e+00,-1.656283424819e+01,-1.937219712799e+00,4.114034500462e+00,7.242477416195e+00
5.500000000000e-02,1.500000000000e-02,1.500000000000e-02,-1.557750588245e-02,3.968433989369e+00,-3.637652079577e+00,-4.467163598234e+00,2.670305404053e+00,1.370218633070e+01
5.500000000000e-02,2.500000000000e-02,1.500000000000e-02,-2.089871058727e+00,-9.090733631947e-01,1.100754338043e+01,1.327606410826e+00,-3.736287113386e+00,1.203699043394e+00
5.500000000000e-02,3.500000000000e-02,1.500000000000e-02,7.066207124483e-01,2.653657503974e-01,-6.281116123538e+00,2.749204094630e-02,2.466441518397e+00,-6.275931924692e+00
5.500000000000e-02,4.500000000000e-02,1.500000000000e-02,9.692164753021e-02,-4.966597404962e-01,4.871181645116e+00,-1.009584311457e+00,-7.505076040123e-01,5.279269117957e+00
5.500000000000e-02,5.500000000000e-02,1.500000000000e-02,1.111176445930e+00,-3.242039665234e-01,-5.385788082959e+00,1.900996801941e+00,-5.100092267143e-01,-2.033860243049e+00
5.500000000000e-02,6.500000000000e-02,1.500000000000e-02,-3.205280642347e+00,1.498345955005e+00,4.023389036459e+00,1.209018309659e-01,-4.159726839513e-01,-2.145234826416e+00
5.500000000000e-02,7.500000000000e-02,1.500000000000e-02,7.874945034954e-01,2.986252347261e-02,2.253987106506e-01,-3.885546936924e+00,2.103913189042e+00,3.581376815744e+00
6.500000000000e-02,-7.500000000000e-02,1.500000000000e-02,4.495564417430e+00,3.009213425485e+00,-6.849062178374e+00,1.553273906690e-01,-1.124479538521e+00,-5.204722165304e+00
6.500000000000e-02,-6.500000000000e-02,1.500000000000e-02,-2.822162342490e+00,-3.497008765730e+00,-5.236283997416e-02,-3.922505757085e+00,-1.845838775461e+00,1.026050095176e+01
6.500000000000e-02,-5.500000000000e-02,1.500000000000e-02,5.497104970605e-02,2.600558244581e+00,6.978873693802e+00,5.011773627597e+00,3.992111545542e+00,-1.001463086953e+01
6.500000000000e-02,-4.500000000000e-02,1.500000000000e-02,1.182136401332e+00,-2.598397271949e+00,-1.038940507930e+01,-4.770934433709e+00,-4.824151278233e+00,9.882344879134e+00
6.500000000000e-02,-3.500000000000e-02,1.500000000000e-02,-3.612519063025e-01,4.737368412652e+00,8.106878866810e+00,4.488740277850e+00,3.374347047691e+00,-1.424816186775e+01
6.500000000000e-02,-2.500000000000e-02,1.500000000000e-02,-2.146715801324e+00,-4.749669242416e+00,6.518192737900e+00,-3.401483092177e+00,2.813504559201e+00,1.667345279410e+01
6.500000000000e-02,-1.500000000000e-02,1.500000000000e-02,3.778623309308e+00,-4.036637397943e+00,-1.694512459355e+01,-1.124266806906e+00,-2.569703110821e+00,6.906527368037e+00
6.500000000000e-02,-5.000000000000e-03,1.500000000000e-02,3.434179129991e+00,-3.372040592000e+00,-1.587967112384e+01,2.412473090736e+00,-2.803053495199e+00,-6.705668049252e+00
6.500000000000e-02,5.000000000000e-03,1.500000000000e-02,3.721852488053e+00,-4.392622640088e+00,-1.385795914961e+01,1.915855846939e+00,-3.125186834559e-02,-5.640319057877e+00
6.500000000000e-02,1.500000000000e-02,1.500000000000e-02,2.921467005002e+00,-6.231159658580e-01,-1.126416978921e+01,-2.063023296936e+00,4.113750117266e+00,4.819817299540e+00
6.500000000000e-02,2.500000000000e-02,1.500000000000e-02,-2.053416652006e+00,3.336896938562e+00,3.363250476926e+00,-1.395250619785e+00,-1.457850165046e+00,9.275136480961e+00
6.500000000000e-02,3.500000000000e-02,1.500000000000e-02,6.048119236567e-01,-2.858859028370e+00,4.672389459555e+00,1.136665279429e+00,-6.024648733234e-02,-6.573474991408e+00
6.500000000000e-02,4.500000000000e-02,1.500000000000e-02,-1.152794150572e-01,1.787301036996e+00,-5.617764307932e+00,-2.057873449797e-01,-6.212441485293e-02,3.657541019584e+00
6.500000000000e-02,5.500000000000e-02,1.500000000000e-02,-6.638284191844e-01,-5.001135224604e-01,4.262864336939e+00,-2.358581550416e-01,4.127357884516e-01,-3.611871490821e+00
6.500000000000e-02,6.500000000000e-02,1.500000000000e-02,1.387589564515e+00,-4.499410914565e-01,-1.516816705679e+00,-7.539597408975e-01,2.224615337810e-01,4.370480136041e+00
6.500000000000e-02,7.500000000000e-02,1.500000000000e-02,5.221486116155e-02,-2.593580888479e-01,-1.902800969744e+00,2.357308586160e+00,-1.179171672241e+00,-3.290137419651e+00
7.500000000000e-02,-7.500000000000e-02,1.500000000000e-02,-2.961038664059e+00,-1.448751849694e+00,8.553197006099e+00,2.606197225403e+00,2.997399317306e+00,-5.024030390114e-01
7.500000000000e-02,-6.500000000000e-02,1.500000000000e-02,4.053845955982e+00,3.335505653433e+00,-8.284842287135e+00,-3.228240871663e-01,-2.072344936556e+00,-5.527818363935e+00
7.500000000000e-02,-5.500000000000e-02,1.500000000000e-02,-3.882513773646e+00,-4.227669840699e+00,7.146402044518e+00,-1.000799066940e+00,1.509349669750e+00,8.990434569786e+00
7.500000000000e-02,-4.500000000000e-02,1.500000000000e-02,3.623005295816e+00,4.118021803189e+00,-9.026405127761e+00,8.310317852749e-01,-2.599554454204e+00,-9.386693610260e+00
7.500000000000e-02,-3.500000000000e-02,1.500000000000e-02,-3.175618608760e+00,-1.219300554206e+00,1.398155468453e+01,6.446133066250e-01,4.746353814646e+00,3.262816325612e+00
7.500000000000e-02,-2.500000000000e-02,1.500000000000e-02,1.348556465413e+00,-4.169042253329e+00,-9.361912738616e+00,-2.491697059925e+00,-1.773332653818e+00,1.196379118111e+01
7.500000000000e-02,-1.500000000000e-02,1.500000000000e-02,2.349109059625e+00,-9.593370979290e-01,-1.360577378355e+01,1.524510266564e+00,-3.910208021997e+00,-6.852300209404e+00
7.500000000000e-02,-5.000000000000e-03,1.500000000000e-02,6.167643305210e-01,-4.779498789343e-01,-5.788553405042e+00,2.963986234216e+00,-3.781309817432e+00,-1.314028317940e+01
7.500000000000e-02,5.000000000000e-03,1.500000000000e-02,1.012856022310e+00,-2.498493083048e+00,-5.305250852858e+00,2.960040018682e+00,-2.866658438176e+00,-1.157649595291e+01
7.500000000000e-02,1.500000000000e-02,1.500000000000e-02,2.768480308366e+00,-3.347420827918e+00,-9.762664195454e+00,7.813868613716e-01,1.451485500178e+00,-4.567319110762e+00
7.500000000000e-02,2.500000000000e-02,1.500000000000e-02,2.706115271383e-01,2.265637080541e+00,-5.455539280798e+00,-2.263384826192e+00,2.443776082989e+00,7.070973595513e+00
7.500000000000e-02,3.500000000000e-02,1.500000000000e-02,-1.140709245808e+00,-1.780007177882e-01,7.140701730452e+00,1.019361984197e+00,-2.869265526393e+00,2.049259077215e+00
7.500000000000e-02,4.500000000000e-02,1.500000000000e-02,6.560476626115e-01,-3.656764788008e-01,-3.750519541407e+00,-4.816786541603e-01,2.165080769639e+00,-5.022820854810e+00
7.500000000000e-02,5.500000000000e-02,1.500000000000e-02,-8.854508012976e-03,-4.116925737167e-02,2.428618128980e+00,1.909542707787e-01,-1.338686729123e+00,4.754846011349e+00
7.500000000000e-02,6.500000000000e-02,1.500000000000e-02,-2.547156770088e-01,3.657558631261e-01,-2.978365828777e+00,4.841140393972e-01,3.310698716527e-01,-3.438926394130e+00
7.500000000000e-02,7.500000000000e-02,1.500000000000e-02,-5.821769893336e-01,1.761244274385e-01,3.714207965851e+00,-1.049705218423e+00,3.931602229035e-01,1.044855176190e+00
