# x amp_{ref} amp_{cal} amp_{error} phase_{ref} phase_{cal}
0.000000 -38.710007 -0.236057 38.369786 55.924260 40.407809 
1.000000 -38.294568 4.099388 42.327769 46.556285 46.086244 
2.000000 -37.291059 8.256342 45.501419 32.116987 59.085980 
3.000000 -35.046915 11.777296 46.784529 33.254870 30.077637 
4.000000 -32.021807 14.616815 46.598081 75.757116 57.359282 
5.000000 -29.207542 16.744120 45.907776 23.904187 19.937688 
6.000000 -27.106358 18.102009 45.160548 18.680397 19.329712 
7.000000 -25.796694 18.628208 44.372556 78.864235 66.335311 
8.000000 -25.146312 18.282137 43.369719 77.946470 68.964967 
9.000000 -24.960764 17.059437 41.951092 21.610763 8.548101 
10.000000 -25.106406 14.987390 40.007442 29.291106 1.992333 
11.000000 -25.538162 12.109474 37.533007 79.620459 71.530215 
12.000000 -26.238279 8.501590 34.579238 24.177155 19.138513 
13.000000 -27.167565 4.495725 31.433472 51.175298 57.316367 
14.000000 -28.263950 1.449095 29.424404 24.692873 57.825153 
15.000000 -29.459674 0.929986 30.122985 45.052194 39.385774 
16.000000 -38.021432 -0.384219 37.522445 34.183529 54.644953 
17.000000 -37.563699 2.244969 39.719418 71.706352 14.831759 
18.000000 -36.983335 7.251081 44.180907 79.749526 27.822486 
19.000000 -35.332172 11.879758 47.173984 52.131707 32.942698 
20.000000 -32.145215 15.632934 47.742603 19.618257 46.022362 
21.000000 -28.672726 18.465130 47.099584 11.076201 35.164938 
22.000000 -25.973888 20.306962 46.238601 70.363847 63.335613 
23.000000 -24.308758 21.063058 45.324892 29.563546 68.147592 
24.000000 -23.530542 20.665213 44.142006 28.999973 68.762083 
25.000000 -23.372610 19.106090 42.413158 66.957243 72.278869 
26.000000 -23.658510 16.431181 40.003296 15.079721 23.941240 
27.000000 -24.326081 12.715275 36.918380 3.620296 35.948418 
28.000000 -25.324192 8.195916 33.334998 37.200446 29.299617 
29.000000 -26.565954 4.236482 30.548322 74.963938 26.154117 
30.000000 -27.948895 3.385347 31.095429 81.290602 15.629374 
31.000000 -29.381709 4.228250 33.426775 27.671193 46.254674 
32.000000 -37.438878 3.732079 41.094720 58.992020 63.370514 
33.000000 -36.761711 2.474709 39.141058 57.364978 35.677760 
34.000000 -36.225998 5.137401 41.288839 31.690271 26.993250 
35.000000 -35.292387 11.031590 46.281937 10.839861 52.149495 
36.000000 -32.494667 16.211606 48.674336 26.374707 62.831497 
37.000000 -28.309319 20.142974 48.419407 46.115680 24.179482 
38.000000 -24.742510 22.745555 47.451309 51.688933 18.696746 
39.000000 -22.540463 23.874160 46.373021 40.331200 22.335552 
40.000000 -21.582894 23.406451 44.940303 41.174817 18.501701 
41.000000 -21.495136 21.328781 42.760938 55.311159 1.704271 
42.000000 -22.029471 17.722793 39.662428 52.675401 7.342851 
43.000000 -23.073301 12.766447 35.698379 18.758778 63.450235 
44.000000 -24.496080 7.657669 31.936708 35.549220 44.359185 
45.000000 -26.133195 6.248274 32.170114 49.052362 28.437010 
46.000000 -27.836033 7.239526 34.921072 78.248069 30.920379 
47.000000 -29.498624 7.867668 37.247862 45.216167 58.033536 
48.000000 -36.838725 8.569207 45.361203 31.680867 6.707655 
49.000000 -35.998735 7.734789 43.676828 30.120633 17.317941 
50.000000 -35.246065 6.062718 41.233750 42.109083 48.791997 
51.000000 -34.582719 8.602490 43.124805 46.768002 74.866473 
52.000000 -32.810793 15.716104 48.494292 74.449272 39.035461 
53.000000 -28.256383 21.512507 49.740636 22.900779 64.312805 
54.000000 -23.435080 25.404762 48.808392 42.816240 38.337375 
55.000000 -20.376344 27.184974 47.524871 40.623996 56.031795 
56.000000 -19.155897 26.617667 45.728766 39.675398 59.183868 
57.000000 -19.237203 23.673945 42.848801 47.172732 29.621665 
58.000000 -20.227395 18.523723 38.650244 11.523950 74.609655 
59.000000 -21.868072 12.066250 33.757921 65.265402 43.258405 
60.000000 -23.867002 9.678932 33.361380 19.763869 74.310338 
61.000000 -25.958380 10.862463 36.694682 31.961163 51.056708 
62.000000 -27.965186 11.393420 39.264583 43.545283 31.985352 
63.000000 -29.796772 11.217860 40.937004 32.447481 27.706038 
64.000000 -35.839643 12.481162 48.287416 34.666317 73.672328 
65.000000 -34.972993 12.947070 47.885094 57.625900 32.744445 
66.000000 -34.077889 12.614758 46.652357 63.724481 65.031625 
67.000000 -33.261661 10.793027 44.000057 44.019400 33.352122 
68.000000 -32.301386 12.915332 45.168946 22.250374 24.080871 
69.000000 -28.547667 21.775322 50.296484 57.738477 58.629674 
70.000000 -22.125047 28.119208 50.217509 62.001283 22.248894 
71.000000 -17.625377 31.168980 48.762742 69.002822 15.524583 
72.000000 -16.002412 30.447068 46.408044 67.596521 6.874725 
73.000000 -16.495994 25.881925 42.311610 58.826501 15.313054 
74.000000 -18.337550 18.099533 36.305181 46.533620 53.865565 
75.000000 -20.879971 13.953258 34.674331 55.842077 24.059979 
76.000000 -23.571316 15.379393 38.852141 69.146116 39.145997 
77.000000 -26.081651 15.647238 41.657413 12.099965 60.607912 
78.000000 -28.280024 15.050843 43.271472 12.012830 41.350984 
79.000000 -30.151160 14.066506 44.164053 70.205547 61.691328 
80.000000 -34.337539 15.401377 49.710564 50.361857 5.645950 
81.000000 -33.301277 16.836397 50.110597 59.980612 24.352989 
82.000000 -32.212350 18.066048 50.251757 19.955023 1.603776 
83.000000 -31.126121 18.644174 49.742046 76.998627 80.951945 
84.000000 -30.132986 17.337323 47.433477 46.475759 46.784859 
85.000000 -28.108843 18.590982 46.659570 13.411562 64.493577 
86.000000 -20.872793 30.031211 50.879216 19.270171 26.348492 
87.000000 -13.959796 35.999272 49.931426 4.694006 20.406411 
88.000000 -11.714786 34.996666 46.671250 6.780432 17.988099 
89.000000 -13.240334 26.853429 40.007409 16.401498 22.015516 
90.000000 -16.611463 19.600403 36.076471 56.817151 64.332199 
91.000000 -20.321302 21.291117 41.539975 50.526505 54.766804 
92.000000 -23.624957 20.917458 44.490776 5.517886 64.821409 
93.000000 -26.340641 19.588123 45.884761 60.173383 21.925788 
94.000000 -28.525671 17.972673 46.457142 23.547339 30.900581 
95.000000 -30.294510 16.313302 46.567126 37.282007 18.354698 
96.000000 -32.825284 17.360208 50.158564 66.536807 11.383120 
97.000000 -31.427278 19.435192 50.837563 25.710726 70.379618 
98.000000 -29.840308 21.681132 51.498355 36.106046 6.602706 
99.000000 -28.044740 24.029013 52.052093 39.808854 30.276165 
100.000000 -26.055116 26.165659 52.199479 33.681200 14.842233 
101.000000 -23.764165 26.700263 50.438352 59.962920 18.510310 
102.000000 -18.361468 26.647344 44.959880 18.061816 42.177827 
103.000000 -8.839707 41.102956 49.914970 50.636689 45.058582 
104.000000 -5.854550 39.373925 45.180768 53.193605 52.598109 
105.000000 -9.832926 27.700245 37.417010 45.267509 42.127642 
106.000000 -15.435406 29.528242 44.914459 12.757789 28.146431 
107.000000 -20.127444 27.606904 47.698622 53.101217 23.593236 
108.000000 -23.645911 24.973956 48.587610 52.950266 34.568245 
109.000000 -26.287362 22.394299 48.649634 60.384449 17.569437 
110.000000 -28.336615 20.022859 48.326234 61.116846 66.146952 
111.000000 -29.985920 17.873574 47.824280 27.088532 17.743915 
112.000000 -31.739739 18.346833 50.059334 23.304459 68.487502 
113.000000 -30.043738 20.746393 50.765016 41.110412 69.246254 
114.000000 -28.004825 23.505871 51.487583 61.863806 19.025582 
115.000000 -25.478987 26.735914 52.193590 35.964759 58.721799 
116.000000 -22.228099 30.580747 52.788945 18.306403 7.837983 
117.000000 -17.826883 35.133028 52.940353 69.852977 18.277009 
118.000000 -11.364265 39.483812 50.823130 9.377282 53.681028 
119.000000 -2.126010 36.183508 38.203351 74.230908 14.968279 
120.000000 0.000000 37.034199 36.911122 88.100857 16.717341 
121.000000 -7.674714 41.157079 48.800316 49.472338 45.875012 
122.000000 -14.860699 35.884895 50.720349 11.479483 23.392221 
123.000000 -19.761732 31.074919 50.811671 63.411823 16.859434 
124.000000 -23.173891 27.133730 50.281069 36.867927 57.640691 
125.000000 -25.705835 23.861316 49.538233 43.714880 21.799555 
126.000000 -27.690892 21.081580 48.740778 27.741353 65.274411 
127.000000 -29.313373 18.672372 47.951040 74.465320 66.856136 
128.000000 -31.090345 18.341958 49.402931 28.425117 68.408553 
129.000000 -29.238874 20.741882 49.953184 31.166109 69.476830 
130.000000 -26.973452 23.502310 50.449720 70.756292 19.121749 
131.000000 -24.100804 26.734369 50.810188 23.673123 58.519716 
132.000000 -20.292263 30.582558 50.849950 20.708645 7.560538 
133.000000 -14.997154 35.135873 50.105934 55.964776 17.728730 
134.000000 -7.617232 39.468686 47.047416 13.083437 52.830710 
135.000000 -0.194991 37.042358 37.117137 57.987488 16.813888 
136.000000 -1.785726 36.181874 37.857144 73.396133 14.919051 
137.000000 -9.554362 41.079045 50.607833 47.113171 45.742388 
138.000000 -15.572323 35.855915 51.404904 9.390386 22.767008 
139.000000 -19.735225 31.054456 50.764565 66.084423 16.495021 
140.000000 -22.788428 27.117335 49.877952 39.147361 57.562583 
141.000000 -25.156823 23.847832 48.973798 41.521957 21.749445 
142.000000 -27.073572 21.070266 48.109759 29.394503 65.482696 
143.000000 -28.674828 18.662689 47.300117 76.597210 66.880893 
144.000000 -30.647434 17.346135 47.958895 64.852142 11.404425 
145.000000 -28.712885 19.423233 48.102009 24.508164 70.017918 
146.000000 -26.353733 21.674443 47.993640 70.137417 5.965438 
147.000000 -23.404834 24.034912 47.402785 73.597051 31.164924 
148.000000 -19.646646 26.204403 45.806650 21.306972 13.281659 
149.000000 -14.898913 26.883450 41.711329 28.284843 17.513228 
150.000000 -9.554787 27.743476 37.178897 13.672336 42.100354 
151.000000 -6.146214 41.303694 47.412990 10.085677 45.596058 
152.000000 -8.983736 39.378498 48.329004 14.449505 54.853378 
153.000000 -15.383864 26.623356 41.938007 30.033075 42.568719 
154.000000 -19.243591 29.349662 48.560897 15.893758 25.876852 
155.000000 -21.598630 27.517443 49.085610 61.724130 22.101408 
156.000000 -23.629179 24.911133 48.507757 44.182794 34.768305 
157.000000 -25.447792 22.345607 47.757915 52.596651 16.818774 
158.000000 -27.061546 19.983349 47.006210 68.684007 66.268777 
159.000000 -28.490875 17.840515 46.289386 20.169412 17.360412 
160.000000 -30.229616 15.381377 45.565346 67.009342 4.562112 
161.000000 -28.254438 16.825551 45.031457 54.759943 25.493746 
162.000000 -25.902548 18.079258 43.926713 73.671536 1.861406 
163.000000 -23.097677 18.732006 41.759036 30.492720 81.914343 
164.000000 -19.821850 17.784667 37.491340 72.055767 52.603269 
165.000000 -16.278207 19.583359 35.720553 25.365616 64.504706 
166.000000 -13.214912 30.238596 43.394947 28.734328 29.375634 
167.000000 -12.129354 36.068578 48.164066 55.429752 23.027083 
168.000000 -14.460989 34.979066 49.410710 57.873644 20.691288 
169.000000 -19.343858 26.538758 45.838380 22.443278 23.217906 
170.000000 -23.634890 18.584334 42.151687 47.908376 64.489361 
171.000000 -25.355985 20.974847 46.288826 42.061178 56.358999 
172.000000 -26.130641 20.749026 46.840238 19.330422 66.690964 
173.000000 -26.999237 19.473172 46.431082 45.445443 20.667277 
174.000000 -27.994996 17.885631 45.836379 10.037335 30.884940 
175.000000 -29.027408 16.243598 45.223533 24.527652 17.341828 
176.000000 -29.822881 12.469244 42.225155 41.885735 71.834399 
177.000000 -27.882379 12.975202 40.778530 41.356244 35.554666 
178.000000 -25.670962 12.770827 38.337237 23.494920 68.046789 
179.000000 -23.210736 11.483372 34.532620 69.796017 36.244870 
180.000000 -20.628195 13.919802 34.383744 27.451745 23.837367 
181.000000 -18.245607 22.053820 40.215103 71.697316 56.892767 
182.000000 -16.632071 28.213047 44.795252 19.406192 24.937499 
183.000000 -16.471389 31.203386 47.638803 16.581326 17.323557 
184.000000 -18.262719 30.440606 48.671377 12.495751 8.842556 
185.000000 -21.671713 25.794307 47.429171 21.940541 18.136963 
186.000000 -25.544533 17.577389 43.061075 65.689377 46.404625 
187.000000 -28.513111 12.899108 41.338078 51.074422 23.878394 
188.000000 -29.495819 14.915931 44.359326 57.747963 37.158094 
189.000000 -29.647077 15.386488 44.984772 29.937056 62.796800 
190.000000 -29.896404 14.873381 44.719484 7.353343 41.708625 
191.000000 -30.358700 13.933265 44.238810 86.443458 62.144718 
192.000000 -29.505125 8.623293 38.020000 56.673773 10.156827 
193.000000 -27.690434 7.982300 35.528597 65.036021 20.033267 
194.000000 -25.732458 6.946605 32.474911 18.772813 49.114757 
195.000000 -23.713964 9.649426 33.174874 50.251129 74.758337 
196.000000 -21.804312 16.113711 37.806929 68.021564 41.293419 
197.000000 -20.275222 21.667289 41.872779 32.881996 61.820559 
198.000000 -19.456810 25.472129 44.879553 75.276999 37.777098 
199.000000 -19.650028 27.215550 46.826085 15.539957 56.957252 
200.000000 -21.064465 26.626897 47.655458 19.052391 60.798730 
201.000000 -23.541689 23.653025 47.156692 69.515337 26.607216 
202.000000 -26.508237 18.387434 44.846095 29.664069 74.351589 
203.000000 -29.544403 11.356505 40.822251 76.666186 40.334369 
204.000000 -31.800735 8.569297 40.286395 22.264923 75.056193 
205.000000 -32.513062 10.263951 42.713692 44.205458 53.154728 
206.000000 -32.439312 11.035196 43.416090 24.130517 29.988277 
207.000000 -32.369390 10.970624 43.280681 10.762448 26.076057 
208.000000 -29.343548 4.089646 33.246203 24.981947 64.536999 
209.000000 -27.722259 3.496756 30.976968 65.400799 26.837211 
210.000000 -26.069246 6.227571 32.083366 25.753510 28.426592 
211.000000 -24.484651 11.551602 35.898072 20.100668 49.855021 
212.000000 -23.118296 16.451975 39.478524 26.658898 60.043028 
213.000000 -22.153142 20.261574 42.348688 71.490682 26.018189 
214.000000 -21.763386 22.807412 44.519327 70.931862 20.442601 
215.000000 -22.092499 23.909256 45.958123 81.639987 22.203722 
216.000000 -23.248212 23.428747 46.636597 80.247705 17.706013 
217.000000 -25.145554 21.339454 46.443742 63.814717 4.799856 
218.000000 -27.440978 17.694403 45.087159 65.685204 5.565009 
219.000000 -29.922898 12.558026 42.415400 20.389118 59.836220 
220.000000 -32.415644 6.784051 39.103927 24.024133 44.134729 
221.000000 -34.237056 5.086641 39.229293 48.175533 26.727645 
222.000000 -34.836895 6.523298 41.285606 64.760290 29.311371 
223.000000 -34.705321 7.412600 42.049589 65.177318 60.420720 
224.000000 -29.358613 0.732299 29.814756 53.058338 54.852289 
225.000000 -27.960342 3.374025 31.095558 61.613326 15.194687 
226.000000 -26.609055 7.881855 34.325563 63.631249 29.583903 
227.000000 -25.395729 12.213472 37.494060 64.812429 35.103916 
228.000000 -24.431373 15.817133 40.163684 44.276956 45.324028 
229.000000 -23.827203 18.570373 42.331417 57.065626 34.987589 
230.000000 -23.674719 20.369816 43.989839 21.490050 63.290664 
231.000000 -24.052374 21.104603 45.108875 26.181587 65.797323 
232.000000 -25.024229 20.697951 45.677116 29.382730 66.259783 
233.000000 -26.540263 19.134957 45.629911 15.111989 74.117085 
234.000000 -28.380319 16.447114 44.777465 59.118097 20.413439 
235.000000 -30.376241 12.667377 42.982218 39.274640 30.447300 
236.000000 -32.519575 7.887376 40.323670 53.845090 26.172286 
237.000000 -34.631552 3.231654 37.751405 83.199822 34.544538 
238.000000 -36.159006 2.177424 38.230593 79.743558 14.867839 
239.000000 -36.703383 3.410541 40.027771 17.986410 45.094730 
240.000000 -29.534105 0.927582 30.197248 65.428608 39.178905 
241.000000 -28.357371 4.826918 32.991801 53.630489 47.349315 
242.000000 -27.274126 8.682626 35.817289 25.414704 56.485106 
243.000000 -26.356223 12.033993 38.285036 57.935964 31.890922 
244.000000 -25.678602 14.775475 40.371249 39.150262 56.889525 
245.000000 -25.306206 16.844391 42.082522 68.449167 21.828116 
246.000000 -25.289928 18.168140 43.399539 67.987081 20.283677 
247.000000 -25.679036 18.676397 44.302666 26.257831 66.713980 
248.000000 -26.515128 18.323509 44.788734 22.322569 69.804997 
249.000000 -27.766453 17.100318 44.817030 75.572636 8.288455 
250.000000 -29.286684 15.026126 44.259783 69.299520 4.916513 
251.000000 -30.934268 12.125067 42.998046 41.078803 76.385697 
252.000000 -32.702565 8.416263 41.042129 47.655680 15.243449 
253.000000 -34.600286 4.068899 38.567349 37.248303 56.476040 
254.000000 -36.426190 0.342367 36.641629 32.589236 57.427871 
255.000000 -37.741044 -0.319490 37.303881 44.220503 40.644198 
